4.678571
4.604762
4.478571
4.250000
4.671429
3.638095
3.261905
3.405952
4.110714
4.371429
4.738095
4.661905
4.490476
4.552381
3.582540
4.752381
4.757143
4.345238
2.110714
5.178571
3.934524
3.916667
4.206349
5.004762
3.316270
2.302381
4.288095
4.340476
3.729762
5.183333
4.416667
3.936905
4.755556
4.436905
3.833333
4.055952
2.966667
3.581349
2.742857
4.685714
4.608333
3.583333
3.685714
3.785714
3.744841
4.309524
5.403571
4.845238
4.808333
3.380952
3.761905
4.797222
3.861111
5.000000
1.900000
3.076190
4.892857
4.524603
4.059524
4.511905
4.360714
3.990476
4.317857
3.659524
3.535714
4.232143
5.352381
4.533333
4.380952
4.259524
3.688095
4.345238
4.923810
4.433333
3.996825
4.480952
4.928571
4.478571
4.546429
4.178571
3.935714
4.528571
4.471429
4.583333
3.738095
3.354762
3.075000
4.728571
5.073810
3.471429
4.307937
5.088095
3.546429
3.901190
4.645238
5.023810
4.833333
4.479762
3.985714
3.683333
3.642857
3.791667
4.197619
4.628571
4.721429
3.123016
4.222619
3.545238
4.830952
3.308333
5.159524
4.677381
4.891667
3.847619
5.600000
2.714286
4.657143
4.761905
4.259524
4.655159
2.551190
4.598810
4.876190
2.416667
2.080952
4.088095
3.704762
3.992857
4.441667
2.971429
5.257143
4.025000
3.495238
4.328571
3.966667
3.652381
3.711905
2.375000
4.633333
4.808730
3.350000
4.277381
4.308333
3.047619
4.023810
5.009524
3.970238
3.192063
4.391667
4.240476
4.310714
4.465476
3.828571
4.604762
4.133333
3.515476
2.323810
4.435714
5.108333
4.700000
4.923810
2.394048
4.308333
4.909524
4.405952
3.804762
4.500000
3.657143
3.723810
4.747619
3.916667
2.075000
3.820238
3.090476
3.485714
4.770238
3.553571
3.819048
2.785714
4.322222
4.475000
5.014286
4.495238
3.333333
3.676190
3.909524
3.811905
4.354762
4.519048
4.015476
4.295238
1.751190
4.096429
3.973810
4.172619
2.314286
4.000000
3.850000
3.904762
4.652381
4.662698
4.488095
4.441667
4.477381
4.523810
4.005952
4.941667
5.038095
4.942857
4.980952
4.328571
2.769048
3.244444
3.733333
3.383333
4.778571
3.761905
4.603571
4.740476
3.444048
4.566667
3.925000
5.809524
3.713095
4.500000
3.661905
3.869048
4.550000
3.375000
2.714286
3.098810
3.147619
5.011905
5.054762
4.554762
4.561905
3.730159
3.339286
2.686905
2.757143
4.569048
4.278571
4.819048
3.130952
3.395238
4.050000
4.278571
5.059524
2.908333
4.714286
3.828571
4.492063
3.431746
4.832143
3.472619
4.085714
4.285714
5.371429
3.476190
4.563095
4.261905
4.433333
4.858333
3.938095
5.344444
3.019048
4.325000
4.754762
4.030952
3.933333
3.811905
3.975000
2.802381
3.654762
4.654762
3.523810
4.941270
2.604762
4.228571
3.880952
4.830952
4.447619
4.404762
3.080952
4.992857
3.566667
5.242857
4.761905
4.127381
5.645238
4.961905
4.516667
4.683333
5.414286
2.975000
5.044444
5.016667
4.566667
3.050000
3.770238
4.269048
4.533333
5.171429
3.766667
3.600000
4.901984
4.539683
5.025000
4.690476
4.009524
3.289286
4.707143
3.821429
3.991667
3.963095
4.847619
2.864286
4.408333
4.304762
3.677381
4.438095
3.849206
3.990476
4.202381
4.180952
4.257143
4.726190
4.195238
4.150794
4.328571
3.727381
4.342857
4.282540
4.711905
4.366667
3.778571
3.825397
2.010714
4.066667
2.200000
3.500000
4.185714
4.183333
4.032143
4.384127
3.750000
3.900000
5.066667
4.496429
3.770238
4.185714
2.526190
2.290873
3.596429
3.788889
4.300000
3.430952
4.798810
4.035714
3.904762
5.295238
4.826190
4.907143
4.495238
3.833333
4.541667
4.521429
4.416667
4.205556
4.314286
4.138095
4.338095
3.123810
3.380952
5.129762
3.415873
2.814286
4.110714
3.201190
3.228571
4.638095
4.661905
4.603571
3.342857
4.176190
3.720238
4.190476
4.940476
2.500000
2.685317
3.509524
3.190476
3.000000
4.404762
4.161905
4.042857
4.880952
4.046429
4.353571
4.083333
4.385714
4.647619
4.190476
3.866667
4.728571
4.480952
4.692857
4.969841
4.785714
3.590476
4.042857
4.416667
3.778571
4.766667
4.939286
3.925000
4.759524
3.616667
4.807143
4.007143
3.928571
4.400000
3.852381
3.928571
4.571429
5.388889
3.409524
4.742857
4.700000
4.292063
3.000000
4.133333
2.128571
4.769048
4.409524
3.504762
3.440476
4.314394
3.085714
4.127778
3.291667
4.004762
3.796429
3.875108
3.983333
3.742857
5.571429
3.366667
3.921429
3.415476
3.273810
4.822619
3.586905
3.833333
4.052381
4.220635
5.019048
3.302381
4.823810
3.000000
4.250000
3.345238
3.723810
4.038889
4.221429
3.666667
4.438095
4.150000
4.697619
4.458333
5.035714
4.895238
3.207937
4.440476
4.497619
4.208333
4.620238
5.100000
4.469048
4.613095
4.614286
2.333333
2.152381
4.533333
4.127778
4.514286
4.619048
4.847222
3.300000
4.120238
3.742857
4.580952
4.761905
3.742857
3.290476
4.604762
3.659524
4.257143
4.169048
3.647619
4.888095
4.680952
3.428571
3.088095
4.961905
3.841667
4.166667
3.645238
4.508333
4.364286
4.791667
4.530952
2.738095
4.420238
4.738095
4.761905
3.933333
3.423810
4.844048
2.280952
4.596429
4.484524
4.480952
2.861905
5.195238
4.979762
5.040476
3.547619
4.647619
3.688889
3.486111
4.519048
4.453571
2.885714
4.292857
4.072619
4.338095
4.059524
4.152381
4.346429
3.168651
4.485714
3.861905
4.278571
5.770238
3.819048
4.247619
3.952381
4.025794
5.061905
4.930952
4.252381
3.111905
3.952381
5.157143
5.361905
1.947619
3.754762
3.497619
4.458333
4.676190
2.892857
4.567460
4.545238
4.307143
2.757143
4.569048
2.699206
3.419444
4.446032
3.928571
5.114286
4.022222
4.464286
3.778571
4.860714
4.726190
4.141667
3.516667
4.833333
4.484127
3.633333
3.528571
4.076190
2.589286
4.835714
2.763095
2.809524
4.661905
4.016667
4.784524
3.990476
2.994048
4.077381
4.511905
4.104762
4.671429
3.423810
4.385714
3.538095
5.050000
4.645238
4.233333
3.314286
4.041667
3.140476
2.758333
4.100000
4.485714
4.104762
3.422222
3.539286
4.047619
4.375000
3.228571
4.461905
3.390476
3.666667
4.050000
4.304762
3.729762
4.026190
3.950000
4.785714
4.072619
4.925000
4.780952
4.261905
4.026984
5.516667
4.225000
4.091667
3.884921
4.121429
4.059524
3.660714
3.660714
4.390476
4.783333
2.642857
5.595238
4.883333
4.644444
3.435714
3.455556
3.464286
2.209524
3.458333
3.328571
3.409524
3.344048
3.914286
4.736508
3.102381
2.080952
3.213095
2.896032
3.919048
5.038889
3.195238
3.957143
4.740476
4.119048
5.000000
2.597619
4.461905
3.329762
4.528571
3.716667
5.083333
3.826190
4.475000
4.291667
3.120635
4.577778
3.355952
4.813095
2.623810
2.293651
3.601190
4.095238
4.290476
3.685714
4.228571
4.252381
3.409524
4.292857
3.200000
3.977778
2.934524
5.028571
2.803571
3.480952
4.377381
4.580952
2.742857
2.861905
4.595238
4.319444
5.300000
4.970238
3.159524
5.026190
3.738889
2.451190
4.597619
3.711905
4.912698
4.880952
4.530952
2.479762
4.647619
3.585714
4.841667
3.855952
4.992857
3.973810
2.910317
5.016667
2.933333
4.066667
4.328571
3.114286
2.550000
3.353571
2.846429
4.517857
3.604762
3.613095
3.411905
4.177778
5.009524
3.476190
3.989286
3.933333
4.875000
4.061905
2.852381
3.500000
3.416667
4.129762
3.161905
5.076190
3.670238
4.407937
3.345238
3.945238
4.519048
3.528571
3.621429
3.100000
4.135714
3.977381
4.896032
3.816270
4.466667
3.714286
4.386905
4.778571
3.259524
2.775794
4.316667
3.330952
3.033333
4.285714
2.371429
4.385714
3.400000
4.595238
4.390476
3.439286
3.678571
2.975000
2.533333
4.590476
3.669048
3.180952
4.486905
4.995238
1.778571
2.719048
2.295238
4.524603
4.585714
4.185714
2.905952
4.684524
4.600000
3.919048
3.452381
3.194444
2.882540
3.888889
4.002381
4.525000
5.486905
4.404762
4.623810
4.957143
2.966667
3.755952
4.819048
4.985714
4.836905
3.147222
4.644048
3.685714
3.936508
1.853968
3.507143
3.357143
4.058333
3.765873
3.123810
3.967857
4.266667
4.600000
4.900000
3.252381
4.057143
3.930952
4.808333
4.504762
4.966667
4.258333
4.665476
3.589683
3.921429
4.327778
2.695238
3.921429
1.900000
1.991270
4.148016
5.123810
4.923016
4.600000
4.761905
4.441667
2.994444
4.792857
3.657143
3.641667
3.888095
2.076190
4.458730
4.925000
3.536905
3.516667
3.347619
4.571429
3.514286
3.523810
3.066667
4.913095
4.623810
5.333333
4.158333
3.152381
3.559524
3.147619
4.495238
1.916667
3.571429
4.650000
4.210714
4.404762
4.168254
3.314286
4.485714
2.780952
1.801190
5.323016
4.202381
4.341667
4.784127
4.402778
4.295238
4.311905
4.364286
4.638095
4.473016
3.376190
3.007143
2.748810
4.788095
3.494048
4.853571
4.061905
3.863889
5.288889
3.311905
4.419048
4.098810
3.552381
3.424603
4.210714
4.228571
2.323810
5.295238
4.317857
4.595238
4.041667
3.723810
4.766667
4.433333
2.730952
3.185714
3.600000
4.908333
3.971429
5.416667
5.050000
4.652381
4.385714
4.777778
4.990476
4.487302
4.866667
4.961905
3.461905
2.973810
3.723810
4.033333
4.633333
3.342857
3.815476
3.383333
3.189286
4.802381
4.538095
5.011905
4.404762
3.912698
4.207143
2.507143
3.354762
4.239286
3.078571
4.204762
3.338095
5.206349
4.155159
4.642857
5.136905
4.797619
3.233333
3.658333
4.228571
4.377381
2.747619
4.983333
4.055556
3.976190
3.892857
5.366667
4.495238
3.630952
4.200794
4.825000
4.789286
4.198810
2.816667
5.078571
3.873810
4.185714
4.408333
4.662698
3.911905
3.866667
3.179762
4.207143
4.353571
3.375000
3.091667
4.645238
4.009524
4.434921
4.242857
4.735714
3.902381
3.028571
4.666667
4.950000
4.050000
3.809524
4.309524
4.666667
5.496429
4.590476
4.126190
4.652381
4.688095
4.380952
4.204762
2.554762
4.865476
2.815476
4.276190
4.947619
3.535714
4.857143
3.644048
3.829762
4.733333
3.030952
4.452381
4.661905
3.694444
4.110714
3.611905
5.227381
4.407143
3.034524
4.929762
3.400000
3.023016
3.516667
4.680952
4.428571
4.769841
4.561905
4.428571
4.485714
4.954762
3.866667
1.959524
4.733333
3.511905
4.794048
3.307937
4.180952
3.001190
3.838095
4.466667
4.208333
3.769841
4.041667
3.914286
3.762302
4.690476
4.195238
1.971429
3.300000
4.052381
3.709524
4.283333
3.609524
4.583333
4.364286
3.761905
3.704762
4.439286
5.303571
4.323016
2.257143
4.627381
3.641667
4.852381
3.851190
3.778571
3.064286
4.638095
2.600000
3.952381
4.135714
3.840476
3.001190
4.149603
3.532143
5.300000
4.342857
4.385714
3.414286
5.166667
3.476190
4.388889
5.054762
2.870238
5.033333
4.738095
2.596429
5.107143
4.385714
5.038095
3.783333
4.138095
2.761905
4.345238
3.180952
4.654762
4.485714
5.219048
4.402381
3.357143
4.647619
4.234127
4.347619
4.760714
4.323810
3.517857
3.726190
4.447619
4.004762
3.057937
1.753571
4.747619
4.661905
4.758333
4.179762
4.785714
4.988095
4.459524
3.990476
3.995238
4.517857
4.961905
4.641667
3.919444
2.721429
2.067063
2.870238
4.865476
4.305952
3.488095
4.665476
3.835714
4.158333
4.757143
4.778571
3.646429
4.107143
4.807143
3.457143
3.466667
4.883333
4.838095
2.623810
4.569048
3.671429
3.533333
2.596825
3.719048
4.328571
4.047619
4.233333
4.442857
4.589286
3.628571
3.304762
4.076190
4.200000
4.442857
4.833333
2.914286
4.419048
4.028571
4.192857
3.371429
4.528571
3.371429
1.978571
4.169048
4.769841
2.764286
3.525000
3.606746
4.519048
3.651190
2.930159
3.131349
4.014286
3.810714
4.461905
3.754762
5.161905
4.100000
3.594048
3.400000
4.376190
4.266667
3.266667
4.161111
3.807143
3.704762
4.520779
5.175000
3.600000
4.275000
3.679762
3.138095
3.495238
4.589683
4.585714
4.245238
3.950000
2.561905
4.814286
2.839286
4.543651
4.961905
2.976190
4.228571
3.347619
5.187698
4.985714
4.811111
4.388889
2.827381
2.850000
4.420238
2.900000
4.927381
3.023810
2.566667
4.659524
4.038889
3.463095
3.076190
4.652381
4.471429
4.995238
4.172619
5.040476
5.041667
2.345238
4.677778
3.338095
3.095238
3.347619
4.416667
4.592857
2.384524
4.332143
4.640476
5.042857
3.666667
3.333333
4.423810
4.104762
3.995238
4.358730
4.828571
4.657143
2.795238
4.357143
3.894048
4.380952
4.333333
4.483333
4.197619
3.123810
2.597619
4.394048
4.496429
3.967460
3.508333
3.128571
3.547619
3.729762
4.800000
4.945238
4.466667
2.391667
4.845238
4.892857
4.607143
4.272619
4.476190
3.638095
4.404762
3.864286
4.511111
2.069048
3.541667
2.493651
5.423810
4.747619
3.192857
3.766667
4.620238
3.750000
4.244048
3.900000
4.361905
2.580952
4.529762
4.133333
5.323810
5.533333
4.453571
3.778571
3.821429
4.228571
5.111111
4.695238
4.690476
4.338095
4.380952
3.476190
4.095238
4.659524
4.207143
3.983333
3.047619
3.047619
4.542857
4.092063
2.795238
3.371429
1.428571
2.873810
3.947222
4.666667
4.776190
4.466667
4.557143
4.300000
5.257143
4.376190
3.745238
3.926190
3.828571
4.357143
4.076190
3.852381
3.291667
4.552381
4.605952
4.884524
3.920238
4.673810
5.033333
5.041667
4.865476
4.435714
4.244048
5.066667
4.116667
4.783333
4.992857
4.638095
3.789286
4.459524
4.528571
3.919048
2.877778
4.076190
4.066667
4.325000
2.309524
4.695238
3.689286
4.533333
4.500000
3.789286
5.211905
4.023810
3.023810
4.883333
4.591667
3.033333
3.902381
4.459524
3.336905
5.074603
4.632143
4.320238
4.520238
4.541667
3.821429
2.954762
5.178571
4.775000
4.944048
4.900000
4.490476
5.147619
4.135714
4.708333
5.100000
2.757143
3.719048
4.025000
3.955556
3.379762
4.825000
3.463889
4.997619
4.700000
3.516667
3.714286
2.285714
4.071429
3.802381
3.720238
3.819048
3.495238
4.407143
3.900000
4.357143
4.033333
4.828571
5.209524
4.570238
4.942857
4.278571
4.589286
3.414286
4.490476
4.873810
3.212698
4.233333
4.764286
4.661111
4.667460
4.971429
4.435714
4.123810
2.836905
3.085714
4.123810
4.523810
4.817857
4.766667
3.680556
2.285714
3.061905
2.761905
2.500000
4.190476
4.826190
3.626190
4.552381
4.695238
4.061905
4.600000
3.672619
4.694048
4.679762
3.522222
4.995238
4.258333
4.647619
5.190476
4.845238
4.670238
5.070238
4.328571
3.825794
5.146429
2.913095
4.988095
4.211905
3.709524
4.407143
3.197619
3.385714
4.952381
4.386905
1.626190
3.634524
4.878571
4.817857
4.978571
3.580952
2.626984
4.459524
5.028571
3.966667
3.373810
3.446429
3.625000
4.616667
4.533333
4.028571
3.730952
3.529762
4.392857
3.608333
5.083333
2.773810
4.210714
3.986905
4.628571
4.038095
2.642857
4.240476
3.013095
4.342857
3.269048
2.841270
4.419048
5.100000
3.075000
4.361905
4.264286
3.202381
3.622222
3.788889
4.357143
4.298810
4.973016
4.985714
3.739286
3.891667
4.171429
3.976190
3.923810
4.571429
4.600000
4.648810
4.164286
4.571429
5.142857
4.565476
3.150000
4.573810
4.276190
4.447619
4.297619
4.595238
4.804762
3.607143
4.775000
4.533333
3.635714
4.733333
4.326190
3.933333
1.782540
4.273810
4.290476
4.438095
4.923810
3.123810
2.861905
4.307143
3.956349
4.914286
3.826190
2.954762
4.133333
4.461905
4.507143
4.064286
4.921429
4.885714
4.366667
4.192857
4.304762
4.645238
4.555952
4.533333
3.340476
3.114286
3.111905
4.422619
5.361905
2.571429
4.084127
3.600000
4.133333
4.846429
4.740476
3.666667
4.416667
4.866667
4.400000
2.785714
3.833333
4.622222
4.585714
4.267857
3.538095
4.157143
3.547619
3.319048
4.509524
3.791667
4.288889
2.504762
3.746429
3.309524
4.728571
2.338095
3.529762
3.558333
4.680952
4.713095
4.152381
3.788095
3.000000
4.383333
2.871429
2.516667
1.695238
5.004762
4.457143
4.333333
4.476190
3.157143
3.932540
4.780952
3.625000
4.652381
4.444444
4.171429
3.391667
3.554762
4.440476
4.464286
5.019048
5.250000
3.508730
4.185714
3.027778
4.790476
4.490476
4.294444
2.276190
5.385714
3.691667
5.100000
3.577778
3.620238
4.514286
4.708333
2.385714
3.957143
3.152381
4.529762
4.077381
3.700000
3.982143
2.534524
4.272619
3.944048
4.083333
3.892857
4.836905
3.536905
4.130952
4.007937
3.447619
5.057143
4.913889
3.971429
4.795238
4.347619
2.952381
3.819048
2.990873
3.947619
4.876190
5.209524
4.156349
4.532143
3.680952
3.980952
4.564286
4.192857
4.039286
3.707143
4.052381
3.900000
3.375000
4.425000
3.504762
4.679762
3.625000
2.561905
4.003571
3.741270
3.300000
3.890476
4.388095
3.427381
3.723810
4.008333
4.399206
4.808333
3.973810
2.669048
3.629762
4.907143
4.733333
4.438095
4.570238
3.109524
3.829762
3.334524
4.347619
3.019048
4.638095
5.296429
3.109127
3.081349
3.117857
3.538095
3.814286
4.995238
4.428571
3.164286
3.763492
5.107143
4.546429
5.511905
2.566667
2.438095
3.573810
4.571429
4.213095
3.086905
4.508333
3.213095
3.123016
2.888095
4.461905
4.488095
3.753571
4.730556
3.719048
4.369048
3.461905
2.861905
4.466667
3.576190
4.990476
2.960714
5.200000
3.800000
4.164286
3.806349
3.561905
3.171429
4.480159
4.790476
3.409127
4.065873
4.330952
4.135714
4.583333
3.652381
4.255952
3.945238
2.973810
3.666667
4.077381
3.355952
4.195238
5.013095
5.008333
4.471429
4.117857
4.978571
2.852381
3.100000
3.319048
4.033333
4.041667
4.196429
3.139286
3.957143
5.061905
4.321429
3.438095
4.614286
4.100000
4.608333
4.958333
4.023810
3.784127
3.801732
3.729762
4.633333
3.872619
4.695238
2.401587
4.109524
3.017460
2.447619
3.000000
4.376190
4.123810
4.715476
2.842857
4.914286
3.002381
4.771429
4.728571
4.657143
3.661905
3.253571
4.219048
4.209524
2.391270
4.100000
3.338095
3.746429
3.880952
4.882143
4.180952
2.526984
2.766667
3.645238
2.955952
3.872619
4.471429
4.071429
4.541667
4.151190
3.379762
2.919048
4.730952
4.161111
4.160714
4.747619
4.520635
4.330159
4.675000
3.226190
4.990476
2.819048
4.376190
5.015476
4.285714
4.819048
3.009524
2.572619
2.303571
4.961905
3.559524
3.421429
2.942063
3.872619
4.361905
4.404762
5.176190
3.564286
4.161905
2.861905
3.761905
3.600000
3.971429
4.104762
4.585714
3.386905
4.390476
4.495238
3.516667
4.659524
4.875000
4.416667
4.688095
4.048810
4.257143
3.178571
4.510714
4.670238
4.565079
3.352381
4.452381
3.484524
3.433333
3.929762
3.076190
4.169048
4.987302
3.440476
3.666667
3.725000
4.495238
4.376190
4.523810
4.075000
4.113095
4.404762
4.073810
4.514286
5.238095
5.257143
4.626190
4.350000
3.392857
2.923810
4.238095
4.466667
4.339286
4.250000
4.216667
4.088095
4.564683
4.919444
3.881746
4.623810
4.446825
4.133333
3.714286
4.372619
3.700000
3.410714
3.914286
4.952381
3.647222
5.333333
4.005952
4.264286
3.928571
4.857143
4.682143
3.209127
4.666667
4.503571
4.555556
3.151190
4.154762
4.428571
4.550000
3.795238
4.332143
4.230159
5.035714
4.564286
4.242857
3.988095
3.785714
4.804762
3.652381
3.959524
4.402381
4.157143
3.954762
3.301587
3.951190
4.614286
4.377381
3.685714
3.126190
2.892460
3.761905
4.488492
3.483333
3.878571
4.141667
4.249603
5.166667
4.764286
4.248810
4.759524
3.203571
4.488095
2.785714
4.390476
4.538095
4.640476
4.742460
4.866667
4.428571
4.108333
3.536905
3.504762
4.578571
3.509524
4.877381
3.405952
5.104762
4.728571
4.305556
4.629365
4.044048
3.845238
4.390476
5.222619
4.133333
4.316667
2.638095
3.777381
2.910714
3.166667
3.435714
4.738095
4.410714
4.069444
3.488095
4.392063
4.704762
4.209524
4.929762
4.340476
5.278571
4.657143
5.246429
4.766667
4.273810
3.507143
3.484127
2.261905
2.091667
5.123810
4.242857
3.173810
4.314286
4.148810
3.809524
4.661905
3.828571
4.197619
4.821429
4.172619
4.332143
4.357143
4.119048
4.480556
2.600000
4.369048
4.680952
5.125000
3.990476
4.347619
3.258333
4.369048
3.061905
3.970238
3.101587
4.408333
4.919048
3.579365
4.914286
4.558333
3.333333
3.211905
3.214286
4.420238
4.321429
4.514286
4.690476
3.923810
3.047619
5.596429
4.309524
4.186111
4.194048
5.395238
2.369048
3.831746
4.966667
4.722619
4.471429
4.545238
5.014286
4.379762
3.742857
4.958333
3.752381
5.375000
4.647619
3.541667
3.521429
4.097619
3.697619
3.571429
4.383333
4.304762
3.734524
4.032143
3.389683
4.506349
4.740476
5.035714
2.896429
4.228571
4.676190
4.650794
4.683333
2.973810
4.050000
3.821429
2.542857
3.497619
4.604762
2.670238
4.465079
3.261905
3.929762
4.960714
4.890476
4.809524
4.000000
3.758333
4.857143
4.365476
4.941667
4.239683
4.566667
3.494048
4.059524
4.580952
5.347619
4.226190
4.088095
3.708333
3.971429
4.807143
4.178571
4.736905
4.195238
4.369048
4.346429
5.108333
4.800000
4.214286
4.566667
2.704762
4.623810
5.595238
3.855556
5.238095
3.321429
4.300000
5.095238
4.861905
3.519048
4.026190
5.000000
3.374206
3.054762
4.195238
4.457143
5.059524
4.111905
3.166667
3.054762
3.575000
4.076190
3.621429
3.280952
4.352381
4.292857
3.690476
3.633333
5.028571
3.216667
5.261905
4.771429
4.495238
3.619048
3.283333
3.890476
4.064286
3.626190
3.753968
4.307540
4.029762
4.316667
3.514286
3.773810
4.094048
4.278571
2.901190
3.927381
2.280952
4.721429
4.133333
4.004762
2.966667
4.498810
3.690476
2.985714
3.285714
4.808333
4.100000
2.922619
4.600000
2.988889
2.988095
4.514286
3.299206
4.221429
3.495238
3.650000
3.827381
4.914286
3.690476
4.101190
4.938095
4.616667
3.333333
4.616667
3.814286
4.811905
2.866667
4.597619
2.395238
4.419048
4.852381
4.649206
3.238095
4.033333
4.303175
4.966667
5.338095
3.247619
4.657143
4.052381
4.011905
5.000000
4.352381
2.544048
4.939286
4.084524
3.146429
3.866667
2.366667
3.776190
3.969048
3.835714
4.429762
2.911905
4.416667
3.009524
2.808333
5.027778
2.266667
3.288095
4.196429
4.976190
4.214286
4.654762
4.814286
1.896429
4.447619
4.497619
3.187302
4.011905
3.621429
4.302381
3.983333
3.933333
3.238095
3.376190
4.082143
4.261905
2.914286
3.889286
3.676190
2.319048
4.500000
4.423016
2.600000
4.147619
2.976190
2.871429
4.279762
3.566667
3.076190
4.384127
4.209524
4.819048
4.111905
3.714286
4.628571
4.395238
3.626190
4.307143
4.838095
5.002381
4.271429
2.668651
4.642857
5.275000
4.042857
3.814286
2.757143
3.735714
3.608333
4.782540
4.942857
3.969048
3.859524
4.241667
4.295238
3.576190
5.000000
3.740476
4.689683
3.928571
5.214286
2.536905
4.117460
2.142857
3.007143
3.525794
3.742857
3.702381
4.419444
4.007143
2.766667
3.592857
5.400000
5.457143
2.935714
3.978571
4.933333
3.914286
2.987302
3.866667
3.105159
4.996429
4.557143
2.655952
3.350000
3.595238
3.904762
2.702381
3.339683
4.600794
2.504762
1.420238
3.411905
4.469048
3.311905
3.295238
4.233333
3.578571
4.647619
4.466667
4.842857
3.226190
3.928571
3.995238
3.560714
4.678571
4.628571
3.202381
4.404762
3.134127
3.239286
4.595238
3.880952
4.800000
3.571429
3.958333
5.370238
3.589286
2.614286
4.494048
4.419048
4.841667
4.814286
4.590476
4.510714
4.307143
3.696429
4.586905
4.847619
4.535714
4.641667
4.167857
3.328571
4.119048
4.364286
3.895238
5.157143
4.571429
3.261905
4.150000
4.049206
2.677778
3.019048
4.151190
5.201587
4.914286
3.790476
4.204762
4.433333
2.176190
5.350000
3.304762
2.922619
3.889286
3.066667
3.271429
3.100000
5.023810
3.819048
3.357540
4.296429
4.732143
3.635714
3.320635
4.240476
4.082143
4.514286
3.592857
3.228571
4.826190
4.016667
4.135714
1.626190
4.704762
4.573016
4.719048
4.141667
4.604762
4.542857
4.575000
4.061905
4.023810
2.471429
4.132143
4.328571
3.747619
4.766667
3.542857
4.835714
3.847619
3.291667
3.976190
3.071429
4.580952
3.666667
4.670238
4.516667
3.823810
4.533333
4.146429
3.741667
4.025000
4.052381
4.514286
4.382143
5.423810
3.690476
3.510714
4.604762
4.222222
5.328571
3.703571
4.679762
2.033333
1.892857
5.261905
4.366667
4.250000
4.260714
4.277778
2.359524
5.061905
4.142857
4.236508
4.542857
3.759524
4.614286
3.827381
4.157143
3.380952
4.802381
4.730952
2.952381
4.074603
5.350000
4.623810
3.341270
3.580952
3.307143
3.900000
4.297619
4.691667
4.316667
3.900000
4.970238
3.816667
4.033333
4.345238
4.273016
1.880952
3.928571
5.295238
3.595238
2.911111
5.000000
4.607143
3.523810
4.434524
3.714286
5.257143
2.094048
3.141667
4.421429
2.766667
3.771429
3.936111
3.380952
4.339683
3.922222
4.500000
4.104762
2.613095
4.462698
4.650000
3.023810
4.114286
4.789286
4.638095
3.151190
3.564286
5.341667
3.652381
3.485714
4.167460
3.533333
4.397619
4.628571
3.950000
2.858333
4.594048
2.566667
5.200000
5.228571
3.904762
4.715476
4.935714
3.664286
4.080159
3.671429
5.195238
3.098810
4.270238
3.238095
4.071429
3.914286
3.144048
4.136905
4.884127
4.252381
4.452381
4.794048
4.728571
3.371429
2.811905
4.788095
4.438095
3.565873
4.111905
4.538095
3.661905
5.480952
5.114286
2.152381
4.414286
3.692857
4.253571
3.513095
4.560714
2.716270
4.533333
4.597619
3.733333
4.438095
4.839286
2.305952
4.180556
4.328571
3.966667
3.578571
4.800000
3.585714
4.845238
4.100000
3.660714
3.727778
3.742857
4.109524
3.570238
3.495238
4.988095
4.664286
5.183333
2.611905
4.612698
4.461905
3.538889
4.509524
4.574603
4.538095
4.707143
2.576190
4.900000
5.140476
4.485714
3.766667
4.626190
4.538095
4.142857
3.578571
4.985714
3.871429
4.280952
2.061905
3.415476
3.066667
5.041667
4.366667
4.590476
2.647619
4.932143
4.365873
3.133333
4.885714
5.102381
4.757937
4.866667
4.166667
3.235714
3.566667
4.205952
3.173810
4.807143
4.852381
4.552381
4.219048
4.791667
3.914286
2.333333
3.765152
5.279762
3.433333
4.120238
3.600000
2.147619
2.792857
2.934524
5.428571
3.091667
4.228571
4.333333
3.885714
4.414286
3.166667
4.438095
4.350000
4.575000
4.647619
3.672619
5.370238
4.098413
3.207143
3.244048
3.502381
4.541667
4.564286
4.442857
4.686905
3.228571
4.111905
4.833333
2.885714
3.497619
3.126190
4.595238
4.500000
4.295238
4.122619
3.427381
3.147619
3.909524
4.125000
3.566667
4.519048
3.864286
4.516667
3.019048
4.985714
3.052381
3.642857
3.366667
3.983333
4.666667
3.751190
3.752381
4.630952
4.441270
4.440476
3.633333
4.888095
4.402381
4.571429
3.713095
4.297619
4.264286
4.944048
3.979762
4.427778
4.080952
4.370238
2.923810
4.961905
5.332143
4.557143
4.242857
4.388095
2.934524
3.552778
3.940476
4.741667
4.984524
4.284524
4.985714
3.366667
5.275000
3.814286
4.938095
4.461905
4.619048
4.214286
2.875000
4.100000
2.442857
4.464286
4.504762
4.030952
3.885714
3.376190
3.795238
3.871429
4.153571
3.628571
4.671429
4.428571
2.377381
4.032143
4.436905
4.637302
3.778571
4.883333
5.029762
4.229762
4.390476
4.497619
3.853571
4.833333
2.830159
5.291667
5.408730
3.333333
4.400000
3.280952
4.788889
3.402381
3.522619
3.761905
4.885714
3.338095
2.497619
4.171825
3.614286
4.109524
2.941667
3.600000
4.890476
4.676190
4.823810
4.654762
5.278571
5.370238
3.619048
3.544048
4.111111
4.637698
4.421429
4.511905
3.890476
4.019048
4.632143
4.822619
3.522222
4.507143
3.791667
4.895238
4.647619
4.871429
4.400000
4.711905
4.078571
2.636905
4.457143
4.304762
4.963095
4.192857
4.793651
4.966667
4.811111
4.022619
4.070238
3.995238
2.482143
3.841667
5.142857
4.733333
3.180952
3.828571
4.785714
4.180952
4.916667
4.228571
2.966667
2.314286
4.807143
2.552381
5.000000
3.138095
4.680952
4.223810
5.566667
4.495238
4.061905
4.978571
4.764286
4.125000
3.588095
5.252381
2.838095
4.645238
4.266667
3.638095
2.345238
3.113095
4.759524
4.466667
3.469048
4.333333
5.190476
4.825000
4.204762
3.896825
4.004762
3.833333
4.308333
3.590476
5.000794
5.417460
3.600000
3.285714
3.289286
4.186905
2.400000
3.123810
4.410714
4.933333
3.366667
4.366667
4.095238
4.441667
4.530303
2.797222
3.400000
3.338095
3.580952
3.757143
3.019048
3.845238
4.753571
4.985714
4.740476
4.650000
5.003571
3.109524
4.895238
3.348016
3.482143
4.411905
5.267857
4.644156
5.261905
4.019048
3.550000
3.438889
4.552381
3.952381
5.054762
4.147619
3.871429
4.844048
4.883333
4.358333
4.853571
3.630159
2.333333
4.023810
3.471429
4.871429
4.566667
3.369048
3.594048
3.617063
4.552381
4.895238
4.582143
3.485714
5.046429
3.509524
4.275000
4.535714
4.125000
5.004762
2.896429
3.047619
3.800000
3.671429
5.195238
4.226190
4.790476
4.076190
4.478571
4.990476
4.953571
5.159524
3.566270
3.121429
4.871429
4.910714
4.180952
4.147619
3.102381
2.958333
3.233333
4.508333
4.642857
4.133333
4.522619
3.501190
4.492857
2.151190
3.136111
3.895238
5.003571
4.539286
4.185714
5.306349
4.191667
4.238095
3.250000
3.042857
4.470238
3.427381
4.201190
4.697619
4.030556
5.344444
4.733333
3.400000
3.475000
4.928571
4.529762
2.904762
4.044048
4.185714
3.683333
3.414286
4.594444
3.670238
3.414286
4.994444
4.052381
2.832143
4.550794
4.728571
3.745238
4.233333
3.895238
3.778571
4.179762
3.921429
4.371429
4.633333
4.433333
3.838095
4.115079
5.528571
4.221429
4.842857
4.955556
4.454762
4.684524
3.109524
4.957143
3.500794
4.107143
3.533333
5.538095
4.797619
4.641667
4.039683
3.861905
1.620238
3.433333
3.185714
3.539286
3.488889
3.771429
2.791667
3.377778
4.344048
4.176190
4.742857
3.933333
3.925000
4.608333
4.788095
4.439286
5.248016
3.416667
3.785714
4.685714
4.666667
4.919048
4.041667
3.490476
4.355952
5.178571
3.351190
4.783333
4.780952
4.171429
2.970238
2.909524
4.500000
3.752381
3.642857
5.357143
4.019048
4.938095
4.738095
2.414286
4.109524
3.652381
4.004762
4.292857
3.747619
2.648810
4.821429
4.371429
3.777381
4.233333
4.388889
2.032143
4.275000
4.661905
4.489286
4.714286
4.800000
4.221429
3.300000
3.211905
2.650000
3.845238
2.469048
4.480952
4.666667
2.972619
3.342857
4.100000
4.384524
3.857143
3.329762
4.469048
3.809524
3.806349
4.284524
3.107143
4.950000
4.623810
4.313492
2.552381
4.483333
4.819048
4.080556
4.936905
4.376190
5.419048
4.111905
3.410714
5.066667
4.440476
3.583333
4.841667
5.278571
4.847619
4.500000
3.576190
3.751190
3.985714
3.647619
4.365079
4.941270
4.207143
4.866667
3.955556
4.540476
4.272619
3.140476
4.369048
4.954762
3.352381
4.250000
3.150000
5.161905
5.111905
3.336905
3.594048
4.433333
3.654762
4.631349
5.014286
3.690476
4.747619
4.390476
5.060714
4.960714
4.369048
3.390476
4.771429
3.380952
2.840476
2.720238
2.876190
5.400000
2.828571
4.566667
4.696429
3.257143
2.102778
3.828571
5.090476
3.027381
4.985714
4.238095
3.671429
4.066667
3.355952
4.251190
3.933333
4.561905
4.280952
4.356349
3.800000
4.728175
3.870238
5.186905
3.644048
2.863095
4.095238
4.882143
2.438095
4.703175
3.725000
4.485714
4.719048
4.103968
4.485714
4.066667
3.603571
4.009524
2.628571
4.011905
3.185714
4.750000
4.819048
4.697619
3.683333
2.681349
4.790476
4.179762
4.803175
3.354762
3.413095
3.469048
4.786905
5.133333
3.323810
4.486508
3.595238
5.004762
3.695238
4.916667
2.678571
4.578571
3.376190
4.119048
4.309524
3.988095
3.378571
3.466667
3.880952
3.295238
3.214286
3.302381
3.319048
2.861905
5.054762
4.607143
4.422619
5.088889
3.897619
5.242857
3.944048
4.126190
3.404762
4.295238
5.088889
3.209524
4.517857
4.803175
4.765079
4.950000
3.457143
2.461905
3.960714
4.513095
4.695238
2.006349
4.045238
3.707143
5.263095
4.795238
4.657143
5.300000
4.154762
3.838095
4.239286
3.198810
4.557143
5.370238
4.400000
3.985714
4.525000
2.897619
4.838095
4.707143
3.671429
4.504762
3.761905
4.458730
3.579762
4.511905
4.628571
4.388095
4.419048
3.857143
4.445238
4.935714
4.728571
3.500000
4.303175
4.495238
3.198413
3.453571
2.921429
3.192857
4.383333
4.661905
4.325000
2.838095
5.276190
3.073810
3.575000
5.048810
4.480952
4.436905
5.722222
4.511905
2.752381
4.616667
3.840476
4.400000
5.090476
3.245238
4.100000
4.438889
4.108333
3.947619
4.244048
4.750000
3.790476
4.563095
2.804762
3.608333
4.245238
3.169048
4.319048
3.741667
4.190476
5.066667
4.500000
3.950000
4.719048
4.266667
4.547619
2.935714
3.778571
3.120635
4.500000
3.645238
5.186905
5.086905
4.571429
3.511905
4.705952
3.220635
4.235714
4.005952
3.795238
5.009524
3.717857
4.732143
3.876190
4.028571
3.596429
3.165476
5.480952
3.880952
3.966667
4.255952
4.216667
3.588095
3.919048
4.632143
4.361905
4.148810
4.042857
3.219048
3.385714
3.688095
4.447619
4.000000
2.853571
2.320635
4.539683
3.400000
4.892857
3.861905
3.517857
4.021429
3.203571
5.071429
2.925000
3.114286
3.509524
5.123810
4.280952
4.100000
4.586905
4.550000
4.940476
2.533333
4.211111
4.083333
4.683333
4.557143
2.996429
2.952381
4.634524
3.585714
2.882143
3.319048
2.269841
3.845238
5.026190
3.428571
3.975000
3.500000
3.695238
3.733333
3.742857
5.195238
5.338095
3.626190
4.304762
4.070238
3.858333
3.058333
4.819048
4.923810
4.571429
3.272619
4.150000
3.463095
4.138095
3.594048
4.302381
3.452381
4.193651
5.371429
4.095238
5.053571
4.502381
4.402381
3.352381
4.619048
4.433333
4.448810
3.580952
3.550000
3.677381
2.583333
3.860714
4.886905
4.761111
3.598810
3.819048
4.197619
4.307143
3.863095
4.478571
3.707143
5.423810
4.216667
4.517857
4.228571
4.809524
3.861905
4.800000
4.524603
3.114286
4.422619
5.066667
4.519048
3.580952
3.688492
5.208333
4.566667
2.727381
3.302778
4.938095
3.708333
5.232143
3.141667
4.908333
3.332937
4.166667
5.266667
4.921429
2.116667
4.495238
4.748016
2.895238
4.050000
4.461905
4.842857
4.767857
4.586905
3.400794
4.466667
4.357143
3.850000
3.419048
4.390476
3.104762
4.519841
3.757143
3.177381
4.279762
5.071429
3.685714
4.297619
4.348810
4.304365
4.200000
4.080952
3.635714
3.668254
4.485714
3.942857
2.316667
2.619048
4.166667
5.169048
2.988095
4.759524
3.635714
5.046429
2.697619
3.291667
3.042857
5.033333
4.228571
5.171429
4.448810
3.577381
4.200000
4.600000
4.133333
4.347619
4.015873
4.583333
4.176190
3.919048
4.700000
4.439286
4.447619
3.517857
4.958333
3.890476
3.733333
4.171429
3.797619
4.833333
3.885714
3.428571
3.014286
4.208333
4.753571
3.928571
4.528571
5.033333
2.714286
3.621429
4.265476
4.025000
4.176190
3.695238
4.645238
3.058333
4.111905
4.250000
4.203175
3.916667
3.947619
3.115476
4.412698
1.904762
4.007143
3.500000
2.700000
4.573810
4.728571
4.108333
5.358333
2.727778
3.317857
3.385714
2.983333
5.830556
4.085714
2.655952
3.700000
4.445238
5.150000
3.528571
2.942857
3.179762
3.763889
3.383333
4.669048
3.971429
5.128571
3.571825
4.833333
3.469048
3.644048
3.557143
4.419048
4.002381
4.185714
4.028571
4.916667
5.400000
3.397619
2.130952
4.039286
3.700000
4.114286
5.266667
4.442857
4.663889
3.790476
4.450000
4.807937
3.660317
2.811905
4.650000
4.059127
3.823810
4.604762
3.129762
3.294048
3.252381
3.000794
4.971429
3.858333
5.315873
3.436905
4.652381
3.721429
4.057143
3.484127
5.066667
4.153968
4.627381
3.534127
4.272619
4.633333
5.000000
3.041667
3.794444
4.240476
4.585714
4.033333
2.685714
4.733333
4.385714
4.816667
3.288095
5.067857
3.375000
3.107937
2.980952
3.123810
4.020238
4.452381
3.884524
4.419048
3.501190
4.095238
4.811905
2.727381
5.054762
4.400000
4.042857
3.933333
3.466667
4.371429
2.435714
4.695238
4.075000
4.509524
4.290476
4.692857
4.864286
4.061905
2.950000
5.533333
4.661905
3.709524
3.678571
5.258333
4.433333
4.959524
3.714286
4.163492
5.065476
4.714286
4.627381
3.689286
2.970238
4.776190
3.652381
3.583333
5.466667
4.747619
4.513095
3.745238
2.620238
3.425000
3.319048
4.461111
4.819048
3.528571
3.957143
4.522619
4.786905
3.931746
3.409524
5.011905
4.586111
5.266667
5.433333
4.166667
4.385714
5.164286
3.942857
2.502381
4.350000
4.414286
4.547619
4.646429
3.919048
3.333333
2.880952
4.842063
3.845238
4.583333
3.402381
3.644048
2.360714
4.345238
4.161905
5.038095
3.953571
4.033333
3.930952
4.335714
4.148810
3.972619
4.291667
3.728571
4.829762
4.461905
4.747619
3.869048
4.834127
3.563095
3.584524
5.011905
3.161111
4.871429
3.923810
4.242857
4.321429
3.793290
4.823810
4.303571
4.440476
4.519048
4.360714
3.821429
2.861905
2.319048
4.816667
4.901190
4.054762
4.416667
3.081746
1.869048
5.028571
2.678571
4.175000
3.658333
5.138095
3.158333
3.626190
4.538095
4.871429
4.304762
3.854762
3.757143
3.353571
5.130952
3.482143
4.161905
4.014286
3.663095
3.900000
2.709524
3.144444
4.539286
3.825397
3.858333
4.425000
4.352381
4.219048
5.261905
3.973016
3.883333
4.128571
2.350000
1.529762
3.333333
2.308333
4.480952
3.000000
4.593651
4.271429
4.059524
4.653571
4.747619
4.470238
2.878571
4.309524
1.779365
5.882143
3.477381
3.093651
3.561905
3.721429
4.450000
3.377381
3.007143
4.971429
3.971429
4.588095
5.154762
5.042857
4.580159
4.209524
4.619048
4.357143
2.259524
4.547619
2.617857
4.519048
3.644444
3.123810
3.312698
4.200000
3.957143
3.936508
3.636905
4.314286
3.775000
3.902381
4.142857
2.634524
4.933333
3.695238
4.361111
4.100000
4.392857
3.273810
4.295238
4.933333
3.761905
4.097619
3.204762
3.141667
4.030159
4.130952
2.486905
3.995238
4.276190
4.033333
3.090476
2.733333
2.486905
3.409524
3.413095
4.538095
5.341667
4.509524
3.825000
4.033333
3.035714
3.975000
4.938095
3.459524
3.430952
4.619841
4.671429
3.552381
3.283333
4.316667
3.476190
4.907143
3.375000
2.320238
4.147619
4.750000
3.901190
3.133333
2.285714
4.022619
4.876190
2.795238
3.848810
3.209524
5.136905
4.578571
3.921429
5.113095
4.023810
3.157143
4.395238
2.353571
4.383333
2.966667
5.883333
2.471429
4.247619
4.217857
4.400000
4.171429
4.486508
4.894048
2.960714
4.308333
3.922619
4.495238
4.929762
3.625000
2.979762
4.229762
3.204762
4.576190
2.547619
4.009524
4.535714
3.800000
4.575397
4.347619
3.917857
2.927381
4.860714
3.357143
3.980952
4.954762
4.614286
3.465476
2.727381
4.804762
2.416667
4.095238
4.155159
3.800000
4.166667
4.866667
2.695238
3.973810
5.450000
4.264286
3.466667
5.588095
2.919048
4.780952
4.002381
4.833333
3.236905
4.933333
1.900000
3.822619
3.685714
4.639286
4.829762
5.257143
3.461905
4.697619
4.138095
4.896429
3.060714
4.205952
4.964286
4.832937
4.490476
1.019048
4.338095
4.061905
4.044048
3.671429
3.957143
4.900000
5.192857
3.866667
3.911905
2.375000
3.638095
4.961905
3.976190
2.652381
2.748810
5.136905
3.427381
4.290476
4.282143
2.769048
3.230159
4.677381
4.671429
4.535714
4.302381
3.873810
4.904762
4.895238
4.916667
4.966667
4.754762
4.590476
3.181746
4.303571
4.538095
5.052381
4.410714
4.658333
5.003571
5.663095
4.166667
3.677489
5.047619
4.597619
4.807143
3.273810
3.809524
4.645238
4.389286
4.623810
3.942857
4.402381
3.561905
3.721429
4.176190
3.583730
4.045238
3.575000
4.416667
3.613095
4.604762
3.936905
4.200000
3.976190
3.676190
1.833333
4.211111
3.319048
4.704762
3.150000
4.264286
3.985714
4.671429
3.347619
3.395238
4.421429
4.675000
4.166667
3.586905
4.864286
4.285714
1.819048
3.188095
3.444048
4.490476
4.395238
4.480952
5.016270
3.300000
3.996429
3.783333
3.754762
4.273810
4.335714
4.879762
4.323810
3.133333
4.696429
4.814286
3.565476
3.797619
3.097619
3.916667
4.461905
3.409524
4.164286
4.638095
3.727381
5.175000
4.790476
4.219048
4.200000
4.108333
4.611905
4.471429
2.601190
4.096429
4.507937
2.814286
3.376190
4.496429
4.708333
2.841667
4.347619
3.771429
5.171429
2.292857
4.123810
3.680952
5.308730
4.615873
4.623810
4.009524
2.947619
4.895238
3.650000
2.553571
4.290476
4.285714
3.902381
5.404762
4.134921
4.592063
4.914286
4.975000
4.307143
3.619048
4.616667
3.928571
2.814683
3.778571
3.904762
4.216667
4.479365
4.614286
4.589286
3.054762
4.750000
4.904762
4.128571
4.385714
5.198810
4.340476
2.869048
4.666667
4.571429
4.034524
4.571429
2.476190
2.342857
4.497619
3.228571
3.638889
4.459524
5.000000
4.317460
3.766667
4.490476
3.890476
4.831746
4.719048
3.200000
3.188095
3.697619
1.644048
4.640476
3.906349
3.821429
4.919444
4.828571
3.971429
4.545238
4.235714
4.461905
3.855556
5.000000
4.038095
4.190476
3.529762
2.315476
3.009524
2.251190
4.609524
2.638095
3.150000
4.019048
4.492857
4.466667
4.358333
2.380952
4.193651
3.710714
4.545238
4.228571
3.455952
3.114286
2.700000
4.271429
4.165476
3.571429
5.113095
3.600000
4.583333
2.923810
4.850000
3.928571
4.321429
2.445238
3.522619
4.934524
4.550000
4.310714
3.380952
5.314286
2.604762
4.383333
3.863095
3.010714
4.161905
3.563095
3.814286
1.954762
4.028571
3.636905
2.721429
4.325000
3.208333
4.922222
3.653571
4.728571
3.471429
4.303175
4.563095
4.671429
4.355556
3.938095
4.000000
4.097619
5.070238
2.486905
2.180556
4.061905
3.811905
3.238095
3.800000
3.708333
2.709524
4.211111
3.499603
4.661905
4.725000
5.161905
4.419048
4.876190
4.776190
5.203571
4.439286
4.177381
3.714286
5.250000
3.438095
4.063095
4.008333
3.976190
2.750000
4.821429
4.652381
4.180952
4.055556
4.276587
2.857143
4.428571
4.250000
2.660714
4.533333
3.879365
4.030952
4.321429
2.083333
3.479762
4.210714
4.347619
4.791667
4.534524
3.467857
3.289286
5.077778
4.604762
3.575000
3.314286
3.911905
5.138889
3.257143
3.823810
3.938095
4.233333
3.378571
4.679762
3.219048
2.394048
3.142857
3.286905
3.575000
3.378571
4.015079
4.433333
3.740873
2.816667
2.769048
4.621429
4.464286
2.390476
4.138095
3.310714
4.595238
4.978571
4.728571
4.677778
4.495238
5.100000
4.288095
3.095238
4.828571
4.352381
3.402381
3.338095
4.816667
4.885714
4.269048
3.485714
3.979762
4.178571
3.057143
3.133333
2.447619
2.732143
4.511905
4.166667
3.285714
4.371429
5.161905
3.889286
4.335714
3.725000
4.428571
4.033333
4.776190
4.200000
4.675000
2.577381
5.398810
3.402778
5.411905
4.545238
4.557143
4.222619
4.785714
4.091667
2.378571
4.764286
3.366667
4.014286
4.123810
4.494444
3.854762
3.614286
4.928571
3.415873
4.455556
4.028571
4.685714
4.257143
4.403571
4.214286
4.076190
2.414286
4.523810
4.192857
5.409524
4.864286
4.541667
3.600000
4.625000
5.033333
4.141667
4.048810
1.711905
4.435714
3.380952
5.092857
4.577381
2.633333
2.300000
3.746032
3.904040
4.505952
2.801587
4.755952
4.595238
2.434524
3.790476
5.000000
4.835714
5.014286
4.033333
2.466667
4.309524
4.479762
4.403968
4.285714
4.630952
3.604762
4.166667
4.328571
3.595238
5.156349
2.680952
4.945238
5.146429
2.938889
2.904762
1.658333
4.636905
5.106349
3.523810
4.197619
4.360714
3.752381
4.104762
4.504762
4.846429
2.695238
3.588095
4.055952
4.150000
4.338095
3.179762
4.586905
3.735714
3.547619
3.621429
3.421429
4.750000
4.050000
4.690476
4.455952
4.932143
4.791667
4.779762
3.558333
2.504762
4.590476
3.042857
4.376190
5.109524
4.665476
4.585714
4.516667
4.061905
4.347619
4.794048
4.358333
3.783333
5.129762
2.766667
5.088095
3.841270
5.016667
3.942857
4.384524
1.763095
4.530952
5.128571
4.417857
3.363095
4.461905
3.788889
4.201190
4.353175
4.335714
3.685714
3.641667
3.982143
4.666667
5.095238
3.419048
3.832143
3.236905
4.671429
4.607937
4.571429
4.266667
3.810714
4.528571
4.080952
2.888095
4.460714
4.259524
4.890476
4.004762
3.926190
3.930952
4.583333
2.534524
4.377381
4.719048
4.538492
4.111111
3.592857
4.710714
3.145238
4.585714
3.369048
2.970238
4.836905
4.336905
3.319048
4.484524
3.198810
5.361905
3.247619
4.377381
4.082540
5.133333
2.823810
3.390476
4.419048
4.125000
4.700000
4.704762
2.871429
4.127381
4.216667
5.333333
5.195238
3.285714
4.832143
4.703571
4.109524
3.376190
4.138095
4.471032
3.749206
4.240476
5.385714
2.690476
4.078571
4.304762
3.990476
3.033333
4.222222
4.288095
4.250000
4.690476
4.693651
4.246429
3.336111
4.082143
5.311905
4.528571
3.814286
4.975000
4.602381
5.483333
4.423810
4.195238
4.434921
3.804762
2.942857
3.938095
4.075000
4.371429
3.233333
4.714286
4.345238
4.041667
4.190476
4.766667
3.342857
4.789286
3.738095
4.128571
4.452381
4.711111
4.833333
4.104762
4.088095
4.853571
4.733333
4.930556
4.863095
4.647619
4.066667
3.102778
4.714286
4.563095
4.108333
3.514286
4.304762
4.004762
4.086905
3.948016
4.336905
3.083333
3.564286
4.038095
4.197619
4.043651
4.266667
4.557143
4.889286
4.248810
4.986905
4.050000
4.082540
2.803571
4.840476
3.400000
4.346825
3.627381
4.806349
4.097619
2.970238
3.754762
4.780952
3.964286
4.211905
4.139286
4.642857
4.105952
4.236905
4.770238
3.247619
3.273810
4.552381
4.761905
4.811111
4.314286
5.261905
3.747619
4.363889
4.480952
3.523810
3.471429
3.666667
4.423810
3.252381
3.661905
4.183333
4.542857
4.608333
3.017857
5.525000
4.466667
5.278571
4.045238
4.853571
1.785714
3.571429
3.904762
4.719048
4.065476
4.520238
3.514286
4.328571
3.777381
4.914286
4.947619
3.934524
5.371429
4.493651
4.394048
5.066667
3.160714
3.920635
2.535714
4.619048
4.428571
4.392857
2.648810
4.844444
4.347619
4.125000
4.996429
4.259524
4.133333
4.034524
3.411905
4.827381
4.922222
4.369048
4.780952
4.623810
4.733333
2.185714
2.695238
5.108333
3.728571
3.833333
4.517857
5.325000
2.833333
2.200000
3.958333
4.082540
4.876984
4.214286
3.636905
4.278571
3.992857
4.727381
4.923810
4.266667
2.684524
4.228571
3.346429
4.771429
4.085714
4.190476
4.366667
4.336905
5.160714
3.115476
4.616667
3.778571
4.929762
4.123810
3.304762
3.600000
4.359524
3.119048
4.242063
4.059524
4.476190
4.110714
4.351190
2.433333
3.680952
3.714286
4.023810
4.138095
4.248016
4.104762
3.457143
2.533333
5.328571
4.457143
4.202381
3.864286
4.675000
4.744444
5.166667
4.283333
4.729762
4.172222
4.014286
4.611905
4.095238
3.930952
3.185714
4.404762
4.357143
2.988095
3.971429
5.628571
4.520238
3.090476
3.703175
4.653571
3.947619
3.908333
3.176190
4.757143
4.454762
3.566667
3.947619
4.490476
4.234524
4.700000
4.912698
4.267857
3.971429
3.404762
4.609524
5.020238
3.460714
3.386905
1.492857
2.565476
2.966667
4.180952
4.895238
3.736111
4.585714
4.245238
4.054762
4.919048
3.997619
3.621429
4.733333
4.866667
3.733333
4.103571
4.800000
4.044444
4.804762
3.895238
3.910714
3.571429
3.509524
3.523810
4.315873
4.839286
4.272222
2.697619
3.914286
3.617460
3.357143
4.133333
4.744444
2.152381
4.814286
5.125000
5.214286
3.382143
4.305952
4.188095
2.393651
5.375000
5.615873
3.830952
4.994048
4.695238
3.877381
4.604762
4.050000
4.246429
4.319048
4.733333
4.680952
4.247619
4.210714
3.261905
4.785714
4.133333
4.575000
4.458730
5.582143
2.885714
3.772619
4.342857
3.442857
4.245238
5.239286
2.382143
3.967857
3.883333
3.782540
4.517965
4.707143
3.742857
3.783333
4.002381
3.697619
3.528571
4.930952
1.344048
2.546825
4.913095
4.119048
4.939286
3.891667
4.519048
4.557143
4.241667
4.357143
3.628571
1.885714
3.834127
4.367857
3.678571
3.814286
4.566667
4.480952
4.138095
4.888095
4.157937
5.000000
4.233333
3.578571
4.592857
4.820238
4.680952
5.342857
5.239286
1.780952
5.265476
5.097619
4.833333
5.003571
3.923810
3.300000
4.361905
4.785714
4.908333
4.466667
4.171429
3.084524
2.057143
3.755952
2.376984
4.196825
4.338095
3.825000
3.833333
5.738095
3.742857
2.404762
4.814286
5.496429
3.314286
4.057143
5.291667
2.816667
4.842857
3.806746
4.009524
4.453571
4.877381
4.650000
4.535714
4.085714
3.966667
4.780952
5.183333
3.246429
3.838095
3.134524
3.975000
4.840476
3.628571
4.394048
4.728571
4.728571
3.391667
3.750000
3.691667
3.892063
4.714286
4.402381
4.704762
4.214286
4.985714
4.136905
4.333333
3.319048
4.541667
3.160714
3.591667
5.333333
3.910317
4.185714
5.038095
4.675000
3.323810
4.388095
3.312698
3.196429
4.978571
4.125000
2.178571
4.482143
4.560714
4.252381
3.447619
4.938095
4.161905
3.738095
4.540079
4.158333
3.890476
4.571429
4.585714
4.511905
3.066667
4.094048
4.613095
4.392857
5.019841
2.671429
4.619048
3.060317
4.673810
4.871429
3.461905
3.023016
4.061905
4.761905
3.766667
3.859524
4.704762
4.813095
4.367857
5.107143
2.919048
4.454762
2.891667
4.130952
4.410714
3.800000
5.179762
4.561905
4.552381
3.196032
3.780952
4.130952
4.033333
3.842857
3.980952
4.419048
4.447619
3.419048
4.428571
4.585714
3.521429
4.419048
4.082540
3.161905
4.757143
5.079545
4.050000
4.014286
4.513095
4.328571
4.614286
4.833333
4.438889
3.909524
5.100000
4.235714
4.427381
4.704762
2.197619
4.542857
3.607143
4.385714
4.804762
2.994048
4.773810
4.535714
3.795238
3.342857
4.995238
2.866667
4.528571
5.042857
4.848413
4.560714
3.333333
3.216667
4.300000
4.657143
3.522222
4.443651
3.638095
4.236905
2.897222
4.469048
4.847619
4.191667
3.742857
3.683333
5.170238
5.007143
4.605556
3.361905
4.361905
3.218254
4.169048
4.695238
4.238095
3.754762
3.619048
4.546429
4.542857
3.554762
4.100000
5.453571
4.526190
4.835714
4.500000
4.919841
4.827381
2.761905
3.855952
4.376190
3.949351
3.495238
3.966667
4.112698
4.300000
3.400000
4.064286
4.152381
5.202778
4.433333
3.983333
4.285714
4.278571
2.104762
4.453571
5.139286
2.941667
4.964286
3.934524
3.805952
4.533333
3.092063
4.295238
2.516667
4.504762
4.270238
3.609524
4.283333
3.804762
3.523810
5.142857
5.395238
4.080952
4.309524
3.973810
4.280952
4.858333
3.976190
4.658333
4.475000
3.960714
5.007143
5.117460
4.789286
4.347619
3.513095
3.935714
4.523810
3.528571
4.688095
4.735714
3.809524
4.439286
4.660714
4.817857
4.454762
3.766667
5.071429
3.345238
5.309524
4.711905
2.602381
4.480952
4.591667
2.152381
4.166667
3.358333
2.995238
5.152381
5.214286
5.282143
4.609524
3.845238
5.496825
3.900000
4.550794
4.679365
2.835714
4.566667
4.297619
4.279762
4.789286
3.838095
4.185714
2.628571
5.047619
2.330159
2.995238
4.750000
2.857143
3.547619
3.625000
3.186905
3.152381
3.259524
4.685714
2.812698
3.960317
4.366667
4.403571
4.608333
4.204762
2.794444
1.952381
4.771429
4.403571
4.109524
4.383333
3.090476
2.354762
4.380952
4.615873
4.757937
3.539286
4.152381
3.311508
5.421212
3.675000
2.150000
4.428571
4.622222
4.708333
5.157143
3.885714
3.478571
4.338095
3.705952
4.605556
2.828571
3.865476
3.888095
4.148413
2.296429
3.516667
3.758333
4.019048
4.350794
4.596429
4.630952
4.669048
3.519048
4.640476
4.121429
3.857143
4.920238
3.814286
3.966667
3.804762
3.662698
4.457143
4.071429
3.742857
2.533333
3.535714
3.346825
4.115476
3.997619
4.665079
4.506349
3.925000
4.204762
4.089286
3.780952
4.178571
4.500000
4.048810
2.269048
4.954762
4.133333
2.355952
4.865079
3.530952
2.928571
4.023810
3.961905
4.319048
2.791667
3.485714
4.525397
3.628571
3.090476
3.822619
2.419048
4.560714
3.995238
3.825000
2.276190
4.304762
4.411905
3.564286
4.500000
4.414286
3.644048
4.407143
4.730556
2.700000
4.595238
3.904762
3.095238
4.831746
3.564286
4.580952
3.407143
3.152381
5.052381
3.600000
4.730159
4.517857
5.133333
2.711111
3.123810
4.654762
2.958333
3.980952
4.690476
4.204762
4.254762
3.804762
5.076190
4.397619
4.775000
4.025000
3.389286
3.136905
4.816667
2.690476
4.148810
4.304762
4.152381
4.604762
2.988095
4.458333
4.161905
4.011905
3.052381
4.342857
4.695238
5.254762
4.603571
4.007937
4.822222
4.485714
2.614286
4.928571
3.986905
4.690476
3.439286
3.963636
3.908333
4.040476
4.628571
4.042857
4.476984
4.828571
3.985714
4.028571
4.865476
3.416667
4.398810
3.984524
4.484524
3.838095
4.923810
3.795238
3.753571
5.366667
4.471429
4.113095
4.627381
3.585714
2.086905
3.935714
3.547619
4.548810
3.892857
3.904762
4.875000
3.340476
3.204762
4.145238
4.600000
4.242857
4.350000
4.525000
4.292857
3.019048
3.654762
4.319048
4.879762
4.495238
4.314286
4.171429
4.483333
4.041667
3.103571
4.483333
5.219048
5.083333
3.047619
3.208333
4.938095
4.165476
4.333333
4.483333
4.989286
3.428571
3.523413
5.119048
3.695238
2.924603
5.328571
4.852381
4.245238
4.395238
2.754762
3.595238
2.916667
2.980952
3.576190
4.702381
3.766667
2.385714
5.190079
2.503571
3.300000
2.545238
3.358333
4.044048
2.985714
3.261905
5.030952
4.826984
3.628571
2.644048
2.957143
3.764286
3.538095
4.788095
4.623810
4.758333
4.647619
4.681818
4.680952
4.383333
4.628571
4.204762
4.814286
4.207143
4.700000
2.367857
2.591270
4.423810
5.065476
4.527381
4.966667
3.792063
2.357143
3.687302
3.047619
3.029762
4.326984
5.000000
3.241270
4.491667
3.300000
2.404762
4.995238
1.810714
2.258333
4.411905
2.548810
1.003968
4.238095
3.852381
3.616667
4.638095
4.569048
3.642857
4.290476
3.494048
4.258333
3.523810
4.984127
4.392857
5.275000
3.276190
4.472222
5.295238
3.959524
3.084127
4.873810
4.633333
4.052381
3.347619
3.923810
4.252381
4.880952
3.000000
3.040476
3.346429
3.595238
4.600000
4.811905
3.720238
5.195238
4.547619
3.142857
3.214286
4.678571
3.261905
4.323810
4.457143
3.428571
4.102381
3.304762
4.084127
3.486508
4.013492
4.561905
3.980952
4.628571
2.450794
5.338095
4.450000
2.700000
4.790476
3.857143
3.346429
3.438095
4.004762
3.730159
4.280952
2.747619
2.542857
4.860714
4.206349
3.976190
3.614286
2.319048
3.409524
4.357143
3.095238
4.302381
3.392857
5.128571
4.794444
4.275000
2.995238
4.780952
4.300000
4.033333
4.033333
4.080952
4.500000
2.785714
5.375000
3.448413
5.029762
4.752381
5.176190
3.793651
4.528571
4.647619
4.471429
2.847619
3.595238
3.620238
4.571429
2.467063
3.347619
2.857143
3.923810
5.041667
3.845238
5.175000
3.795238
4.247619
3.383333
4.147619
2.395238
4.552381
4.083333
5.316667
4.071429
3.376190
3.471429
4.759524
4.678571
4.533333
5.165079
5.038095
4.903571
4.450000
5.046429
2.711905
4.304762
4.133333
2.792857
3.119048
2.660714
3.925000
3.785714
3.133333
4.042857
4.871429
4.097619
3.773810
2.548016
4.595238
4.282540
4.252381
4.814286
4.435714
3.952381
3.983333
3.725794
4.851190
4.753175
5.859307
4.755952
3.836905
4.657143
3.427778
4.197619
5.059524
5.126984
4.533333
3.423810
3.347619
4.778175
3.725000
4.042857
4.096825
5.095238
5.195238
4.800000
3.623810
3.313095
4.633333
4.828571
4.220238
4.461905
4.689683
3.686905
3.552381
5.300000
4.409524
3.678571
4.790476
4.384524
4.550000
3.926190
4.525000
3.111905
4.557143
4.585714
4.600000
2.452381
4.966667
3.333333
2.590476
4.285714
4.018254
5.145238
4.826984
4.854762
4.259524
4.254762
3.871429
4.189286
3.280952
4.060714
3.958333
5.114286
5.166667
3.355556
4.008333
4.442857
3.816667
4.350000
3.822619
4.240476
4.400000
4.380952
4.080952
4.845238
3.414286
4.166667
4.813095
4.397222
3.261905
4.361905
5.045238
3.544444
4.163095
2.653571
4.366667
2.419048
2.838095
3.397619
4.780952
4.175397
4.975000
3.195238
4.011905
5.685714
3.666667
5.133333
3.152381
5.134921
2.685714
3.520238
4.147619
4.115476
3.750000
5.290476
3.155556
3.973016
3.647619
4.623810
3.616667
3.529762
5.065476
4.485714
3.720238
5.075000
5.217857
5.377778
4.233333
4.180952
3.952381
4.335714
5.084524
4.933333
4.766667
4.555952
2.028571
1.776190
3.120238
4.594048
3.450000
5.242063
3.661905
3.623810
4.057143
2.953175
3.901190
4.356349
4.661905
4.204762
4.286905
4.633333
3.195238
3.585714
5.103571
5.071429
4.257143
4.750000
3.977381
4.916667
4.457143
4.728571
4.442857
4.652778
3.561905
5.145238
2.270238
3.900000
4.588095
5.671429
4.100000
2.923810
3.424603
2.258333
3.576190
4.607143
4.342857
5.383333
3.730159
3.991667
3.220238
4.397619
3.569048
4.575000
4.307143
3.869048
3.911905
4.442857
3.853571
4.795238
3.690079
3.792857
3.595238
3.792460
4.991667
4.452381
4.221429
2.326984
4.416667
4.400000
4.716667
4.923810
4.877381
4.627778
3.730952
4.725000
3.320238
4.216667
4.736508
3.528571
4.880952
4.320238
4.745238
4.566667
4.866667
4.542857
4.345238
4.035714
3.600000
3.666667
4.071429
4.521429
4.478571
2.825000
4.114286
3.963095
4.496825
4.750000
4.852381
4.266667
4.625000
4.190476
2.171825
4.913095
4.858730
4.647619
3.380952
4.419841
3.713095
3.226190
3.630952
4.865873
5.052381
4.802381
3.104762
4.561905
4.236905
4.073810
4.752381
5.236111
5.000000
4.188889
4.230952
3.277381
2.011905
3.135714
4.527381
3.795238
3.195238
3.066667
3.966667
4.604762
4.264286
1.985317
2.709524
3.528571
4.043651
4.470238
4.654762
3.892857
3.809524
4.628571
4.435714
4.025397
4.414286
4.608333
4.438095
3.571429
4.930952
3.311905
2.963095
3.713095
3.904762
4.257143
4.238095
3.384524
2.570238
4.547619
5.217857
3.273810
4.837302
4.242857
4.119048
4.465476
3.295238
4.361905
4.746429
2.412302
5.391667
3.597619
3.233333
3.902381
3.280952
4.814286
2.904762
5.466667
4.597619
4.285714
5.132143
3.171429
3.428571
4.816667
4.591667
2.719048
3.033333
5.190476
3.950000
5.157143
3.795635
4.613492
2.348810
4.328571
3.108333
2.410714
3.326984
3.533333
3.338095
3.350000
3.984524
4.807143
2.879762
4.011905
4.900000
1.634524
4.115476
4.800000
4.866667
4.111905
3.969841
4.657143
3.203571
4.058333
4.588095
3.764286
4.002381
3.914286
4.650000
3.322222
3.590476
4.185714
3.700000
4.442857
4.075000
3.600000
3.834127
3.783333
3.974206
3.290476
3.414286
4.466667
3.104762
4.771429
4.479762
3.447619
2.997619
4.571429
4.227778
3.785714
3.519048
4.717460
4.052778
3.926190
4.095238
3.473810
3.646429
5.007143
4.683333
3.657143
3.153571
3.455556
3.800000
4.621429
5.375000
4.777778
4.573810
4.119048
4.463492
3.185714
5.114286
4.014286
5.228571
5.270238
3.295238
4.623810
4.880952
4.814286
4.100000
5.155556
3.757143
3.974603
2.819048
4.600000
4.571429
4.778571
5.297619
3.788889
2.778571
3.761905
4.695238
2.120238
3.352381
4.542857
4.576190
5.133333
4.816667
4.119048
4.435714
4.426190
3.847619
4.713095
4.841270
4.607143
5.011905
4.776190
4.785714
4.195238
3.919048
3.948810
3.752381
4.527381
4.730952
4.569048
1.659524
4.933333
4.278571
4.114286
3.819048
4.400000
4.507143
4.455556
2.660714
4.235714
4.767857
4.538095
3.551190
2.609524
3.526984
4.476190
4.325000
5.119048
4.327381
4.114286
3.452381
4.211905
4.435714
4.883333
2.657143
4.411905
3.716667
4.383333
5.090476
3.458333
4.067857
3.488095
4.526190
3.633333
3.708333
4.048810
4.184127
4.223810
5.500000
5.209524
1.458333
4.138095
4.926984
5.257143
3.342857
4.760317
2.879762
4.647619
4.466667
3.369048
3.330952
3.819048
4.500000
4.247619
4.242857
4.136905
4.221429
4.845238
3.480952
4.271429
3.978571
4.950000
5.102381
3.685714
3.792460
3.209524
5.090476
5.052381
4.157143
4.529762
4.771429
4.498810
3.654762
3.511111
4.832143
4.135714
4.823810
5.063095
4.671429
3.398413
2.269048
3.361905
3.448413
2.682143
4.445238
3.742857
1.610714
3.958333
4.113095
4.495238
4.215873
4.907143
4.915476
3.514286
2.990476
5.244048
4.223810
4.657143
3.760714
3.588095
3.869841
4.897619
3.266667
5.026190
5.083333
4.557143
2.527381
4.288095
5.044444
3.500000
4.557143
4.100000
5.032143
4.552778
4.779762
4.542857
3.313095
4.994048
4.561905
3.457143
2.933333
4.846429
2.626190
2.933333
4.807143
4.852381
3.617857
4.416667
4.536905
3.411905
5.185714
2.461905
3.822619
2.975397
3.292857
3.266667
4.541667
4.058333
4.053571
4.746429
4.970238
3.621429
4.338095
3.464286
4.635714
4.114286
4.109524
4.203571
4.761905
4.621429
3.852381
3.884524
4.738095
4.345238
4.261905
5.002381
5.003571
5.113095
3.430952
4.509524
3.928571
4.525000
4.291667
3.913095
4.533333
4.628571
4.005556
3.516667
4.785714
4.738095
4.038528
4.273810
4.214286
3.152381
2.942857
4.638889
3.507937
3.458730
5.001190
4.514286
3.852381
4.596429
3.671429
3.419048
5.111905
4.428571
4.928571
3.483333
3.476190
2.816270
4.647619
3.254762
3.026190
3.803571
4.260714
4.925000
4.369841
3.189286
2.861905
3.600000
4.757143
3.383333
4.694048
4.280952
4.021429
4.150000
4.908333
3.494444
3.860714
2.739286
3.629762
4.857143
3.009524
3.311111
3.594048
5.015476
3.371429
5.365476
3.876190
4.404762
5.239683
3.434921
3.550000
4.266667
3.983333
5.083333
4.192857
3.964286
4.033333
4.082143
3.219048
3.426984
3.135714
3.852381
3.809127
3.210714
2.463095
4.407143
2.509524
4.141667
