75.046429
72.934921
72.517063
73.499206
73.808333
75.702381
71.894048
74.763095
75.061111
77.239286
73.673016
72.592460
74.151984
75.297619
72.915873
73.667857
75.567857
72.236905
76.254365
72.648810
72.980123
73.821032
76.782937
75.364683
71.942857
73.194444
75.688095
74.914286
75.939286
75.372222
73.018651
75.221429
74.983333
74.978571
74.685317
72.569048
75.457540
74.733730
76.356349
73.185317
73.421429
74.427381
72.461508
75.159524
76.746429
74.202381
76.775794
76.501190
75.726190
74.398016
71.076190
73.940079
74.461905
73.310714
72.809524
73.867460
74.493651
74.959921
77.614683
74.403571
74.445238
74.391667
74.619444
75.068254
75.634524
72.888889
74.025000
75.758730
73.370238
75.888095
74.711905
74.328571
74.810317
77.489286
76.135317
75.314286
76.652381
73.534524
74.055556
76.230952
75.448413
73.491667
75.870238
77.221429
75.469841
75.816667
74.417857
73.172619
74.560714
75.976190
74.248810
77.100000
76.684127
72.987698
76.438095
74.762698
75.035714
76.420238
75.308333
72.733730
76.011508
72.805159
73.379762
71.726190
72.129762
76.903175
74.323810
75.260714
75.115476
72.982143
73.611905
75.157143
74.668651
74.181349
74.966667
74.053571
74.325794
74.800325
76.169048
75.777778
75.148413
74.157937
74.180556
76.035317
76.369444
71.927381
75.371429
74.968651
74.113889
75.359524
75.542857
73.365079
75.281746
74.716667
74.077381
74.775000
74.188095
74.243651
73.309127
74.755952
74.688889
77.919841
76.017857
73.811508
75.894048
75.312698
76.590476
74.382937
74.668254
73.990873
73.394841
76.445238
75.466667
75.292857
73.715476
74.163095
75.005952
75.126190
77.386905
73.378571
76.788095
73.356169
76.996429
75.332540
75.976190
76.813095
72.392063
75.054221
73.411905
75.741667
74.237698
75.055159
76.418579
75.671429
73.569444
76.519048
75.017857
72.945238
75.051190
69.591667
75.484127
74.302778
76.005952
73.543651
73.076190
75.248413
72.503175
75.495238
73.238095
75.129762
73.931746
71.810714
75.557540
74.013095
75.915476
75.292857
74.542857
76.426190
74.729762
75.923810
73.573810
75.517857
73.665476
71.868651
76.836905
75.767460
74.366270
74.876190
75.863095
73.852381
75.357540
74.057540
76.689286
77.536905
73.691667
74.826190
73.232937
71.844048
75.680159
73.038312
76.217460
75.545238
76.984524
74.395238
73.392063
75.173810
75.503571
76.229365
76.662302
76.603571
74.394444
74.272619
76.388095
74.114286
75.692857
75.552778
71.145238
74.940873
74.697619
75.665476
75.224206
75.405952
74.953571
73.257143
71.457143
74.100000
75.465476
74.235317
73.393651
73.965079
71.907143
75.927381
74.865873
76.982937
75.624603
73.241667
73.294841
74.059524
76.742857
76.798413
75.222619
74.323016
72.208333
76.091270
74.622619
76.157143
74.106746
72.460714
76.236508
73.647619
73.204762
73.696032
74.823810
69.285714
75.440368
74.264286
75.877381
74.527778
74.223810
75.288889
72.638492
75.654762
76.634524
73.357143
74.711905
72.067857
73.507540
74.507540
77.078571
72.304762
76.678571
76.168254
72.871429
77.415476
71.833333
76.352381
75.372619
72.916270
75.632143
75.300000
74.628968
74.339683
75.904365
75.449603
74.470238
74.554762
75.635714
74.395238
74.664286
75.134524
73.155952
74.737698
74.859127
75.468254
72.951190
75.125000
73.638095
75.814502
76.214286
74.725000
76.924603
77.773810
74.947222
76.620238
77.500794
74.539286
73.857937
75.255952
71.863095
76.276190
74.669444
75.175397
74.966270
76.433333
74.684127
73.735317
75.009524
76.452778
74.686508
73.428175
74.594048
77.436905
75.515476
71.176190
70.740476
75.665476
76.083333
75.191667
74.433333
75.415476
76.357143
72.754762
75.587698
77.322222
76.455159
74.578571
75.823810
76.587698
76.160714
74.488889
76.623810
74.150000
74.666270
76.196429
72.286508
74.489286
73.766270
74.227381
73.235714
75.865873
73.276190
76.441667
72.735714
75.041667
76.397619
77.433333
71.911905
75.821825
75.863492
76.650794
74.097619
74.961905
76.711508
76.840476
74.982143
75.177381
74.825000
74.294444
77.283730
73.746429
73.940079
77.882540
75.597619
75.301587
75.085714
75.435317
75.035317
74.378968
77.959524
75.365873
74.890873
73.919444
72.773016
73.613889
73.922619
74.653175
74.260317
75.516667
74.174603
75.509921
75.582143
75.869444
75.115476
73.908333
74.146429
77.671032
74.216667
75.648810
73.529762
76.365873
76.472799
74.936905
74.263095
74.107143
72.336905
76.129365
75.734524
75.435317
75.728571
75.367857
75.508333
74.620238
78.235317
72.930556
76.490476
73.959127
75.478571
71.412302
71.855952
76.360317
72.933333
74.350000
76.432540
76.388095
76.272619
75.786111
75.488095
75.716270
76.253571
76.607937
73.911508
71.215476
76.734524
76.380952
75.442857
76.637302
74.288095
75.897619
74.640476
71.534524
76.687302
73.105952
73.882143
76.350397
76.222619
76.642460
76.398810
73.360714
72.303571
75.255556
72.644048
75.167857
72.795635
74.729365
74.774206
77.171429
72.873810
75.872619
74.494048
77.084921
73.828571
74.644444
76.197619
75.100794
73.892460
74.748810
74.496429
75.829762
73.656349
73.522619
74.922619
74.839286
71.059524
73.385714
77.353968
77.185714
74.368254
75.086111
76.378571
72.424603
73.910714
75.060714
74.580952
75.598413
75.647222
76.377778
76.483333
75.639286
72.836508
73.150794
76.278463
74.065476
76.267063
76.878175
73.627381
75.196429
74.920238
75.659524
76.841667
72.926984
76.597619
75.813492
74.593651
72.367857
75.650000
73.665476
73.499062
75.691667
73.983730
