 59
 91
 78
 86
 97
112
 90
119
 67
 73
 86
 94
 95
 69
 84
 52
 75
114
 90
 97
 67
119
 91
 92
 68
 71
109
101
 55
111
 59
 79
 71
 99
103
 58
 97
 66
 75
 81
 71
 70
 66
 70
 73
 96
 97
 98
 72
 51
 69
 87
 71
101
 92
 94
 91
 74
 83
 92
 70
 67
 72
 97
 78
 89
 91
 85
 97
 76
 75
113
109
103
 70
 95
 90
100
109
 77
 70
 86
 94
 90
 95
114
 75
 71
 75
 77
102
 57
 96
 79
102
 83
 90
 90
 94
119
 80
 99
111
 63
 76
 90
101
 61
104
 63
 83
 95
 90
 99
 95
 64
 79
 92
106
 87
 77
 91
 80
 99
 78
 72
118
 64
 88
 98
105
 86
 88
 81
 64
 73
 86
 93
111
101
 96
 97
 67
100
 90
 79
 58
 91
 77
101
 96
 68
 76
 67
 97
 73
 90
 69
 77
 91
 78
 74
 84
 71
 92
 90
 89
 92
 92
100
 70
 85
 88
 98
105
 89
 67
 89
 93
 96
 60
 73
 74
 79
 81
 96
 89
 93
 84
 61
 80
101
 75
 81
 98
 69
105
 83
 83
 76
 87
 78
 90
103
 98
 73
 95
 80
117
118
 87
 67
 88
 83
 91
102
 87
 99
112
 82
 82
 73
 74
 99
 77
 87
 88
 79
 88
 89
 68
 69
 79
 85
 77
 78
 91
 83
 63
 65
 77
101
 91
 84
102
 87
106
 73
 86
 77
 92
 80
 72
111
 72
 91
 66
104
 76
 71
 75
 63
 61
 96
 91
 93
111
 74
 62
 63
 86
107
 87
 87
 86
103
 90
 93
 89
 93
 82
100
 72
 84
 82
 75
104
 91
 79
 92
 85
 82
 80
 92
 66
100
 80
 76
 89
 88
 97
 79
 92
 77
 66
 84
 85
 69
 86
 71
 95
 78
 57
 74
109
 98
101
 93
 90
 87
 73
 81
 82
117
100
104
 74
 88
 84
104
 82
 80
 74
 96
 96
 90
 82
 94
 74
 83
 98
105
 66
 80
107
 93
 72
 88
 92
 72
 73
 68
104
 72
 90
 68
 78
 73
 64
 97
109
 87
 87
 68
 81
107
 85
 95
 81
 74
107
 93
 89
 70
 84
101
 71
 67
104
 80
 87
 87
 87
106
101
106
 72
 92
 76
 95
 74
 54
 74
114
 75
 71
100
 75
104
 79
 78
 98
 75
112
 96
 98
 90
 74
 84
 96
 81
 82
 75
 89
 87
 88
110
 63
 63
109
 86
 86
110
101
 82
107
 90
 88
 63
 92
 80
114
 96
 84
 72
106
 82
 91
 81
 91
104
105
 88
 67
 95
 99
 74
 74
 93
 78
 89
 93
 76
102
 86
 83
101
 66
 52
 90
 94
 78
100
 70
 78
 62
 99
 98
 93
 82
 77
 56
122
 86
 80
 92
 73
 76
 78
 84
 87
 74
 95
 85
 92
 82
 91
 93
 94
 96
 91
 85
 69
 99
 89
 95
 84
 89
 75
 83
 92
 81
 82
 65
 73
 69
103
 94
 69
 71
 80
 68
 87
 64
 95
 94
104
 69
110
 74
 97
 79
 90
 92
 79
 89
 85
105
 83
 71
104
 92
114
 86
 75
 69
 68
 71
 68
 95
 92
 88
 72
 92
 86
104
105
107
 64
 95
106
 75
 81
 88
 93
 81
110
 82
 94
 81
 91
 86
 72
 78
 86
105
100
 95
 80
 65
 78
 93
 85
 62
 88
101
 92
114
 79
 82
 84
 74
104
 72
 64
 91
109
 60
 80
 75
 70
 89
 59
 62
 65
 61
 91
 79
 75
 85
 84
106
 85
 70
 80
 95
 69
 80
 82
 81
 73
 67
 63
 78
114
 90
 77
 80
104
 99
 88
 61
 95
 96
 94
 88
 73
 73
 80
 97
 73
 95
 95
 98
 75
 95
111
 94
 86
 78
 78
 85
 93
 88
 99
 58
 69
 59
 94
 70
118
 66
 56
 92
107
 92
 72
 85
103
 73
 72
 82
 61
 89
 86
 99
 59
 83
 91
 69
 88
 79
 91
 88
 73
102
 77
 93
 72
 80
 77
 70
 85
 75
103
 96
 66
 90
 63
 59
112
 70
 79
 64
 84
 74
 73
 78
109
 68
 94
 87
 78
 62
 99
 92
 70
 80
 74
 85
 86
 81
 95
 86
 85
 77
 70
 90
 71
 78
 76
 80
 81
 88
 86
 76
 81
 84
 92
 81
 97
 53
 75
103
 77
 90
 93
 71
 78
122
 82
 88
 98
 97
 74
 99
 98
103
 68
 86
 83
113
 92
 77
 90
106
 70
 97
 79
 84
 68
 87
 73
 97
 78
 84
108
 87
 84
 85
 98
 82
 93
 97
 62
 84
 92
 94
 99
 82
 79
 94
 89
109
101
 58
 80
 90
 72
 91
 75
 57
 87
127
 63
 73
 82
 72
 79
 84
 88
 66
106
 87
 85
 80
 85
 69
 62
 81
 74
108
 53
 90
 84
 77
 92
 82
 71
 58
 73
 80
 72
101
 57
 75
 79
101
 57
103
102
100
 94
 82
104
108
 86
 90
 89
 74
 82
 89
 92
 77
108
 88
 75
 66
 75
 77
 73
102
 78
108
108
 68
 90
 83
 87
 83
107
 59
104
102
 67
 66
 79
105
 95
 96
 90
110
 77
 82
 78
100
 88
117
 73
 64
 82
 73
 85
100
 63
 69
 83
 89
 79
 75
 71
101
 69
 70
 95
 88
 90
 62
 68
 79
 98
 85
 79
 85
 89
 84
 90
 92
113
 66
 71
 73
 83
 86
 97
 93
 90
 73
 86
 79
 87
 86
 90
 89
 96
 91
 82
 90
 80
 90
 94
 95
114
102
 99
 77
 97
 92
 75
 80
 66
 78
 88
 83
 93
 80
 88
 76
 76
 81
 83
 79
 76
 97
104
 88
 73
100
 60
 86
 82
 79
 91
 75
 89
 72
 94
 91
 68
 79
 94
 85
 80
 82
 80
 83
 72
115
 91
112
 79
 75
 83
104
 71
 86
 83
 75
 80
 89
 81
 96
102
 83
 60
 87
 74
 78
 93
 94
 89
 66
 93
 66
 87
 83
 65
 81
102
 95
 73
 85
 77
 96
 97
 77
 67
 87
 80
 58
 87
 80
 61
 97
 83
 71
 75
 99
 66
 98
 75
104
 83
 55
116
102
 87
 73
101
 66
 80
 76
 87
 93
 79
112
 80
100
 83
101
 78
100
 85
 70
 80
 85
112
 73
 83
 83
 92
 77
118
 59
 78
109
 88
 90
 77
 73
 66
 95
 90
 80
106
 80
 93
 91
102
 90
 68
 84
 65
 99
 92
 95
 67
 82
 92
 83
114
 84
 77
 82
 73
 92
100
106
112
 97
 95
 87
 85
106
 95
 78
 77
 89
 99
 92
 89
109
 88
 90
 91
 90
 77
 98
101
 99
 89
 89
 93
111
 87
106
109
 94
 78
 78
 92
112
 91
106
 82
 44
 77
 60
105
 69
 71
110
 66
 61
102
 93
 70
 84
 76
 90
111
 82
 81
 96
 67
 63
 90
 76
 87
 66
 94
 65
 82
 94
 99
 66
 89
 78
 62
 76
112
 79
 57
101
 74
 92
 74
 88
 78
 99
 98
 99
 85
 70
 79
 65
 92
 86
 65
 85
 99
 70
 99
 73
 94
 92
100
 92
113
 71
112
 89
110
 77
 97
100
 85
112
 85
 82
 69
 77
 81
 85
 84
 89
 80
 92
106
103
 91
 95
 67
 77
 66
 94
 88
 72
 87
105
 74
 71
 82
 81
 79
 70
113
 72
 92
 84
 83
 76
 97
 96
 97
 97
 79
129
 79
 96
105
 75
 95
102
 81
 94
 81
 87
101
 63
 68
 82
 81
 93
 69
 88
 88
 63
 81
 97
 83
 89
104
 93
 93
 92
107
105
 80
 91
 92
 91
 80
 67
 96
 78
 87
104
103
 87
 85
 89
109
 91
 69
 81
 81
 97
114
 66
 91
 83
112
 95
 81
 68
