 98
 86
 81
 85
 74
 56
 59
 83
 54
 84
 66
 95
 91
 92
 98
 59
 87
 75
114
 89
 70
 82
 83
 75
 94
 94
 92
 93
 91
 86
 60
101
 94
 81
112
 96
 80
 98
 92
 76
 70
 85
101
 57
100
101
 77
 98
 74
 91
 94
 82
116
 68
 89
 86
 79
110
107
 92
 91
100
113
 73
106
 86
 96
 90
 90
113
 66
 94
 79
 78
 84
 94
118
 84
 69
 82
 73
 96
 97
 72
 85
 96
 88
 80
 64
 57
 75
 94
107
 83
 75
 81
 79
 78
 96
 81
 85
 92
100
 99
 94
131
 89
 71
 82
 66
 81
 71
112
111
 88
 79
 75
 76
105
 67
100
 81
 82
 86
 79
 78
106
 78
 90
100
 91
 97
 87
 92
 94
 63
 97
 83
 66
 72
 60
 76
 80
 78
 99
 79
 97
107
 80
 80
 90
 86
 85
115
 92
 93
 78
100
 76
131
 57
 62
 97
 76
 99
 75
112
 91
 80
 91
 92
 79
 71
 95
100
 87
 90
 88
102
 55
 79
 77
106
110
 71
 77
 84
 94
116
 68
 71
 80
 97
 83
 70
106
 86
 78
 71
 73
 82
 88
 83
 92
 75
 76
 85
 93
 72
 66
 92
 85
 90
 75
 77
 73
101
107
107
 84
 72
 79
 85
 84
123
109
121
 98
 78
 94
 80
108
 92
 95
 81
109
 87
 56
 89
 90
 66
 98
 79
 86
 97
 77
 44
 85
 80
 86
 94
 97
 80
 91
 83
 94
112
 89
 72
 79
 80
 88
 93
 81
101
 82
103
 96
100
 93
 95
107
 86
 82
 98
 95
 93
 97
115
 75
 85
 90
 75
 86
 81
 82
101
101
 88
 83
109
 70
 83
 81
106
 89
 69
 87
 89
 82
 90
113
117
 98
 96
 95
106
 90
101
 78
102
 80
 84
 95
 99
 77
 69
 90
 97
 93
 85
104
 84
 65
 79
100
 78
 87
 92
 85
 91
 82
 96
104
 84
105
101
 72
 88
 75
 94
 86
 98
 92
111
124
 85
 71
 77
103
 76
 78
 81
 93
 82
 73
 94
 88
 99
 79
 71
 85
 94
 69
109
 81
 89
 94
 86
 88
 79
 77
 83
 96
 74
 86
 96
 80
 82
 73
108
 62
 56
 93
 70
110
 91
 77
 84
 61
109
 91
 97
 92
 81
 65
 96
 67
 77
 89
101
 86
 70
 69
 72
105
 89
 77
 82
 94
 80
 69
 92
 92
 74
 79
117
 88
114
109
108
103
 75
 99
 87
 91
 76
 69
 86
 73
 53
102
117
 90
 84
 61
 92
 88
110
 91
 88
 96
 89
116
 85
 84
 97
 97
 82
 62
 67
 56
 92
 83
101
 67
 72
 84
 63
 78
 78
 79
107
 91
 82
 94
 83
 93
 76
 54
105
 73
 65
 53
 79
102
 88
 87
 99
 76
103
112
107
 66
 91
 92
100
 93
 99
111
 79
 98
 95
118
 93
 87
 85
 93
 74
 75
 77
 93
 86
 74
 83
 97
 83
102
 91
101
 91
 62
 93
 74
 84
128
 93
 76
 97
104
 66
 70
 73
100
 96
105
 72
 95
 80
 80
 77
 80
 85
 98
 73
 67
102
 94
118
 82
 78
 72
 96
104
 72
109
 94
 76
 99
 75
 70
 94
101
 85
100
 85
101
 82
 70
 98
 80
 68
 72
 91
 87
110
 72
101
 69
 85
 93
 72
 76
 73
 74
 90
 83
 72
 78
116
 86
 96
 97
 86
 94
 70
100
 65
 66
104
 79
 67
 83
 89
 86
109
 58
 66
 78
 75
 99
101
 85
 71
100
 78
 68
101
 66
 84
 81
 92
 75
101
107
 90
101
 87
 96
 95
 84
 58
 80
 75
 87
101
 65
 95
 84
 72
 95
 96
106
 78
 82
 90
 67
 67
 95
 84
 58
 92
103
 93
 79
 76
 74
 52
 70
 77
109
 83
102
 93
 69
 66
 95
 90
 75
 81
113
102
 90
 88
 93
 82
 66
 99
101
 76
 68
 65
105
126
 65
 88
 64
103
 96
 81
128
114
102
 93
 98
 85
 70
 77
 91
 89
 77
 85
 87
123
 68
 81
 62
 92
 96
102
 75
 86
 79
 98
 70
 80
 83
 76
 73
 85
 75
 72
 77
111
 91
103
 85
 69
 75
 78
 74
102
 79
 89
 94
 79
 71
 63
 74
 80
 75
 88
104
105
 85
 73
 96
 93
 84
100
 66
 85
 73
101
 94
110
103
115
106
 90
103
 68
103
 78
118
 86
 73
 97
 90
 87
102
 73
 89
 82
 86
 77
 86
 90
 86
 70
 82
 83
 73
 94
 69
 98
 89
100
 74
 84
 73
101
 99
108
 80
 83
 91
 93
 84
104
 85
 77
 82
 88
 98
 95
 76
 82
104
120
108
 96
 67
 78
 69
 78
 80
 90
 82
 78
 72
 77
109
110
 94
100
101
 93
 90
 89
 78
 62
108
105
 63
 72
 74
100
 91
 84
 63
 75
 84
 75
 80
 56
 87
 94
107
112
102
119
114
 89
 84
113
 74
 53
 73
 78
 95
 88
101
121
 71
 79
 81
104
 72
 81
 89
 83
103
 68
 86
122
 69
 85
106
 96
 86
 87
 83
 78
 79
101
 85
 93
 74
102
101
 65
 76
 71
 91
 67
 93
 81
 92
 68
 82
 84
 96
 79
 69
 88
106
 74
 83
110
120
 87
109
 94
 63
 78
 72
 86
105
 86
 80
 64
 81
 63
 71
 73
114
 82
105
 94
 73
 83
 98
 82
107
 82
 92
 51
108
103
 88
 68
 94
108
 92
107
 68
 96
 84
 89
 76
 78
 83
 90
 80
100
109
 89
 77
100
 89
 94
 67
 79
 63
 75
 83
 88
 66
 91
 73
 71
 92
 75
 99
 72
 90
109
103
 96
 68
 87
 89
 80
 81
 58
 92
110
 83
119
 70
 69
 86
 96
110
101
 86
 82
120
101
 96
100
 50
 97
110
100
 56
 75
 70
 84
 60
 69
 84
 89
 55
 96
116
 74
 94
 92
112
 69
105
 70
 91
 91
 73
 55
105
 88
 64
 71
104
 72
 81
103
 99
101
107
 90
 76
 95
105
105
 73
 90
 91
 80
113
 96
 83
 70
 79
 76
 79
 90
 82
 78
 84
100
 90
 92
 94
 75
105
 85
103
 94
 80
 92
111
101
 82
 82
 77
 79
115
 99
 84
 91
 74
 77
 93
111
 98
101
108
 91
 89
 96
 84
 93
 70
 86
 85
 93
 90
 77
 74
 82
 95
108
 53
 93
105
 71
 84
 85
115
 89
 60
111
 70
 62
 96
 78
 93
 96
100
104
 73
 87
 89
 84
 68
 81
 76
119
 90
118
 89
 89
108
 81
 85
 95
 89
 92
 94
 80
104
 71
 89
 91
 71
104
 83
 92
 86
115
 70
114
 76
 91
104
 80
 80
 88
 77
 83
 57
102
 98
 89
 95
 92
100
 84
 84
 84
 82
 71
 94
105
 87
 78
 91
102
 76
 85
 87
 95
 95
 65
 98
 71
 90
