 66
 76
 85
 84
 93
 75
 76
 79
 48
 69
 76
 75
 71
 82
 97
 82
 86
 68
 39
 60
 89
 77
 80
 72
 67
 58
 62
 54
 70
 61
 63
 61
 62
 73
 81
 70
 82
 61
 58
 65
101
 72
 82
 52
 64
 55
 83
 57
 76
 66
 64
 48
 82
 65
 84
 61
 67
 57
 71
 79
 84
 57
 75
 75
 73
 76
 67
 57
 60
 63
 79
 60
 48
 80
 90
 74
 68
 77
 53
 63
 60
 86
 88
 67
 72
 62
 79
 63
 75
 77
 51
 74
 61
 61
 79
 80
 76
 75
 58
 54
 79
 76
 59
 73
 47
 66
 66
 68
 71
 67
 46
 81
 61
 79
 79
 64
 92
 81
 72
 61
 75
 71
 67
 83
 76
 67
 78
 63
 74
 76
 48
 61
 70
 81
 48
 81
 73
 47
 64
 75
 67
 54
 86
 45
 88
 63
 88
104
 63
 54
 60
 63
 68
 67
 64
 87
 53
 70
 48
 61
 68
 80
 73
 83
 71
 60
 81
 63
 83
 85
102
 66
 73
 74
 58
 63
 79
 73
 79
 73
 72
 60
 85
 83
 69
 76
 81
 72
 75
 85
 93
 71
 89
 64
 48
 86
 79
 55
 63
 70
 70
 60
 66
 64
 87
 65
 69
 65
 74
 85
 84
 84
 60
 78
 69
 57
 73
 50
 92
 74
 53
 89
 83
 64
 69
 79
 63
 81
112
 84
 63
 51
 68
 75
 60
 76
 61
 65
 67
 84
 75
 76
 83
 74
 68
 89
 78
 79
 48
 49
 75
 70
 90
 80
 56
 41
 65
 80
 65
 58
 80
 80
 77
 80
 84
 71
 63
 60
 55
 58
 79
 64
 58
101
 63
 54
 68
 61
 45
 53
 60
 80
 48
 73
 61
 88
 78
 69
 78
 64
 76
 82
 89
 60
 67
 84
 62
 42
 68
 53
 79
 70
 62
 76
 51
 86
 76
 75
 81
 86
 83
 70
 60
 84
 66
 75
 68
 81
 70
 71
 69
 93
 87
 90
 58
 89
 84
 65
 82
 80
 80
 68
 93
 65
 80
 60
 68
 64
 84
 58
 79
 63
 75
 66
 73
 52
 81
 63
 52
 69
 86
 66
 74
 82
 75
 63
 76
 65
 61
 81
 92
 72
 65
 64
 60
 83
 73
 58
 56
 63
 74
 85
 49
 82
 61
 67
 92
 99
 48
 74
 85
 78
 62
 63
 87
 58
 95
 51
 84
 75
 74
 78
 73
 91
 74
 83
 85
 64
 67
 55
 72
 74
 78
 79
 84
 66
 78
 70
 83
 55
 69
 76
 79
 74
 70
 47
 76
 59
 50
 74
 61
 59
 76
 97
 82
 76
 63
 69
 69
 85
 49
 65
 87
 56
 94
 69
 87
 82
 67
 70
 50
 77
 74
 73
 99
 55
 90
 86
 68
 67
 68
 55
 54
 59
 94
 92
 58
 84
 78
 62
 72
 67
 79
 78
 68
 84
 81
 63
 87
 59
 60
 62
 67
 58
 75
 85
 76
 82
 75
 85
 62
 87
 77
 84
 62
 67
 55
 55
 92
 62
 59
 67
 95
 77
 81
 72
 62
 62
 83
 73
101
 68
 88
 71
 72
 76
 78
 88
 60
 52
 81
 65
 66
 63
 66
 53
 69
 77
 68
 87
 67
 78
 69
 49
 88
 73
 69
 74
 70
 88
 75
 89
 92
 55
 50
 59
 63
 63
 58
 78
 61
 77
 95
 90
 66
 68
 68
 59
 59
 65
 72
 52
 78
 84
 51
 88
 64
 80
 54
 69
 62
 84
 80
 81
 64
 65
 62
 85
 57
 57
 81
 49
 81
 59
 56
 57
 73
 79
 65
 83
 65
 87
 72
 75
 68
 67
 50
 55
 62
 79
 61
 80
 53
 68
 61
 66
 88
 79
 66
 84
 75
 63
 73
 78
 80
 83
 67
 76
 69
 50
 77
 46
 54
 74
 56
 66
 91
 67
 74
 53
 73
 56
 66
 72
 67
 74
 72
 73
 86
 92
 77
 68
 73
 81
 70
 54
 80
 45
 57
 67
 46
 68
 77
 66
 70
 75
 70
 65
 67
 68
 69
 69
 75
 77
 73
 55
 93
 92
 93
 87
 79
 83
 72
 72
 73
 73
 78
 72
 54
 74
 90
 83
 62
 50
 62
 80
 71
 64
 66
 41
 67
 61
 79
 78
 72
 58
 61
 87
 79
 62
 70
 72
 77
 51
 82
 67
 96
 66
 58
 62
 75
 83
 62
 54
 46
 56
 65
 78
 73
 84
 75
