 69
 65
 44
 64
 46
 49
 47
 61
 65
 46
 57
 36
 55
 72
 59
 68
 62
 58
 53
 48
 58
 49
 58
 67
 49
 41
 56
 55
 80
 64
 44
 50
 44
 46
 55
 51
 80
 51
 55
 60
 72
 52
 44
 63
 81
 50
 48
 54
 67
 50
 41
 81
 66
 48
 52
 61
 53
 58
 63
 38
 73
 34
 62
 47
 50
 48
 63
 65
 72
 59
 48
 53
 63
 62
 55
 48
 47
 57
 68
 69
 60
 63
 63
 49
 77
 57
 63
 68
 49
 64
 65
 66
 66
 48
 47
 42
 56
 51
 62
 59
 58
 72
 76
 72
 55
 57
 63
 42
 78
 62
 55
 83
 55
 73
 60
 73
 46
 57
 59
 39
 47
 53
 64
 45
 69
 60
 52
 43
 66
 44
 62
 62
 45
 74
 57
 38
 56
 66
 63
 49
 56
 63
 58
 57
 52
 72
 54
 60
 52
 59
 56
 35
 40
 68
 33
 58
 60
 42
 60
 58
 74
 69
 52
 45
 66
 58
 60
 77
 66
 74
 68
 59
 50
 61
 60
 48
 55
 55
 38
 66
 54
 62
 56
 43
 64
 59
 42
 70
 63
 49
 49
 44
 38
 53
 64
 55
 68
 67
 56
 78
 72
 44
 68
 61
 59
 64
 50
 52
 72
 53
 46
 70
 51
 60
 53
 68
 70
 86
 53
 69
 44
 69
 41
 77
 50
 47
 55
 46
 69
 63
 64
 55
 62
 74
 66
 70
 58
 61
 70
 76
 63
 32
 64
 58
 65
 61
 68
 71
 54
 53
 63
 73
 62
 53
 73
 60
 59
 56
 59
 70
 74
 64
 79
 58
 62
 63
 70
 48
 40
 63
 61
 58
 59
 80
 74
 53
 81
 55
 65
 79
 61
 68
 64
 67
 44
 61
 70
 64
 66
 65
 61
 77
 63
 52
 67
 55
 55
 69
 53
 64
 48
 52
 39
 58
 55
 39
 65
 49
 47
 60
 43
 51
 69
 64
 69
 59
 61
 74
 45
 59
 66
 62
 40
 49
 71
 56
 55
 37
 47
 38
 52
 72
 60
 48
 69
 85
 58
 54
 63
 58
 52
 64
 71
 38
 60
 31
 45
 62
 64
 61
 70
 42
 77
 74
 54
 47
 55
 56
 69
 57
 52
 59
 45
 67
 72
 50
 73
 68
 65
 66
 59
 67
 32
 50
 58
 50
 47
 50
 77
 60
 54
 57
 53
 56
 41
 55
 66
 51
 49
 69
 65
 45
 72
 54
 59
 55
 63
 59
 73
 66
 52
 44
 72
 56
 43
 42
 68
 45
 76
 67
 74
 69
 67
 57
 44
 52
 68
 58
 54
 59
 53
 63
 55
 59
 51
 50
 46
 55
 76
 55
 67
 55
 64
 71
 56
 66
 51
 69
 66
 54
 50
 44
 56
 65
 52
 53
 82
 55
 58
 61
 60
 43
 60
 59
 57
 46
 37
 67
 83
 46
 66
 54
 65
 65
 63
 56
 62
 47
 39
 53
 35
 71
 55
 70
 64
 53
 59
 56
 51
 54
 54
 60
 67
 83
 58
 63
 58
 58
 71
 58
 84
 87
 48
 46
 47
 51
 74
 71
 65
 56
 62
 73
 58
 64
 52
 65
 49
 68
 64
 57
 63
 56
 54
 45
 62
 58
 77
 52
 55
 71
 49
 50
 76
 68
 64
 75
 62
 71
 49
 65
 61
 66
 75
 59
 60
 45
 58
 44
 70
 50
 73
 48
 61
 58
 64
 67
 62
 51
 50
 62
 68
 78
 66
 54
 63
 63
 59
 65
 62
 53
 66
 78
 63
 52
 54
 59
 56
 59
 52
 62
 47
 56
 48
 63
 44
 64
 48
 57
 80
 61
 58
 54
 62
 68
 59
 64
 60
 54
 60
 72
 68
 77
 69
 61
 44
 69
 62
 71
 64
 45
 63
 64
 54
 59
 53
 55
 57
 49
 46
 86
 56
 77
 59
 40
 49
 57
