 58
 75
 72
 85
104
 74
107
 75
 74
 72
 98
 67
 86
 89
 90
 73
 56
 74
 73
 92
 74
 73
 86
 90
 98
 83
 74
 94
 72
 86
 70
 79
 68
 78
 60
 90
 81
 81
 89
 75
 54
 58
 79
 61
 68
 92
107
 72
 78
 82
 92
 74
 60
 61
101
 84
 93
 88
 63
 72
 84
 72
 95
107
 98
 82
 81
 77
 78
 66
 87
 84
 89
 82
 71
 92
 96
 77
 83
 66
 78
 61
 59
 86
 73
 73
107
 48
 79
 87
 84
100
 95
 71
 64
 79
 69
 95
 73
 64
 65
 79
 74
103
 50
 71
 80
 78
 84
 71
 82
 84
 89
 75
 71
 87
 63
 80
 69
 80
 79
112
 75
 58
108
 85
 72
 93
 74
 56
 88
 91
 89
 96
 80
 77
 84
 95
 89
 58
 93
 64
 82
 86
 82
 86
 57
 87
 79
 71
 73
 83
 68
 72
 82
 87
 55
 81
 85
 93
 94
 66
 70
 60
 71
 72
 75
 97
 79
 85
104
 68
 87
 93
 95
 76
 96
 66
 82
 75
 82
 99
 70
 69
 83
 61
 82
 70
 65
 71
 69
 68
105
 73
103
 77
 84
 79
 74
105
 78
 83
 87
 81
 58
 87
 91
 90
 86
 63
 56
 85
102
 86
 58
 91
 93
 99
 69
 57
 84
 65
 77
 64
 68
 59
 99
 92
 98
 67
 65
 64
 61
 88
 57
 82
 75
 83
 77
 72
 72
 78
 89
 56
 79
 81
 93
 90
 81
112
 69
 97
 92
 88
 83
 76
 61
 95
 61
 94
 55
 79
 66
 89
 96
 55
 91
 96
 72
 89
 65
102
 59
 84
 60
 70
 86
 92
 92
 94
102
 77
 74
 95
 92
 96
 98
 93
 79
 89
 75
 86
 83
 73
 74
 84
 97
 77
 90
 86
 79
 74
 77
 77
100
 51
 92
 81
 95
 64
 80
 73
 69
 74
102
 76
 53
 62
 99
 81
 82
 86
 65
 79
101
 85
 86
 75
 80
 84
 76
 70
 80
 79
 68
 75
 58
 89
 62
 99
 78
 73
 75
 57
 93
 77
100
 68
 72
 71
 55
 79
 86
 76
 72
 78
101
 87
 56
 84
 73
 89
 77
 82
 92
 83
 93
 87
 50
 86
 81
 82
 77
 88
 72
 88
 90
100
 72
 63
 95
 82
 57
 74
 64
 99
 92
 87
 76
 82
 80
 79
 84
109
 76
109
 72
 73
 79
 92
 76
 79
 69
108
 82
 70
102
 87
 79
 81
 72
 75
 69
 75
 75
104
 85
 66
 74
 68
 57
 51
 69
 81
 81
 76
108
 78
 63
 95
105
 86
 85
 98
 52
 85
 53
 94
 87
 71
 69
 82
 87
 75
 85
 77
102
108
 67
 63
 88
 68
 68
 70
 64
 92
110
 84
101
 77
 74
 54
 94
 79
 72
 48
 99
 72
 55
 65
 96
 87
 73
 70
 90
 84
 85
 68
 92
 89
 67
 66
 85
 82
 88
 74
 63
 68
 77
 62
 92
 61
 78
100
 72
 92
 50
 88
 93
106
 67
 76
 70
 75
 72
 86
 69
 69
 67
 88
 74
 61
 90
 80
100
 78
 92
105
 82
 78
 71
 73
 86
 91
 78
 69
 83
 78
 72
 58
 82
 73
 77
 89
 87
 93
 81
 94
 80
 92
 85
 88
 70
 98
 87
 77
 78
 88
 69
 96
 73
 75
 82
 87
 90
 74
 76
 93
 87
 95
 74
 76
 84
 80
 68
 52
 82
 64
 83
 86
 79
 58
 87
 69
 84
 67
 82
 92
 85
 77
 92
 75
 74
 92
104
 71
 57
 77
 67
 54
 85
 83
 98
 83
101
 74
 71
 65
104
 91
 88
 86
103
 73
 81
 96
 77
 84
101
 82
 91
 95
 82
 89
 77
 74
 76
 92
 89
 72
 65
 62
100
114
 69
 78
 99
 66
107
 85
 92
 84
 83
107
 54
 84
 70
110
 48
 65
 74
 87
 93
 96
 86
 90
103
 78
 62
 81
 59
 80
 79
 69
 76
 92
 76
 65
 82
 75
 81
 86
 84
 84
 99
104
 80
 67
 98
 92
 72
 70
 68
 79
 91
 85
 70
 99
 76
 74
 82
 74
 76
 89
 86
 58
 81
 70
 92
 54
 94
 73
 61
 57
 73
 62
102
 86
 74
105
 74
 89
111
 93
 72
 74
 66
 58
 72
 77
 79
 80
 93
 83
 75
 75
 81
 75
108
 72
 64
 78
 86
 73
 93
 72
 85
 68
 76
 72
 85
 85
 72
 68
 92
 70
 69
 87
 72
 78
 66
 75
 61
 74
 78
 80
 97
 88
 75
 73
 82
 71
105
 86
 96
 76
116
 72
 70
 73
 95
 81
 85
 72
 77
 54
 74
 99
 73
 86
 57
 77
 90
 78
101
 98
 98
 70
 85
 74
 95
 86
 77
 70
 87
100
 53
 58
 75
 96
 85
 78
 85
 81
 90
 59
 82
 84
 76
 85
 49
 90
 77
 86
 75
 85
 78
 68
 79
 62
 76
 91
 59
 78
 74
 63
 70
 69
 74
 66
 82
 83
 71
 97
 78
 81
 95
 85
 91
 71
 78
 73
 89
 74
 63
 67
 89
 56
 73
 77
 84
 66
104
 66
 87
 80
102
 73
 88
 97
 57
 68
 59
 64
 83
 80
 98
 60
 90
 67
 75
 94
 62
 76
 66
 80
 86
 91
 98
 66
 60
 67
 70
 78
 88
 51
 69
 83
 82
 86
 70
 76
 89
 66
 63
 98
 70
 67
 81
 83
 67
 65
 78
 87
 79
101
 91
 79
 71
 74
 63
 70
 77
 81
100
 82
 77
 75
 80
 67
 87
 63
 83
 87
 68
 81
 86
 96
 80
 74
 90
 79
 98
 52
 74
 68
 93
 78
 70
 96
 57
 77
 98
 73
 71
 90
 93
 77
 69
 88
 67
 56
 67
 82
 85
 82
 85
 76
 65
 83
 59
 83
 87
 91
 68
 82
 79
 86
 81
 94
 77
110
 97
 73
 66
 97
 67
 58
 89
 59
 59
 74
 75
 93
 90
 86
 56
 80
 92
 60
 70
 87
100
 71
 62
 76
 89
 82
 57
 61
 72
 81
 65
 93
108
 69
 90
 78
 63
 87
 62
 82
 75
 84
 70
 90
 56
 93
 52
 63
 80
 75
 79
 71
 89
 78
 67
 80
101
 87
 75
 87
 83
 87
103
 78
 65
 61
 97
 62
 92
 62
 66
 76
 80
104
109
 68
 67
 91
 83
 77
 94
110
 67
 65
 79
 64
 71
 83
 86
 94
 82
 72
 89
 59
 96
 76
 84
 79
 76
 58
 85
 85
 91
 78
 79
 93
 62
 93
 71
 72
 83
 71
 79
118
 71
107
 61
 60
 77
 98
110
 63
 72
 83
 66
 77
 85
 59
 62
 92
 76
104
 79
 95
 72
 52
108
 73
 69
 99
 72
 78
 75
106
 95
 81
 77
 80
101
 93
 91
 84
 88
 87
 73
 56
 76
 84
 72
100
 82
 85
102
110
 77
 94
 56
 87
 73
 73
 98
 78
101
 53
 81
106
 84
 79
100
 58
 94
 95
 68
 97
 97
 92
 87
 81
 85
 76
 74
 76
 95
 74
 92
 94
 70
 76
 88
100
 90
 60
105
 72
 89
 92
 91
 74
 71
 56
 61
 66
 93
 76
 87
 78
 85
 66
 89
 60
 69
 69
 77
105
 69
 70
 63
 88
 79
 64
 90
 49
 80
 63
 96
 73
 77
 73
 70
 81
 91
 97
 66
 79
 68
 94
 63
 89
 72
 89
 78
 64
 90
 94
 71
 86
 88
 74
 89
 97
 77
 80
 80
 81
 66
104
 86
 80
 92
 72
 93
 54
 88
 77
 93
 56
 66
 47
100
 78
 86
 61
 86
 86
 99
 59
 93
 60
 86
 77
 90
 97
 72
 56
 93
 75
 79
 77
 84
 79
 69
 85
 81
 93
 81
 85
 99
 65
 69
 75
 52
 64
 82
 83
 77
 61
 79
 65
 76
 66
 92
116
 61
 73
 63
 56
 99
 81
 49
 65
 78
 81
 64
 85
 72
 74
 85
 65
 85
 84
 96
 88
 74
 94
 92
 92
102
 86
 73
 82
 79
 93
 77
 93
 73
 63
 70
 71
 81
 85
100
102
 69
 90
 80
 62
 93
102
 66
 87
 92
 85
 76
 97
 81
 67
 93
 74
 82
 88
 98
 86
 83
100
 86
 84
 57
 74
 90
 61
 79
 61
 53
 96
 94
 95
 58
 94
 89
 71
 85
 59
 63
103
 87
 99
 87
 94
 50
 83
 67
 77
 75
 75
 66
 49
 81
 60
 93
 55
 58
 65
 93
 77
 81
 64
 70
 75
113
 82
 79
 73
 87
 82
 90
 96
 78
 67
 58
 60
 67
 56
 77
 86
 83
 81
 82
 85
 67
 85
 83
 74
 98
 74
 83
 93
 89
 90
103
 78
 88
 66
 85
 89
 79
 85
 57
 77
 88
 76
 92
 87
 93
 62
 84
 83
 86
 73
 79
 80
 81
 49
 84
101
 79
 59
 75
 91
 69
 79
 86
 87
 73
 70
 59
 72
 96
 71
 87
 68
 88
 72
 92
 74
 90
107
105
114
 57
 73
 49
 63
 74
 66
 60
 80
 98
100
 74
