   2    2    8 0.400000 1.600000
   2    2   10 0.342857 1.657143
   2    2   11 0.309524 1.690476
   1    0    6 0.000000 1.000000
   2    2    8 0.400000 1.600000
   3    4   13 0.733333 2.266667
   4    8   14 1.500000 2.500000
   3    6   11 1.066667 1.933333
   1    0    6 0.000000 1.000000
   2    0   15 0.000000 2.000000
   1    0    7 0.000000 1.000000
   3    6   12 1.019048 1.980952
   2    2    9 0.366667 1.633333
   3    4   15 0.642857 2.357143
   1    0    6 0.000000 1.000000
   4   10   11 1.983333 2.016667
   1    0    6 0.000000 1.000000
   1    0    7 0.000000 1.000000
   3    4   17 0.559524 2.440476
   1    0    8 0.000000 1.000000
   1    0    6 0.000000 1.000000
   2    2   11 0.309524 1.690476
   1    0    6 0.000000 1.000000
   7   20   20 3.614286 3.385714
   1    0    6 0.000000 1.000000
   1    0    6 0.000000 1.000000
   1    0    7 0.000000 1.000000
   1    0    6 0.000000 1.000000
   1    0    7 0.000000 1.000000
   1    0    7 0.000000 1.000000
   1    0    6 0.000000 1.000000
   2    2   10 0.342857 1.657143
   2    2   10 0.333333 1.666667
   1    0    7 0.000000 1.000000
   5   14   15 2.395238 2.604762
   4   10   14 1.714286 2.285714
   2    2   11 0.309524 1.690476
   2    2    8 0.400000 1.600000
   1    0    7 0.000000 1.000000
   2    2    9 0.366667 1.633333
   2    2   10 0.342857 1.657143
   1    0    5 0.000000 1.000000
   2    2    9 0.366667 1.633333
   3    6   12 1.019048 1.980952
   1    0    6 0.000000 1.000000
   1    0    6 0.000000 1.000000
   2    2   11 0.309524 1.690476
   1    0    6 0.000000 1.000000
   1    0    6 0.000000 1.000000
   1    0    7 0.000000 1.000000
   1    0    5 0.000000 1.000000
   2    2   10 0.342857 1.657143
   1    0    6 0.000000 1.000000
   1    0    5 0.000000 1.000000
   2    2   10 0.342857 1.657143
   1    0    7 0.000000 1.000000
   8   26   21 4.433333 3.566667
   7   22   23 3.550000 3.450000
   5   10   19 1.776190 3.223810
   3    6   12 1.050000 1.950000
   2    2    7 0.450000 1.550000
   1    0    7 0.000000 1.000000
   8   24   24 4.033333 3.966667
   4    6   20 0.928571 3.071429
   1    0    7 0.000000 1.000000
   5    8   23 1.328571 3.671429
   1    0    6 0.000000 1.000000
   7   20   22 3.361905 3.638095
   6   12   24 2.028571 3.971429
   4   10   13 1.733333 2.266667
   1    0    7 0.000000 1.000000
   1    0    6 0.000000 1.000000
   1    0    6 0.000000 1.000000
   8   24   21 4.219048 3.780952
  10   32   26 5.354762 4.645238
   3    4   15 0.628571 2.371429
   1    0    8 0.000000 1.000000
   1    0    6 0.000000 1.000000
   1    0    6 0.000000 1.000000
   2    2   10 0.333333 1.666667
   4    8   16 1.385714 2.614286
   1    0    5 0.000000 1.000000
   1    0    5 0.000000 1.000000
   1    0    6 0.000000 1.000000
  19   80   32 13.716667 5.283333
   1    0    5 0.000000 1.000000
   6   16   21 2.561905 3.438095
   4    8   16 1.333333 2.666667
   2    2   10 0.342857 1.657143
   5   10   20 1.685714 3.314286
   8   26   24 4.444444 3.555556
   2    2   11 0.309524 1.690476
   1    0    6 0.000000 1.000000
   3    6   11 1.066667 1.933333
   1    0    6 0.000000 1.000000
   5    6   23 1.033333 3.966667
   3    6   14 0.904762 2.095238
   1    0    8 0.000000 1.000000
   7   22   20 3.723810 3.276190
   8   26   21 4.447619 3.552381
   7   16   26 2.685714 4.314286
   1    0    5 0.000000 1.000000
   1    0    6 0.000000 1.000000
   1    0    7 0.000000 1.000000
   1    0    6 0.000000 1.000000
   9   34   19 5.961905 3.038095
   2    2   10 0.342857 1.657143
  24   98   42 16.764286 7.235714
   1    0    6 0.000000 1.000000
   6   16   20 2.580952 3.419048
   2    0   11 0.000000 2.000000
   3    4   14 0.666667 2.333333
   5   12   21 1.857143 3.142857
   5   12   18 1.961905 3.038095
   3    2   15 0.366667 2.633333
   7   22   20 3.752381 3.247619
   2    2   11 0.325000 1.675000
   3    4   14 0.676190 2.323810
   1    0    7 0.000000 1.000000
   3    6   13 0.952381 2.047619
   5   14   15 2.400000 2.600000
   9   28   27 4.680952 4.319048
   3    2   17 0.325000 2.675000
   2    2    9 0.366667 1.633333
   9   30   26 4.940476 4.059524
   7   20   20 3.638095 3.361905
  17   64   36 10.830952 6.169048
   2    2   10 0.333333 1.666667
   7   20   22 3.447619 3.552381
   1    0    6 0.000000 1.000000
  10   30   26 5.489286 4.510714
   5   10   18 1.814286 3.185714
   4    6   21 0.934524 3.065476
   3    6   11 1.066667 1.933333
   7   22   20 3.695238 3.304762
   2    2    9 0.366667 1.633333
   7   14   27 2.471429 4.528571
   5   14   13 2.654762 2.345238
   3    6   13 0.952381 2.047619
   2    0   13 0.000000 2.000000
  13   46   32 7.785714 5.214286
   5   12   20 1.857143 3.142857
   4    8   18 1.286905 2.713095
   1    0    7 0.000000 1.000000
   2    0   16 0.000000 2.000000
  13   36   44 5.927381 7.072619
   6   14   24 2.214286 3.785714
  13   42   32 7.280952 5.719048
   1    0    7 0.000000 1.000000
  10   38   23 6.379762 3.620238
   4   10   15 1.619048 2.380952
   2    2   10 0.333333 1.666667
   5   12   18 2.041667 2.958333
   9   30   22 5.242857 3.757143
   5   10   18 1.769048 3.230952
   8   28   22 4.495238 3.504762
   2    0   13 0.000000 2.000000
  10   32   32 5.114286 4.885714
   6   16   18 2.833333 3.166667
   3    4   13 0.742857 2.257143
   3    6    9 1.233333 1.766667
  16   46   49 7.778571 8.221429
   3    2   16 0.342857 2.657143
  14   52   32 8.747619 5.252381
   5    8   22 1.395238 3.604762
   4    6   19 0.983333 3.016667
  11   36   31 6.014286 4.985714
  13   44   35 7.357143 5.642857
   1    0    6 0.000000 1.000000
   7   16   27 2.633333 4.366667
  12   30   40 5.123810 6.876190
  10   34   25 5.665476 4.334524
   1    0    6 0.000000 1.000000
   3    6   12 1.019048 1.980952
  13   24   51 4.125000 8.875000
   4    4   18 0.750000 3.250000
  16   56   38 9.608333 6.391667
   3    6   12 1.019048 1.980952
   1    0    7 0.000000 1.000000
  15   54   37 9.095238 5.904762
   9   30   27 4.873810 4.126190
   1    0    6 0.000000 1.000000
  14   48   35 8.119048 5.880952
  12   38   36 6.300000 5.700000
   9   24   30 4.119048 4.880952
   1    0    8 0.000000 1.000000
   2    2    9 0.366667 1.633333
  27   94   67 15.821429 11.178571
   2    0   12 0.000000 2.000000
   5   10   22 1.523810 3.476190
  20   74   49 12.317857 7.682143
  11   34   32 5.752381 5.247619
   3    4   13 0.700000 2.300000
  13   52   26 8.746429 4.253571
   9   24   25 4.300000 4.700000
   8   16   33 2.666667 5.333333
   1    0    6 0.000000 1.000000
   1    0    7 0.000000 1.000000
  28   96   72 16.223810 11.776190
   2    2    9 0.366667 1.633333
   4    4   18 0.733333 3.266667
  27  110   55 18.283333 8.716667
   8   18   29 3.170238 4.829762
   4    4   21 0.733333 3.266667
  10   34   24 5.842857 4.157143
   9   24   29 4.028571 4.971429
   6   14   24 2.410714 3.589286
   1    0    8 0.000000 1.000000
   1    0    5 0.000000 1.000000
  29   90   86 14.983333 14.016667
   2    2    9 0.366667 1.633333
   4    8   15 1.385714 2.614286
  27  104   59 17.157143 9.842857
   6   10   28 1.571429 4.428571
   2    2   11 0.309524 1.690476
  12   42   28 7.185714 4.814286
  12   44   24 7.671429 4.328571
   5    6   25 0.991667 4.008333
   1    0    7 0.000000 1.000000
  33  116   79 19.919048 13.080952
   5   10   18 1.909524 3.090476
   1    0    7 0.000000 1.000000
  24  100   51 16.492063 7.507937
   6   14   19 2.571429 3.428571
  10   38   24 6.357143 3.642857
  10   34   30 5.392857 4.607143
  10   18   37 3.240476 6.759524
   1    0    5 0.000000 1.000000
  27   96   68 16.159524 10.840476
   3    4   14 0.652381 2.347619
  30  118   57 20.166667 9.833333
   7   12   31 1.995238 5.004762
   7   16   27 2.826190 4.173810
   7   20   21 3.490476 3.509524
  15   42   51 6.904762 8.095238
   4   10   13 1.728571 2.271429
  36  160   56 27.021429 8.978571
   1    0    6 0.000000 1.000000
  33  148   50 24.892857 8.107143
   7   16   27 2.804762 4.195238
   5   14   16 2.385714 2.614286
   1    0    7 0.000000 1.000000
  12   28   42 4.800000 7.200000
   5   14   16 2.416667 2.583333
  39  172   61 28.895238 10.104762
   1    0    5 0.000000 1.000000
  38  168   60 28.221429 9.778571
   3    2   17 0.309524 2.690476
   9   28   26 4.708333 4.291667
   6    8   29 1.261905 4.738095
   4    8   16 1.333333 2.666667
  32  140   53 23.619048 8.380952
   3    6   13 0.952381 2.047619
  41  170   76 28.505952 12.494048
   1    0    6 0.000000 1.000000
  13   36   40 6.232143 6.767857
   8   18   28 3.119048 4.880952
   2    0   14 0.000000 2.000000
  31  124   63 20.645238 10.354762
   1    0    6 0.000000 1.000000
  34  140   64 23.395238 10.604762
   1    0    7 0.000000 1.000000
  12   38   37 6.190476 5.809524
  16   50   43 8.580952 7.419048
   5   10   18 1.845238 3.154762
  39  174   59 29.314286 9.685714
  31  122   65 20.390476 10.609524
   1    0    5 0.000000 1.000000
  12   36   32 6.409524 5.590476
  14   46   39 7.719048 6.280952
   3    2   20 0.285714 2.714286
  48  216   73 35.761905 12.238095
  25   86   66 14.354762 10.645238
  11   36   30 6.086905 4.913095
  12   44   27 7.466667 4.533333
   4    8   14 1.485714 2.514286
  46  204   77 33.748810 12.251190
  28   98   69 16.600000 11.400000
  12   42   28 7.248810 4.751190
  10   32   27 5.390476 4.609524
   4    8   15 1.419048 2.580952
  45  190   80 31.871429 13.128571
  29   78   94 13.273810 15.726190
  16   64   33 10.728571 5.271429
   5    8   22 1.376190 3.623810
   5   10   21 1.647619 3.352381
  48  218   74 36.312698 11.687302
  22   56   72 9.597619 12.402381
  23  102   36 17.227381 5.772619
   1    0    7 0.000000 1.000000
   6   16   19 2.888095 3.111905
  36  138   81 22.977381 13.022619
  28   78   88 13.314286 14.685714
  28  120   46 20.338095 7.661905
   4   10   15 1.590476 2.409524
   4    8   16 1.328571 2.671429
  32  116   74 19.500000 12.500000
  30  102   81 17.051984 12.948016
  33  140   58 23.666667 9.333333
   4    8   15 1.361905 2.638095
   1    0    6 0.000000 1.000000
  29   98   78 16.376190 12.623810
  28   90   75 15.347619 12.652381
  40  178   64 29.767857 10.232143
   3    6   11 1.119048 1.880952
  34  150   57 24.984524 9.015476
  32  144   47 24.380952 7.619048
  34  152   50 25.633333 8.366667
  28  112   59 18.879762 9.120238
  28  122   45 20.566667 7.433333
  44  206   56 34.726190 9.273810
  17   54   49 9.121429 7.878571
  41  182   61 30.864286 10.135714
  42  184   70 30.807937 11.192063
  20   76   47 12.696429 7.303571
  40  180   61 30.094048 9.905952
  40  162   74 27.491667 12.508333
  20   64   60 10.626190 9.373810
  39  174   61 29.234524 9.765476
  41  158   83 26.931349 14.068651
  18   46   63 7.821429 10.178571
  38  144   83 24.161905 13.838095
  44  190   74 31.885317 12.114683
  12   26   52 4.163095 7.836905
  42  182   66 30.955952 11.044048
  46  210   64 35.161905 10.838095
  26   88   68 14.922619 11.077381
  32  136   57 22.680952 9.319048
  42  188   63 31.585714 10.414286
  33  110   85 18.833333 14.166667
  32  120   70 20.233333 11.766667
  35  148   67 24.247619 10.752381
  28   94   73 15.616667 12.383333
  35  138   71 23.142857 11.857143
  37  144   80 24.278571 12.721429
  33  118   75 20.225000 12.775000
  36  146   71 24.529762 11.470238
  31  114   76 18.966667 12.033333
  32   96   92 16.261905 15.738095
  39  170   65 28.530952 10.469048
  29  114   63 18.787302 10.212698
  24   70   73 11.798810 12.201190
  44  174   92 29.035714 14.964286
  32  130   61 21.707937 10.292063
  27   98   65 16.488095 10.511905
  39  148   85 24.873810 14.126190
  34  144   60 24.228571 9.771429
  22   66   62 11.416667 10.583333
  52  234   81 39.091667 12.908333
  26   92   65 15.216667 10.783333
  18   52   57 8.757143 9.242857
  54  242   80 40.665476 13.334524
  28  114   55 19.064286 8.935714
  13   30   49 5.028571 7.971429
  53  234   84 39.002381 13.997619
  34  130   73 21.876190 12.123810
   5    2   32 0.309524 4.690476
  60  268   92 44.876190 15.123810
  35  122   84 21.100000 13.900000
   4    6   20 0.952381 3.047619
  57  264   82 44.045238 12.954762
  39  148   80 25.385714 13.614286
   2    2   10 0.333333 1.666667
  69  350   63 58.551190 10.448810
  29  112   63 18.573810 10.426190
   5   12   17 2.100000 2.900000
  61  296   71 49.175000 11.825000
  34  130   74 21.980952 12.019048
   7   16   26 2.895238 4.104762
  55  256   73 42.828175 12.171825
  38  144   85 24.019048 13.980952
   4    2   24 0.333333 3.666667
  58  272   79 45.169048 12.830952
  38  134   89 22.979762 15.020238
   8   20   24 3.580952 4.419048
  55  242   92 40.277778 14.722222
  37  132   90 22.395238 14.604762
   7   10   30 1.776190 5.223810
  61  270   98 44.919048 16.080952
  32   96   96 15.791667 16.208333
  11   34   33 5.750000 5.250000
  52  218   97 36.303571 15.696429
  37  124   94 21.098810 15.901190
  12   28   43 4.966667 7.033333
  50  176  123 29.747619 20.252381
  38  114  116 18.784127 19.215873
  16   48   49 7.930952 8.069048
  51  172  128 29.285714 21.714286
  33   86  117 14.230159 18.769841
  13   38   38 6.734524 6.265476
  53  208  113 34.965079 18.034921
  34  100  103 16.846825 17.153175
  13   42   39 6.910714 6.089286
  50  200  103 33.469048 16.530952
  37  118   98 20.350000 16.650000
   7   16   30 2.639286 4.360714
  55  220  108 36.980952 18.019048
  38  136   90 22.751190 15.248810
  14   46   41 7.614286 6.385714
  55  220  107 37.094048 17.905952
  31  104   82 17.315476 13.684524
  19   68   46 11.467857 7.532143
  50  208   97 34.373016 15.626984
  31  102   79 17.508333 13.491667
  24   96   46 16.353571 7.646429
  30  108   75 17.914286 12.085714
  46  198   77 33.142857 12.857143
  28  106   62 17.802381 10.197619
  21   70   55 11.844048 9.155952
  51  234   73 39.180952 11.819048
  35  148   62 24.804762 10.195238
  16   52   42 8.890476 7.109524
  49  214   82 35.997222 13.002778
  30  132   47 22.364286 7.635714
  24   92   52 15.457143 8.542857
  46  198   79 33.051190 12.948810
  38  170   56 28.775000 9.225000
  22   86   51 14.052381 7.947619
  40  154   83 26.144048 13.855952
  49  236   60 39.138095 9.861905
  22   90   43 15.261905 6.738095
  29  100   71 17.126984 11.873016
  47  192   88 32.171429 14.828571
  25   94   57 15.636905 9.363095
  28   78   91 13.350000 14.650000
  49  202   89 34.223810 14.776190
  29  110   63 18.855159 10.144841
  22   56   80 9.423810 12.576190
  59  278   77 46.633333 12.366667
  26   96   65 15.969048 10.030952
  15   32   52 5.821429 9.178571
  55  246   89 40.966667 14.033333
  33  130   68 21.699603 11.300397
  12   22   45 4.088095 7.911905
  50  228   73 38.328571 11.671429
  34  126   76 21.283333 12.716667
  16   36   61 6.073810 9.926190
  53  256   64 42.735714 10.264286
  31  122   64 20.389286 10.610714
  16   46   48 7.900000 8.100000
  58  284   69 47.167857 10.832143
  34  144   57 24.504762 9.495238
   8    8   38 1.466667 6.533333
  48  220   68 36.527381 11.472619
  47  212   67 35.661905 11.338095
   5    6   27 0.928571 4.071429
  65  324   61 54.452381 10.547619
  35  154   61 25.420635 9.579365
  65  322   67 53.888095 11.111905
  35  144   67 24.354762 10.645238
  70  352   68 58.923810 11.076190
  30  112   68 18.621429 11.378571
  72  370   60 62.140476 9.859524
  28  110   60 18.209524 9.790476
  67  336   66 56.054762 10.945238
  33  132   66 22.191667 10.808333
  70  368   53 61.361905 8.638095
  30  126   53 21.017857 8.982143
  61  302   66 50.371429 10.628571
  39  166   66 28.051190 10.948810
  61  302   63 50.255952 10.744048
  39  172   63 28.550000 10.450000
  55  270   59 45.178571 9.821429
  45  212   59 35.113095 9.886905
  57  286   55 48.136905 8.863095
  43  204   55 34.077381 8.922619
  55  270   63 45.001984 9.998016
  45  204   63 34.604762 10.395238
  58  286   63 47.689683 10.310317
  42  188   63 31.354762 10.645238
  64  308   71 51.888095 12.111905
  36  150   71 24.659524 11.340476
  69  334   81 55.860714 13.139286
  31  104   81 17.517857 13.482143
  68  346   58 58.190476 9.809524
  32  138   58 22.894841 9.105159
  64  328   54 55.045238 8.954762
  36  164   54 27.473810 8.526190
  71  354   70 59.337302 11.662698
  29  106   70 17.951190 11.048810
  63  316   59 53.064286 9.935714
  37  166   59 27.611905 9.388095
  64  320   71 52.735714 11.264286
  36  138   71 23.361905 12.638095
  62  304   64 51.340476 10.659524
  38  168   64 28.036905 9.963095
  63  296   78 49.722619 13.277381
  37  148   78 24.476984 12.523016
  78  384   80 64.513095 13.486905
  22   56   80 9.205952 12.794048
  86  466   54 77.459524 8.540476
  14   26   54 4.600000 9.400000
  82  432   60 72.311905 9.688095
  18   48   60 8.110714 9.889286
  86  460   53 77.098810 8.901190
  14   34   53 5.659524 8.340476
  81  426   59 71.136905 9.863095
  19   56   59 9.472619 9.527381
  79  422   56 70.271429 8.728571
  21   66   56 11.428571 9.571429
  65  324   68 53.902381 11.097619
  35  140   68 23.885714 11.114286
  63  306   74 51.138095 11.861905
  37  146   74 24.601190 12.398810
  71  344   80 57.814286 13.185714
  29   96   80 16.019048 12.980952
  75  378   74 63.216667 11.783333
  25   74   74 12.385714 12.614286
  73  368   68 61.447619 11.552381
  27   96   68 16.054762 10.945238
  83  450   47 75.066667 7.933333
  17   56   47 9.222619 7.777381
  82  450   47 74.621429 7.378571
  18   56   47 9.702381 8.297619
  78  424   49 70.316667 7.683333
  22   78   49 13.634524 8.365476
  76  402   51 67.484921 8.515079
  24   96   51 15.852381 8.147619
  76  410   50 68.263095 7.736905
  24   90   50 15.564286 8.435714
  73  372   62 62.376190 10.623810
  27  104   62 17.171429 9.828571
  74  386   58 64.615873 9.384127
  26   98   58 16.740476 9.259524
  84  456   53 75.749603 8.250397
  16   38   53 6.571429 9.428571
  89  484   47 81.059524 7.940476
  11   22   47 3.604762 7.395238
  80  430   51 71.601190 8.398810
  20   68   51 11.635714 8.364286
  80  432   48 72.075000 7.925000
  20   72   48 12.190476 7.809524
  84  462   42 77.202381 6.797619
  16   54   42 9.236905 6.763095
  77  416   45 69.494048 7.505952
  23   94   45 15.829762 7.170238
  69  352   59 58.827381 10.172619
  31  130   59 21.667857 9.332143
  62  320   59 52.949206 9.050794
  38  162   59 27.528571 10.471429
  60  290   72 48.460714 11.539286
  40  166   72 27.884524 12.115476
  58  270   77 45.639286 12.360714
  42  176   77 29.582143 12.417857
  66  326   71 54.155952 11.844048
  34  132   71 22.292063 11.707937
  60  282   79 46.895238 13.104762
  40  160   79 27.076190 12.923810
  51  234   73 38.864286 12.135714
  49  220   73 36.870238 12.129762
  54  264   63 43.536905 10.463095
  46  210   63 35.255556 10.744444
  65  314   75 52.550000 12.450000
  35  136   75 22.867063 12.132937
  58  278   70 46.451190 11.548810
  42  182   70 30.540476 11.459524
  54  232   89 38.876190 15.123810
  46  190   89 31.650000 14.350000
  55  244   81 41.234524 13.765476
  45  194   81 32.586905 12.413095
  55  270   58 45.133333 9.866667
  45  214   58 35.786905 9.213095
  54  258   65 43.334524 10.665476
  46  212   65 35.385714 10.614286
  51  252   55 42.061905 8.938095
  49  238   55 39.978571 9.021429
  41  188   54 31.633333 9.366667
  59  304   54 50.561905 8.438095
  48  220   65 36.960714 11.039286
  52  250   65 41.352381 10.647619
  58  274   67 46.382143 11.617857
  42  192   67 31.401190 10.598810
  57  276   69 45.871429 11.128571
  43  186   69 31.182143 11.817857
  56  266   72 44.620635 11.379365
  44  190   72 32.084524 11.915476
  57  264   75 44.117857 12.882143
  43  186   75 30.890476 12.109524
  68  328   79 54.960714 13.039286
  32  114   79 19.077381 12.922619
  59  256   97 42.864286 16.135714
  41  150   97 24.963095 16.036905
  75  366   85 61.366667 13.633333
  25   64   85 10.701190 14.298810
  73  350   84 58.690476 14.309524
  27   82   84 13.883333 13.116667
  68  330   80 54.939286 13.060714
  32  110   80 18.782143 13.217857
  67  328   74 55.085714 11.914286
  33  124   74 21.020238 11.979762
  77  392   72 65.119048 11.880952
  23   64   72 10.842857 12.157143
  73  362   76 60.646429 12.353571
  27   86   76 14.504762 12.495238
  81  442   48 73.565476 7.434524
  19   62   48 10.960714 8.039286
  87  482   40 80.273810 6.726190
  13   38   40 6.319048 6.680952
  96  552   22 92.295238 3.704762
   4    4   22 0.666667 3.333333
  96  554   22 92.319048 3.680952
   4    2   22 0.333333 3.666667
  96  562   16 93.475000 2.525000
   4    6   16 1.019048 2.980952
  94  536   28 89.488889 4.511111
   6    8   28 1.361905 4.638095
  93  530   29 88.152381 4.847619
   7   12   29 2.119048 4.880952
  94  544   19 90.773810 3.226190
   6   18   19 2.933333 3.066667
  90  510   28 85.240476 4.759524
  10   34   28 5.606349 4.393651
  89  502   30 83.846429 5.153571
  11   38   30 6.195238 4.804762
  82  456   37 76.085714 5.914286
  18   70   37 11.753571 6.246429
  90  504   34 84.269048 5.730952
  10   28   34 4.830159 5.169841
  84  462   41 77.090476 6.909524
  16   56   41 9.352381 6.647619
  81  448   41 74.464286 6.535714
  19   70   41 12.045238 6.954762
  82  454   39 75.572619 6.427381
  18   68   39 11.433333 6.566667
  83  458   44 75.927778 7.072222
  17   54   44 9.354762 7.645238
  81  448   42 74.415476 6.584524
  19   68   42 11.730952 7.269048
  86  476   38 79.752381 6.247619
  14   48   38 7.904762 6.095238
  83  450   51 74.780952 8.219048
  17   48   51 8.223016 8.776984
  73  354   80 59.240476 13.759524
  27   86   80 14.008333 12.991667
  70  344   74 57.780952 12.219048
  30  108   74 18.082143 11.917857
  75  388   60 65.005952 9.994048
  25   92   60 15.150000 9.850000
  64  322   64 53.642857 10.357143
  36  150   64 25.060714 10.939286
  70  366   57 60.990476 9.009524
  30  120   57 20.260714 9.739286
  70  350   70 58.566667 11.433333
  30  110   70 18.467857 11.532143
  75  384   66 64.096429 10.903571
  25   84   66 14.297619 10.702381
  71  354   72 58.833333 12.166667
  29  102   72 17.205952 11.794048
  73  362   77 60.457143 12.542857
  27   84   77 14.042857 12.957143
  77  372   85 62.698810 14.301190
  23   58   85 9.774603 13.225397
  70  350   75 57.916667 12.083333
  30  100   75 17.063095 12.936905
  71  350   79 58.378571 12.621429
  29   92   79 15.759524 13.240476
  68  336   77 56.153571 11.846429
  32  110   77 18.863095 13.136905
  75  374   74 62.428571 12.571429
  25   78   74 13.222619 11.777381
  71  372   58 61.873810 9.126190
  29  112   58 19.104762 9.895238
  69  344   65 57.816667 11.183333
  31  126   65 20.828175 10.171825
  65  320   74 53.330952 11.669048
  35  132   74 22.494048 12.505952
  51  232   78 38.630952 12.369048
  49  212   78 36.169444 12.830556
  55  242   84 40.915476 14.084524
  45  190   84 31.792857 13.207143
  55  240   89 40.521429 14.478571
  45  182   89 30.648810 14.351190
  62  294   79 49.257143 12.742857
  38  148   79 24.657143 13.342857
  65  310   77 52.214286 12.785714
  35  136   77 22.465476 12.534524
  65  316   78 52.470238 12.529762
  35  128   78 21.894048 13.105952
  68  330   80 55.102381 12.897619
  32  110   80 18.683333 13.316667
  74  372   70 62.490476 11.509524
  26   88   70 14.585714 11.414286
  73  362   77 60.336905 12.663095
  27   84   77 14.063095 12.936905
  69  350   67 58.215476 10.784524
  31  116   67 19.703175 11.296825
  60  290   76 47.978571 12.021429
  40  158   76 26.800000 13.200000
  71  360   63 60.425000 10.575000
  29  114   63 18.978571 10.021429
  69  336   76 56.257143 12.742857
  31  112   76 18.755952 12.244048
  70  346   76 57.779762 12.220238
  30  102   76 17.359524 12.640476
  56  248   87 41.435714 14.564286
  44  178   87 29.713095 14.286905
  56  254   81 42.582937 13.417063
  44  184   81 30.913095 13.086905
  50  214   87 35.638095 14.361905
  50  212   87 35.616667 14.383333
  47  192   94 32.017460 14.982540
  53  220   94 37.252381 15.747619
  55  246   88 40.509524 14.490476
  45  178   88 30.242857 14.757143
  55  238   93 40.037302 14.962698
  45  176   93 29.645238 15.354762
  62  304   71 50.466667 11.533333
  38  154   71 25.883333 12.116667
  65  318   71 53.271429 11.728571
  35  140   71 23.508333 11.491667
  72  380   54 63.254762 8.745238
  28  112   54 18.825000 9.175000
  68  338   70 56.398810 11.601190
  32  122   70 20.571429 11.428571
  76  392   67 65.272619 10.727381
  24   74   67 12.527381 11.472619
  70  352   66 58.889286 11.110714
  30  116   66 19.467857 10.532143
  60  302   59 50.470238 9.529762
  40  180   59 30.376190 9.623810
  43  178   79 30.094048 12.905952
  57  264   79 44.188095 12.811905
  32  136   62 22.260714 9.739286
  68  340   62 57.236508 10.763492
  25   96   55 16.170238 8.829762
  75  394   55 65.965476 9.034524
  36  144   75 23.877381 12.122619
  64  306   75 51.240476 12.759524
  41  162   87 27.221429 13.778571
  59  264   87 44.215476 14.784524
  51  216   91 35.989286 15.010714
  49  202   91 33.895238 15.104762
  52  218   92 36.628571 15.371429
  48  198   92 33.009524 14.990476
  55  242   85 40.730952 14.269048
  45  188   85 31.233333 13.766667
  61  288   87 47.329762 13.670238
  39  138   87 23.632143 15.367857
  62  298   78 49.548016 12.451984
  38  146   78 24.988095 13.011905
  55  240   88 40.247619 14.752381
  45  184   88 30.846429 14.153571
  53  216   97 36.454762 16.545238
  47  190   97 31.756349 15.243651
  37  136   90 22.609524 14.390476
  63  284   90 47.957143 15.042857
  31  110   76 18.480952 12.519048
  69  338   76 56.507143 12.492857
  29   80   92 13.829762 15.170238
  71  336   92 56.217460 14.782540
  26  102   55 16.982143 9.017857
  74  388   55 64.954365 9.045635
  34  150   57 25.060714 8.939286
  66  336   57 56.438095 9.561905
  36  154   59 25.833333 10.166667
  64  328   59 54.390476 9.609524
  26   94   67 15.525397 10.474603
  74  372   67 62.723810 11.276190
  23   56   85 9.210714 13.789286
  77  374   85 62.803571 14.196429
  26   76   78 12.897619 13.102381
  74  368   78 61.064683 12.935317
  15   24   65 4.409524 10.590476
  85  446   65 74.663095 10.336905
   9   14   35 2.633333 6.366667
  91  516   35 85.477381 5.522619
   6    4   35 0.610714 5.389286
  94  526   35 87.927381 6.072619
   1    0    6 0.000000 1.000000
  99  588    6 98.014286 0.985714
   1    0    6 0.000000 1.000000
  99  588    6 98.023810 0.976190
 100  600    0 100.000000 0.000000
