   3    6   12 1.000000 2.000000
   5   12   20 2.021429 2.978571
   2    2   10 0.333333 1.666667
   2    2   10 0.342857 1.657143
   1    0    7 0.000000 1.000000
   3    6   12 1.000000 2.000000
   1    0    6 0.000000 1.000000
   1    0    7 0.000000 1.000000
   1    0    7 0.000000 1.000000
   1    0    8 0.000000 1.000000
   1    0    5 0.000000 1.000000
   4    8   15 1.366667 2.633333
   2    2    7 0.450000 1.550000
   2    2   10 0.342857 1.657143
   2    2   10 0.342857 1.657143
   2    2    8 0.400000 1.600000
   3    4   11 0.783333 2.216667
   2    2    7 0.450000 1.550000
   1    0    7 0.000000 1.000000
   2    2    8 0.400000 1.600000
   1    0    8 0.000000 1.000000
   5   10   19 1.776190 3.223810
   2    2   10 0.333333 1.666667
   2    2   12 0.291667 1.708333
   1    0    6 0.000000 1.000000
   2    2   11 0.309524 1.690476
   1    0    7 0.000000 1.000000
   1    0    8 0.000000 1.000000
   2    2   10 0.333333 1.666667
   1    0    6 0.000000 1.000000
   2    2    8 0.400000 1.600000
   3    4   15 0.685714 2.314286
   3    6   10 1.133333 1.866667
   3    2   14 0.400000 2.600000
   2    2   11 0.309524 1.690476
   1    0    7 0.000000 1.000000
   1    0    5 0.000000 1.000000
   1    0    7 0.000000 1.000000
   2    2   11 0.325000 1.675000
   6   14   21 2.419048 3.580952
   1    0    7 0.000000 1.000000
   1    0    6 0.000000 1.000000
   2    2   10 0.333333 1.666667
   1    0    5 0.000000 1.000000
   2    2   12 0.285714 1.714286
   3    6   12 1.000000 2.000000
   1    0    8 0.000000 1.000000
   6   16   19 2.864286 3.135714
   1    0    6 0.000000 1.000000
  15   60   32 10.001190 4.998810
   1    0    7 0.000000 1.000000
   3    4   13 0.700000 2.300000
   2    2   12 0.285714 1.714286
   1    0    7 0.000000 1.000000
   1    0    5 0.000000 1.000000
   4    4   18 0.700000 3.300000
   1    0    7 0.000000 1.000000
   3    4   13 0.700000 2.300000
   3    2   16 0.342857 2.657143
   2    2   10 0.333333 1.666667
   4    8   18 1.326190 2.673810
   1    0    6 0.000000 1.000000
   3    4   13 0.733333 2.266667
   1    0    6 0.000000 1.000000
   8   14   33 2.438095 5.561905
   4   10   15 1.683333 2.316667
   4    6   15 1.200000 2.800000
   2    2    8 0.400000 1.600000
   2    2   11 0.309524 1.690476
   1    0    6 0.000000 1.000000
   2    0   11 0.000000 2.000000
   1    0    6 0.000000 1.000000
   2    2    8 0.416667 1.583333
   4    8   18 1.291667 2.708333
   2    2   11 0.309524 1.690476
   2    2    8 0.400000 1.600000
   2    2   10 0.333333 1.666667
   1    0    7 0.000000 1.000000
   8   24   24 4.066667 3.933333
   1    0    6 0.000000 1.000000
   1    0    6 0.000000 1.000000
   1    0    6 0.000000 1.000000
   1    0    7 0.000000 1.000000
   5    8   23 1.309524 3.690476
  16   64   32 10.759524 5.240476
   8   30   19 5.311905 2.688095
   3    6   12 1.019048 1.980952
   1    0    7 0.000000 1.000000
   1    0    6 0.000000 1.000000
   6   14   19 2.575000 3.425000
   1    0    6 0.000000 1.000000
   2    2   11 0.309524 1.690476
   2    0   13 0.000000 2.000000
   1    0    5 0.000000 1.000000
   6   12   21 2.309524 3.690476
   6   18   18 3.041667 2.958333
   1    0    8 0.000000 1.000000
  12   44   25 7.623810 4.376190
   4    4   22 0.577381 3.422619
   3    4   11 0.866667 2.133333
   4   10   17 1.500000 2.500000
   1    0    6 0.000000 1.000000
   1    0    7 0.000000 1.000000
   5   10   20 1.628571 3.371429
   2    2   10 0.333333 1.666667
   5   12   19 1.900000 3.100000
   2    2   11 0.309524 1.690476
   5   12   17 2.197619 2.802381
   2    2   10 0.333333 1.666667
  19   76   37 12.757143 6.242857
  12   42   35 6.778571 5.221429
   1    0    6 0.000000 1.000000
   4   10   14 1.695238 2.304762
   4    6   14 1.183333 2.816667
   1    0    6 0.000000 1.000000
   4    6   17 1.033333 2.966667
   2    2   10 0.333333 1.666667
   5   14   15 2.485714 2.514286
   3    6   11 1.085714 1.914286
  11   34   34 5.557143 5.442857
   4   10   18 1.485714 2.514286
   1    0    9 0.000000 1.000000
   5    8   21 1.400000 3.600000
   7   14   28 2.419048 4.580952
   1    0    7 0.000000 1.000000
   8   20   25 3.633333 4.366667
   2    2    9 0.366667 1.633333
   1    0    5 0.000000 1.000000
   5    8   21 1.409524 3.590476
  21   78   48 13.209524 7.790476
  13   42   37 7.003571 5.996429
   1    0    6 0.000000 1.000000
   3    4   15 0.642857 2.357143
   5   10   19 1.785714 3.214286
   1    0    6 0.000000 1.000000
   8   20   32 3.146429 4.853571
   4    8   15 1.433333 2.566667
   4    8   17 1.304762 2.695238
  10   24   38 4.007143 5.992857
   1    0    8 0.000000 1.000000
   5    6   21 1.150000 3.850000
   8   24   20 4.378571 3.621429
   1    0    7 0.000000 1.000000
   7   22   17 4.100000 2.900000
   3    4   14 0.652381 2.347619
   2    2   10 0.342857 1.657143
   3    2   16 0.366667 2.633333
  22   70   61 11.960714 10.039286
  19   76   35 12.861905 6.138095
   4    6   16 1.100000 2.900000
   2    0   14 0.000000 2.000000
   1    0    5 0.000000 1.000000
  11   26   39 4.452381 6.547619
   1    0    7 0.000000 1.000000
   4   10   13 1.761905 2.238095
   7   18   27 2.833333 4.166667
   1    0    7 0.000000 1.000000
   7   20   22 3.529762 3.470238
  10   32   27 5.442857 4.557143
   2    2   13 0.267857 1.732143
   7   22   21 3.585714 3.414286
   2    2    9 0.366667 1.633333
  22   70   64 11.535714 10.464286
  19   72   44 12.065476 6.934524
   8   18   30 3.130952 4.869048
   1    0    5 0.000000 1.000000
   1    0    6 0.000000 1.000000
  10   20   40 3.521429 6.478571
   1    0    7 0.000000 1.000000
   4   10   15 1.614286 2.385714
   5   12   19 1.995238 3.004762
  11   30   32 5.207143 5.792857
   9   30   23 5.190476 3.809524
   4    4   17 0.792857 3.207143
   2    0   13 0.000000 2.000000
   3    6   13 0.952381 2.047619
  28  104   65 17.602381 10.397619
  16   48   45 8.145238 7.854762
   3    4   14 0.709524 2.290476
  13   36   43 5.905952 7.094048
   1    0    7 0.000000 1.000000
   7   18   24 2.938095 4.061905
  15   42   47 6.880952 8.119048
   6   10   26 1.697619 4.302381
   8   20   29 3.295238 4.704762
   2    2   10 0.342857 1.657143
   1    0    6 0.000000 1.000000
  28  102   63 17.457143 10.542857
  19   68   48 11.475397 7.524603
  15   42   46 7.077381 7.922619
   2    2   12 0.291667 1.708333
   5    8   24 1.238095 3.761905
  13   40   39 6.738095 6.261905
   4    2   20 0.400000 3.600000
  12   42   29 7.247619 4.752381
   1    0    6 0.000000 1.000000
   1    0    7 0.000000 1.000000
  48  216   68 36.740476 11.259524
  22   74   55 12.835714 9.164286
  10   22   38 3.742857 6.257143
   2    2    9 0.366667 1.633333
   6   16   25 2.369048 3.630952
   7   18   27 2.915476 4.084524
   5    8   22 1.328571 3.671429
  39  188   47 31.316667 7.683333
  25   76   74 12.903571 12.096429
  17   68   36 11.426190 5.573810
   6   14   18 2.685714 3.314286
   6   14   22 2.505556 3.494444
   2    0   13 0.000000 2.000000
   5    6   24 1.083333 3.916667
  48  238   50 39.858333 8.141667
  23   78   59 13.083333 9.916667
  12   36   36 6.046032 5.953968
   5   12   19 1.957143 3.042857
   3    4   13 0.700000 2.300000
   9   24   31 4.189286 4.810714
  58  298   53 49.719048 8.280952
  14   34   47 5.895238 8.104762
  16   44   50 7.476190 8.523810
   5   12   16 2.166667 2.833333
   3    2   19 0.291667 2.708333
   4    6   19 0.976190 3.023810
  60  296   64 49.426190 10.573810
  14   34   52 5.768254 8.231746
  14   30   52 5.178571 8.821429
   3    4   15 0.658333 2.341667
   3    2   14 0.400000 2.600000
   6   10   27 1.719048 4.280952
  49  246   51 40.939286 8.060714
  10   30   30 5.004762 4.995238
  30  128   49 21.913095 8.086905
   5   14   15 2.404762 2.595238
   6    8   29 1.342857 4.657143
  54  258   62 43.498810 10.501190
   6   14   23 2.275000 3.725000
  28  114   56 18.925000 9.075000
   7   18   25 3.095238 3.904762
   5   12   18 2.041667 2.958333
  56  244   87 41.160714 14.839286
   7   10   34 1.619048 5.380952
  21   72   57 12.014286 8.985714
   5    8   23 1.316667 3.683333
  11   34   31 5.747619 5.252381
  55  262   73 43.467857 11.532143
   2    0   11 0.000000 2.000000
  33  134   60 22.814286 10.185714
   2    0   14 0.000000 2.000000
   8   14   32 2.509524 5.490476
  50  222   83 36.665476 13.334524
   4    6   17 1.066667 2.933333
  41  172   69 29.402778 11.597222
   5    8   23 1.309524 3.690476
  50  226   73 37.940476 12.059524
   7   14   28 2.333333 4.666667
  41  184   62 30.965476 10.034524
   2    0   13 0.000000 2.000000
  62  290   80 48.547619 13.452381
   4    4   19 0.709524 3.290476
  30  120   61 19.845238 10.154762
   4    4   22 0.685714 3.314286
  57  274   64 46.235714 10.764286
  12   34   37 5.761905 6.238095
  29  126   51 21.009524 7.990476
   2    0   14 0.000000 2.000000
  53  234   83 39.169048 13.830952
  13   22   56 3.761905 9.238095
  32  132   63 21.914286 10.085714
   2    2    8 0.400000 1.600000
  48  224   63 37.359524 10.640476
  14   30   53 5.095238 8.904762
  37  166   58 27.880159 9.119841
   1    0    6 0.000000 1.000000
  46  216   59 36.255952 9.744048
   6   10   26 1.657143 4.342857
  47  224   60 37.242857 9.757143
   1    0    5 0.000000 1.000000
  47  214   67 35.901190 11.098810
   7   16   28 2.755952 4.244048
  44  204   57 34.305952 9.694048
   2    2   12 0.285714 1.714286
  50  234   60 39.602381 10.397619
  10   22   40 3.538095 6.461905
  38  160   73 26.325000 11.675000
   2    2    9 0.366667 1.633333
  41  180   65 30.240476 10.759524
  10   16   43 2.704762 7.295238
  47  196   87 32.736905 14.263095
   2    2   11 0.309524 1.690476
  37  126   90 21.658333 15.341667
  11   24   40 4.271429 6.728571
  50  214   93 35.303571 14.696429
   2    2   11 0.309524 1.690476
  41  166   84 27.953571 13.046429
   4    4   20 0.676190 3.323810
  53  238   78 40.207143 12.792857
   2    2    8 0.400000 1.600000
  50  228   73 38.125000 11.875000
   5   14   14 2.500000 2.500000
  43  194   64 32.233333 10.766667
   2    2   11 0.325000 1.675000
  42  180   73 30.085714 11.914286
   6   10   26 1.750000 4.250000
  52  232   79 39.033333 12.966667
  47  208   84 34.107143 12.892857
   7   16   26 2.747619 4.252381
  46  186   80 32.088095 13.911905
  45  180   88 30.226190 14.773810
   5   10   21 1.580952 3.419048
  50  220   81 36.661905 13.338095
  41  158   95 25.941667 15.058333
   4    4   22 0.628571 3.371429
  55  234   87 39.886905 15.113095
  50  210   93 34.619048 15.380952
   1    0    7 0.000000 1.000000
  49  194   96 32.878571 16.121429
  58  254   96 42.319048 15.680952
  42  154   96 25.795238 16.204762
  67  318   85 53.383333 13.616667
  33  112   85 18.800000 14.200000
  65  294   97 48.960714 16.039286
  35  112   97 19.021429 15.978571
  68  324   83 54.101190 13.898810
  32  110   83 18.465476 13.534524
  76  380   75 63.708333 12.291667
  24   70   75 11.855556 12.144444
  86  454   62 76.051190 9.948810
  14   22   62 3.816667 10.183333
  86  478   42 79.242857 6.757143
  14   38   42 6.658333 7.341667
  84  462   46 76.863095 7.136905
  16   46   46 8.147619 7.852381
  89  500   35 83.155556 5.844444
  11   30   35 5.000000 6.000000
  94  546   22 90.517460 3.482540
   6   10   22 1.850000 4.150000
  95  548   21 91.413095 3.586905
   5   10   21 1.750000 3.250000
  88  498   30 82.902381 5.097619
  12   42   30 6.916667 5.083333
  95  552   18 92.103571 2.896429
   5   12   18 2.023810 2.976190
  89  502   33 83.739286 5.260714
  11   32   33 5.500000 5.500000
  92  522   31 87.117460 4.882540
   8   16   31 2.883333 5.116667
  94  532   30 88.896032 5.103968
   6    8   30 1.419048 4.580952
  97  568   14 94.742857 2.257143
   3    4   14 0.676190 2.323810
 100  600    0 100.000000 0.000000
