   1    0    6 0.000000 1.000000
   1    0    8 0.000000 1.000000
   1    0    6 0.000000 1.000000
   1    0    8 0.000000 1.000000
   3    6   12 1.019048 1.980952
   1    0    6 0.000000 1.000000
   1    0    6 0.000000 1.000000
   3    6   12 1.019048 1.980952
   2    2   10 0.333333 1.666667
   2    2    9 0.366667 1.633333
   2    2   10 0.333333 1.666667
   1    0    6 0.000000 1.000000
   1    0    6 0.000000 1.000000
   8   28   18 4.866667 3.133333
   1    0    7 0.000000 1.000000
   1    0    6 0.000000 1.000000
   4   10   12 1.833333 2.166667
   4    6   18 1.042857 2.957143
   1    0    6 0.000000 1.000000
   2    2   11 0.309524 1.690476
   3    6    9 1.233333 1.766667
   1    0    5 0.000000 1.000000
   1    0    6 0.000000 1.000000
   1    0    6 0.000000 1.000000
   3    6   12 1.000000 2.000000
   2    2   11 0.309524 1.690476
   3    4   13 0.685714 2.314286
   1    0    7 0.000000 1.000000
   1    0    7 0.000000 1.000000
   1    0    6 0.000000 1.000000
   1    0    6 0.000000 1.000000
   2    2   10 0.333333 1.666667
   6   18   17 3.080952 2.919048
   4   10   14 1.695238 2.304762
   1    0    5 0.000000 1.000000
   1    0    6 0.000000 1.000000
   2    2    9 0.366667 1.633333
   1    0    5 0.000000 1.000000
   2    2    7 0.450000 1.550000
   3    4   14 0.652381 2.347619
   2    2   12 0.285714 1.714286
   1    0    7 0.000000 1.000000
   1    0    6 0.000000 1.000000
   1    0    8 0.000000 1.000000
   3    6   11 1.066667 1.933333
   1    0    6 0.000000 1.000000
   1    0    7 0.000000 1.000000
   2    2    9 0.366667 1.633333
   1    0    7 0.000000 1.000000
   1    0    6 0.000000 1.000000
   2    2   12 0.291667 1.708333
   1    0    6 0.000000 1.000000
   1    0    7 0.000000 1.000000
   1    0    6 0.000000 1.000000
   3    4   12 0.733333 2.266667
   1    0    7 0.000000 1.000000
   1    0    7 0.000000 1.000000
   1    0    6 0.000000 1.000000
   1    0    6 0.000000 1.000000
   4   10   15 1.619048 2.380952
   2    2   11 0.309524 1.690476
   2    2   10 0.342857 1.657143
   5   14   16 2.304762 2.695238
   3    6   13 0.952381 2.047619
   1    0    6 0.000000 1.000000
   8   26   22 4.333333 3.666667
   9   26   27 4.564286 4.435714
   3    4   12 0.733333 2.266667
   1    0    7 0.000000 1.000000
   1    0    7 0.000000 1.000000
   5   12   15 2.202381 2.797619
   1    0    5 0.000000 1.000000
   4    8   19 1.160714 2.839286
   3    4   17 0.571429 2.428571
   5    8   23 1.304762 3.695238
   2    2    9 0.366667 1.633333
   4    6   15 1.135714 2.864286
   5   14   16 2.338095 2.661905
   1    0    6 0.000000 1.000000
   1    0    6 0.000000 1.000000
   4    4   23 0.577381 3.422619
   6   18   19 2.975000 3.025000
   6   12   19 2.385714 3.614286
   1    0    8 0.000000 1.000000
   2    2    8 0.400000 1.600000
   1    0    6 0.000000 1.000000
   2    2   10 0.333333 1.666667
   1    0    6 0.000000 1.000000
   6   16   20 2.771429 3.228571
   1    0    6 0.000000 1.000000
   1    0    6 0.000000 1.000000
   3    4   13 0.700000 2.300000
   4   10   14 1.719048 2.280952
   7   20   19 3.611905 3.388095
   2    2   10 0.342857 1.657143
   1    0    7 0.000000 1.000000
  11   40   25 6.802381 4.197619
   4    6   18 1.019048 2.980952
   3    6   13 0.952381 2.047619
   1    0    7 0.000000 1.000000
   3    6   11 1.085714 1.914286
   8   24   28 3.779762 4.220238
   9   24   28 4.200000 4.800000
   2    0   13 0.000000 2.000000
   7   20   20 3.466667 3.533333
   1    0    6 0.000000 1.000000
   1    0    7 0.000000 1.000000
   3    4   13 0.700000 2.300000
   6   14   20 2.509524 3.490476
   6   20   17 3.403571 2.596429
   1    0    6 0.000000 1.000000
   1    0    8 0.000000 1.000000
   7   22   20 3.690476 3.309524
   1    0    7 0.000000 1.000000
   6   16   20 2.638095 3.361905
   1    0    7 0.000000 1.000000
  13   40   34 7.071429 5.928571
   5   10   21 1.633333 3.366667
  17   72   28 12.346429 4.653571
   2    0   12 0.000000 2.000000
   4    6   19 0.961905 3.038095
   1    0    8 0.000000 1.000000
   4   10   14 1.708333 2.291667
   2    2   10 0.333333 1.666667
   7   12   30 2.004762 4.995238
   6   16   20 2.666667 3.333333
   5   12   16 2.133333 2.866667
   4   10   13 1.933333 2.066667
   1    0    7 0.000000 1.000000
   4    6   17 1.109524 2.890476
   6   16   21 2.642857 3.357143
   2    2   11 0.325000 1.675000
   7   20   22 3.333333 3.666667
   3    6   14 0.904762 2.095238
   8   16   28 2.976190 5.023810
   8   18   31 3.036905 4.963095
   2    0   14 0.000000 2.000000
  17   72   32 11.857143 5.142857
   5   12   19 2.150000 2.850000
   4    8   13 1.500000 2.500000
  11   36   28 6.235714 4.764286
   1    0    7 0.000000 1.000000
   6   10   27 1.590476 4.409524
   2    2   10 0.333333 1.666667
   3    6   12 1.019048 1.980952
   2    2   10 0.342857 1.657143
   1    0    7 0.000000 1.000000
  19   82   34 13.709921 5.290079
   1    0    6 0.000000 1.000000
   9   26   25 4.802381 4.197619
   1    0    7 0.000000 1.000000
   7   16   28 2.479762 4.520238
  14   38   44 6.507143 7.492857
   1    0    6 0.000000 1.000000
  18   64   39 11.096825 6.903175
   2    2   11 0.309524 1.690476
   4    8   17 1.316667 2.683333
  10   36   26 5.857143 4.142857
   4    8   15 1.400000 2.600000
   6   20   17 3.403571 2.596429
   2    2    8 0.416667 1.583333
  23   98   39 16.652381 6.347619
   9   20   38 3.116667 5.883333
   3    2   15 0.333333 2.666667
  15   48   49 7.821429 7.178571
   2    2   12 0.291667 1.708333
  12   34   35 5.971429 6.028571
   8   28   19 4.828571 3.171429
   5   10   21 1.671429 3.328571
   8   20   27 3.422619 4.577381
   7   22   18 3.864286 3.135714
   3    6   11 1.085714 1.914286
   3    6   12 1.019048 1.980952
  17   56   50 9.230952 7.769048
  17   46   51 8.363889 8.636111
   1    0    7 0.000000 1.000000
  15   32   55 5.638095 9.361905
   2    2   11 0.309524 1.690476
  12   38   34 6.489286 5.510714
  12   46   26 7.671429 4.328571
   4    6   19 0.995238 3.004762
   6   14   23 2.441667 3.558333
   4   10   15 1.678571 2.321429
   1    0    6 0.000000 1.000000
  10   28   26 5.100000 4.900000
  13   32   46 5.477381 7.522619
  20   64   60 10.927381 9.072619
   1    0    7 0.000000 1.000000
  10   16   42 2.871429 7.128571
   4   10   13 1.761905 2.238095
  10   24   38 3.802381 6.197619
   6   10   22 1.933333 4.066667
   2    2   11 0.309524 1.690476
   8   22   23 4.071429 3.928571
   5   14   17 2.261905 2.738095
   9   16   38 2.690476 6.309524
  23   76   65 12.384524 10.615476
  22   72   62 11.889286 10.110714
   1    0    6 0.000000 1.000000
  10   26   36 4.185714 5.814286
  10   18   38 3.266667 6.733333
  11   36   29 6.204762 4.795238
  10   36   23 6.241667 3.758333
   3    6   13 0.952381 2.047619
   6   16   23 2.555556 3.444444
  17   40   63 6.676190 10.323810
  32  122   69 20.319048 11.680952
  14   42   46 6.938095 7.061905
   8   12   32 2.209524 5.790476
   5    6   27 0.920238 4.079762
  14   44   36 7.770238 6.229762
   2    2   12 0.285714 1.714286
   3    6   11 1.150000 1.850000
  14   32   53 5.379762 8.620238
  40  168   71 28.082143 11.917857
  15   40   50 6.790476 8.209524
  10   26   34 4.567857 5.432143
   5    8   25 1.202381 3.797619
  13   34   43 5.887302 7.112698
  22   70   59 12.145238 9.854762
  35  140   71 23.551190 11.448810
  19   66   47 11.173810 7.826190
  10   26   36 4.228571 5.771429
   2    2   10 0.333333 1.666667
   6   14   22 2.461905 3.538095
  21   62   62 10.576190 10.423810
  42  192   61 31.940476 10.059524
  23   84   55 14.200000 8.800000
   6   12   24 2.076190 3.923810
   4   10   14 1.719048 2.280952
   6   14   23 2.309524 3.690476
  10   20   44 3.268254 6.731746
  51  240   60 40.653571 10.346429
  14   52   35 8.547619 5.452381
  10   24   38 4.060714 5.939286
   5   14   16 2.333333 2.666667
   4   10   15 1.671429 2.328571
   9   16   36 2.988095 6.011905
  58  276   68 46.401190 11.598810
  13   40   38 6.761905 6.238095
   8   16   33 2.638095 5.361905
   2    2   10 0.333333 1.666667
   5   12   17 2.202381 2.797619
  10   18   44 2.980952 7.019048
  62  298   72 50.066667 11.933333
  14   40   43 6.827381 7.172619
   6   12   24 2.050000 3.950000
   2    2    9 0.366667 1.633333
   1    0    6 0.000000 1.000000
  17   52   49 8.729762 8.270238
  60  288   75 47.587698 12.412302
  12   34   33 6.209524 5.790476
   2    0   12 0.000000 2.000000
   1    0    6 0.000000 1.000000
   1    0    6 0.000000 1.000000
  17   50   60 8.322619 8.677381
  67  334   65 56.075000 10.925000
  11   34   34 5.679365 5.320635
   3    6   10 1.185714 1.814286
  28   90   72 15.616667 12.383333
  58  282   72 46.712698 11.287302
   9   26   27 4.423810 4.576190
   3    4   14 0.725000 2.275000
  26   84   70 14.389286 11.610714
  62  306   69 50.795635 11.204365
  13   46   31 7.933333 5.066667
   2    2   10 0.333333 1.666667
  22   66   73 10.639286 11.360714
  63  298   74 50.366667 12.633333
  10   38   26 6.396825 3.603175
  19   50   62 8.598810 10.401190
  71  356   68 59.671429 11.328571
   8   24   25 4.111905 3.888095
  16   34   64 5.784524 10.215476
  76  370   83 62.248810 13.751190
   7   22   21 3.600000 3.400000
  19   54   53 9.480952 9.519048
  74  384   66 63.832143 10.167857
   3    2   16 0.342857 2.657143
  12   26   47 4.379762 7.620238
  85  450   59 75.113492 9.886508
   4    8   16 1.371429 2.628571
  12   24   51 3.953571 8.046429
  84  438   63 73.648810 10.351190
   9   28   21 5.125000 3.875000
  15   36   53 6.294048 8.705952
  76  388   74 64.277381 11.722619
   4   10   17 1.584127 2.415873
   9   16   34 2.938095 6.061905
  87  472   51 78.817063 8.182937
   3    4   15 0.619048 2.380952
  11   40   25 6.790476 4.209524
  86  476   40 79.334524 6.665476
   2    2   13 0.267857 1.732143
  13   46   33 7.676190 5.323810
  85  460   46 77.019048 7.980952
   1    0    6 0.000000 1.000000
  14   48   35 8.130952 5.869048
  85  470   41 78.532143 6.467857
   1    0    6 0.000000 1.000000
  25  102   47 17.191667 7.808333
  74  400   45 66.876190 7.123810
   1    0    6 0.000000 1.000000
  23   80   60 13.310714 9.689286
  76  394   60 66.058333 9.941667
  23   66   73 11.117857 11.882143
  77  388   73 64.747619 12.252381
  25   84   66 14.119048 10.880952
  75  384   66 64.022619 10.977381
  17   58   41 10.221429 6.778571
  83  460   41 76.361905 6.638095
  12   32   40 5.223810 6.776190
  88  488   40 81.270238 6.729762
  18   72   37 12.009524 5.990476
  82  454   37 75.902381 6.097619
  20   78   42 13.091667 6.908333
  80  438   42 73.075000 6.925000
  28  104   58 18.078571 9.921429
  72  380   58 63.160714 8.839286
  18   62   48 10.373413 7.626587
  82  442   48 73.960317 8.039683
   8   12   36 1.978571 6.021429
  92  516   36 86.219841 5.780159
   6    8   28 1.328571 4.671429
  94  536   28 89.479762 4.520238
   5    8   22 1.304762 3.695238
  95  548   22 91.354762 3.645238
  11   30   35 5.100000 5.900000
  89  500   35 83.278571 5.721429
   8   22   25 3.704762 4.295238
  92  528   25 88.108333 3.891667
   4   10   13 1.814286 2.185714
  96  564   13 93.923810 2.076190
   2    2   11 0.309524 1.690476
  98  576   11 96.228571 1.771429
 100  600    0 100.000000 0.000000
