   3    6   11 1.066667 1.933333
   1    0    8 0.000000 1.000000
   2    2   11 0.309524 1.690476
   3    4   10 0.850000 2.150000
   3    6   11 1.085714 1.914286
   2    2   10 0.333333 1.666667
   2    2   12 0.291667 1.708333
   1    0    6 0.000000 1.000000
   2    2   10 0.333333 1.666667
   2    2    8 0.400000 1.600000
   2    2    8 0.400000 1.600000
   4   10   12 1.969048 2.030952
   3    6   11 1.066667 1.933333
   1    0    8 0.000000 1.000000
   1    0    6 0.000000 1.000000
   1    0    7 0.000000 1.000000
   2    2    9 0.366667 1.633333
   1    0    7 0.000000 1.000000
   4    8   16 1.385714 2.614286
   2    2    9 0.366667 1.633333
   1    0    6 0.000000 1.000000
   2    2   10 0.342857 1.657143
   2    2   12 0.291667 1.708333
   1    0    5 0.000000 1.000000
   2    2   10 0.342857 1.657143
   1    0    5 0.000000 1.000000
   2    2   11 0.309524 1.690476
   1    0    7 0.000000 1.000000
   2    2    9 0.366667 1.633333
   1    0    8 0.000000 1.000000
   1    0    7 0.000000 1.000000
   1    0    7 0.000000 1.000000
   1    0    6 0.000000 1.000000
   2    2   10 0.342857 1.657143
   2    2    9 0.366667 1.633333
   1    0    7 0.000000 1.000000
   1    0    6 0.000000 1.000000
   1    0    5 0.000000 1.000000
   2    2   10 0.333333 1.666667
   1    0    6 0.000000 1.000000
   6   18   20 2.919048 3.080952
   2    2   10 0.333333 1.666667
   1    0    7 0.000000 1.000000
   2    2    9 0.366667 1.633333
   1    0    7 0.000000 1.000000
   2    2   10 0.333333 1.666667
   5   14   14 2.471429 2.528571
   1    0    5 0.000000 1.000000
   1    0    7 0.000000 1.000000
   3    6   10 1.133333 1.866667
   1    0    7 0.000000 1.000000
   2    2    9 0.366667 1.633333
   1    0    8 0.000000 1.000000
   1    0    7 0.000000 1.000000
   1    0    6 0.000000 1.000000
   1    0    7 0.000000 1.000000
   1    0    8 0.000000 1.000000
   2    2   10 0.342857 1.657143
   6   16   22 2.584524 3.415476
   6    6   27 1.126190 4.873810
   4   10   13 1.761905 2.238095
   2    2   10 0.333333 1.666667
   1    0    7 0.000000 1.000000
   2    2   11 0.325000 1.675000
   5   10   20 1.750000 3.250000
   7   22   20 3.695238 3.304762
   6   12   24 2.014286 3.985714
   8   26   23 4.314286 3.685714
   1    0    5 0.000000 1.000000
   3    2   17 0.325000 2.675000
   1    0    6 0.000000 1.000000
   2    2   11 0.309524 1.690476
   4    8   15 1.361905 2.638095
   1    0    5 0.000000 1.000000
   3    6   12 1.019048 1.980952
   1    0    5 0.000000 1.000000
   1    0    5 0.000000 1.000000
   1    0    6 0.000000 1.000000
   4    4   19 0.700000 3.300000
   2    2    8 0.416667 1.583333
   4   10   16 1.611905 2.388095
   1    0    7 0.000000 1.000000
  10   30   28 5.180952 4.819048
   1    0    6 0.000000 1.000000
   5   14   15 2.404762 2.595238
   1    0    6 0.000000 1.000000
   1    0    6 0.000000 1.000000
   2    2   12 0.291667 1.708333
   1    0    7 0.000000 1.000000
   4   10   15 1.595238 2.404762
  15   50   38 8.385714 6.614286
   4    4   21 0.709524 3.290476
   2    2   10 0.333333 1.666667
   1    0    7 0.000000 1.000000
   1    0    7 0.000000 1.000000
   2    2   10 0.333333 1.666667
   5   10   19 1.766667 3.233333
  10   32   28 5.428571 4.571429
   3    2   17 0.285714 2.714286
   6   14   24 2.302381 3.697619
   1    0    5 0.000000 1.000000
   2    2   11 0.309524 1.690476
   2    2    9 0.366667 1.633333
   5   10   18 1.833333 3.166667
   4    8   16 1.352381 2.647619
   4   10   12 1.828571 2.171429
   5   12   20 1.904762 3.095238
   1    0    6 0.000000 1.000000
   2    2    8 0.400000 1.600000
   2    2   10 0.333333 1.666667
  15   56   33 9.366667 5.633333
   1    0    7 0.000000 1.000000
   2    2   10 0.333333 1.666667
   3    4   12 0.766667 2.233333
   7   18   27 2.833333 4.166667
  19   66   44 11.369048 7.630952
   5    6   26 0.952381 4.047619
   2    2    9 0.366667 1.633333
   2    2   12 0.285714 1.714286
   3    6   11 1.085714 1.914286
   9   30   23 5.071429 3.928571
   2    2   10 0.333333 1.666667
   2    2   10 0.342857 1.657143
   2    2    9 0.366667 1.633333
   2    2   11 0.309524 1.690476
   3    6   14 0.904762 2.095238
   5   10   21 1.638095 3.361905
   7   14   27 2.433333 4.566667
   5    8   22 1.338095 3.661905
   6   12   23 2.119048 3.880952
   1    0    7 0.000000 1.000000
   2    2   10 0.342857 1.657143
  13   50   28 8.371429 4.628571
   1    0    7 0.000000 1.000000
   2    2   11 0.309524 1.690476
  16   44   54 7.582143 8.417857
   9   24   26 4.228571 4.771429
   1    0    7 0.000000 1.000000
   1    0    6 0.000000 1.000000
   2    2   10 0.333333 1.666667
  16   64   31 10.866667 5.133333
   1    0    5 0.000000 1.000000
   3    6   13 0.952381 2.047619
   3    4   14 0.725000 2.275000
   1    0    6 0.000000 1.000000
   1    0    7 0.000000 1.000000
   5    8   23 1.275000 3.725000
   4    8   16 1.352381 2.647619
   3    4   13 0.733333 2.266667
   4    6   21 0.952381 3.047619
   3    6   13 1.022222 1.977778
   2    2    9 0.366667 1.633333
  22   90   38 15.347619 6.652381
   4    8   18 1.257143 2.742857
  15   34   56 5.747619 9.252381
   5   10   19 1.761905 3.238095
   2    2   11 0.309524 1.690476
   2    2   12 0.285714 1.714286
   5   10   19 1.761905 3.238095
  11   38   28 6.323810 4.676190
   2    2    8 0.400000 1.600000
   1    0    6 0.000000 1.000000
   3    6   15 0.869048 2.130952
   3    4   12 0.766667 2.233333
   2    2    8 0.400000 1.600000
   6    8   28 1.385714 4.614286
   1    0    7 0.000000 1.000000
   6   16   21 2.595238 3.404762
   5    8   19 1.519048 3.480952
   2    2   10 0.333333 1.666667
   1    0    7 0.000000 1.000000
  24  100   44 16.784524 7.215476
   4    6   18 1.009524 2.990476
  18   32   79 5.385714 12.614286
   1    0    5 0.000000 1.000000
   4    8   15 1.419048 2.580952
   1    0    6 0.000000 1.000000
   3    4   14 0.725000 2.275000
   8   26   27 3.965476 4.034524
   5   10   18 1.800000 3.200000
   2    0   12 0.000000 2.000000
   4   10   13 1.733333 2.266667
   1    0    7 0.000000 1.000000
   7   18   23 3.157143 3.842857
   1    0    6 0.000000 1.000000
   8   26   22 4.480952 3.519048
   6   10   24 1.871429 4.128571
   6   16   22 2.611905 3.388095
   2    2   11 0.325000 1.675000
  19   66   44 11.426190 7.573810
   5   10   21 1.719048 3.280952
  13   22   52 3.952381 9.047619
   5   14   16 2.550000 2.450000
   1    0    6 0.000000 1.000000
  11   40   27 6.695238 4.304762
   4    6   19 0.961905 3.038095
   7   20   23 3.266667 3.733333
  11   36   30 6.138095 4.861905
   1    0    6 0.000000 1.000000
   6   12   29 1.885714 4.114286
   9   18   32 3.219048 5.780952
   5    8   23 1.452381 3.547619
   3    4   13 0.700000 2.300000
  19   70   43 11.847619 7.152381
   8   22   24 3.804762 4.195238
  11   16   48 2.773810 8.226190
  10   38   21 6.570238 3.429762
   9   28   27 4.563095 4.436905
   4    6   18 0.952381 3.047619
   6   12   26 1.902381 4.097619
   8   22   31 3.469048 4.530952
   1    0    7 0.000000 1.000000
   5   12   19 1.928571 3.071429
   7   16   25 2.754762 4.245238
   2    2   12 0.291667 1.708333
   8   20   28 3.309524 4.690476
  21   60   60 10.401190 10.598810
  10   30   31 5.004762 4.995238
  17   34   63 6.140476 10.859524
  13   52   27 8.782540 4.217460
   4    6   17 1.085714 2.914286
   3    4   11 0.816667 2.183333
   9   30   26 4.932143 4.067857
   9   24   30 4.038095 4.961905
   4   10   12 1.800000 2.200000
   4    8   19 1.220238 2.779762
   2    2   11 0.309524 1.690476
   7   18   28 2.859921 4.140079
  18   46   61 7.844048 10.155952
  18   72   34 12.295238 5.704762
  20   54   59 9.439286 10.560714
  18   68   42 11.405952 6.594048
   1    0    6 0.000000 1.000000
   5   10   23 1.523810 3.476190
   8   24   25 3.970238 4.029762
   6   18   18 3.123810 2.876190
   3    4   15 0.619048 2.380952
   2    0   13 0.000000 2.000000
   2    2   13 0.267857 1.732143
  17   44   56 7.523810 9.476190
  25  108   42 18.180952 6.819048
  19   54   61 8.960714 10.039286
  16   60   35 10.128571 5.871429
   2    2   11 0.325000 1.675000
   7   14   27 2.400000 4.600000
   4    6   21 0.904762 3.095238
   5   10   18 1.766667 3.233333
   5   12   20 1.880952 3.119048
   2    2    7 0.450000 1.550000
  15   50   40 8.492857 6.507143
  30  122   55 20.619048 9.380952
  26   88   71 14.777381 11.222619
  10   26   35 4.578571 5.421429
   3    4   14 0.666667 2.333333
   6   14   22 2.328571 3.671429
   2    2    8 0.416667 1.583333
   8   20   28 3.616667 4.383333
   2    0   11 0.000000 2.000000
   3    6   14 0.904762 2.095238
  10   26   34 4.390476 5.609524
  23   96   42 16.292857 6.707143
  28   98   68 16.754762 11.245238
  13   38   39 6.536905 6.463095
   1    0    7 0.000000 1.000000
  11   36   30 6.215476 4.784524
   1    0    6 0.000000 1.000000
  12   38   34 6.442857 5.557143
   1    0    6 0.000000 1.000000
   2    0   13 0.000000 2.000000
   8   24   25 3.988095 4.011905
  18   64   47 10.567857 7.432143
  30  108   71 18.213095 11.786905
  13   30   46 5.266667 7.733333
   6   18   16 3.171429 2.828571
  13   42   38 6.834524 6.165476
   1    0    5 0.000000 1.000000
  11   34   34 5.601190 5.398810
   3    4   13 0.742857 2.257143
   1    0    7 0.000000 1.000000
   4    4   19 0.709524 3.290476
  23   86   52 14.295238 8.704762
  21   76   51 12.528571 8.471429
  15   44   46 7.626190 7.373810
   7   24   16 4.271429 2.728571
  12   34   39 5.663095 6.336905
   3    4   12 0.766667 2.233333
  14   40   42 6.804762 7.195238
   2    2   13 0.267857 1.732143
   3    2   17 0.366667 2.633333
  22   84   51 13.885714 8.114286
  32  138   54 23.123810 8.876190
  17   50   49 8.834127 8.165873
   7   24   16 4.200000 2.800000
   9   16   35 2.745238 6.254762
   2    2   11 0.309524 1.690476
   8   16   33 2.747619 5.252381
   1    0    6 0.000000 1.000000
   2    2   13 0.267857 1.732143
  26   90   66 15.086111 10.913889
  29  124   50 20.559524 8.440476
  20   60   56 10.261905 9.738095
   4    6   19 0.985714 3.014286
   9   14   40 2.385714 6.614286
   1    0    6 0.000000 1.000000
   8   18   32 2.909524 5.090476
   1    0    5 0.000000 1.000000
   2    2   12 0.285714 1.714286
  24   78   69 12.993651 11.006349
  31  126   56 21.392857 9.607143
  23   88   52 14.702381 8.297619
   4   10   14 1.695238 2.304762
   1    0    6 0.000000 1.000000
   4    6   17 1.076190 2.923810
   8   14   32 2.378571 5.621429
   1    0    8 0.000000 1.000000
   4   10   14 1.666667 2.333333
  27   98   68 16.151190 10.848810
  29   92   81 15.620238 13.379762
  17   58   42 9.847619 7.152381
   3    6   12 1.019048 1.980952
   7   20   21 3.404762 3.595238
  13   38   39 6.471429 6.528571
   1    0    6 0.000000 1.000000
   3    4   15 0.616667 2.383333
  23   78   68 12.438095 10.561905
  32   96   95 16.430952 15.569048
  16   52   41 8.823810 7.176190
   2    2   11 0.309524 1.690476
   3    4   11 0.800000 2.200000
  14   50   35 8.390476 5.609524
  10   22   35 4.016667 5.983333
  21   72   55 12.014286 8.985714
  36  134   82 22.623810 13.376190
  15   54   36 9.166667 5.833333
   5   14   18 2.311905 2.688095
   3    6   11 1.085714 1.914286
  15   54   35 9.047619 5.952381
   5    6   23 1.009524 3.990476
  14   40   44 6.800000 7.200000
  38  160   66 27.111905 10.888095
  22   88   47 14.626190 7.373810
   3    6   12 1.000000 2.000000
   1    0    6 0.000000 1.000000
  16   62   32 10.622619 5.377381
   6   12   25 1.966667 4.033333
  14   52   32 8.600000 5.400000
  41  190   57 31.757143 9.242857
  28  106   59 18.050000 9.950000
   6   18   19 2.980952 3.019048
   1    0    6 0.000000 1.000000
   7   20   22 3.276190 3.723810
   3    2   17 0.309524 2.690476
   9   26   31 4.171429 4.828571
  48  222   61 37.499206 10.500794
  34  142   63 23.811508 10.188492
   7   24   19 4.036905 2.963095
   2    2   10 0.342857 1.657143
  10   26   34 4.395238 5.604762
  48  210   74 35.440476 12.559524
  39  166   71 27.614286 11.385714
   3    6   13 0.952381 2.047619
   4    4   20 0.676190 3.323810
  52  230   83 38.853571 13.146429
  40  168   70 28.575000 11.425000
   4    8   17 1.361905 2.638095
   6   12   26 1.953571 4.046429
  45  180   85 30.376587 14.623413
  48  212   78 35.329762 12.670238
   1    0    7 0.000000 1.000000
   4    4   21 0.642857 3.357143
  39  166   72 27.555952 11.444048
  56  262   67 44.403571 11.596429
   1    0    8 0.000000 1.000000
   1    0    6 0.000000 1.000000
  42  186   69 31.302381 10.697619
  57  272   67 45.843254 11.156746
   1    0    8 0.000000 1.000000
  40  162   73 27.516667 12.483333
  59  286   71 47.850000 11.150000
   1    0    6 0.000000 1.000000
  45  204   69 33.852381 11.147619
  54  256   65 43.002381 10.997619
   3    6    9 1.233333 1.766667
  31  114   79 18.589286 12.410714
  66  316   76 53.026190 12.973810
   3    4   14 0.676190 2.323810
  20   50   78 7.944048 12.055952
  77  374   80 63.302381 13.697619
   6   18   16 3.195238 2.804762
  26   82   72 13.933333 12.066667
  68  330   82 54.950000 13.050000
   8   22   24 3.904762 4.095238
  21   74   56 12.123810 8.876190
  71  366   58 61.216667 9.783333
   8   24   25 4.058333 3.941667
  23   84   53 14.114286 8.885714
  69  364   50 60.752381 8.247619
   6   16   18 2.804762 3.195238
  31  116   72 19.223810 11.776190
  63  320   58 53.228571 9.771429
  14   56   31 9.159524 4.840476
  31   94   91 15.819048 15.180952
  55  250   78 41.936905 13.063095
  22   90   41 15.058333 6.941667
  33  112   90 18.645238 14.354762
  45  188   79 31.602381 13.397619
  25   94   54 15.966667 9.033333
  42  144  108 24.111905 17.888095
  33  124   76 20.627381 12.372619
  17   62   42 10.330556 6.669444
  57  264   74 44.636905 12.363095
  26  104   54 17.248016 8.751984
   8   22   26 3.754762 4.245238
  55  254   79 42.290476 12.709524
  37  160   59 27.097619 9.902381
   4    2   24 0.285714 3.714286
  64  300   80 50.608730 13.391270
  32  134   60 22.309524 9.690476
   7   14   22 2.700000 4.300000
  63  298   91 49.044048 13.955952
  30  106   69 18.223810 11.776190
   5   10   20 1.683333 3.316667
  63  286   90 48.003571 14.996429
  32  120   74 19.844048 12.155952
   9   30   20 5.430952 3.569048
  59  266   89 44.428571 14.571429
  32  116   79 19.471429 12.528571
   6   14   24 2.275000 3.725000
  60  256  100 43.026190 16.973810
  34  108   98 18.082143 15.917857
  11   38   28 6.480952 4.519048
  64  294   88 49.328571 14.671429
  25   68   84 11.238095 13.761905
   8   22   29 3.471429 4.528571
  64  296   87 49.833333 14.166667
  28   86   80 14.628571 13.371429
   9   14   37 2.497619 6.502381
  63  294   87 48.846429 14.153571
  28   96   72 16.180952 11.819048
   9   20   32 3.528571 5.471429
  56  250   90 41.650000 14.350000
  35  128   80 21.752381 13.247619
   8   16   36 2.541667 5.458333
  55  258   68 43.530159 11.469841
  37  160   62 26.760714 10.239286
   6   14   22 2.352381 3.647619
  58  292   56 48.964286 9.035714
  36  162   54 27.302381 8.697619
   4    6   19 0.952381 3.047619
  45  208   65 34.398810 10.601190
  51  232   70 39.055952 11.944048
   5   10   20 1.666667 3.333333
  51  248   57 41.491667 9.508333
  44  198   67 33.015476 10.984524
   3    6   15 0.869048 2.130952
  47  226   56 37.612302 9.387698
  50  232   65 38.885714 11.114286
   3    4   12 0.766667 2.233333
  53  260   59 43.347619 9.652381
  44  196   69 32.767857 11.232143
   2    2   10 0.342857 1.657143
  43  186   68 31.708333 11.291667
  55  266   68 44.106746 10.893254
   4    8   16 1.428571 2.571429
  39  188   50 31.166667 7.833333
  57  288   50 48.404762 8.595238
   2    2   11 0.309524 1.690476
  34  164   42 27.190476 6.809524
  64  336   45 56.461905 7.538095
   1    0    8 0.000000 1.000000
  23   92   51 15.091667 7.908333
  76  394   55 66.634524 9.365476
   2    2   10 0.333333 1.666667
  13   28   51 4.685714 8.314286
  85  454   55 75.804762 9.195238
   1    0    8 0.000000 1.000000
   9   20   30 3.695238 5.304762
  90  508   34 84.620238 5.379762
   1    0    7 0.000000 1.000000
   9   18   36 2.957143 6.042857
  90  498   41 83.088095 6.911905
   1    0    6 0.000000 1.000000
   7   12   28 2.233333 4.766667
  92  520   34 86.441667 5.558333
  10   26   31 4.566667 5.433333
  90  512   31 85.167857 4.832143
  11   26   38 4.519048 6.480952
  89  498   38 82.987302 6.012698
  15   48   40 8.404762 6.595238
  85  472   40 78.651190 6.348810
   7   10   31 1.742857 5.257143
  93  528   31 87.970238 5.029762
   9   16   38 2.700000 6.300000
  91  508   38 84.857143 6.142857
  16   48   45 8.292857 7.707143
  84  462   45 76.961905 7.038095
  11   22   46 3.730952 7.269048
  89  486   46 81.254762 7.745238
  21   66   60 11.185714 9.814286
  79  414   60 69.132143 9.867857
  17   44   61 7.391667 9.608333
  83  434   61 72.548810 10.451190
  24   86   54 14.766667 9.233333
  76  406   54 67.425000 8.575000
  27   86   73 14.644048 12.355952
  73  368   73 61.222619 11.777381
  33  128   69 21.595238 11.404762
  67  334   69 55.667857 11.332143
  34  134   71 22.539286 11.460714
  66  324   71 54.332143 11.667857
  34  122   76 20.882143 13.117857
  66  326   76 53.961905 12.038095
  29   96   76 15.944048 13.055952
  71  352   76 58.446825 12.553175
  19   56   62 9.191667 9.808333
  81  420   62 70.455159 10.544841
  19   54   60 9.073810 9.926190
  81  426   60 70.998810 10.001190
  17   62   39 10.500000 6.500000
  83  460   39 76.559524 6.440476
  14   44   40 7.485714 6.514286
  86  476   40 79.411905 6.588095
  16   42   51 7.054762 8.945238
  84  456   51 75.801190 8.198810
  24   82   62 13.702381 10.297619
  76  394   62 65.921429 10.078571
  28  108   58 18.351190 9.648810
  72  376   58 62.403571 9.596429
  21   80   51 13.065476 7.934524
  79  418   51 70.153571 8.846429
  30  114   61 19.602381 10.397619
  70  364   61 60.303571 9.696429
  21   66   57 11.333333 9.666667
  79  420   57 69.982143 9.017857
  19   42   73 7.297619 11.702381
  81  412   73 68.997619 12.002381
  22   76   55 12.982143 9.017857
  78  414   55 69.058333 8.941667
  34  140   61 23.890079 10.109921
  66  338   61 55.997619 10.002381
  41  192   55 32.114286 8.885714
  59  298   55 49.809127 9.190873
  31  128   64 20.969048 10.030952
  69  344   64 57.996429 11.003571
  36  158   57 26.480952 9.519048
  64  328   57 54.495238 9.504762
  39  164   74 27.246429 11.753571
  61  288   74 48.185714 12.814286
  44  180   81 30.382143 13.617857
  56  258   81 42.893651 13.106349
  51  226   81 37.673810 13.326190
  49  212   81 35.611905 13.388095
  48  212   81 35.288492 12.711508
  52  226   81 38.259524 13.740476
  43  170   90 28.320238 14.679762
  57  250   90 42.064286 14.935714
  42  182   69 30.745238 11.254762
  58  280   69 46.855556 11.144444
  36  162   57 26.980952 9.019048
  64  324   57 54.138095 9.861905
  32  130   63 21.509524 10.490476
  68  344   63 57.677381 10.322619
  32  116   79 19.207143 12.792857
  68  326   79 55.042460 12.957540
  32  102   92 16.694048 15.305952
  68  314   92 52.666667 15.333333
  15   26   67 4.301190 10.698810
  85  440   67 73.880952 11.119048
  15   26   66 4.392857 10.607143
  85  442   66 74.330952 10.669048
   8    8   42 1.352381 6.647619
  92  508   42 84.961905 7.038095
   4    2   22 0.366667 3.633333
  96  554   22 92.396429 3.603571
   8   14   33 2.409524 5.590476
  92  520   33 86.447222 5.552778
   8   24   24 4.228571 3.771429
  92  528   24 88.142857 3.857143
  12   38   34 6.319048 5.680952
  88  494   34 82.288095 5.711905
  11   24   45 4.121825 6.878175
  89  486   45 81.432143 7.567857
  21   78   52 12.909524 8.090476
  79  418   52 70.036905 8.963095
  31  110   76 18.542857 12.457143
  69  338   76 56.339286 12.660714
  30  106   71 17.974603 12.025397
  70  352   71 58.415873 11.584127
  16   38   55 6.571429 9.428571
  84  452   55 75.405952 8.594048
   8   12   35 2.095238 5.904762
  92  518   35 86.347619 5.652381
  17   46   59 7.809524 9.190476
  83  436   59 73.060714 9.939286
  15   34   63 5.347619 9.652381
  85  440   63 74.004762 10.995238
  18   52   53 9.228571 8.771429
  82  442   53 73.494048 8.505952
  26   84   69 14.258333 11.741667
  74  378   69 62.761905 11.238095
  21   58   71 9.678571 11.321429
  79  400   71 67.219444 11.780556
  19   66   49 11.222619 7.777381
  81  436   49 73.051587 7.948413
  20   78   41 13.204762 6.795238
  80  440   41 73.298810 6.701190
  20   72   54 11.846429 8.153571
  80  420   54 70.710714 9.289286
  14   34   49 5.942857 8.057143
  86  468   49 78.286905 7.713095
  13   36   44 6.128571 6.871429
  87  476   44 79.609524 7.390476
  18   50   58 8.339286 9.660714
  82  434   58 72.338095 9.661905
  12   20   55 3.333333 8.666667
  88  470   55 78.842857 9.157143
  22   72   59 12.205952 9.794048
  78  410   59 68.454365 9.545635
  17   38   67 6.407143 10.592857
  83  428   67 71.709524 11.290476
  22   62   71 10.466667 11.533333
  78  396   71 66.219048 11.780952
  27   98   62 16.645238 10.354762
  73  378   62 62.965476 10.034524
  29  108   64 18.280952 10.719048
  71  364   64 60.795238 10.204762
  31  124   61 21.025000 9.975000
  69  354   61 59.112302 9.887698
  33  132   64 22.234524 10.765476
  67  340   64 56.827381 10.172619
  36  170   45 28.433333 7.566667
  64  340   45 56.652381 7.347619
  26  114   44 18.734524 7.265476
  74  398   44 66.545238 7.454762
  38  178   51 29.887302 8.112698
  62  320   51 53.655952 8.344048
  47  218   66 36.216667 10.783333
  53  250   66 42.103571 10.896429
  53  234   79 39.702381 13.297619
  47  208   79 34.311905 12.688095
  59  284   67 47.777381 11.222619
  41  182   67 30.066667 10.933333
  55  250   77 41.991667 13.008333
  45  196   77 32.557143 12.442857
  58  266   81 44.350397 13.649603
  42  172   81 28.858730 13.141270
  68  340   67 57.041667 10.958333
  32  126   67 21.070238 10.929762
  56  256   80 42.636905 13.363095
  44  184   80 30.722619 13.277381
  62  292   78 49.037302 12.962698
  38  152   78 25.308333 12.691667
  58  272   76 45.619048 12.380952
  42  176   76 29.586905 12.413095
  68  316   90 53.230952 14.769048
  32  104   90 17.469048 14.530952
  61  280   84 47.109524 13.890476
  39  152   84 25.619048 13.380952
  58  252   96 42.207143 15.792857
  42  156   96 26.128571 15.871429
  57  256   84 42.888095 14.111905
  43  176   84 29.392857 13.607143
  58  282   68 47.069048 10.930952
  42  182   68 30.560714 11.439286
  58  276   73 46.332143 11.667857
  42  178   73 30.296429 11.703571
  59  274   81 46.013889 12.986111
  41  164   81 27.758333 13.241667
  60  258   99 43.358333 16.641667
  40  144   99 24.103571 15.896429
  60  278   77 46.927381 13.072619
  40  168   77 27.752381 12.247619
  66  306   89 51.217857 14.782143
  34  116   89 19.348810 14.651190
  66  308   93 51.332540 14.667460
  34  106   93 18.117857 15.882143
  59  246  108 41.211905 17.788095
  41  138  108 23.136905 17.863095
  57  242  108 40.145238 16.854762
  43  142  108 24.473810 18.526190
  54  216  101 36.796429 17.203571
  46  182  101 30.338095 15.661905
  58  254   90 43.007143 14.992857
  42  166   90 27.680556 14.319444
  60  294   65 49.329762 10.670238
  40  176   65 29.544048 10.455952
  73  368   67 61.710714 11.289286
  27   98   67 16.244048 10.755952
  64  314   78 51.864286 12.135714
  36  130   78 22.352381 13.647619
  60  286   72 48.100000 11.900000
  40  170   72 28.285714 11.714286
  67  332   67 55.833333 11.166667
  33  134   67 22.046429 10.953571
  63  306   72 51.377381 11.622619
  37  150   72 25.189286 11.810714
  55  244   90 40.409524 14.590476
  45  176   90 29.709524 15.290476
  62  314   64 52.217857 9.782143
  38  158   64 26.922619 11.077381
  53  254   70 42.023810 10.976190
  47  206   70 34.980952 12.019048
  51  224   89 37.034524 13.965476
  49  198   89 33.967460 15.032540
  53  232   91 38.413095 14.586905
  47  186   91 31.616667 15.383333
  65  304   85 50.642857 14.357143
  35  126   85 21.094048 13.905952
  64  290   95 48.284524 15.715476
  36  120   95 20.200000 15.800000
  60  280   81 46.902381 13.097619
  40  158   81 26.600000 13.400000
  62  296   75 49.922222 12.077778
  38  154   75 25.804762 12.195238
  66  330   69 55.186905 10.813095
  34  132   69 22.630952 11.369048
  64  320   65 53.292857 10.707143
  36  150   65 25.330556 10.669444
  59  284   69 47.489286 11.510714
  41  178   69 29.659524 11.340476
  54  254   75 42.136905 11.863095
  46  196   75 33.083333 12.916667
  51  232   73 39.019048 11.980952
  49  222   73 37.158333 11.841667
  42  168   80 28.722619 13.277381
  58  272   80 45.196429 12.803571
  48  216   67 36.692857 11.307143
  52  250   67 41.295238 10.704762
  52  244   73 40.405952 11.594048
  48  210   73 35.576190 12.423810
  67  334   67 55.954762 11.045238
  33  132   67 21.857143 11.142857
  77  404   54 68.001190 8.998810
  23   88   54 14.590476 8.409524
  73  392   47 65.376190 7.623810
  27  114   47 19.147619 7.852381
  75  394   58 65.488095 9.511905
  25   90   58 15.226190 9.773810
  75  388   66 64.383333 10.616667
  25   80   66 13.852381 11.147619
  86  462   50 77.600000 8.400000
  14   38   50 6.190476 7.809524
  97  570   13 95.010714 1.989286
   3    4   13 0.809524 2.190476
  95  554   16 92.480952 2.519048
   5   14   16 2.585714 2.414286
  97  570   12 94.985714 2.014286
   3    6   12 1.019048 1.980952
  98  578   10 96.417460 1.582540
   2    2   10 0.333333 1.666667
 100  600    0 100.000000 0.000000
