   3    6    9 1.233333 1.766667
   1    0    7 0.000000 1.000000
   1    0    6 0.000000 1.000000
   2    2   11 0.309524 1.690476
   3    4   14 0.666667 2.333333
   3    4   12 0.733333 2.266667
   1    0    6 0.000000 1.000000
   1    0    7 0.000000 1.000000
   1    0    6 0.000000 1.000000
   3    6   13 0.952381 2.047619
   1    0    7 0.000000 1.000000
   3    6   11 1.066667 1.933333
   1    0    6 0.000000 1.000000
   1    0    7 0.000000 1.000000
   1    0    5 0.000000 1.000000
   2    2   11 0.309524 1.690476
   1    0    7 0.000000 1.000000
   2    2    9 0.366667 1.633333
   1    0    7 0.000000 1.000000
   1    0    6 0.000000 1.000000
   1    0    7 0.000000 1.000000
   3    4   12 0.766667 2.233333
   3    6    9 1.233333 1.766667
   1    0    6 0.000000 1.000000
   2    2    9 0.366667 1.633333
   1    0    7 0.000000 1.000000
   1    0    7 0.000000 1.000000
   2    2   10 0.333333 1.666667
   1    0    7 0.000000 1.000000
   1    0    5 0.000000 1.000000
   1    0    7 0.000000 1.000000
   1    0    7 0.000000 1.000000
   1    0    6 0.000000 1.000000
   2    2    8 0.400000 1.600000
   3    4   16 0.595238 2.404762
   1    0    4 0.000000 1.000000
   1    0    6 0.000000 1.000000
   2    2   12 0.285714 1.714286
   2    2    9 0.366667 1.633333
   1    0    6 0.000000 1.000000
   1    0    7 0.000000 1.000000
   2    2   10 0.342857 1.657143
   1    0    6 0.000000 1.000000
   3    4   13 0.733333 2.266667
   3    6   11 1.119048 1.880952
   1    0    5 0.000000 1.000000
   3    4   13 0.733333 2.266667
   1    0    6 0.000000 1.000000
   3    6   11 1.066667 1.933333
   1    0    6 0.000000 1.000000
   1    0    6 0.000000 1.000000
   1    0    7 0.000000 1.000000
   1    0    7 0.000000 1.000000
   5   14   18 2.266667 2.733333
   1    0    5 0.000000 1.000000
   1    0    7 0.000000 1.000000
   2    2    9 0.366667 1.633333
   2    2    9 0.366667 1.633333
   1    0    7 0.000000 1.000000
   1    0    7 0.000000 1.000000
   1    0    7 0.000000 1.000000
   4   10   13 1.761905 2.238095
   2    2    8 0.400000 1.600000
   5   14   17 2.333333 2.666667
   1    0    5 0.000000 1.000000
   1    0    7 0.000000 1.000000
   4    4   20 0.676190 3.323810
   6   18   20 2.954762 3.045238
   1    0    6 0.000000 1.000000
   3    6   10 1.133333 1.866667
   1    0    7 0.000000 1.000000
   3    4   14 0.652381 2.347619
   2    2    8 0.400000 1.600000
   1    0    6 0.000000 1.000000
   1    0    6 0.000000 1.000000
   1    0    8 0.000000 1.000000
   1    0    7 0.000000 1.000000
   2    2   10 0.342857 1.657143
   2    2   11 0.309524 1.690476
   2    2   11 0.309524 1.690476
   1    0    5 0.000000 1.000000
   2    2   11 0.309524 1.690476
   1    0    7 0.000000 1.000000
   1    0    6 0.000000 1.000000
   6   12   24 1.994048 4.005952
   1    0    6 0.000000 1.000000
   1    0    7 0.000000 1.000000
   8   24   25 3.852381 4.147619
   5   12   18 1.995238 3.004762
   2    2    9 0.366667 1.633333
   6   16   20 2.723810 3.276190
   1    0    8 0.000000 1.000000
   2    2    9 0.366667 1.633333
   1    0    6 0.000000 1.000000
   3    4   11 0.800000 2.200000
   7   18   24 3.050000 3.950000
   1    0    7 0.000000 1.000000
   1    0    7 0.000000 1.000000
   4    6   16 1.209524 2.790476
   3    6   10 1.133333 1.866667
   5   14   18 2.214286 2.785714
   3    4   13 0.700000 2.300000
   4   10   15 1.619048 2.380952
   2    2   11 0.309524 1.690476
   5   10   18 1.833333 3.166667
  14   52   33 8.828571 5.171429
   4   10   12 1.935714 2.064286
   1    0    8 0.000000 1.000000
   1    0    6 0.000000 1.000000
   1    0    6 0.000000 1.000000
   1    0    6 0.000000 1.000000
   3    4   13 0.700000 2.300000
   1    0    6 0.000000 1.000000
   3    6   11 1.119048 1.880952
   4   10   14 1.714286 2.285714
   4    4   23 0.601190 3.398810
   2    2   10 0.333333 1.666667
   8   20   29 3.319048 4.680952
   4    8   15 1.452381 2.547619
   5   14   15 2.488095 2.511905
   7   10   32 1.709524 5.290476
   2    2   11 0.309524 1.690476
   1    0    6 0.000000 1.000000
   8   22   23 3.954762 4.045238
   1    0    6 0.000000 1.000000
   6   12   24 2.102381 3.897619
   4    6   18 0.985714 3.014286
   4    6   20 0.904762 3.095238
   5   10   21 1.600000 3.400000
  19   76   37 12.923810 6.076190
   4    4   21 0.642857 3.357143
   2    2    9 0.366667 1.633333
   2    2   10 0.333333 1.666667
   2    2   10 0.333333 1.666667
   7   20   22 3.400000 3.600000
   2    2   11 0.309524 1.690476
   3    4   16 0.625000 2.375000
  10   26   30 4.616667 5.383333
   7   16   26 2.661905 4.338095
   1    0    6 0.000000 1.000000
   8   18   29 3.085714 4.914286
   2    2   10 0.333333 1.666667
   9   30   24 5.075000 3.925000
   2    0   12 0.000000 2.000000
   7   18   24 3.319048 3.680952
   2    2   11 0.309524 1.690476
   4    8   17 1.260714 2.739286
   9   30   23 5.359524 3.640476
  17   56   44 9.522619 7.477381
   5    6   24 1.058333 3.941667
   3    4   11 0.800000 2.200000
   2    2   10 0.342857 1.657143
   1    0    8 0.000000 1.000000
   8   22   29 3.434524 4.565476
   5    8   20 1.433333 3.566667
  10   34   28 5.519048 4.480952
  18   60   46 10.319048 7.680952
   5    8   24 1.302381 3.697619
   6   20   16 3.457143 2.542857
   1    0    7 0.000000 1.000000
   4    6   16 1.100000 2.900000
   2    0   11 0.000000 2.000000
   5   10   22 1.719048 3.280952
  14   52   31 8.761905 5.238095
  10   16   45 2.704762 7.295238
   4    6   20 0.977381 3.022619
   1    0    7 0.000000 1.000000
   1    0    7 0.000000 1.000000
  10   20   41 3.323810 6.676190
   2    2    8 0.400000 1.600000
   5   14   15 2.404762 2.595238
  26  104   51 17.650000 8.350000
   9   26   29 4.338095 4.661905
   7   18   21 3.266667 3.733333
   4    6   18 1.019048 2.980952
   3    6   11 1.150000 1.850000
   8   26   23 4.328571 3.671429
  21   86   38 14.457143 6.542857
  10   28   32 4.738095 5.261905
   4    6   18 1.019048 2.980952
   1    0    6 0.000000 1.000000
  10   30   33 5.061905 4.938095
   1    0    5 0.000000 1.000000
   6   18   16 3.247619 2.752381
  18   62   49 10.301587 7.698413
   9   30   24 5.004762 3.995238
   4   10   12 1.969048 2.030952
   5   14   17 2.394048 2.605952
   2    2    9 0.366667 1.633333
  17   64   39 10.800000 6.200000
  18   72   39 11.905952 6.094048
   7   14   27 2.438095 4.561905
   7   18   23 3.221429 3.778571
   5    6   21 1.116667 3.883333
   1    0    8 0.000000 1.000000
   7   18   23 3.071429 3.928571
  16   48   49 8.036905 7.963095
  10   32   27 5.358333 4.641667
   2    2   10 0.333333 1.666667
   8   26   23 4.342857 3.657143
   8   26   24 4.408333 3.591667
  10   26   33 4.547619 5.452381
  20   80   41 13.385714 6.614286
  10   24   35 4.359524 5.640476
   9   32   21 5.457143 3.542857
   1    0    7 0.000000 1.000000
   2    2   11 0.325000 1.675000
  13   44   34 7.446429 5.553571
  11   26   41 4.357143 6.642857
   4    6   17 1.052381 2.947619
   1    0    6 0.000000 1.000000
  11   40   24 6.938095 4.061905
   8   16   33 2.585714 5.414286
  11   22   39 3.985714 7.014286
  21   84   41 14.278571 6.721429
  17   62   45 10.308333 6.691667
   1    0    7 0.000000 1.000000
   6   14   23 2.435714 3.564286
  12   34   40 5.598810 6.401190
   8   14   34 2.433333 5.566667
   4    4   21 0.642857 3.357143
   3    6   10 1.133333 1.866667
   9   26   25 4.663095 4.336905
   7   10   32 1.728571 5.271429
   9   18   30 3.469048 5.530952
  18   70   40 11.633333 6.366667
  18   66   41 11.135714 6.864286
   3    2   21 0.267857 2.732143
  22   86   45 14.616667 7.383333
   3    4   14 0.676190 2.323810
   7   14   29 2.359524 4.640476
   3    4   15 0.642857 2.357143
  10   36   23 6.090476 3.909524
  12   38   32 6.804762 5.195238
   9   20   36 3.314286 5.685714
  21   72   51 12.483333 8.516667
   8   14   39 2.108333 5.891667
  23   88   52 14.685714 8.314286
   3    4   14 0.676190 2.323810
  11   20   42 3.642857 7.357143
   8   22   25 3.857143 4.142857
   5   14   17 2.261905 2.738095
   8   22   26 3.642857 4.357143
   9   24   34 3.786905 5.213095
  21   64   66 10.365476 10.634524
  11   20   46 3.463095 7.536905
  24   98   42 16.822619 7.177381
   7   18   23 3.095238 3.904762
   7    6   37 1.076190 5.923810
   9   28   24 4.807143 4.192857
   4    6   16 1.142857 2.857143
   6   18   19 2.990476 3.009524
  11   28   35 4.928571 6.071429
  14   34   57 5.290476 8.709524
  14   46   41 7.466667 6.533333
  31  120   62 20.475000 10.525000
  10   24   31 4.371429 5.628571
   1    0    7 0.000000 1.000000
  11   34   33 5.703571 5.296429
   2    2    9 0.366667 1.633333
   7   14   29 2.304762 4.695238
  10   34   27 5.657143 4.342857
  14   34   47 6.017857 7.982143
  18   64   44 10.842857 7.157143
  17   56   48 9.057143 7.942857
  23   82   54 14.016667 8.983333
   1    0    5 0.000000 1.000000
   7   18   27 2.857143 4.142857
   3    6   11 1.119048 1.880952
   4    8   17 1.309524 2.690476
   2    0   13 0.000000 2.000000
  31  100   82 17.128571 13.871429
  15   50   42 8.360317 6.639683
  13   36   42 6.244048 6.755952
  18   52   55 8.907143 9.092857
   4    8   17 1.275000 2.725000
   9   26   27 4.550000 4.450000
   4    8   17 1.328571 2.671429
   5   12   19 1.971429 3.028571
   1    0    7 0.000000 1.000000
  30  100   79 17.033333 12.966667
  12   28   47 4.550000 7.450000
  15   38   48 6.709524 8.290476
  24   78   63 13.354762 10.645238
   2    2   11 0.309524 1.690476
   9   18   35 3.138095 5.861905
   2    0   15 0.000000 2.000000
   7   16   25 2.800000 4.200000
   1    0    5 0.000000 1.000000
  40  144   93 24.183333 15.816667
  13   32   43 5.523810 7.476190
  15   44   48 7.357143 7.642857
  15   36   62 5.732143 9.267857
   2    2    9 0.366667 1.633333
   7   12   29 2.142857 4.857143
   5   14   19 2.166667 2.833333
  41  136  103 23.430952 17.569048
  13   22   52 3.879762 9.120238
  14   32   60 5.083333 8.916667
  20   52   65 8.878571 11.121429
   1    0    7 0.000000 1.000000
   6    6   32 0.908333 5.091667
   5    6   24 1.009524 3.990476
  46  166  112 27.725000 18.275000
  13   24   51 4.280952 8.719048
  11   24   40 4.119048 6.880952
  24   56   91 9.292857 14.707143
   1    0    6 0.000000 1.000000
   3    4   15 0.691667 2.308333
  47  200   77 33.866667 13.133333
   8   16   34 2.695238 5.304762
   9   28   27 4.770238 4.229762
  31  112   74 18.947619 12.052381
   2    2   11 0.309524 1.690476
  40  164   74 27.483333 12.516667
   9   24   32 3.998810 5.001190
  14   46   38 7.861905 6.138095
  32  122   70 20.338095 11.661905
   5   14   16 2.447619 2.552381
  43  204   58 33.794841 9.205159
   6   16   18 2.795238 3.204762
  15   54   34 9.261905 5.738095
  34  140   61 23.872619 10.127381
   2    0   15 0.000000 2.000000
  32  130   60 22.057540 9.942460
  12   36   33 6.380952 5.619048
  12   38   36 6.271429 5.728571
  41  164   85 27.286905 13.713095
   3    6   12 1.050000 1.950000
  37  168   51 28.534524 8.465476
  13   46   32 7.800000 5.200000
   7   10   33 1.676190 5.323810
  38  144   89 23.552381 14.447619
   5   10   17 1.866667 3.133333
  34  156   46 26.334524 7.665476
  13   44   36 7.219048 5.780952
   4   10   16 1.594048 2.405952
  43  182   73 30.870238 12.129762
   6   16   21 2.763095 3.236905
  31  142   45 23.908333 7.091667
  11   32   33 5.457143 5.542857
  11   42   24 7.117857 3.882143
  36  138   80 23.128571 12.871429
  11   38   26 6.533333 4.466667
  34  142   60 24.132143 9.867857
  13   38   42 6.238095 6.761905
  10   32   28 5.535714 4.464286
  36  130   88 21.894048 14.105952
   7   20   20 3.500000 3.500000
  40  192   52 31.689286 8.310714
  10   26   34 4.404762 5.595238
   9   28   26 4.733333 4.266667
  31   86   96 15.040476 15.959524
  10   30   30 4.957143 5.042857
  33  148   54 24.580952 8.419048
  23   88   49 15.064286 7.935714
  12   36   34 6.350000 5.650000
  23   48   91 7.966667 15.033333
   9   26   26 4.628571 4.371429
  40  176   66 29.238095 10.761905
  21   66   57 11.311905 9.688095
   8   14   35 2.328571 5.671429
  23   64   74 10.840476 12.159524
   8   26   22 4.585714 3.414286
  46  190   86 31.830952 14.169048
   9   16   41 2.560317 6.439683
   3    0   20 0.000000 3.000000
  27   92   66 15.757143 11.242857
  15   56   33 9.531746 5.468254
  54  232   95 38.567857 15.432143
   9   18   35 2.948810 6.051190
  24   66   77 11.000000 13.000000
  13   44   33 7.423810 5.576190
  55  226  100 38.453571 16.546429
   9   24   30 4.191667 4.808333
  24   62   83 10.260714 13.739286
  12   30   45 4.994048 7.005952
  45  192   79 32.050000 12.950000
  20   82   37 13.954762 6.045238
  18   42   63 7.141667 10.858333
  17   60   45 9.754762 7.245238
  35  148   67 24.354762 10.645238
  21   84   41 14.133333 6.866667
  18   48   58 8.258333 9.741667
  26  104   50 17.515476 8.484524
  19   58   57 9.727381 9.272619
  31  138   46 23.342857 7.657143
  20   64   61 10.452381 9.547619
  30  118   58 19.964286 10.035714
  31  114   72 19.203571 11.796429
  28  120   53 19.702381 8.297619
  22   60   67 10.271429 11.728571
  19   52   62 8.661905 10.338095
  45  188   81 31.447619 13.552381
  22   84   50 14.115476 7.884524
  14   46   39 7.641667 6.358333
  19   50   62 8.514286 10.485714
  41  164   87 27.108333 13.891667
  14   36   45 6.190476 7.809524
  23   88   51 14.785714 8.214286
  22   64   65 10.840476 11.159524
  46  186   91 31.042857 14.957143
  12   30   43 4.925000 7.075000
  22   80   52 13.559524 8.440476
  20   46   72 7.938095 12.061905
  43  158  100 26.389286 16.610714
  18   58   49 9.875397 8.124603
  18   52   55 8.727381 9.272619
  21   56   72 9.452381 11.547619
  32  106   91 17.480952 14.519048
  19   56   59 9.285714 9.714286
  29  114   55 19.625000 9.375000
  20   50   69 8.658730 11.341270
  27   70   87 12.233333 14.766667
  23   86   58 13.995238 9.004762
  26   96   57 16.140476 9.859524
  24   84   62 14.166667 9.833333
  26   76   75 13.161905 12.838095
  21   66   64 10.897619 10.102381
  28  110   56 18.853571 9.146429
  25   86   67 14.210714 10.789286
  19   46   74 7.584524 11.415476
  26   78   70 13.769048 12.230952
  22   78   60 12.684921 9.315079
  33  124   70 21.198810 11.801190
  10   18   49 2.747619 7.252381
  26   64   85 11.598810 14.401190
  33  126   74 21.116667 11.883333
  31  120   64 20.380556 10.619444
  14   40   50 6.351190 7.648810
  30   78   93 13.842063 16.157937
  20   60   64 9.947222 10.052778
  36  136   79 23.107143 12.892857
  23   66   79 10.733333 12.266667
  24   70   67 12.351190 11.648810
  16   48   48 8.128571 7.871429
  37  146   76 24.632143 12.367857
  21   48   77 8.128571 12.871429
  17   36   67 6.042857 10.957143
  19   60   53 10.223810 8.776190
  43  164   95 27.620238 15.379762
  21   42   79 7.308333 13.691667
  27   78   82 13.034524 13.965476
  18   50   60 8.426587 9.573413
  34  114   95 18.676190 15.323810
  21   58   68 9.876190 11.123810
  22   64   69 10.790476 11.209524
  22   60   75 9.867857 12.132143
  35  116   90 19.752381 15.247619
  19   48   69 8.235714 10.764286
  21   54   71 9.386905 11.613095
  23   70   65 11.951190 11.048810
  37  138   85 22.892857 14.107143
  14   30   49 5.247619 8.752381
  21   64   66 10.602381 10.397619
  28   86   80 14.621429 13.378571
  37  130   95 21.973810 15.026190
   8   14   35 2.375000 5.625000
  18   56   51 9.590476 8.409524
  22   62   72 10.202381 11.797619
  52  208  102 35.132143 16.867857
   6   14   25 2.210714 3.789286
  18   66   38 11.307143 6.692857
  25   86   67 14.499206 10.500794
  51  238   66 39.990476 11.009524
   1    0    7 0.000000 1.000000
  16   50   49 8.216667 7.783333
  30   98   79 16.758333 13.241667
  53  228   89 38.352381 14.647619
   3    4   12 0.766667 2.233333
  10   28   35 4.457143 5.542857
  29   92   81 15.828571 13.171429
  58  274   74 45.988095 12.011905
   2    2    9 0.366667 1.633333
  15   42   45 7.425000 7.575000
  33  108   88 18.150000 14.850000
  50  218   88 36.186905 13.813095
   2    0   14 0.000000 2.000000
  15   42   54 6.782143 8.217857
  35  114   92 19.334524 15.665476
  48  184  100 31.195238 16.804762
   3    6   13 0.952381 2.047619
  48  186  105 31.256349 16.743651
  49  188  102 31.785714 17.214286
   4    6   17 1.033333 2.966667
  38  136   95 22.540476 15.459524
  58  242  104 40.820238 17.179762
  39  150   82 25.228571 13.771429
  61  286   82 47.739683 13.260317
  29   96   80 16.034524 12.965476
  71  344   80 57.512698 13.487302
  28  100   63 17.373810 10.626190
  72  374   63 62.046429 9.953571
  34  104   97 17.815476 16.184524
  66  302   97 50.228571 15.771429
  43  162   99 27.446825 15.553175
  57  240   99 40.515476 16.484524
  55  236   92 39.695238 15.304762
  45  180   92 30.010714 14.989286
  56  242   97 40.264286 15.735714
  44  164   97 27.600000 16.400000
  45  194   82 32.196429 12.803571
  55  242   82 41.205952 13.794048
  42  162   89 27.342857 14.657143
  58  260   89 43.746429 14.253571
  33  126   75 21.002381 11.997619
  67  324   75 54.392857 12.607143
  43  180   78 30.234524 12.765476
  57  264   78 43.985714 13.014286
  52  218   89 36.984524 15.015476
  48  204   89 34.004365 13.995635
  51  210  100 35.107143 15.892857
  49  190  100 32.069048 16.930952
  49  198   96 33.164286 15.835714
  51  210   96 35.494048 15.505952
  53  228   93 37.880952 15.119048
  47  186   93 31.529762 15.470238
  46  188   89 31.713889 14.286111
  54  234   89 39.591270 14.408730
  41  150   91 25.709524 15.290476
  59  268   91 44.442460 14.557540
  39  140   94 23.423810 15.576190
  61  272   94 45.701190 15.298810
  35  136   76 22.719048 12.280952
  65  312   76 52.409524 12.590476
  41  158   84 26.910714 14.089286
  59  274   84 45.410714 13.589286
  50  208   94 34.638095 15.361905
  50  204   94 34.394048 15.605952
  50  192   98 33.114286 16.885714
  50  212   98 34.865476 15.134524
  66  312   88 52.047222 13.952778
  34  112   88 19.214286 14.785714
  70  330   94 54.891667 15.108333
  30   82   94 13.900000 16.100000
  66  300   93 50.452381 15.547619
  34  114   93 19.151190 14.848810
  62  294   78 49.032143 12.967857
  38  150   78 25.210714 12.789286
  58  256   92 43.130952 14.869048
  42  160   92 26.958333 15.041667
  55  244   87 40.905952 14.094048
  45  182   87 30.925000 14.075000
  56  242   91 41.080952 14.919048
  44  176   91 29.546429 14.453571
  60  270   88 45.266667 14.733333
  40  154   88 25.623810 14.376190
  57  262   81 43.739286 13.260714
  43  176   81 29.442857 13.557143
  61  294   71 49.242857 11.757143
  39  164   71 27.499603 11.500397
  76  396   58 66.447619 9.552381
  24   88   58 14.733333 9.266667
  77  388   75 64.738095 12.261905
  23   62   75 10.704762 12.295238
  73  372   67 61.911905 11.088095
  27   94   67 16.009524 10.990476
  67  342   64 56.970238 10.029762
  33  130   64 22.066667 10.933333
  72  364   66 61.054762 10.945238
  28  104   66 17.411905 10.588095
  73  358   81 59.746032 13.253968
  27   80   81 13.421429 13.578571
  83  440   56 73.604762 9.395238
  17   48   56 7.940476 9.059524
  84  458   48 76.369048 7.630952
  16   46   48 7.719048 8.280952
  83  448   48 75.061905 7.938095
  17   56   48 9.515476 7.484524
  82  448   43 74.723810 7.276190
  18   66   43 11.100000 6.900000
  74  400   49 66.192063 7.807937
  26  102   49 17.259524 8.740476
  82  444   43 74.638095 7.361905
  18   70   43 11.426190 6.573810
  82  448   46 74.729762 7.270238
  18   60   46 10.209524 7.790476
  91  518   30 86.403571 4.596429
   9   22   30 3.933333 5.066667
  93  538   21 89.769048 3.230952
   7   20   21 3.728571 3.271429
  90  512   32 85.015873 4.984127
  10   24   32 4.309524 5.690476
  92  524   27 87.360714 4.639286
   8   22   27 3.557143 4.442857
  95  552   21 91.719048 3.280952
   5    6   21 1.100000 3.900000
  93  534   24 89.122619 3.877381
   7   18   24 3.100000 3.900000
  91  518   29 86.350000 4.650000
   9   24   29 4.150000 4.850000
  78  414   53 69.078571 8.921429
  22   80   53 13.271429 8.728571
  79  420   50 70.460714 8.539286
  21   80   50 13.279762 7.720238
  90  514   31 85.475000 4.525000
  10   24   31 4.338095 5.661905
  92  528   23 88.213095 3.786905
   8   26   23 4.371429 3.628571
  96  552   19 92.511905 3.488095
   4   10   19 1.410714 2.589286
  94  542   21 90.547619 3.452381
   6   16   21 2.558333 3.441667
  99  588    6 97.957143 1.042857
   1    0    6 0.000000 1.000000
 100  600    0 100.000000 0.000000
