   3    6   14 0.935714 2.064286
   1    0    6 0.000000 1.000000
   4    6   17 1.033333 2.966667
   1    0    8 0.000000 1.000000
   1    0    7 0.000000 1.000000
   1    0    7 0.000000 1.000000
   1    0    6 0.000000 1.000000
   2    2   10 0.342857 1.657143
   1    0    7 0.000000 1.000000
   1    0    8 0.000000 1.000000
   1    0    6 0.000000 1.000000
   1    0    6 0.000000 1.000000
   2    2   11 0.309524 1.690476
   3    6    9 1.233333 1.766667
   1    0    7 0.000000 1.000000
   7   22   16 3.990476 3.009524
   3    4   14 0.666667 2.333333
   1    0    7 0.000000 1.000000
   1    0    6 0.000000 1.000000
   1    0    6 0.000000 1.000000
   1    0    6 0.000000 1.000000
   3    4   14 0.666667 2.333333
   2    2   11 0.309524 1.690476
   1    0    6 0.000000 1.000000
   1    0    8 0.000000 1.000000
   1    0    7 0.000000 1.000000
   3    6    9 1.233333 1.766667
   2    2    8 0.416667 1.583333
   1    0    6 0.000000 1.000000
   2    2    9 0.366667 1.633333
   1    0    7 0.000000 1.000000
   2    2    9 0.366667 1.633333
   2    2   11 0.309524 1.690476
   1    0    7 0.000000 1.000000
   2    2    9 0.366667 1.633333
   1    0    8 0.000000 1.000000
   1    0    6 0.000000 1.000000
   1    0    8 0.000000 1.000000
   1    0    8 0.000000 1.000000
   3    4   12 0.733333 2.266667
   2    2    8 0.400000 1.600000
   1    0    6 0.000000 1.000000
   1    0    6 0.000000 1.000000
   1    0    6 0.000000 1.000000
   2    2   10 0.333333 1.666667
   2    2   11 0.309524 1.690476
   4   10   14 1.666667 2.333333
   2    2    8 0.400000 1.600000
   5   12   15 2.283333 2.716667
   2    2   11 0.309524 1.690476
   2    2   10 0.342857 1.657143
   2    2    8 0.416667 1.583333
   2    2   11 0.309524 1.690476
   3    4   13 0.700000 2.300000
   5   12   16 2.166667 2.833333
   7   20   22 3.511905 3.488095
   1    0    6 0.000000 1.000000
   1    0    6 0.000000 1.000000
   1    0    6 0.000000 1.000000
   1    0    6 0.000000 1.000000
   1    0    5 0.000000 1.000000
   5   10   21 1.735714 3.264286
   4    8   14 1.433333 2.566667
   4    6   19 0.976190 3.023810
   2    2   11 0.309524 1.690476
   1    0    7 0.000000 1.000000
   1    0    6 0.000000 1.000000
   4    8   15 1.419048 2.580952
   1    0    6 0.000000 1.000000
   1    0    6 0.000000 1.000000
   2    2   13 0.267857 1.732143
   1    0    8 0.000000 1.000000
   8   30   18 5.228571 2.771429
   1    0    7 0.000000 1.000000
   2    2    9 0.366667 1.633333
   1    0    7 0.000000 1.000000
   1    0    7 0.000000 1.000000
   3    6   10 1.185714 1.814286
   2    2    9 0.366667 1.633333
   2    2   11 0.309524 1.690476
   1    0    6 0.000000 1.000000
   2    2   12 0.291667 1.708333
   6   16   19 2.700000 3.300000
   3    4   16 0.625000 2.375000
   2    2   10 0.342857 1.657143
   6   16   21 2.729762 3.270238
   6   14   19 2.533333 3.466667
   2    2    9 0.366667 1.633333
   5    8   19 1.500000 3.500000
   4   10   14 1.661905 2.338095
   6   18   16 3.261905 2.738095
  11   34   29 6.057143 4.942857
   2    2   10 0.342857 1.657143
   1    0    6 0.000000 1.000000
   1    0    7 0.000000 1.000000
   4    4   19 0.742857 3.257143
   1    0    6 0.000000 1.000000
   4   10   17 1.500000 2.500000
   6   10   23 1.900000 4.100000
   1    0    5 0.000000 1.000000
   6   10   28 1.620238 4.379762
   5   12   19 1.928571 3.071429
   2    2   11 0.309524 1.690476
   1    0    7 0.000000 1.000000
   2    2   11 0.309524 1.690476
  10   30   30 4.923810 5.076190
   6    8   32 1.205952 4.794048
   2    0   11 0.000000 2.000000
  13   48   28 8.280952 4.719048
  10   30   27 5.354762 4.645238
   1    0    7 0.000000 1.000000
   1    0    6 0.000000 1.000000
   4    8   17 1.285714 2.714286
   5   14   15 2.475000 2.525000
   5   12   19 1.919048 3.080952
   2    2   10 0.333333 1.666667
   6   16   20 2.666667 3.333333
   5   10   22 1.614286 3.385714
   7   22   19 3.685714 3.314286
   8   18   31 3.292857 4.707143
   1    0    6 0.000000 1.000000
   8   26   21 4.495238 3.504762
   4    4   20 0.666667 3.333333
   1    0    7 0.000000 1.000000
  10   22   37 3.733333 6.266667
   4    4   19 0.700000 3.300000
   6   16   20 2.666667 3.333333
  20   74   47 12.402381 7.597619
   8   22   25 3.790476 4.209524
   6   16   22 2.600000 3.400000
   3    6   15 0.869048 2.130952
   3    4   17 0.601190 2.398810
   1    0    7 0.000000 1.000000
   4   10   11 1.900000 2.100000
   8   22   28 3.450794 4.549206
   7   12   26 2.200000 4.800000
   8   26   24 4.190476 3.809524
   4    2   23 0.366667 3.633333
   2    2   10 0.342857 1.657143
   7   20   26 3.232143 3.767857
   8   26   20 4.504762 3.495238
   4   10   15 1.614286 2.385714
  21   72   48 12.447619 8.552381
  14   50   30 8.673810 5.326190
   2    0   12 0.000000 2.000000
   6   20   16 3.457143 2.542857
   1    0    6 0.000000 1.000000
   8   26   19 4.633333 3.366667
   8   18   33 2.833333 5.166667
   9   30   23 5.200000 3.800000
   4    8   16 1.352381 2.647619
   2    2    9 0.366667 1.633333
   1    0    6 0.000000 1.000000
   4    4   20 0.666667 3.333333
   8   24   25 3.957143 4.042857
   8   24   25 3.933333 4.066667
  18   58   48 9.871429 8.128571
  21   90   38 15.002381 5.997619
   8   20   30 3.258333 4.741667
  12   44   25 7.650000 4.350000
  11   28   37 4.700000 6.300000
   7   16   27 2.666667 4.333333
   8   24   24 4.036905 3.963095
   3    6   13 0.983333 2.016667
  13   46   29 8.064286 4.935714
   6   16   22 2.490476 3.509524
  20   66   53 11.215476 8.784524
  12   36   38 6.010714 5.989286
   5    4   23 0.766667 4.233333
  19   76   37 12.804762 6.195238
  15   48   43 8.033333 6.966667
   5    6   27 0.977381 4.022619
   4    4   20 0.700000 3.300000
  17   70   33 11.715476 5.284524
   2    2   10 0.333333 1.666667
  22   80   55 13.260317 8.739683
  11   32   30 5.709524 5.290476
   4    2   22 0.366667 3.633333
  19   64   52 10.676190 8.323810
  12   30   45 4.825000 7.175000
  14   36   42 6.621429 7.378571
   9   30   23 5.159524 3.840476
  12   48   25 8.077778 3.922222
   2    2   12 0.291667 1.708333
  17   42   62 6.913095 10.086905
  11   36   27 6.426190 4.573810
   8   14   29 2.688095 5.311905
  14   44   36 7.580952 6.419048
  10   24   33 4.207143 5.792857
  10   30   36 4.617857 5.382143
   7   16   28 2.590476 4.409524
  16   64   33 10.541667 5.458333
   1    0    5 0.000000 1.000000
  12   26   45 4.523810 7.476190
  22   94   43 15.570238 6.429762
   2    2    9 0.366667 1.633333
   9   24   28 4.302381 4.697619
  16   40   58 6.801190 9.198810
   8   18   32 3.091667 4.908333
   3    4   15 0.628571 2.371429
  16   62   33 10.470238 5.529762
  20   52   69 8.767857 11.232143
  26   92   62 15.552381 10.447619
   4    6   17 1.033333 2.966667
   2    0   10 0.000000 2.000000
  11   22   47 3.620238 7.379762
   9   24   32 3.838095 5.161905
   1    0    6 0.000000 1.000000
  13   38   34 6.783333 6.216667
  34  128   76 21.420238 12.579762
  26   94   66 15.611905 10.388095
   7   18   22 3.066667 3.933333
  11   30   33 5.566667 5.433333
   5   10   19 1.761905 3.238095
   1    0    6 0.000000 1.000000
  15   54   36 8.940476 6.059524
  32  120   75 19.909524 12.090476
  29  112   65 18.514286 10.485714
   5   14   19 2.178571 2.821429
  12   32   39 5.533333 6.466667
   1    0    6 0.000000 1.000000
   1    0    7 0.000000 1.000000
  10   34   28 5.605556 4.394444
  35  130   75 22.002381 12.997619
  36  164   52 27.711905 8.288095
  14   46   36 7.895238 6.104762
  10   24   35 4.138095 5.861905
   1    0    6 0.000000 1.000000
   8   22   28 3.590476 4.409524
  42  178   78 29.889683 12.110317
  25   84   63 14.354762 10.645238
  16   54   43 8.926190 7.073810
   7   16   28 2.550000 4.450000
   1    0    6 0.000000 1.000000
   6    8   30 1.304762 4.695238
  42  176   71 29.904762 12.095238
  28  114   54 19.238095 8.761905
  12   44   28 7.391667 4.608333
   9   26   31 4.204762 4.795238
   6   10   25 1.800000 4.200000
  39  166   66 28.205952 10.794048
  34  154   50 25.813095 8.186905
   7   24   20 4.008333 2.991667
   7   18   25 2.952381 4.047619
  10   20   41 3.238095 6.761905
  39  172   64 28.555952 10.444048
  37  148   68 25.165476 11.834524
   5   14   15 2.428571 2.571429
   8   18   30 3.111905 4.888095
  12   36   34 6.242857 5.757143
  45  212   61 35.240476 9.759524
  30  126   54 21.011905 8.988095
   7   20   22 3.403571 3.596429
  17   58   45 9.942857 7.057143
  13   36   39 6.538095 6.461905
  38  160   72 26.544048 11.455952
  25   86   62 14.552381 10.447619
   6   14   25 2.122619 3.877381
  28  100   65 17.054762 10.945238
  12   34   36 5.830952 6.169048
  38  162   65 27.427381 10.572619
  16   44   55 7.192857 8.807143
  30  124   60 20.520238 9.479762
  10   24   35 4.160714 5.839286
  41  180   62 30.495635 10.504365
  19   60   55 10.096429 8.903571
  26   86   70 14.475000 11.525000
  10   22   34 4.000000 6.000000
  37  158   65 26.307143 10.692857
  27  100   65 16.655952 10.344048
  32  116   71 19.809524 12.190476
   6   10   25 1.776190 4.223810
  31  128   62 21.154762 9.845238
  31  130   58 21.666667 9.333333
  45  194   77 32.485714 12.514286
   4    4   20 0.666667 3.333333
  31  114   72 19.222619 11.777381
  20   74   45 12.628571 7.371429
  43  184   74 30.913095 12.086905
   3    2   18 0.291667 2.708333
  31  112   73 18.981349 12.018651
  23   82   55 13.932143 9.067857
  38  160   72 26.530159 11.469841
   1    0    5 0.000000 1.000000
  29  102   74 16.876190 12.123810
  32  128   59 21.842857 10.157143
  28  106   59 17.958333 10.041667
  30  112   69 18.942857 11.057143
  42  192   62 32.105952 9.894048
  31  102   78 17.492857 13.507143
  33  122   80 20.357143 12.642857
  36  144   74 23.892857 12.107143
  17   54   52 9.036905 7.963095
  32  114   77 19.385714 12.614286
  51  226   77 38.022619 12.977381
  13   30   48 5.135714 7.864286
  28   76   90 12.857143 15.142857
  59  264   92 44.340476 14.659524
  13   46   34 7.673810 5.326190
  19   48   62 8.247619 10.752381
  68  338   72 56.543651 11.456349
   7   14   29 2.401190 4.598810
  32  112   79 18.928571 13.071429
  61  286   80 47.678571 13.321429
   5   12   18 2.071429 2.928571
  31   90   91 15.554762 15.445238
  64  292   97 48.804762 15.195238
   4    4   22 0.619048 3.380952
  34  106   92 18.320635 15.679365
  62  276  100 45.857143 16.142857
   5   12   17 2.061905 2.938095
  44  170   91 28.871429 15.128571
  51  226   84 37.741667 13.258333
   6   14   22 2.352381 3.647619
  54  224   95 37.963095 16.036905
  40  164   81 27.197619 12.802381
   6   14   21 2.428571 3.571429
  52  222   89 37.297619 14.702381
  42  178   76 29.733730 12.266270
   4    4   21 0.658333 3.341667
  49  204   85 34.773810 14.226190
  47  202   84 33.716667 13.283333
   3    2   17 0.309524 2.690476
  47  202   84 33.553571 13.446429
  50  214   81 36.426190 13.573810
  52  242   67 40.621429 11.378571
  48  224   67 37.303571 10.696429
  53  248   66 41.869048 11.130952
  47  220   66 36.666270 10.333730
  60  292   71 48.834524 11.165476
  40  166   71 28.002381 11.997619
  65  334   56 55.804762 9.195238
  35  154   56 25.714286 9.285714
  63  314   67 52.139286 10.860714
  37  152   67 25.427381 11.572619
  56  270   69 44.705952 11.294048
  44  192   69 32.608333 11.391667
  55  260   67 43.465476 11.534524
  45  206   67 34.350000 10.650000
  61  280   83 47.009524 13.990476
  39  154   83 25.565476 13.434524
  50  218   81 37.021429 12.978571
  50  220   81 37.050794 12.949206
  56  250   85 42.076190 13.923810
  44  180   85 30.318651 13.681349
  45  182   89 30.451190 14.548810
  55  240   89 40.388095 14.611905
  43  170   98 27.783730 15.216270
  57  234   98 39.882143 17.117857
  42  170   83 28.461905 13.538095
  58  264   83 44.432143 13.567857
  47  202   82 33.703571 13.296429
  53  234   82 39.102381 13.897619
  45  184   86 30.992857 14.007143
  55  244   86 40.951190 14.048810
  43  178   81 29.766667 13.233333
  57  260   81 43.678571 13.321429
  49  212   88 34.871429 14.128571
  51  212   88 36.128571 14.871429
  56  250   86 42.219048 13.780952
  44  178   86 30.000000 14.000000
  47  202   84 33.875000 13.125000
  53  230   84 38.963095 14.036905
  53  260   58 43.532143 9.467857
  47  224   58 37.526190 9.473810
  53  244   73 40.833333 12.166667
  47  210   73 35.153571 11.846429
  41  166   80 27.828571 13.171429
  59  274   80 46.030952 12.969048
  36  146   70 24.341270 11.658730
  64  314   70 52.380952 11.619048
  38  148   85 24.259524 13.740476
  62  282   85 47.459921 14.540079
  32  112   81 18.695238 13.304762
  68  326   81 54.461905 13.538095
  29  120   59 19.885714 9.114286
  71  362   59 61.094048 9.905952
  28  102   62 17.423810 10.576190
  72  374   62 62.257143 9.742857
  19   58   57 9.761905 9.238095
  81  428   57 71.598810 9.401190
  21   60   64 10.088095 10.911905
  79  412   64 68.626190 10.373810
  22   80   55 13.435714 8.564286
  78  410   55 68.940476 9.059524
  30  108   68 18.385714 11.614286
  70  356   68 59.117857 10.882143
  24   78   65 13.090476 10.909524
  76  392   65 65.492857 10.507143
  28   94   74 15.508333 12.491667
  72  358   74 59.907143 12.092857
  22   68   66 11.508333 10.491667
  78  400   66 67.195238 10.804762
  16   38   57 6.433333 9.566667
  84  448   57 74.600397 9.399603
  22   80   54 13.219048 8.780952
  78  412   54 68.776190 9.223810
  23   82   57 13.752381 9.247619
  77  404   57 67.657143 9.342857
  28  100   67 16.796429 11.203571
  72  366   67 61.078571 10.921429
  23   72   69 11.938095 11.061905
  77  390   69 65.455952 11.544048
  10   18   45 2.919048 7.080952
  90  492   45 82.463095 7.536905
  13   42   37 7.196429 5.803571
  87  484   37 80.929762 6.070238
  11   36   28 6.309524 4.690476
  89  508   28 84.580952 4.419048
   7   18   24 3.080952 3.919048
  93  534   24 89.140476 3.859524
   4    8   16 1.385714 2.614286
  96  560   16 93.452381 2.547619
   2    2   10 0.333333 1.666667
  98  578   10 96.280952 1.719048
   1    0    6 0.000000 1.000000
  99  588    6 97.990476 1.009524
   1    0    7 0.000000 1.000000
  99  586    7 97.823810 1.176190
 100  600    0 100.000000 0.000000
