   1    0    6 0.000000 1.000000
   1    0    6 0.000000 1.000000
   3    6   14 0.916667 2.083333
   1    0    6 0.000000 1.000000
   1    0    6 0.000000 1.000000
   3    6   13 0.952381 2.047619
   1    0    7 0.000000 1.000000
   2    2    8 0.400000 1.600000
   1    0    5 0.000000 1.000000
   1    0    6 0.000000 1.000000
   2    2    9 0.366667 1.633333
   3    6   12 1.019048 1.980952
   2    2   10 0.333333 1.666667
   1    0    6 0.000000 1.000000
   1    0    7 0.000000 1.000000
   1    0    5 0.000000 1.000000
   1    0    6 0.000000 1.000000
   9   34   19 5.838095 3.161905
   1    0    6 0.000000 1.000000
   1    0    6 0.000000 1.000000
   1    0    5 0.000000 1.000000
   1    0    7 0.000000 1.000000
   1    0    7 0.000000 1.000000
   1    0    7 0.000000 1.000000
   1    0    5 0.000000 1.000000
   2    2   11 0.309524 1.690476
   1    0    6 0.000000 1.000000
   3    4   15 0.691667 2.308333
   2    2    9 0.366667 1.633333
   1    0    7 0.000000 1.000000
   1    0    7 0.000000 1.000000
   1    0    8 0.000000 1.000000
   2    2   10 0.333333 1.666667
   2    2    8 0.416667 1.583333
   3    6   12 1.050000 1.950000
   1    0    7 0.000000 1.000000
   2    2   11 0.309524 1.690476
   1    0    6 0.000000 1.000000
   1    0    6 0.000000 1.000000
   2    2    9 0.366667 1.633333
   1    0    6 0.000000 1.000000
   1    0    6 0.000000 1.000000
   2    2   10 0.333333 1.666667
   2    2    7 0.450000 1.550000
   1    0    6 0.000000 1.000000
   1    0    6 0.000000 1.000000
   1    0    6 0.000000 1.000000
   2    2    9 0.366667 1.633333
   1    0    6 0.000000 1.000000
   2    2   11 0.309524 1.690476
   1    0    7 0.000000 1.000000
   1    0    6 0.000000 1.000000
   4    8   13 1.528571 2.471429
   1    0    7 0.000000 1.000000
   1    0    8 0.000000 1.000000
   2    2   10 0.342857 1.657143
   1    0    6 0.000000 1.000000
   1    0    5 0.000000 1.000000
   1    0    6 0.000000 1.000000
   1    0    6 0.000000 1.000000
   3    6   11 1.066667 1.933333
   2    2   10 0.333333 1.666667
   1    0    7 0.000000 1.000000
   1    0    7 0.000000 1.000000
   3    6   11 1.119048 1.880952
   2    2    9 0.366667 1.633333
   2    2   10 0.333333 1.666667
   2    2   10 0.333333 1.666667
   4   10   14 1.719048 2.280952
   5   14   15 2.466667 2.533333
   9   30   23 5.138095 3.861905
   1    0    6 0.000000 1.000000
   4    6   16 1.100000 2.900000
   1    0    7 0.000000 1.000000
   2    2   11 0.309524 1.690476
   2    2   11 0.309524 1.690476
   3    6   11 1.066667 1.933333
   8   24   24 4.009524 3.990476
   1    0    7 0.000000 1.000000
   2    2   12 0.291667 1.708333
   1    0    7 0.000000 1.000000
   3    4   15 0.628571 2.371429
   1    0    6 0.000000 1.000000
   1    0    7 0.000000 1.000000
   1    0    8 0.000000 1.000000
   4    8   15 1.428571 2.571429
   2    2    9 0.366667 1.633333
   3    6   14 0.904762 2.095238
   1    0    6 0.000000 1.000000
   5   14   14 2.495238 2.504762
   6   18   18 3.052381 2.947619
   1    0    6 0.000000 1.000000
   5    8   19 1.500000 3.500000
   2    2   10 0.333333 1.666667
   3    4   13 0.700000 2.300000
   1    0    7 0.000000 1.000000
   7   18   23 2.995238 4.004762
   2    2   10 0.342857 1.657143
   5   12   17 2.090476 2.909524
  12   42   32 6.944048 5.055952
   2    2    9 0.366667 1.633333
   5   14   16 2.500000 2.500000
   3    4   12 0.766667 2.233333
   6   18   17 3.104762 2.895238
   4    6   19 0.983333 3.016667
   4    4   22 0.628571 3.371429
   1    0    6 0.000000 1.000000
   5   10   19 1.697619 3.302381
   1    0    6 0.000000 1.000000
   1    0    8 0.000000 1.000000
  11   30   35 5.059524 5.940476
   4    8   17 1.410714 2.589286
   1    0    6 0.000000 1.000000
   1    0    6 0.000000 1.000000
   1    0    6 0.000000 1.000000
   1    0    5 0.000000 1.000000
   2    2   10 0.342857 1.657143
   8   24   22 4.195238 3.804762
   1    0    6 0.000000 1.000000
   4   10   17 1.535714 2.464286
   5   16   14 2.885714 2.114286
   3    4   13 0.733333 2.266667
   1    0    6 0.000000 1.000000
   6   10   26 1.759524 4.240476
   7   22   20 3.671429 3.328571
  15   60   28 10.352381 4.647619
   7   18   27 2.913095 4.086905
   3    4   16 0.625000 2.375000
   8   26   21 4.459524 3.540476
   2    0   12 0.000000 2.000000
   1    0    5 0.000000 1.000000
   1    0    7 0.000000 1.000000
   1    0    6 0.000000 1.000000
  11   34   32 5.828571 5.171429
   8   24   21 4.238095 3.761905
   5   16   14 2.885714 2.114286
   1    0    9 0.000000 1.000000
   2    2   10 0.333333 1.666667
   4    4   17 0.766667 3.233333
   7   20   20 3.396429 3.603571
   1    0    6 0.000000 1.000000
   2    2    8 0.400000 1.600000
   3    6   13 0.952381 2.047619
   4   10   16 1.547619 2.452381
   7   12   32 1.952381 5.047619
   2    0   12 0.000000 2.000000
  17   64   37 10.861905 6.138095
   7   14   29 2.380952 4.619048
   5   14   17 2.341667 2.658333
   5    8   24 1.259524 3.740476
   2    2    9 0.366667 1.633333
   5   10   22 1.696429 3.303571
  13   38   38 6.666667 6.333333
   2    2   10 0.333333 1.666667
   5   12   19 1.928571 3.071429
   1    0    6 0.000000 1.000000
   1    0    5 0.000000 1.000000
  12   32   37 5.642857 6.357143
   1    0    7 0.000000 1.000000
   1    0    6 0.000000 1.000000
  21   74   52 12.489286 8.510714
  26  104   50 17.725397 8.274603
   6   12   26 2.126190 3.873810
   6   14   17 2.704762 3.295238
   7   16   27 2.598810 4.401190
   2    2   11 0.309524 1.690476
   9   22   30 3.823810 5.176190
   2    2   12 0.291667 1.708333
  10   36   23 6.400000 3.600000
  10   26   36 4.364286 5.635714
   2    0   12 0.000000 2.000000
  20   72   50 11.963492 8.036508
  28  106   58 18.169048 9.830952
   6    8   28 1.285714 4.714286
   4   10   14 1.791667 2.208333
   5    8   22 1.410714 3.589286
   2    2    9 0.366667 1.633333
   8   16   29 2.850000 5.150000
   1    0    6 0.000000 1.000000
  12   46   29 7.551190 4.448810
  14   38   48 6.435714 7.564286
   3    4   14 0.666667 2.333333
  17   50   55 8.147619 8.852381
  29  114   58 19.303571 9.696429
   4    4   21 0.652381 3.347619
   5   14   17 2.411905 2.588095
  16   52   43 8.773810 7.226190
   2    2    9 0.366667 1.633333
  10   38   23 6.455952 3.544048
  13   28   46 4.895238 8.104762
   5   14   15 2.461905 2.538095
  16   50   52 8.166667 7.833333
  35  148   61 25.141667 9.858333
   4    6   18 1.019048 2.980952
   8   20   28 3.371429 4.628571
  14   44   42 7.352381 6.647619
   5   12   19 2.160714 2.839286
   5   10   19 1.766667 3.233333
  16   34   59 5.921429 10.078571
   1    0    6 0.000000 1.000000
  12   26   48 4.278571 7.721429
  25   92   60 15.333333 9.666667
   1    0    6 0.000000 1.000000
   5    8   21 1.400000 3.600000
  22   80   51 13.566667 8.433333
  11   34   38 5.429762 5.570238
  10   26   29 4.783333 5.216667
   8   14   37 2.346429 5.653571
   2    2    8 0.416667 1.583333
  16   36   58 6.175000 9.825000
  21   80   48 13.247619 7.752381
   7   16   24 2.954762 4.045238
  26   98   57 16.367857 9.632143
  16   50   47 8.561905 7.438095
   8   18   30 3.076190 4.923810
   7   10   32 1.734524 5.265476
   1    0    6 0.000000 1.000000
  14   36   48 6.078571 7.921429
  12   38   37 6.195238 5.804762
  13   52   28 8.709524 4.290476
  30  104   76 17.616667 12.383333
  17   52   52 8.576190 8.423810
   7   18   24 2.980952 4.019048
   6    8   27 1.366667 4.633333
   1    0    5 0.000000 1.000000
  14   32   47 5.726190 8.273810
  13   48   27 8.367857 4.632143
  21   86   37 14.565476 6.434524
  28  102   74 16.550794 11.449206
  12   34   39 5.709524 6.290476
  10   36   22 6.185714 3.814286
   6   10   28 1.614286 4.385714
   2    2    9 0.366667 1.633333
   8   10   36 1.726190 6.273810
  17   60   43 10.004762 6.995238
  18   62   47 10.290476 7.709524
  28   92   82 15.191667 12.808333
  10   30   28 5.230952 4.769048
  13   50   27 8.390476 4.609524
   8   18   27 3.342857 4.657143
   3    6   11 1.066667 1.933333
   3    2   15 0.333333 2.666667
  20   62   54 10.869048 9.130952
  24   88   51 15.108333 8.891667
  28  110   61 18.066667 9.933333
   8   26   25 4.086905 3.913095
  11   34   34 5.570238 5.429762
   4    4   20 0.709524 3.290476
   4   10   14 1.714286 2.285714
   1    0    7 0.000000 1.000000
  20   52   67 8.635714 11.364286
  28  102   67 16.911905 11.088095
  34  132   72 22.000794 11.999206
   3    4   15 0.642857 2.357143
  11   36   27 6.280952 4.719048
   3    4   16 0.595238 2.404762
   1    0    6 0.000000 1.000000
  17   52   52 8.632143 8.367857
  30  104   76 17.529762 12.470238
  36  142   68 24.019048 11.980952
   2    2   10 0.333333 1.666667
  13   38   43 6.204762 6.795238
   2    2   11 0.309524 1.690476
  24   78   71 12.908333 11.091667
  31   94   90 15.877381 15.122619
  27  104   58 17.319048 9.680952
  15   40   46 6.876190 8.123810
   3    6   13 0.952381 2.047619
  22   72   62 12.034524 9.965476
  36  108  103 18.632143 17.367857
  22   80   55 13.132143 8.867857
  18   52   56 8.726190 9.273810
   2    2   10 0.342857 1.657143
  31  124   63 20.638095 10.361905
  42  152   98 25.813095 16.186905
  11   20   46 3.430952 7.569048
  16   46   51 7.826190 8.173810
  25   92   58 15.371429 9.628571
  43  192   70 32.084524 10.915476
  18   50   57 8.476190 9.523810
  14   28   53 4.952381 9.047619
  28  104   62 17.825000 10.175000
  29  118   57 19.579762 9.420238
  30  102   78 17.214286 12.785714
  13   30   49 5.178571 7.821429
  38  168   58 28.294048 9.705952
  21   80   45 13.400000 7.600000
  32  126   71 20.744048 11.255952
   9   22   30 3.842857 5.157143
  31  128   57 21.344048 9.655952
  24  100   44 16.791667 7.208333
  40  156   87 25.861905 14.138095
   5    6   22 1.083333 3.916667
  38  186   41 31.327381 6.672619
  17   60   42 9.928571 7.071429
  41  158   90 26.081746 14.918254
   4    2   21 0.366667 3.633333
  36  162   52 27.478571 8.521429
  15   56   35 9.508333 5.491667
  48  208   81 34.834524 13.165476
   1    0    6 0.000000 1.000000
  41  180   62 30.684524 10.315476
  15   50   39 8.530952 6.469048
  43  178   84 29.666270 13.333730
   1    0    7 0.000000 1.000000
  32  138   54 23.252381 8.747619
  18   60   45 10.227381 7.772619
  50  230   73 38.309524 11.690476
  25   98   53 16.266667 8.733333
  19   62   54 10.166667 8.833333
  56  260   73 43.679762 12.320238
  21   74   52 12.385714 8.614286
   8   14   36 2.247619 5.752381
  71  350   74 58.601190 12.398810
  30  118   61 19.965476 10.034524
   5    6   25 0.976190 4.023810
  65  308   82 51.321429 13.678571
  21   68   58 11.333333 9.666667
   5    6   29 0.934524 4.065476
  74  356   83 59.957143 14.042857
  26   84   72 14.217460 11.782540
   4    2   22 0.342857 3.657143
  70  346   74 58.007143 11.992857
  19   62   52 10.480952 8.519048
   7   14   26 2.471429 4.528571
  74  390   56 64.794048 9.205952
  18   66   41 11.382143 6.617857
   3    4   16 0.592857 2.407143
  79  432   41 72.151190 6.848810
  11   28   40 4.679762 6.320238
   1    0    7 0.000000 1.000000
  88  484   41 81.214286 6.785714
  17   64   40 10.592857 6.407143
   2    2    8 0.400000 1.600000
  81  446   40 74.491667 6.508333
  16   60   34 10.209524 5.790476
   1    0    6 0.000000 1.000000
  83  468   32 77.978175 5.021825
  17   60   40 10.242857 6.757143
  83  460   40 76.621429 6.378571
  22   88   43 14.876190 7.123810
  78  426   43 71.020238 6.979762
  23   94   45 15.680952 7.319048
  77  416   45 69.328571 7.671429
  41  190   53 32.167857 8.832143
  59  304   53 50.633333 8.366667
  38  174   57 28.865476 9.134524
  62  312   57 52.527381 9.472619
  49  232   62 38.833333 10.166667
  51  244   62 40.857143 10.142857
  35  138   72 23.296429 11.703571
  65  318   72 53.278571 11.721429
  43  172   84 28.894048 14.105952
  57  260   84 43.082143 13.917857
  41  168   77 28.139286 12.860714
  59  278   77 46.654762 12.345238
  53  234   82 39.438095 13.561905
  47  202   82 33.642857 13.357143
  44  190   72 31.910714 12.089286
  56  266   72 44.785317 11.214683
  37  152   66 26.088095 10.911905
  63  316   66 52.719048 10.280952
  28  104   66 17.719444 10.280556
  72  364   66 61.271429 10.728571
  28  116   49 19.647619 8.352381
  72  386   49 64.421429 7.578571
  38  160   70 26.617857 11.382143
  62  300   70 50.073810 11.926190
  40  166   75 27.647619 12.352381
  60  284   75 47.507937 12.492063
  40  168   73 27.975000 12.025000
  60  286   73 47.925000 12.075000
  22   80   57 13.000000 9.000000
  78  406   57 68.373810 9.626190
  29  110   66 18.460714 10.539286
  71  358   66 60.130159 10.869841
  32  116   73 19.550000 12.450000
  68  338   73 56.423810 11.576190
  30  116   63 19.490476 10.509524
  70  358   63 59.808333 10.191667
  16   38   61 6.347619 9.652381
  84  440   61 73.758333 10.241667
   9   18   34 3.233333 5.766667
  91  514   34 85.509524 5.490476
  15   44   43 7.752381 7.247619
  85  470   43 78.101190 6.898810
   8   24   26 3.944048 4.055952
  92  524   26 87.585714 4.414286
   6    8   32 1.245238 4.754762
  94  528   32 88.404762 5.595238
   5   10   23 1.547619 3.452381
  95  544   23 91.095238 3.904762
   5   10   20 1.786905 3.213095
  95  550   20 91.723810 3.276190
   2    0   12 0.000000 2.000000
  98  576   12 96.061905 1.938095
   2    2   11 0.309524 1.690476
  98  576   11 96.132143 1.867857
   4   10   12 1.833333 2.166667
  96  566   12 94.135714 1.864286
   6   14   22 2.409524 3.590476
  94  542   22 90.289286 3.710714
   6   12   24 2.038095 3.961905
  94  540   24 90.194841 3.805159
   8   20   27 3.423810 4.576190
  92  526   27 87.688095 4.311905
   5   14   16 2.300000 2.700000
  95  554   16 92.447619 2.552381
   6   12   21 2.228571 3.771429
  94  546   21 90.717857 3.282143
   2    2    9 0.366667 1.633333
  98  580    9 96.500000 1.500000
   1    0    7 0.000000 1.000000
  99  586    7 97.883333 1.116667
   1    0    6 0.000000 1.000000
  99  588    6 98.014286 0.985714
   1    0    9 0.000000 1.000000
  99  582    9 97.364286 1.635714
 100  600    0 100.000000 0.000000
