   1    0    6 0.000000 1.000000
   2    2   10 0.342857 1.657143
   2    2   11 0.309524 1.690476
   3    4   11 0.783333 2.216667
   1    0    6 0.000000 1.000000
   5   10   19 1.733333 3.266667
   2    2   10 0.333333 1.666667
   2    2    9 0.366667 1.633333
   5   12   16 2.128571 2.871429
   2    2    7 0.450000 1.550000
   2    2   12 0.285714 1.714286
   1    0    7 0.000000 1.000000
   2    2    8 0.400000 1.600000
   2    2   10 0.333333 1.666667
   2    2   12 0.285714 1.714286
   1    0    5 0.000000 1.000000
   1    0    6 0.000000 1.000000
   4    8   13 1.500000 2.500000
   1    0    7 0.000000 1.000000
   2    2    9 0.366667 1.633333
   1    0    5 0.000000 1.000000
   3    6   14 0.904762 2.095238
   1    0    7 0.000000 1.000000
   1    0    7 0.000000 1.000000
   1    0    6 0.000000 1.000000
   2    2    9 0.366667 1.633333
   2    2   11 0.309524 1.690476
   2    2    9 0.366667 1.633333
   4    8   16 1.385714 2.614286
   1    0    7 0.000000 1.000000
   1    0    6 0.000000 1.000000
   7   20   21 3.452381 3.547619
   1    0    6 0.000000 1.000000
   2    2    9 0.366667 1.633333
   1    0    7 0.000000 1.000000
   7   22   21 3.633333 3.366667
   1    0    7 0.000000 1.000000
   2    2   11 0.309524 1.690476
   1    0    8 0.000000 1.000000
   1    0    6 0.000000 1.000000
   1    0    6 0.000000 1.000000
   1    0    6 0.000000 1.000000
   4    6   18 1.042857 2.957143
   1    0    7 0.000000 1.000000
   1    0    8 0.000000 1.000000
   1    0    6 0.000000 1.000000
   1    0    6 0.000000 1.000000
   3    4   13 0.733333 2.266667
   2    2   11 0.309524 1.690476
   8   28   18 4.961905 3.038095
   4    4   20 0.676190 3.323810
   1    0    6 0.000000 1.000000
   8   24   20 4.338095 3.661905
   5   14   17 2.371429 2.628571
   2    0   15 0.000000 2.000000
   1    0    6 0.000000 1.000000
   3    6   10 1.166667 1.833333
   2    2    9 0.366667 1.633333
   7   20   22 3.314286 3.685714
   1    0    6 0.000000 1.000000
   1    0    6 0.000000 1.000000
   4   10   13 1.761905 2.238095
   1    0    6 0.000000 1.000000
   3    4   13 0.700000 2.300000
   5   12   20 1.986905 3.013095
   1    0    5 0.000000 1.000000
   7   12   31 2.025000 4.975000
   1    0    7 0.000000 1.000000
   1    0    7 0.000000 1.000000
   4   10   14 1.719048 2.280952
   3    4   12 0.766667 2.233333
   1    0    8 0.000000 1.000000
   7   18   28 2.919444 4.080556
   1    0    6 0.000000 1.000000
   4    8   14 1.466667 2.533333
   2    2   10 0.342857 1.657143
  11   42   24 7.185714 3.814286
   1    0    7 0.000000 1.000000
   7   20   20 3.528571 3.471429
   4    4   22 0.616667 3.383333
   2    0   13 0.000000 2.000000
   5   14   14 2.528571 2.471429
   5    8   25 1.257143 3.742857
   2    2   10 0.342857 1.657143
   2    2   12 0.291667 1.708333
   1    0    7 0.000000 1.000000
  13   44   32 7.601190 5.398810
   8   20   26 3.519048 4.480952
   1    0    6 0.000000 1.000000
   6   18   18 3.144048 2.855952
   3    6   14 0.904762 2.095238
   8   18   30 3.102381 4.897619
   1    0    6 0.000000 1.000000
   4    8   16 1.333333 2.666667
   3    6   15 0.869048 2.130952
   6    8   23 1.566667 4.433333
   4   10   13 1.761905 2.238095
   6   14   21 2.410714 3.589286
   1    0    5 0.000000 1.000000
   7   16   29 2.603571 4.396429
   1    0    5 0.000000 1.000000
   9   26   30 4.269048 4.730952
   1    0    7 0.000000 1.000000
   3    6   11 1.066667 1.933333
   2    2   11 0.309524 1.690476
   5    8   21 1.400000 3.600000
   6   20   16 3.561905 2.438095
   4    4   16 0.800000 3.200000
   8   22   28 3.613095 4.386905
   7   20   23 3.242857 3.757143
   3    4   14 0.725000 2.275000
   4    8   17 1.335714 2.664286
   5   14   15 2.461905 2.538095
   9   32   22 5.442857 3.557143
   1    0    6 0.000000 1.000000
   3    2   16 0.392857 2.607143
   3    4   14 0.676190 2.323810
   7   10   29 1.833333 5.166667
   5   14   16 2.471429 2.528571
  15   50   42 8.319048 6.680952
  13   46   34 7.646429 5.353571
   3    4   14 0.725000 2.275000
   3    6   12 1.019048 1.980952
   7   24   18 4.147619 2.852381
   1    0    5 0.000000 1.000000
   1    0    6 0.000000 1.000000
   5    4   26 0.700000 4.300000
   7   14   29 2.414286 4.585714
   4    6   16 1.100000 2.900000
   4   10   16 1.547619 2.452381
   6   16   21 2.711905 3.288095
   2    2    9 0.366667 1.633333
   7   12   33 1.910714 5.089286
   2    2    9 0.366667 1.633333
   6    8   26 1.466667 4.533333
   7   20   22 3.361905 3.638095
  22   84   46 14.302381 7.697619
   9   30   25 5.022619 3.977381
   1    0    6 0.000000 1.000000
   2    2   11 0.325000 1.675000
  17   68   34 11.508333 5.491667
   7   14   26 2.600000 4.400000
  11   34   31 5.830952 5.169048
   1    0    7 0.000000 1.000000
   3    6   12 1.000000 2.000000
   5   10   18 1.766667 3.233333
   1    0    6 0.000000 1.000000
   4    6   22 0.845238 3.154762
   2    2    9 0.366667 1.633333
   4    8   16 1.295238 2.704762
  11   30   36 5.116667 5.883333
  22   78   53 13.273810 8.726190
   8   18   29 3.114286 4.885714
   1    0    6 0.000000 1.000000
  19   74   41 12.419048 6.580952
  15   48   39 8.233333 6.766667
  11   34   32 5.800000 5.200000
   1    0    7 0.000000 1.000000
   2    2   11 0.309524 1.690476
   5   14   15 2.475000 2.525000
   1    0    6 0.000000 1.000000
   3    6   12 1.000000 2.000000
   4   10   16 1.635714 2.364286
  10   36   26 5.933333 4.066667
  20   74   44 12.709524 7.290476
   9   18   36 2.976190 6.023810
  18   56   53 9.195238 8.804762
  17   48   49 8.595238 8.404762
  11   24   41 4.176190 6.823810
   2    2   11 0.309524 1.690476
   3    6   12 1.019048 1.980952
   7   20   21 3.410714 3.589286
   1    0    7 0.000000 1.000000
  17   72   31 12.125000 4.875000
  15   38   55 6.293651 8.706349
  11   24   48 3.740476 7.259524
  12   18   52 3.178571 8.821429
  19   58   52 10.138095 8.861905
  15   46   45 7.746429 7.253571
   6   16   21 2.676190 3.323810
   1    0    7 0.000000 1.000000
   6   14   23 2.309524 3.690476
   1    0    7 0.000000 1.000000
  15   46   42 7.872619 7.127381
  14   26   55 4.585714 9.414286
  12   26   45 4.594048 7.405952
  15   34   54 5.850000 9.150000
  12   34   40 5.652381 6.347619
  15   48   44 8.038095 6.961905
   8   24   24 3.914286 4.085714
   3    6   13 0.952381 2.047619
   3    4   15 0.642857 2.357143
   5   10   18 1.785714 3.214286
  16   58   34 9.940476 6.059524
  11   32   37 5.295238 5.704762
   8   16   29 2.833333 5.166667
   9   14   43 2.323810 6.676190
  15   42   47 7.000000 8.000000
  11   32   37 5.166667 5.833333
  13   44   33 7.515476 5.484524
   4    8   15 1.366667 2.633333
  10   30   28 5.247619 4.752381
   3    4   13 0.700000 2.300000
  14   48   36 8.204762 5.795238
  13   34   47 5.586905 7.413095
   4    2   22 0.366667 3.633333
   4    2   21 0.309524 3.690476
  18   52   55 8.785714 9.214286
   8   22   26 3.642857 4.357143
  12   36   34 6.028571 5.971429
   5   10   20 1.661905 3.338095
  11   36   33 5.733333 5.266667
   6   12   24 2.052381 3.947619
  15   58   32 9.773810 5.226190
  17   42   61 7.185714 9.814286
   4    6   20 0.952381 3.047619
   1    0    8 0.000000 1.000000
  19   52   64 8.826190 10.173810
  10   26   36 4.185714 5.814286
  10   32   27 5.452381 4.547619
   8   16   29 2.771429 5.228571
  15   60   31 10.117857 4.882143
   5    8   19 1.500000 3.500000
  11   26   35 4.791667 6.208333
  17   50   55 8.114286 8.885714
   2    0   12 0.000000 2.000000
  22   70   66 11.534524 10.465476
   4    4   19 0.709524 3.290476
  13   44   38 7.230159 5.769841
   8   18   29 3.061905 4.938095
   8   14   34 2.314286 5.685714
   3    2   14 0.366667 2.633333
  22   74   57 12.547619 9.452381
  18   48   57 8.325000 9.675000
  30  104   75 17.511905 12.488095
   2    2   10 0.333333 1.666667
  10   28   32 4.666667 5.333333
  10   28   32 4.638095 5.361905
  12   22   49 3.857143 8.142857
   1    0    6 0.000000 1.000000
  19   56   57 9.370238 9.629762
  16   48   51 7.959524 8.040476
  27   90   67 15.527381 11.472619
  13   46   35 7.637302 5.362698
  14   44   40 7.584524 6.415476
  12   34   42 5.409524 6.590476
  18   50   60 8.384524 9.615476
  16   40   52 6.892857 9.107143
  28   98   71 16.351587 11.648413
  11   28   38 4.671429 6.328571
  17   62   43 10.472619 6.527381
  12   30   42 5.096429 6.903571
  20   52   69 8.640476 11.359524
  12   26   41 4.702381 7.297619
  30   98   78 16.780952 13.219048
   7   18   27 2.880952 4.119048
  23   80   53 13.676190 9.323810
  18   60   49 10.004762 7.995238
  13   36   46 5.795238 7.204762
   9   16   39 2.729762 6.270238
  39  146   82 24.907143 14.092857
   9   22   31 3.776190 5.223810
  18   60   49 10.044048 7.955952
  16   46   54 7.461905 8.538095
  11   36   31 5.878571 5.121429
   7    6   37 1.000000 6.000000
  44  180   83 30.327381 13.672619
   8   24   23 4.042857 3.957143
  11   28   37 4.876190 6.123810
  23   86   55 14.332143 8.667857
  11   42   24 7.142857 3.857143
   3    2   16 0.400000 2.600000
  42  142  101 24.413095 17.586905
  14   50   36 8.228571 5.771429
  13   40   39 6.711905 6.288095
   9   20   37 3.328571 5.671429
  15   40   52 6.652381 8.347619
   7   14   29 2.363095 4.636905
  39  128  107 21.564286 17.435714
   9   26   28 4.477381 4.522619
  11   34   29 5.828571 5.171429
   8   14   38 2.276190 5.723810
  26   84   71 14.280952 11.719048
   7   22   19 3.747619 3.252381
  29   86   87 14.484524 14.515476
  12   26   43 4.490476 7.509524
   9   24   29 4.142857 4.857143
  11   32   34 5.395238 5.604762
  30  108   76 17.784524 12.215476
   9   26   29 4.194048 4.805952
  37  158   66 26.703571 10.296429
   9   18   35 3.019048 5.980952
  16   58   35 10.095238 5.904762
  13   36   40 6.364286 6.635714
  24   90   57 14.883333 9.116667
   1    0    7 0.000000 1.000000
  26   98   56 16.527381 9.472619
   6   16   21 2.619048 3.380952
  21   70   61 11.396429 9.603571
  21   66   57 11.430952 9.569048
  26  102   53 17.221429 8.778571
  32  130   63 21.714286 10.285714
  10   26   30 4.704762 5.295238
  16   38   63 6.180952 9.819048
  23   68   66 11.592857 11.407143
  19   66   50 11.072619 7.927381
  45  196   78 32.342857 12.657143
   5   10   20 1.652381 3.347619
  15   34   54 5.757143 9.242857
  21   62   64 10.561905 10.438095
  14   40   42 6.855952 7.144048
  39  156   77 26.193651 12.806349
   7   22   21 3.867460 3.132540
  18   40   68 6.902381 11.097619
  28   86   82 14.628571 13.371429
   8   24   24 3.966667 4.033333
  43  174   86 29.310714 13.689286
   9   26   27 4.480952 4.519048
  17   40   67 6.363095 10.636905
  20   52   64 9.071429 10.928571
  11   30   34 5.133333 5.866667
  47  188   95 31.509524 15.490476
  11   40   23 7.028571 3.971429
  13   20   57 3.428571 9.571429
  16   38   62 6.307143 9.692857
  13   40   37 6.733333 6.266667
  61  282   80 47.705952 13.294048
  13   44   34 7.333333 5.666667
   2    2   11 0.309524 1.690476
  13   32   49 5.207143 7.792857
  11   24   42 4.038095 6.961905
  70  358   61 60.014286 9.985714
  10   30   29 5.085714 4.914286
   1    0    5 0.000000 1.000000
  14   38   47 6.471429 7.528571
   5    6   26 0.958333 4.041667
  69  334   77 56.003571 12.996429
   6   16   21 2.600000 3.400000
  18   44   66 7.209524 10.790476
   7   10   32 1.780952 5.219048
  60  288   76 47.753175 12.246825
   3    2   12 0.450000 2.550000
  22   68   63 11.389286 10.610714
  15   52   39 8.661905 6.338095
  50  236   63 39.588095 10.411905
   4    6   18 1.091667 2.908333
  29  108   62 18.476190 10.523810
  17   68   39 11.148810 5.851190
  48  200   84 33.715476 14.284524
   2    2   12 0.291667 1.708333
  34  130   72 21.753571 12.246429
  16   62   38 10.369841 5.630159
  48  204   75 34.947619 13.052381
   3    6   12 1.019048 1.980952
  33  134   71 22.083333 10.916667
  16   64   34 10.695238 5.304762
  32  112   85 18.522619 13.477381
   5   12   18 2.028571 2.971429
  48  196   88 33.219048 14.780952
  15   54   35 9.284524 5.715476
  34  100   98 17.445635 16.554365
   4    8   14 1.495238 2.504762
  49  192  109 32.121429 16.878571
  13   44   35 7.376190 5.623810
  32  102   94 17.074603 14.925397
  59  240  107 40.745238 18.254762
   9   26   31 4.166667 4.833333
  31   84  104 14.163095 16.836905
  63  266  110 45.065476 17.934524
   6   10   26 1.676190 4.323810
  13   18   60 3.204762 9.795238
  73  352   87 59.086905 13.913095
  14   48   35 8.173810 5.826190
  10   10   48 1.742857 8.257143
  63  308   74 51.041667 11.958333
  27  114   46 19.390476 7.609524
  14   36   48 6.376190 7.623810
  62  298   71 50.035714 11.964286
  24   96   51 15.846429 8.153571
  18   54   57 8.800000 9.200000
  54  232   89 38.942857 15.057143
  28  110   58 18.385714 9.614286
  20   74   46 12.621429 7.378571
  58  262   85 43.850000 14.150000
  22   84   49 14.142460 7.857540
  24   82   60 13.953571 10.046429
  48  212   78 35.321429 12.678571
  28  102   66 17.109524 10.890476
  30  110   68 18.877381 11.122619
  49  212   84 35.539286 13.460714
  21   74   52 12.504762 8.495238
  30  100   74 17.060714 12.939286
  51  222   85 36.729762 14.270238
  19   68   51 11.214683 7.785317
  27   84   74 14.376190 12.623810
  63  288   92 48.258333 14.741667
  10   14   48 2.290476 7.709524
  31  122   67 20.367857 10.632143
  59  268   81 45.559524 13.440476
  10   22   40 3.652381 6.347619
  39  158   70 27.019048 11.980952
  53  256   66 42.894841 10.105159
   8   12   38 1.995238 6.004762
  40  156   79 26.329762 13.670238
  50  238   67 39.348810 10.651190
  10   28   32 4.703571 5.296429
  37  140   89 23.171429 13.828571
  50  228   67 38.519048 11.480952
  13   44   32 7.623810 5.376190
  38  160   68 26.928571 11.071429
  42  188   66 31.373810 10.626190
  20   78   40 13.480952 6.519048
  38  156   74 26.254762 11.745238
  39  166   66 28.069048 10.930952
  23   88   50 14.590476 8.409524
  32  120   76 19.938095 12.061905
  49  226   66 37.995238 11.004762
  19   60   52 10.153571 8.846429
  21   62   61 10.705952 10.294048
  56  270   68 45.267857 10.732143
  23   90   49 15.158333 7.841667
  10   30   26 5.357143 4.642857
  67  332   72 55.283333 11.716667
  23   80   60 13.283333 9.716667
   9   26   29 4.336905 4.663095
  69  322   91 53.883333 15.116667
  22   54   78 9.154762 12.845238
   6   14   24 2.254762 3.745238
  75  368   79 61.476190 13.523810
  19   42   73 7.215476 11.784524
   7   20   24 3.208333 3.791667
  80  416   65 69.271429 10.728571
  13   22   53 3.845238 9.154762
   5    6   23 1.076190 3.923810
  76  386   76 63.877381 12.122619
  19   42   67 7.314286 11.685714
   8   18   30 3.019048 4.980952
  72  358   76 59.734524 12.265476
  20   56   62 9.438095 10.561905
  11   38   28 6.427381 4.572619
  69  324   89 54.405952 14.594048
  20   48   73 8.007143 11.992857
   9   24   33 3.850000 5.150000
  68  326   80 54.683333 13.316667
  23   68   69 11.638095 11.361905
  10   30   32 4.904762 5.095238
  67  322   83 53.395238 13.604762
  23   60   73 10.352381 12.647619
  13   40   39 6.709524 6.290476
  74  372   70 62.450000 11.550000
  13   30   49 5.066667 7.933333
  17   54   45 9.216667 7.783333
  63  318   64 52.685317 10.314683
  20   66   53 11.054762 8.945238
   6   14   23 2.309524 3.690476
  69  350   67 58.150000 10.850000
  25   78   68 13.327381 11.672619
   9   24   30 4.052381 4.947619
  67  330   74 54.922619 12.077381
  24   64   78 11.029762 12.970238
   8   10   39 1.738095 6.261905
  51  218   88 36.423810 14.576190
  41  154   91 26.016667 14.983333
   5    2   31 0.333333 4.666667
  57  262   81 43.762698 13.237302
  38  146   78 24.654762 13.345238
   7   12   30 1.961905 5.038095
  51  204  100 34.472619 16.527381
  42  172   82 28.642063 13.357937
  10   26   34 4.361905 5.638095
  64  276  104 46.743254 17.256746
  26   76   84 12.705952 13.294048
  13   32   48 5.330952 7.669048
  69  314   98 52.544841 16.455159
  18   42   66 7.114286 10.885714
  12   20   57 3.161905 8.838095
  71  326   97 55.005952 15.994048
  17   42   58 7.408333 9.591667
  18   50   58 8.440476 9.559524
  70  336   85 56.269444 13.730556
  12   24   47 4.185714 7.814286
  17   54   45 9.171429 7.828571
  78  412   58 68.777381 9.222619
   5    6   25 0.985714 4.014286
  20   64   55 10.858333 9.141667
  75  382   70 63.773810 11.226190
   5    6   23 1.058333 3.941667
  16   48   47 8.195238 7.804762
  81  434   50 72.767857 8.232143
   3    4   17 0.653968 2.346032
  19   76   39 12.638095 6.361905
  77  410   49 68.708333 8.291667
   4    4   22 0.625000 3.375000
  14   44   39 7.483333 6.516667
  83  448   49 74.822619 8.177381
   3    2   18 0.309524 2.690476
  14   24   61 3.980952 10.019048
  81  426   61 71.090476 9.909524
   5   10   18 1.800000 3.200000
  10   12   51 1.858333 8.141667
  86  442   67 74.271429 11.728571
   4    6   22 0.857143 3.142857
   3    2   15 0.366667 2.633333
  92  528   29 87.502381 4.497619
   5   10   16 2.000000 3.000000
   1    0    7 0.000000 1.000000
  86  486   33 80.726190 5.273810
  13   46   28 8.107143 4.892857
   1    0    7 0.000000 1.000000
  84  464   40 77.609524 6.390476
  15   54   35 9.007143 5.992857
  80  440   41 73.185714 6.814286
  20   78   41 12.932143 7.067857
  88  486   39 81.386905 6.613095
  12   36   39 5.838095 6.161905
  89  498   37 83.041667 5.958333
  11   28   37 4.738095 6.261905
  89  490   43 81.710714 7.289286
  11   24   43 3.800000 7.200000
  90  504   35 84.232143 5.767857
  10   26   35 4.313095 5.686905
  91  520   30 86.349206 4.650794
   9   20   30 3.628571 5.371429
  91  502   40 84.333333 6.666667
   9   18   40 3.022619 5.977381
  87  474   49 78.978571 8.021429
  13   28   49 4.780952 8.219048
  88  492   36 82.176190 5.823810
  12   36   36 5.980952 6.019048
  93  530   29 88.352381 4.647619
   7   12   29 2.085714 4.914286
  85  478   34 79.445238 5.554762
  15   54   34 9.180952 5.819048
  86  472   41 78.852381 7.147619
  14   46   41 7.514286 6.485714
  84  442   54 74.555952 9.444048
  16   50   54 8.082143 7.917857
  81  440   43 73.756349 7.243651
  19   74   43 12.250000 6.750000
  91  520   27 86.616667 4.383333
   9   26   27 4.442857 4.557143
  90  502   37 83.813095 6.186905
  10   24   37 4.023810 5.976190
  95  552   19 91.951190 3.048810
   5   10   19 1.742857 3.257143
  94  540   23 90.160714 3.839286
   6   14   23 2.266667 3.733333
  96  562   16 93.409524 2.590476
   4    6   16 1.133333 2.866667
  96  562   14 93.661905 2.338095
   4   10   14 1.695238 2.304762
  95  548   22 91.419048 3.580952
   5    8   22 1.342857 3.657143
  91  520   24 86.919048 4.080952
   9   32   24 5.257143 3.742857
  92  528   23 88.161905 3.838095
   8   26   23 4.274603 3.725397
  92  534   20 88.834524 3.165476
   8   26   20 4.447619 3.552381
  97  566   15 94.633333 2.366667
   3    4   15 0.642857 2.357143
  96  562   16 93.570238 2.429762
   4    6   16 1.100000 2.900000
  97  570   13 94.852381 2.147619
   3    4   13 0.700000 2.300000
 100  600    0 100.000000 0.000000
