   1    0    9 0.000000 1.000000
   1    0    6 0.000000 1.000000
   1    0    6 0.000000 1.000000
   1    0    7 0.000000 1.000000
   1    0    6 0.000000 1.000000
   1    0    6 0.000000 1.000000
   1    0    6 0.000000 1.000000
   1    0    6 0.000000 1.000000
   1    0    6 0.000000 1.000000
   1    0    5 0.000000 1.000000
   1    0    7 0.000000 1.000000
   3    4   16 0.595238 2.404762
   2    2    8 0.400000 1.600000
   3    4   14 0.666667 2.333333
   1    0    6 0.000000 1.000000
   3    6   13 0.983333 2.016667
   2    2   10 0.333333 1.666667
   1    0    7 0.000000 1.000000
   2    2    7 0.450000 1.550000
   1    0    6 0.000000 1.000000
   3    4   14 0.709524 2.290476
   2    2    9 0.366667 1.633333
   1    0    8 0.000000 1.000000
   2    2    9 0.366667 1.633333
   1    0    6 0.000000 1.000000
   1    0    6 0.000000 1.000000
   2    2   10 0.333333 1.666667
   1    0    6 0.000000 1.000000
   1    0    5 0.000000 1.000000
   1    0    6 0.000000 1.000000
   4   10   11 1.933333 2.066667
   2    2   11 0.325000 1.675000
   4   10   13 1.733333 2.266667
   1    0    7 0.000000 1.000000
   1    0    7 0.000000 1.000000
   2    2    7 0.450000 1.550000
   4   10   13 1.850000 2.150000
   4    8   16 1.428571 2.571429
   2    2   12 0.291667 1.708333
   3    6   11 1.085714 1.914286
   2    2   13 0.267857 1.732143
   1    0    5 0.000000 1.000000
   3    6   13 0.952381 2.047619
   1    0    6 0.000000 1.000000
   2    2    9 0.366667 1.633333
   3    6   10 1.133333 1.866667
   3    4   14 0.708333 2.291667
   3    6   12 1.000000 2.000000
   2    2   11 0.309524 1.690476
   1    0    6 0.000000 1.000000
   1    0    7 0.000000 1.000000
   2    2    9 0.366667 1.633333
   1    0    6 0.000000 1.000000
   1    0    7 0.000000 1.000000
   1    0    6 0.000000 1.000000
   2    2   10 0.342857 1.657143
   3    6   10 1.166667 1.833333
   4   10   14 1.661905 2.338095
   3    6   12 1.019048 1.980952
   1    0    7 0.000000 1.000000
   4   10   14 1.661905 2.338095
   1    0    6 0.000000 1.000000
   5   14   16 2.333333 2.666667
   3    2   17 0.285714 2.714286
   2    2   10 0.342857 1.657143
   3    4   14 0.709524 2.290476
   1    0    6 0.000000 1.000000
   2    2   10 0.342857 1.657143
   4    6   19 0.938095 3.061905
   4    8   17 1.338095 2.661905
   2    2   12 0.291667 1.708333
   2    2   11 0.309524 1.690476
   3    6   15 0.869048 2.130952
   4    6   19 0.995238 3.004762
   5   12   17 2.028571 2.971429
   1    0    7 0.000000 1.000000
   2    2   10 0.333333 1.666667
   1    0    6 0.000000 1.000000
  17   66   29 11.730952 5.269048
   2    2    9 0.366667 1.633333
   1    0    6 0.000000 1.000000
   3    4   14 0.709524 2.290476
   1    0    5 0.000000 1.000000
   2    2   11 0.309524 1.690476
   1    0    6 0.000000 1.000000
   2    2    9 0.366667 1.633333
   3    4   14 0.666667 2.333333
   3    4   14 0.652381 2.347619
   5    8   22 1.319048 3.680952
   4    8   15 1.400000 2.600000
   3    4   12 0.733333 2.266667
   6   18   15 3.266667 2.733333
   1    0    6 0.000000 1.000000
   6   18   17 3.159524 2.840476
   3    4   15 0.642857 2.357143
   3    4   13 0.733333 2.266667
   5   10   20 1.685714 3.314286
   2    2   11 0.309524 1.690476
   2    2    9 0.366667 1.633333
   5   10   20 1.685714 3.314286
   1    0    7 0.000000 1.000000
   4    8   16 1.416667 2.583333
   6   12   23 2.142857 3.857143
   3    6   12 1.000000 2.000000
   9   32   22 5.450000 3.550000
   1    0    7 0.000000 1.000000
  18   72   39 11.942857 6.057143
   1    0    6 0.000000 1.000000
   1    0    6 0.000000 1.000000
   1    0    6 0.000000 1.000000
   4    8   16 1.380952 2.619048
   2    2   11 0.309524 1.690476
   2    2   11 0.309524 1.690476
   4    6   19 0.976190 3.023810
   3    4   14 0.676190 2.323810
   1    0    6 0.000000 1.000000
   7   24   18 4.141667 2.858333
   9   30   23 5.133333 3.866667
   4    8   17 1.361905 2.638095
   4    6   18 1.042857 2.957143
   4    6   18 1.016667 2.983333
   3    2   16 0.366667 2.633333
   5   12   17 2.075000 2.925000
   2    2   10 0.342857 1.657143
   4    6   17 1.019048 2.980952
   4    6   19 0.961905 3.038095
   2    2    9 0.366667 1.633333
   7   22   20 3.723810 3.276190
   5   12   17 2.057143 2.942857
  25  104   44 17.740476 7.259524
   1    0    7 0.000000 1.000000
   1    0    5 0.000000 1.000000
   3    6   12 1.019048 1.980952
   1    0    7 0.000000 1.000000
   2    2   11 0.309524 1.690476
   1    0    8 0.000000 1.000000
   1    0    5 0.000000 1.000000
   4    6   20 0.944048 3.055952
   6   12   21 2.219048 3.780952
  14   52   30 9.077381 4.922619
   3    2   17 0.285714 2.714286
   5   14   15 2.395238 2.604762
   2    2    8 0.400000 1.600000
   5   12   17 2.128571 2.871429
   1    0    7 0.000000 1.000000
   4    8   14 1.469048 2.530952
   5    8   23 1.285714 3.714286
   2    2    8 0.400000 1.600000
  12   44   31 7.128571 4.871429
   9   22   31 3.944444 5.055556
  21   78   52 12.732143 8.267857
   2    2   12 0.291667 1.708333
   1    0    8 0.000000 1.000000
   2    2   11 0.309524 1.690476
   1    0    5 0.000000 1.000000
   2    2    9 0.366667 1.633333
   1    0    6 0.000000 1.000000
   2    0   13 0.000000 2.000000
   2    2   11 0.309524 1.690476
  11   26   46 4.139683 6.860317
   8   26   21 4.404762 3.595238
   3    4   14 0.725000 2.275000
   6   12   23 2.085714 3.914286
   1    0    5 0.000000 1.000000
   5   14   15 2.457143 2.542857
   9   28   28 4.509524 4.490476
   4   10   15 1.641667 2.358333
   8   14   35 2.304762 5.695238
   7   18   20 3.333333 3.666667
  17   48   50 8.352381 8.647619
   6   18   18 2.982143 3.017857
   6   14   21 2.366667 3.633333
   4   10   12 1.800000 2.200000
   3    2   20 0.309524 2.690476
   1    0    7 0.000000 1.000000
  21   74   53 12.303571 8.696429
   5    6   21 1.133333 3.866667
   3    4   13 0.685714 2.314286
   8   18   28 3.183333 4.816667
   3    4   16 0.583333 2.416667
   8   24   23 4.186905 3.813095
   5   10   21 1.604762 3.395238
   1    0    7 0.000000 1.000000
   7   22   21 3.595238 3.404762
  16   32   62 5.597619 10.402381
  10   36   24 6.055952 3.944048
  11   40   28 6.721429 4.278571
   1    0    6 0.000000 1.000000
  26  106   52 17.732143 8.267857
   2    2   11 0.309524 1.690476
   5    6   20 1.183333 3.816667
   7   22   18 3.819048 3.180952
   3    4   12 0.766667 2.233333
  12   32   37 5.650000 6.350000
   7   22   20 3.761905 3.238095
   9   30   26 4.945238 4.054762
  15   44   44 7.500000 7.500000
   6   18   21 2.833333 3.166667
   7   14   31 2.257143 4.742857
   1    0    8 0.000000 1.000000
  25  100   44 17.119048 7.880952
   7   16   29 2.535714 4.464286
  13   50   28 8.476190 4.523810
  18   68   40 11.576190 6.423810
   4   10   15 1.614286 2.385714
   6   12   24 2.028571 3.971429
  14   50   35 8.380952 5.619048
  10   34   25 5.780952 4.219048
   2    2   11 0.309524 1.690476
   1    0    7 0.000000 1.000000
  26   96   61 16.142857 9.857143
   7   12   31 1.995238 5.004762
  19   72   38 12.450000 6.550000
   9   12   47 1.927381 7.072619
   2    2   10 0.333333 1.666667
   6   10   25 1.726190 4.273810
  11   26   44 4.161905 6.838095
  16   64   30 10.950000 5.050000
   4   10   10 2.000000 2.000000
  30  110   69 18.514286 11.485714
  19   68   43 11.671429 7.328571
  18   62   47 10.342857 7.657143
   9   22   34 3.604762 5.395238
   3    6   14 0.904762 2.095238
   6   12   25 2.047619 3.952381
   7   10   30 1.750000 5.250000
   5    6   24 1.019048 3.980952
   3    4   14 0.666667 2.333333
  26   94   64 15.772619 10.227381
  17   60   47 9.635714 7.364286
  23   74   59 12.596429 10.403571
   9   24   29 4.055556 4.944444
   3    6   12 1.050000 1.950000
   5    8   21 1.485714 3.514286
   6    6   30 1.042857 4.957143
  11   38   28 6.515476 4.484524
  23   74   63 12.428571 10.571429
  24   96   45 16.433333 7.566667
  16   44   55 7.239286 8.760714
  14   44   39 7.480952 6.519048
   2    2   12 0.285714 1.714286
   6   14   23 2.408333 3.591667
   6   10   29 1.590476 4.409524
   9   14   36 2.480952 6.519048
  26  100   57 16.795238 9.204762
  27  102   55 17.403571 9.596429
  10   22   40 3.584524 6.415476
  16   52   44 9.035714 6.964286
   2    2   12 0.291667 1.708333
   5   14   18 2.300000 2.700000
   9   20   32 3.590476 5.409524
   5    6   24 1.025000 3.975000
  20   58   68 9.440476 10.559524
  17   52   47 8.751190 8.248810
  10   30   33 4.952381 5.047619
  23   74   60 12.769048 10.230952
   3    6   12 1.000000 2.000000
  11   32   32 5.588095 5.411905
   9   14   43 2.214286 6.785714
   7   12   27 2.166667 4.833333
  27   90   69 15.292857 11.707143
  19   54   63 8.748810 10.251190
  10   28   35 4.487302 5.512698
  21   56   71 9.421429 11.578571
   3    6    9 1.233333 1.766667
   9   26   26 4.547619 4.452381
   6    8   31 1.211905 4.788095
   5    8   20 1.452381 3.547619
  30  106   75 17.769444 12.230556
  23   76   62 12.907143 10.092857
   2    2    9 0.366667 1.633333
  20   70   55 11.454762 8.545238
   5   12   17 2.138095 2.861905
  13   36   40 6.352381 6.647619
   1    0    6 0.000000 1.000000
   6   18   16 3.147619 2.852381
  29   98   77 16.655556 12.344444
  26   82   76 13.936905 12.063095
   1    0    8 0.000000 1.000000
  20   64   52 11.161905 8.838095
   4   10   12 1.833333 2.166667
  12   30   44 5.120238 6.879762
   8   24   23 4.091667 3.908333
  25   78   72 13.254762 11.745238
  28   88   78 14.727381 13.272619
   1    0    6 0.000000 1.000000
  17   56   48 9.358333 7.641667
   4    6   17 1.052381 2.947619
  18   68   41 11.629762 6.370238
   7   20   22 3.347619 3.652381
  28  106   58 18.123810 9.876190
  28   98   70 16.400000 11.600000
   1    0    6 0.000000 1.000000
   8   22   28 3.538095 4.461905
   2    2    8 0.416667 1.583333
  27  112   51 18.513095 8.486905
   6   14   25 2.166667 3.833333
  39  172   63 29.072222 9.927778
  19   44   67 7.652381 11.347619
   1    0    5 0.000000 1.000000
  12   42   32 7.009524 4.990476
   4   10   14 1.719048 2.280952
  21   64   62 10.764286 10.235714
   4    6   19 1.019048 2.980952
  44  194   72 32.616667 11.383333
  17   40   61 6.832143 10.167857
  10   24   35 4.277778 5.722222
   3    6   13 0.971429 2.028571
  25   76   72 13.113095 11.886905
   1    0    7 0.000000 1.000000
  43  182   79 30.158333 12.841667
  16   44   53 7.357143 8.642857
   8   24   22 4.166667 3.833333
   7   20   20 3.641667 3.358333
  25   64   86 10.609524 14.390476
   1    0    6 0.000000 1.000000
  31  124   64 20.414286 10.585714
  17   46   55 7.886905 9.113095
  16   60   36 10.255952 5.744048
   2    2    9 0.366667 1.633333
  34  114   90 19.117857 14.882143
  24   92   52 15.609524 8.390476
  21   74   55 12.301190 8.698810
  18   52   51 8.978571 9.021429
   1    0    6 0.000000 1.000000
  36  146   72 24.510714 11.489286
  22   72   58 11.871429 10.128571
  19   64   48 10.771429 8.228571
  11   30   42 4.764286 6.235714
   3    6   11 1.085714 1.914286
  45  176   93 29.391667 15.608333
  16   46   52 7.720635 8.279365
  27   98   61 16.597619 10.402381
   8   14   35 2.304762 5.695238
   7   22   20 3.661905 3.338095
  42  162   90 27.328571 14.671429
  18   60   48 10.221429 7.778571
  25   96   54 16.333333 8.666667
   5    6   24 1.042857 3.957143
  11   34   30 5.800000 5.200000
  41  166   82 27.814286 13.185714
  22   78   56 12.919048 9.080952
  14   34   50 5.857143 8.142857
   8   16   29 2.971429 5.028571
  12   46   29 7.523810 4.476190
  44  164   98 27.940476 16.059524
  25   82   70 13.548810 11.451190
   8    4   46 0.676190 7.323810
  10   28   33 4.808333 5.191667
  14   42   38 7.542857 6.457143
  43  154  103 25.959524 17.040476
  23   68   68 11.491667 11.508333
   9   12   43 2.034524 6.965476
  11   32   33 5.442857 5.557143
   7   22   21 3.647619 3.352381
  50  194  107 32.519444 17.480556
  24   78   73 12.701190 11.298810
  14   44   39 7.519048 6.480952
   6   12   24 1.995238 4.004762
   9   28   23 4.933333 4.066667
  47  178  101 30.108333 16.891667
  33  114   85 19.163095 13.836905
  15   42   46 7.138095 7.861905
  14   44   40 7.457143 6.542857
   5   14   19 2.166667 2.833333
  33   98   98 16.569048 16.430952
  29   90   86 15.104762 13.895238
  18   42   63 7.247619 10.752381
  21   72   51 12.303571 8.696429
   6   12   27 1.928571 4.071429
  26   84   73 13.896825 12.103175
  30  108   77 17.848810 12.151190
  21   68   56 11.685714 9.314286
  22   70   56 12.155952 9.844048
   7   14   29 2.330952 4.669048
  20   72   50 12.066667 7.933333
  29  108   63 18.335714 10.664286
  22   86   45 14.704762 7.295238
  28  112   57 18.690476 9.309524
   3    2   17 0.309524 2.690476
  18   58   52 9.533333 8.466667
  14   28   61 4.471032 9.528968
  30  130   52 21.667857 8.332143
  34  126   71 21.600000 12.400000
   3    6   12 1.050000 1.950000
  19   68   46 11.567857 7.432143
   7   12   29 2.226190 4.773810
  34  144   64 24.222619 9.777381
  33  146   51 24.429762 8.570238
   8   24   23 4.275000 3.725000
  18   52   55 8.835714 9.164286
   3    2   20 0.267857 2.732143
  31  116   74 19.315873 11.684127
  34  138   62 23.159524 10.840476
  18   72   36 12.069048 5.930952
  14   28   52 4.889286 9.110714
   1    0    8 0.000000 1.000000
  25   88   59 15.061905 9.938095
  48  228   62 38.040476 9.959524
  14   50   34 8.361905 5.638095
  12   22   49 3.700000 8.300000
   1    0    6 0.000000 1.000000
  28  122   47 20.426190 7.573810
  50  220   77 37.169048 12.830952
   9   26   28 4.452381 4.547619
  12   36   38 5.927381 6.072619
   2    2   11 0.309524 1.690476
  33  146   54 24.323810 8.676190
  36  140   76 23.428571 12.571429
  15   62   27 10.629762 4.370238
  14   46   36 7.919048 6.080952
   4    6   18 0.985714 3.014286
  30  122   56 20.680952 9.319048
  33  122   75 20.953968 12.046032
  18   70   42 11.571429 6.428571
  15   42   47 7.173810 7.826190
  33  142   59 23.661905 9.338095
  32  114   75 19.142857 12.857143
  14   58   25 9.842857 4.157143
  21   78   49 12.820238 8.179762
  28  104   64 17.408333 10.591667
  34  126   78 21.184524 12.815476
  11   34   34 5.538095 5.461905
  27  102   58 17.357143 9.642857
  18   54   56 9.032143 8.967857
  48  212   78 35.348016 12.651984
   9   24   28 4.507143 4.492857
  25   92   56 15.421429 9.578571
  18   54   52 9.254762 8.745238
  41  160   91 26.561905 14.438095
  12   36   34 6.258333 5.741667
  29  122   51 20.661905 8.338095
  25   88   64 14.766667 10.233333
  39  140   96 23.645238 15.354762
   8   20   26 3.509524 4.490476
  28  112   54 19.034524 8.965476
  20   68   51 11.476190 8.523810
  43  188   70 31.511905 11.488095
  10   34   26 5.605952 4.394048
  27  116   47 19.419841 7.580159
  16   44   53 7.196429 8.803571
  37  146   78 24.601190 12.398810
  16   62   32 10.485714 5.514286
  31  136   49 22.878571 8.121429
  10   18   43 2.997619 7.002381
  44  192   73 32.038095 11.961905
  12   38   35 6.300000 5.700000
  34  154   47 25.994048 8.005952
  14   32   48 5.576190 8.423810
  27   92   75 14.995635 12.004365
  17   62   39 10.604762 6.395238
  42  188   64 31.495238 10.504762
  14   42   45 6.851190 7.148810
  16   50   47 8.438095 7.561905
  21   90   35 15.265476 5.734524
  49  236   55 40.073810 8.926190
  17   58   44 9.787302 7.212698
  15   42   55 6.714286 8.285714
  17   54   44 9.391667 7.608333
  51  248   55 41.872619 9.127381
  15   44   46 7.311905 7.688095
  18   46   60 7.904762 10.095238
   9   26   32 4.151190 4.848810
  58  282   64 47.348810 10.651190
   9   16   37 2.704762 6.295238
  11   32   36 5.263492 5.736508
  16   52   42 8.883333 7.116667
  64  316   69 52.729762 11.270238
  11   32   31 5.604762 5.395238
  13   40   38 6.728571 6.271429
   8   24   22 4.142857 3.857143
  68  336   77 55.690079 12.309921
   9   26   30 4.316667 4.683333
  11   34   32 5.752381 5.247619
   3    4   14 0.709524 2.290476
  77  396   64 66.280952 10.719048
  14   48   33 8.195238 5.804762
   3    2   17 0.333333 2.666667
   6   14   22 2.347619 3.652381
  77  408   56 67.782143 9.217857
  22   90   41 15.520238 6.479762
   2    0   14 0.000000 2.000000
   4    4   25 0.571429 3.428571
  72  358   68 60.527381 11.472619
  14   44   40 7.261905 6.738095
   6   10   24 1.800000 4.200000
   6   16   19 2.761905 3.238095
  74  376   71 62.807143 11.192857
  18   60   44 10.330952 7.669048
   8   16   33 2.666667 5.333333
   6   14   24 2.214286 3.785714
  68  334   75 55.742857 12.257143
  25  102   50 16.859524 8.140476
   7    8   36 1.476190 5.523810
   3    4   12 0.766667 2.233333
  65  314   74 52.680952 12.319048
  39  158   73 26.760714 12.239286
   3    4   14 0.676190 2.323810
  58  276   75 45.991270 12.008730
  37  148   70 25.058333 11.941667
   4    8   19 1.221429 2.778571
  59  282   73 47.047619 11.952381
  44  192   70 32.513095 11.486905
   1    0    7 0.000000 1.000000
  55  258   73 43.303571 11.696429
  55  250   84 41.845238 13.154762
  45  182   84 30.964286 14.035714
  53  216  101 36.227381 16.772619
  47  182  101 30.554762 16.445238
  45  186   87 30.861905 14.138095
  55  240   87 40.441667 14.558333
  64  306   78 51.447619 12.552381
  36  138   78 23.182540 12.817460
  58  270   86 44.478571 13.521429
  42  158   86 27.416667 14.583333
  58  270   83 44.729365 13.270635
  42  164   83 27.973810 14.026190
  62  290   85 48.234524 13.765476
  38  140   85 23.791667 14.208333
  60  280   82 46.517857 13.482143
  40  156   82 26.402381 13.597619
  57  250   89 42.198810 14.801190
  43  172   89 28.867857 14.132143
  50  206   95 34.392857 15.607143
  50  204   95 34.436905 15.563095
  54  240   78 40.642857 13.357143
  46  204   78 33.277381 12.722619
  50  212   84 35.785714 14.214286
  50  220   84 36.490079 13.509921
  48  224   68 37.100000 10.900000
  52  240   68 40.533333 11.466667
  42  172   88 28.323810 13.676190
  58  252   88 42.941667 15.058333
  43  170   91 28.621032 14.378968
  57  248   91 41.726190 15.273810
  35  132   79 21.948810 13.051190
  65  310   79 51.880952 13.119048
  42  176   76 29.602381 12.397619
  58  272   76 45.526190 12.473810
  36  138   80 23.278968 12.721032
  64  302   80 50.586905 13.413095
  44  184   82 30.655952 13.344048
  56  252   82 42.339683 13.660317
  40  162   78 27.091667 12.908333
  60  282   78 46.991667 13.008333
  39  150   82 25.500000 13.500000
  61  286   82 47.672619 13.327381
  43  166   90 28.015476 14.984524
  57  254   90 42.154762 14.845238
  48  182  104 30.745238 17.254762
  52  210  104 35.313095 16.686905
  62  264  110 44.154762 17.845238
  38  116  110 19.857143 18.142857
  51  188  121 31.122619 19.877381
  49  170  121 28.702381 20.297619
  45  174   98 28.792857 16.207143
  55  230   98 38.807937 16.192063
  52  200  117 33.013095 18.986905
  48  166  117 28.108333 19.891667
  55  234  100 38.953968 16.046032
  45  166  100 28.033333 16.966667
  62  298   80 49.528571 12.471429
  38  142   80 24.314286 13.685714
  65  300   92 50.002381 14.997619
  35  116   92 19.521429 15.478571
  66  308   88 51.696429 14.303571
  34  116   88 19.697619 14.302381
  49  214   83 35.410317 13.589683
  51  220   83 37.015476 13.984524
  53  232   87 38.868254 14.131746
  47  194   87 32.522619 14.477381
  61  276   89 46.240476 14.759524
  39  146   89 24.504762 14.495238
  66  312   82 52.389286 13.610714
  34  124   82 20.644444 13.355556
  65  318   73 53.307143 11.692857
  35  136   73 22.940476 12.059524
  65  292   92 49.513095 15.486905
  35  124   92 20.242857 14.757143
  68  322   89 53.765476 14.234524
  32  100   89 17.197619 14.802381
  67  314   88 52.544444 14.455556
  33  110   88 18.595238 14.404762
  65  306   86 51.019048 13.980952
  35  122   86 20.623810 14.376190
  66  306   95 50.594048 15.405952
  34  104   95 17.876190 16.123810
  68  322   89 53.391667 14.608333
  32  100   89 17.240873 14.759127
  72  364   70 60.517857 11.482143
  28   96   70 16.329762 11.670238
  73  362   73 60.678571 12.321429
  27   92   73 15.211905 11.788095
  79  418   56 69.742857 9.257143
  21   70   56 11.614286 9.385714
  84  448   55 74.938095 9.061905
  16   42   55 7.104762 8.895238
  84  448   55 74.623810 9.376190
  16   42   55 7.164286 8.835714
  87  472   48 79.025000 7.975000
  13   32   48 5.257143 7.742857
  82  424   65 71.220238 10.779762
  18   46   65 7.664286 10.335714
  80  424   61 70.335714 9.664286
  20   54   61 9.526190 10.473810
  90  494   43 82.610714 7.389286
  10   20   43 3.304762 6.695238
  91  502   43 83.817857 7.182143
   9   12   43 1.938095 7.061905
  92  520   32 86.748810 5.251190
   8   16   32 2.845238 5.154762
  87  482   43 80.161905 6.838095
  13   32   43 5.708730 7.291270
  85  462   47 77.119048 7.880952
  15   44   47 7.514286 7.485714
  91  506   38 84.598810 6.401190
   9   18   38 2.947619 6.052381
  86  472   44 78.821429 7.178571
  14   40   44 6.861905 7.138095
  90  502   36 84.082937 5.917063
  10   26   36 4.342857 5.657143
  86  470   46 78.430952 7.569048
  14   38   46 6.476190 7.523810
  78  426   46 70.723810 7.276190
  22   82   46 14.184127 7.815873
  69  350   64 58.365476 10.634524
  31  122   64 20.298810 10.701190
  55  262   75 43.361111 11.638889
  45  188   75 32.059524 12.940476
  58  276   67 46.647619 11.352381
  42  190   67 31.442857 10.557143
  61  286   84 47.621429 13.378571
  39  146   84 24.732143 14.267857
  62  300   75 50.250794 11.749206
  38  150   75 25.385714 12.614286
  46  196   80 32.792857 13.207143
  54  244   80 40.803571 13.196429
  45  192   82 31.704762 13.295238
  55  244   82 41.092857 13.907143
  47  206   82 34.063095 12.936905
  53  230   82 38.902381 14.097619
  43  176   87 29.067857 13.932143
  57  250   87 42.475000 14.525000
  47  198   80 33.715873 13.284127
  53  242   80 39.965476 13.034524
  42  168   87 28.235317 13.764683
  58  258   87 43.528571 14.471429
  37  152   75 24.940476 12.059524
  63  298   75 50.188095 12.811905
  35  132   80 22.088492 12.911508
  65  308   80 51.729365 13.270635
  35  126   87 21.091667 13.908333
  65  300   87 50.559524 14.440476
  29   94   79 15.835714 13.164286
  71  348   79 58.211905 12.788095
  33  116   85 19.359524 13.640476
  67  314   85 52.370238 14.629762
  37  134   86 22.795238 14.204762
  63  294   86 49.080556 13.919444
  36  132   79 22.480952 13.519048
  64  310   79 51.369048 12.630952
  34  110   92 18.752381 15.247619
  66  306   92 51.342857 14.657143
  27  104   61 17.222619 9.777381
  73  374   61 62.800000 10.200000
  30  106   71 17.921429 12.078571
  70  352   71 58.425000 11.575000
  39  148   85 24.979762 14.020238
  61  282   85 47.342460 13.657540
  42  166   84 28.054762 13.945238
  58  266   84 44.390476 13.609524
  28   88   78 14.909524 13.090476
  72  356   78 59.665476 12.334524
  26   72   83 12.366667 13.633333
  74  362   83 60.596429 13.403571
  30   96   84 16.102381 13.897619
  70  336   84 56.210714 13.789286
  20   62   63 10.326190 9.673810
  80  412   63 69.317857 10.682143
  25   94   57 15.913095 9.086905
  75  392   57 65.600000 9.400000
  17   50   56 8.286111 8.713889
  83  438   56 73.498810 9.501190
  13   30   50 4.966667 8.033333
  87  470   50 78.573810 8.426190
  12   42   32 7.109524 4.890476
  88  494   32 82.753571 5.246429
  11   32   35 5.311905 5.688095
  89  498   35 83.269048 5.730952
   9   20   34 3.470238 5.529762
  91  512   34 85.335714 5.664286
  12   30   42 5.051190 6.948810
  88  486   42 81.182143 6.817857
  11   20   47 3.352381 7.647619
  89  486   47 81.213095 7.786905
  13   38   40 6.476190 6.523810
  87  482   40 80.621429 6.378571
   7   18   26 2.933333 4.066667
  93  530   26 88.590476 4.409524
  14   48   37 7.892857 6.107143
  86  478   37 79.728571 6.271429
   8   18   29 3.114286 4.885714
  92  524   29 87.289286 4.710714
  15   48   43 8.095238 6.904762
  85  466   43 77.948810 7.051190
  15   44   46 7.514286 7.485714
  85  464   46 77.269048 7.730952
  15   42   47 7.123810 7.876190
  85  464   47 77.259524 7.740476
   9   24   30 4.142857 4.857143
  91  516   30 85.991667 5.008333
   7   18   25 3.061905 3.938095
  93  532   25 88.839286 4.160714
   6   12   25 2.075000 3.925000
  94  538   25 89.838095 4.161905
   9   30   22 5.176190 3.823810
  91  526   22 87.466667 3.533333
  10   36   23 6.142857 3.857143
  90  518   23 86.300000 3.700000
   6   16   22 2.600000 3.400000
  94  540   22 90.300000 3.700000
   1    0    6 0.000000 1.000000
  99  588    6 97.957143 1.042857
 100  600    0 100.000000 0.000000
