   1    0    7 0.000000 1.000000
   1    0    7 0.000000 1.000000
   2    2    9 0.366667 1.633333
   1    0    6 0.000000 1.000000
   2    2    9 0.366667 1.633333
   2    2   10 0.333333 1.666667
   1    0    5 0.000000 1.000000
   1    0    6 0.000000 1.000000
   1    0    7 0.000000 1.000000
   1    0    5 0.000000 1.000000
   1    0    9 0.000000 1.000000
   5   12   15 2.200000 2.800000
   1    0    6 0.000000 1.000000
   1    0    7 0.000000 1.000000
   1    0    7 0.000000 1.000000
   1    0    6 0.000000 1.000000
   1    0    5 0.000000 1.000000
   1    0    6 0.000000 1.000000
   7   20   20 3.471429 3.528571
   1    0    6 0.000000 1.000000
   1    0    8 0.000000 1.000000
   3    4   16 0.625000 2.375000
   2    2    9 0.366667 1.633333
   2    2   10 0.333333 1.666667
   2    2   12 0.285714 1.714286
   3    4   11 0.816667 2.183333
   1    0    8 0.000000 1.000000
   3    6   12 1.019048 1.980952
   3    4   12 0.750000 2.250000
   5   12   19 1.976190 3.023810
   3    6   10 1.166667 1.833333
   1    0    7 0.000000 1.000000
   1    0    7 0.000000 1.000000
   2    2   11 0.309524 1.690476
   2    2   11 0.309524 1.690476
   2    2    8 0.400000 1.600000
   1    0    5 0.000000 1.000000
   2    2   10 0.333333 1.666667
   3    6   13 0.952381 2.047619
   1    0    7 0.000000 1.000000
   2    2    8 0.400000 1.600000
   1    0    6 0.000000 1.000000
   1    0    6 0.000000 1.000000
   2    2   11 0.309524 1.690476
   1    0    7 0.000000 1.000000
   1    0    6 0.000000 1.000000
   2    2   10 0.342857 1.657143
   3    4   12 0.733333 2.266667
   1    0    6 0.000000 1.000000
   2    2    9 0.366667 1.633333
   1    0    7 0.000000 1.000000
   3    4   13 0.733333 2.266667
   2    2   10 0.342857 1.657143
   1    0    7 0.000000 1.000000
   1    0    6 0.000000 1.000000
   2    2    8 0.416667 1.583333
   2    2   10 0.342857 1.657143
   6   16   18 2.959524 3.040476
   3    4   15 0.628571 2.371429
   1    0    7 0.000000 1.000000
   1    0    6 0.000000 1.000000
   2    2    7 0.450000 1.550000
   4    6   21 0.904762 3.095238
   2    2    9 0.366667 1.633333
   1    0    5 0.000000 1.000000
   8   20   25 3.478571 4.521429
   4    6   20 0.926190 3.073810
   2    2   10 0.333333 1.666667
   7   24   18 4.220238 2.779762
   5   12   17 2.158333 2.841667
   8   22   25 3.927381 4.072619
   2    0   14 0.000000 2.000000
   5   12   19 2.092857 2.907143
   4   10   13 1.761905 2.238095
   1    0    7 0.000000 1.000000
   2    2    9 0.366667 1.633333
   4   10   17 1.564286 2.435714
   4    6   14 1.233333 2.766667
   2    2    9 0.366667 1.633333
   6   16   19 2.680952 3.319048
   2    2    8 0.416667 1.583333
   1    0    8 0.000000 1.000000
   2    2   11 0.309524 1.690476
   1    0    7 0.000000 1.000000
   1    0    7 0.000000 1.000000
   1    0    6 0.000000 1.000000
   1    0    7 0.000000 1.000000
   3    4   18 0.583333 2.416667
   1    0    5 0.000000 1.000000
   5   10   18 1.795238 3.204762
   3    4   14 0.676190 2.323810
   2    0   13 0.000000 2.000000
   5    8   21 1.352381 3.647619
   5    6   27 0.910714 4.089286
   3    4   15 0.619048 2.380952
   3    6   13 0.952381 2.047619
   7   22   25 3.464286 3.535714
  10   30   32 4.976190 5.023810
   6   14   21 2.452381 3.547619
   2    0   12 0.000000 2.000000
   7   24   16 4.342857 2.657143
   2    2   10 0.342857 1.657143
  13   46   33 7.895238 5.104762
   4   10   14 1.661905 2.338095
   5   10   22 1.571429 3.428571
   2    2    8 0.400000 1.600000
   2    2    8 0.400000 1.600000
   3    6   12 1.000000 2.000000
   2    2    9 0.366667 1.633333
   1    0    6 0.000000 1.000000
   4    8   15 1.433333 2.566667
   3    4   11 0.816667 2.183333
   1    0    7 0.000000 1.000000
   6   16   20 2.723810 3.276190
   4    8   17 1.285714 2.714286
   2    2   10 0.333333 1.666667
   4   10   15 1.614286 2.385714
   2    2    8 0.400000 1.600000
   2    0   12 0.000000 2.000000
   3    6   12 1.019048 1.980952
   7   20   23 3.238095 3.761905
   9   20   30 3.638095 5.361905
   7   18   24 3.023810 3.976190
   7   12   29 2.142857 4.857143
  12   44   29 7.295238 4.704762
   1    0    7 0.000000 1.000000
  15   50   37 8.657143 6.342857
   5   14   17 2.285714 2.714286
   2    2   10 0.333333 1.666667
   3    6   12 1.083333 1.916667
   1    0    7 0.000000 1.000000
   1    0    6 0.000000 1.000000
   3    6   13 0.971429 2.028571
   3    4   15 0.642857 2.357143
   3    4   12 0.766667 2.233333
   1    0    6 0.000000 1.000000
   3    4   14 0.709524 2.290476
   4   10   10 2.078571 1.921429
   2    2   11 0.309524 1.690476
  17   66   32 11.676190 5.323810
   9   18   41 2.784524 6.215476
  11   38   29 6.332143 4.667857
   3    0   19 0.000000 3.000000
  10   28   32 4.633333 5.366667
  14   46   40 7.569048 6.430952
   5   14   17 2.290476 2.709524
   2    2    9 0.366667 1.633333
   2    0   13 0.000000 2.000000
   1    0    5 0.000000 1.000000
   4   10   15 1.671429 2.328571
   8   26   20 4.588095 3.411905
   1    0    7 0.000000 1.000000
   4   10   12 1.885714 2.114286
   3    4   12 0.766667 2.233333
   1    0    5 0.000000 1.000000
   3    6   13 0.952381 2.047619
   4   10   14 1.719048 2.280952
  26  114   39 19.350000 6.650000
  13   42   38 7.109524 5.890476
   9   32   24 5.285714 3.714286
   8   22   29 3.619048 4.380952
   5    6   24 1.066667 3.933333
   8   24   23 4.157143 3.842857
   2    2   12 0.285714 1.714286
   4    6   15 1.166667 2.833333
   2    2   10 0.342857 1.657143
   4   10   14 1.719048 2.280952
   4    8   18 1.250000 2.750000
   6   14   21 2.333333 3.666667
   8   28   23 4.573810 3.426190
   1    0    6 0.000000 1.000000
   3    4   15 0.642857 2.357143
  23   92   45 15.370238 7.629762
   8   20   29 3.271429 4.728571
  10   24   34 4.302381 5.697619
   5   10   21 1.719048 3.280952
   6   10   26 1.661905 4.338095
  10   22   35 3.900000 6.100000
   8   18   28 3.161905 4.838095
   4   10   15 1.619048 2.380952
   1    0    6 0.000000 1.000000
   2    2   11 0.309524 1.690476
   5   14   17 2.261905 2.738095
   4    2   22 0.333333 3.666667
   8   24   25 3.923810 4.076190
   3    6   12 1.000000 2.000000
   6   18   18 3.150000 2.850000
  20   80   42 13.391667 6.608333
  13   42   30 7.507143 5.492857
   9   26   29 4.190476 4.809524
   5    8   26 1.250000 3.750000
   7   12   31 1.952381 5.047619
   5   12   17 2.085714 2.914286
  13   38   41 6.419048 6.580952
   2    2   11 0.309524 1.690476
   2    2    9 0.366667 1.633333
   3    2   13 0.400000 2.600000
   6   14   20 2.564286 3.435714
   5    8   23 1.316667 3.683333
   7   22   19 3.757143 3.242857
  11   36   28 6.238095 4.761905
  12   42   32 6.889286 5.110714
  20   80   43 13.619048 6.380952
  13   42   32 7.385714 5.614286
   2    2   10 0.342857 1.657143
   5   10   20 1.685714 3.314286
   8   28   20 4.761905 3.238095
   5    6   27 0.934524 4.065476
   1    0    8 0.000000 1.000000
   5    8   20 1.435714 3.564286
  12   44   28 7.439286 4.560714
   2    2   10 0.333333 1.666667
  12   48   25 8.061905 3.938095
  14   54   31 9.181349 4.818651
   6   14   23 2.236905 3.763095
  16   60   34 10.183333 5.816667
   7   18   25 2.990476 4.009524
   3    4   14 0.652381 2.347619
   2    0   12 0.000000 2.000000
  12   42   29 7.166667 4.833333
  12   28   44 4.902381 7.097619
   2    2    9 0.366667 1.633333
  14   50   33 8.447619 5.552381
   4    8   16 1.295238 2.704762
   9   28   26 4.855952 4.144048
  15   46   42 7.976190 7.023810
   5   10   21 1.608333 3.391667
  15   48   40 8.285714 6.714286
   6   12   23 2.071429 3.928571
   6   16   22 2.477778 3.522222
   1    0    8 0.000000 1.000000
   8   18   33 2.945238 5.054762
  15   54   36 9.133333 5.866667
   2    2    8 0.400000 1.600000
  18   50   56 8.684127 9.315873
   3    6   13 0.983333 2.016667
   5    6   23 1.052381 3.947619
  18   54   57 9.022619 8.977381
   3    4   16 0.595238 2.404762
   8   14   35 2.426190 5.573810
   7   16   24 2.800000 4.200000
   4    8   16 1.416667 2.583333
   6   16   22 2.533333 3.466667
   5    6   23 1.133333 3.866667
  23   80   55 13.859524 9.140476
   8   20   31 3.114286 4.885714
   6   20   14 3.725000 2.275000
   5   12   21 1.809524 3.190476
  16   42   55 7.066667 8.933333
   1    0    6 0.000000 1.000000
  15   42   46 7.450000 7.550000
   7   14   28 2.341667 4.658333
   1    0    7 0.000000 1.000000
  10   26   34 4.357143 5.642857
  31  100   82 17.158333 13.841667
   9   20   34 3.347619 5.652381
   7   22   19 3.761905 3.238095
  26   96   61 16.278571 9.721429
   5    8   22 1.385714 3.614286
   7   12   31 2.123810 4.876190
   2    2    8 0.400000 1.600000
  10   30   31 5.065476 4.934524
  34  126   78 21.371429 12.628571
   4    2   25 0.309524 3.690476
   3    6   13 0.952381 2.047619
  21   54   64 9.511905 11.488095
   5   10   21 1.595238 3.404762
  10   28   33 4.509524 5.490476
   4    6   15 1.185714 2.814286
  12   40   32 6.807143 5.192857
  41  178   73 29.415476 11.584524
  11   28   35 4.838095 6.161905
   1    0    6 0.000000 1.000000
  22   66   69 11.065476 10.934524
   6   18   19 3.058333 2.941667
   1    0    6 0.000000 1.000000
   3    4   16 0.619048 2.380952
  14   40   41 6.922619 7.077381
  42  182   70 30.467857 11.532143
  13   36   41 6.077381 6.922619
  22   66   68 11.019048 10.980952
   4    6   18 1.000000 3.000000
   2    2   11 0.309524 1.690476
  14   46   38 7.788095 6.211905
  45  190   78 32.221429 12.778571
  14   38   45 6.416667 7.583333
  24   82   63 13.957143 10.042857
   3    2   13 0.400000 2.600000
   2    0   12 0.000000 2.000000
  16   58   35 10.091667 5.908333
  41  162   90 26.825397 14.174603
  16   50   50 8.183333 7.816667
  15   44   44 7.527778 7.472222
   1    0    7 0.000000 1.000000
   4    8   16 1.376190 2.623810
  23   92   42 15.758333 7.241667
  41  160   87 26.717857 14.282143
  17   68   34 11.480952 5.519048
  11   32   35 5.400000 5.600000
   5   10   20 1.728571 3.271429
  22   84   45 14.470238 7.529762
  45  186   86 31.278571 13.721429
  16   62   33 10.621429 5.378571
   5    8   20 1.433333 3.566667
  19   76   41 12.604762 6.395238
  60  294   66 49.292857 10.707143
  21   86   40 14.444048 6.555952
   4    4   21 0.666667 3.333333
  14   42   47 6.882540 7.117460
  61  278   82 47.214286 13.785714
  28  114   56 19.085714 8.914286
   9   32   23 5.300000 3.700000
  11   34   34 5.657143 5.342857
  52  220   87 37.519444 14.480556
  28  110   62 18.130952 9.869048
  12   46   25 7.861905 4.138095
  20   62   57 10.335714 9.664286
  40  144   94 24.457143 15.542857
  26   80   73 13.686905 12.313095
  13   50   26 8.595238 4.404762
  30  130   51 21.933333 8.066667
  31  106   84 17.373016 13.626984
  21   62   68 10.152381 10.847619
   5   14   18 2.311905 2.688095
  37  156   61 26.604762 10.395238
  37  130   91 21.989286 15.010714
  24   76   68 12.815476 11.184524
   2    0   13 0.000000 2.000000
  45  192   79 32.119048 12.880952
  29   86   86 14.621429 14.378571
  19   64   57 10.267857 8.732143
   1    0    7 0.000000 1.000000
  52  226   82 38.296032 13.703968
  28   82   82 14.219048 13.780952
  17   54   47 9.200000 7.800000
  50  224   79 37.411905 12.588095
  33  124   72 21.021429 11.978571
   8   14   38 2.303571 5.696429
  50  212   86 35.745238 14.254762
  42  166   84 28.203571 13.796429
  10   20   39 3.395238 6.604762
  55  236   91 39.995238 15.004762
  35  122   92 20.065476 14.934524
  17   50   53 8.396429 8.603571
  46  184   86 31.411905 14.588095
  37  128   99 21.127381 15.872619
  14   28   57 4.847619 9.152381
  48  196   90 32.752381 15.247619
  38  124  105 20.711905 17.288095
   8   16   34 2.772619 5.227381
  51  228   76 38.452381 12.547619
  41  158   88 26.694444 14.305556
   3    6   12 1.071429 1.928571
  43  180   77 30.201190 12.798810
  54  238   87 40.107143 13.892857
   2    2    9 0.366667 1.633333
  44  182   80 30.478571 13.521429
  54  238   89 39.709127 14.290873
   3    6   13 0.952381 2.047619
  44  160  103 27.038095 16.961905
  53  210  108 35.444048 17.555952
   1    0    6 0.000000 1.000000
  45  172  102 28.325000 16.675000
  54  218  102 36.596032 17.403968
  40  138   99 23.233333 16.766667
  60  264   99 44.064286 15.935714
  26   62   90 10.521429 15.478571
  74  358   90 59.409524 14.590476
  25   78   76 12.950000 12.050000
  75  370   76 62.488095 12.511905
  23   68   70 11.226190 11.773810
  77  392   70 65.532143 11.467857
  18   42   64 7.107143 10.892857
  82  430   64 71.544048 10.455952
  18   48   63 7.978571 10.021429
  82  426   63 71.520238 10.479762
  11   24   41 4.088095 6.911905
  89  494   41 82.327381 6.672619
  10   20   42 3.215476 6.784524
  90  496   42 83.078571 6.921429
   6   10   26 1.685714 4.314286
  94  538   26 89.894048 4.105952
   5    4   28 0.666667 4.333333
  95  540   28 90.184127 4.815873
  11   26   39 4.480952 6.519048
  89  496   39 82.611905 6.388095
   4    2   19 0.400000 3.600000
  96  560   19 93.016667 2.983333
   3    2   17 0.366667 2.633333
  97  564   17 94.072619 2.927381
   5    6   21 1.200000 3.800000
  95  552   21 91.763095 3.236905
   2    2   10 0.333333 1.666667
  98  578   10 96.355952 1.644048
   1    0    7 0.000000 1.000000
  99  586    7 97.723810 1.276190
 100  600    0 100.000000 0.000000
