   1    0    5 0.000000 1.000000
   4   10   13 1.845238 2.154762
   1    0    7 0.000000 1.000000
   3    4   15 0.619048 2.380952
   2    2   10 0.333333 1.666667
   2    0   11 0.000000 2.000000
   1    0    6 0.000000 1.000000
   2    0   10 0.000000 2.000000
   1    0    8 0.000000 1.000000
   4    6   18 1.000000 3.000000
   1    0    6 0.000000 1.000000
   1    0    7 0.000000 1.000000
   1    0    6 0.000000 1.000000
   2    2   10 0.333333 1.666667
   3    4   14 0.666667 2.333333
   3    4   15 0.691667 2.308333
   2    2   11 0.309524 1.690476
   1    0    6 0.000000 1.000000
   2    2    8 0.400000 1.600000
   2    2   11 0.309524 1.690476
   3    4   11 0.866667 2.133333
   1    0    6 0.000000 1.000000
   3    6   10 1.133333 1.866667
   2    2   10 0.333333 1.666667
   5   14   19 2.160714 2.839286
   1    0    7 0.000000 1.000000
   1    0    6 0.000000 1.000000
   1    0    8 0.000000 1.000000
   7   20   19 3.742857 3.257143
   1    0    5 0.000000 1.000000
   1    0    5 0.000000 1.000000
   1    0    6 0.000000 1.000000
   1    0    5 0.000000 1.000000
   1    0    7 0.000000 1.000000
   1    0    7 0.000000 1.000000
   2    2   12 0.291667 1.708333
   4   10   13 1.728571 2.271429
   2    2   12 0.291667 1.708333
   4   10   13 1.850000 2.150000
   5   12   17 2.095238 2.904762
   2    2    9 0.366667 1.633333
   2    2   12 0.291667 1.708333
   2    2    9 0.366667 1.633333
   4   10   16 1.635714 2.364286
   2    2   10 0.333333 1.666667
   2    2    9 0.366667 1.633333
   3    6   12 1.019048 1.980952
   1    0    5 0.000000 1.000000
   9   20   33 3.466667 5.533333
  11   26   38 4.438095 6.561905
   1    0    6 0.000000 1.000000
   7   14   24 2.500000 4.500000
   1    0    7 0.000000 1.000000
   1    0    7 0.000000 1.000000
   5   10   19 1.733333 3.266667
   3    6   12 1.019048 1.980952
   3    4   14 0.676190 2.323810
   1    0    7 0.000000 1.000000
   9   26   26 4.669048 4.330952
   2    0   13 0.000000 2.000000
   1    0    7 0.000000 1.000000
   1    0    7 0.000000 1.000000
   1    0    6 0.000000 1.000000
   4    4   22 0.619048 3.380952
   1    0    6 0.000000 1.000000
   2    2    7 0.450000 1.550000
   1    0    7 0.000000 1.000000
   1    0    6 0.000000 1.000000
   1    0    5 0.000000 1.000000
   6   18   18 2.990476 3.009524
   5   12   22 1.761905 3.238095
   3    2   15 0.400000 2.600000
  14   58   28 9.841667 4.158333
   1    0    6 0.000000 1.000000
   1    0    7 0.000000 1.000000
   1    0    6 0.000000 1.000000
   1    0    6 0.000000 1.000000
   5    6   27 0.971429 4.028571
  12   30   42 5.009524 6.990476
   4    8   15 1.400000 2.600000
   7   22   19 3.723810 3.276190
   6   18   19 2.947619 3.052381
   5   10   19 1.728571 3.271429
   4   10   14 1.685714 2.314286
   2    2    9 0.366667 1.633333
  17   70   32 11.814286 5.185714
   2    0   14 0.000000 2.000000
   1    0    7 0.000000 1.000000
   2    2    8 0.400000 1.600000
   4    8   15 1.385714 2.614286
   2    2   11 0.325000 1.675000
   1    0    7 0.000000 1.000000
   8   20   27 3.476190 4.523810
   4   10   15 1.678571 2.321429
   2    2    9 0.366667 1.633333
  10   34   25 5.689286 4.310714
   2    0   11 0.000000 2.000000
   4    4   23 0.595238 3.404762
   2    2   10 0.333333 1.666667
   3    6   13 0.952381 2.047619
  13   52   23 9.000000 4.000000
  11   40   23 6.966667 4.033333
   1    0    6 0.000000 1.000000
  21   94   33 15.738095 5.261905
   2    0   13 0.000000 2.000000
   4   10   14 1.666667 2.333333
  13   50   24 8.671429 4.328571
   5   12   21 1.851190 3.148810
   8   22   25 3.788095 4.211905
   2    2   10 0.333333 1.666667
   2    2   12 0.285714 1.714286
   7   18   25 2.938095 4.061905
   3    6   11 1.066667 1.933333
   2    2   13 0.267857 1.732143
   3    4   14 0.676190 2.323810
  11   36   29 6.066667 4.933333
  14   58   26 9.892857 4.107143
   1    0    7 0.000000 1.000000
  21   84   37 14.310714 6.689286
   6   18   19 2.928571 3.071429
  13   48   32 8.012698 4.987302
   3    2   18 0.309524 2.690476
  11   24   40 4.154762 6.845238
   5   14   16 2.352381 2.647619
   1    0    6 0.000000 1.000000
   6   14   22 2.266667 3.733333
   4    8   16 1.376190 2.623810
   4   10   13 1.733333 2.266667
  10   34   28 5.376190 4.623810
  15   56   32 9.590476 5.409524
   3    4   16 0.583333 2.416667
  19   68   43 11.543651 7.456349
   1    0    7 0.000000 1.000000
  15   54   38 9.066667 5.933333
   2    2    7 0.450000 1.550000
   7   18   27 2.861905 4.138095
  12   42   28 7.219048 4.780952
   8   22   27 3.557143 4.442857
   5   10   21 1.719048 3.280952
   5   14   18 2.300000 2.700000
  15   52   37 8.695238 6.304762
  14   38   44 6.538095 7.461905
   3    6   12 1.122222 1.877778
  21   72   54 12.140476 8.859524
   1    0    8 0.000000 1.000000
  10   32   30 5.203571 4.796429
   2    2   10 0.333333 1.666667
   8   18   29 3.128571 4.871429
   9   20   34 3.338095 5.661905
   7   18   21 3.228571 3.771429
   3    2   19 0.311111 2.688889
   4    6   18 1.167857 2.832143
  17   62   42 10.264286 6.735714
  15   42   47 7.100000 7.900000
   2    2    8 0.400000 1.600000
  16   50   46 8.480952 7.519048
   6   18   19 2.980952 3.019048
   5   14   17 2.290476 2.709524
  17   50   47 8.964286 8.035714
   8   26   25 4.200000 3.800000
   7   18   22 3.104762 3.895238
   3    2   13 0.400000 2.600000
   3    6   14 0.904762 2.095238
  24  106   38 18.027381 5.972619
   8   14   35 2.352381 5.647619
   1    0    6 0.000000 1.000000
  12   36   37 6.075000 5.925000
   3    4   13 0.700000 2.300000
   4   10   15 1.619048 2.380952
  15   40   47 7.135714 7.864286
   9   24   31 3.966667 5.033333
  18   78   31 13.134921 4.865079
   2    2    9 0.366667 1.633333
   4    8   13 1.500000 2.500000
  20   84   38 13.890476 6.109524
   7   24   20 4.036905 2.963095
  17   58   47 9.566667 7.433333
   3    4   16 0.625000 2.375000
   1    0    6 0.000000 1.000000
   7   14   28 2.385714 4.614286
  13   38   37 6.580952 6.419048
  26  112   42 18.942857 7.057143
   4    8   14 1.466667 2.533333
   1    0    7 0.000000 1.000000
  23   96   39 16.271429 6.728571
  14   52   32 8.688095 5.311905
  11   26   42 4.313095 6.686905
   8   24   25 3.980952 4.019048
   6    6   36 0.863095 5.136905
  16   50   43 8.823810 7.176190
  17   60   40 10.214286 6.785714
   5   14   17 2.371429 2.628571
   8   20   26 3.519048 4.480952
  22   82   53 13.423810 8.576190
  11   40   27 6.695238 4.304762
   8   10   38 1.719048 6.280952
  14   50   32 8.659524 5.340476
   7   14   26 2.460714 4.539286
  11   34   33 5.542857 5.457143
  14   42   42 7.066667 6.933333
   7   22   18 3.825000 3.175000
   4    6   20 0.944048 3.055952
  33  128   67 21.928571 11.071429
   9   28   26 4.785714 4.214286
  11   26   39 4.480952 6.519048
  12   36   37 5.853571 6.146429
   9   26   28 4.338095 4.661905
   9   32   24 5.183333 3.816667
   6   10   27 1.661905 4.338095
   2    2   10 0.333333 1.666667
   3    6   12 1.000000 2.000000
  43  172   83 29.138095 13.861905
   3    4   14 0.666667 2.333333
   9   20   36 3.255952 5.744048
   5    6   26 1.042857 3.957143
  10   26   35 4.319048 5.680952
  17   62   36 10.638095 6.361905
   8   14   36 2.280952 5.719048
   1    0    7 0.000000 1.000000
   1    0    6 0.000000 1.000000
  49  212   79 35.696429 13.303571
   5   12   18 2.000000 3.000000
   6   10   28 1.541667 4.458333
   3    2   16 0.342857 2.657143
   7   16   25 2.819048 4.180952
  25   94   56 15.761905 9.238095
   3    2   17 0.333333 2.666667
   1    0    8 0.000000 1.000000
  45  182   88 30.527381 14.472619
   5   14   16 2.328571 2.671429
   8   14   35 2.271429 5.728571
   5   10   21 1.666667 3.333333
   9   32   21 5.557143 3.442857
  23   90   48 15.228571 7.771429
   4    6   15 1.150000 2.850000
   1    0    6 0.000000 1.000000
  39  154   84 25.773810 13.226190
   7   22   20 3.716667 3.283333
   8   16   30 2.785714 5.214286
  11   26   36 4.695238 6.304762
  11   44   23 7.471429 3.528571
  20   70   49 11.790476 8.209524
   3    4   16 0.583333 2.416667
   1    0    6 0.000000 1.000000
  44  174   88 29.344048 14.655952
  10   36   25 6.179762 3.820238
   3    2   16 0.366667 2.633333
  10   20   40 3.366667 6.633333
  10   22   37 3.754762 6.245238
  21   76   51 12.884524 8.115476
   1    0    7 0.000000 1.000000
   2    2   10 0.342857 1.657143
  49  204   93 34.098810 14.901190
   3    4   14 0.709524 2.290476
   3    4   12 0.766667 2.233333
   6    6   28 1.100000 4.900000
   9   22   33 3.600000 5.400000
  28  104   64 17.413095 10.586905
   5   10   20 1.661905 3.338095
  34  106   96 18.054762 15.945238
   2    2    8 0.400000 1.600000
   5   14   18 2.278571 2.721429
   8   22   27 3.761905 4.238095
  16   56   35 9.895238 6.104762
  30  122   64 20.182143 9.817857
   6   16   23 2.579762 3.420238
  41  152   95 25.450000 15.550000
   1    0    8 0.000000 1.000000
   2    2   10 0.333333 1.666667
   8   26   18 4.650000 3.350000
  13   42   33 7.147619 5.852381
  29  110   65 18.400000 10.600000
   3    6   13 0.983333 2.016667
  44  168   97 28.351587 15.648413
   1    0    6 0.000000 1.000000
   8   26   21 4.380952 3.619048
  14   44   38 7.711905 6.288095
  30  114   67 18.959524 11.040476
   1    0    7 0.000000 1.000000
  41  162   79 27.458333 13.541667
   2    2    9 0.366667 1.633333
   6   14   20 2.433333 3.566667
  17   60   41 10.095238 6.904762
  33  144   62 23.690873 9.309127
  53  234   87 38.934127 14.065873
   1    0    6 0.000000 1.000000
  14   38   46 6.449206 7.550794
  32  122   67 20.604762 11.395238
  67  308   89 51.716667 15.283333
   1    0    6 0.000000 1.000000
  11   30   36 5.019048 5.980952
  21   72   59 11.736905 9.263095
  73  360   72 60.704365 12.295635
   9   24   34 3.941667 5.058333
  18   68   42 11.444048 6.555952
  84  442   57 74.546429 9.453571
   5   10   23 1.635714 3.364286
  11   34   34 5.755952 5.244048
  90  504   38 83.784524 6.215476
   2    0   12 0.000000 2.000000
   8   20   26 3.552381 4.447619
  93  534   23 89.194048 3.805952
   7   20   23 3.300000 3.700000
  93  530   24 88.642857 4.357143
   7   22   24 3.541667 3.458333
  95  544   24 90.941667 4.058333
   5    8   24 1.334524 3.665476
  97  562   18 93.950000 3.050000
   3    2   18 0.291667 2.708333
  98  582    8 96.782143 1.217857
   2    2    8 0.400000 1.600000
 100  600    0 100.000000 0.000000
