   2    2   11 0.309524 1.690476
   2    2   10 0.333333 1.666667
   1    0    7 0.000000 1.000000
   2    2    7 0.450000 1.550000
   2    2   10 0.333333 1.666667
   1    0    8 0.000000 1.000000
   1    0    6 0.000000 1.000000
   2    2   12 0.285714 1.714286
   2    2   10 0.342857 1.657143
   2    2   11 0.309524 1.690476
   1    0    6 0.000000 1.000000
   1    0    6 0.000000 1.000000
   5   14   16 2.550000 2.450000
   1    0    6 0.000000 1.000000
   3    6   11 1.085714 1.914286
   1    0    7 0.000000 1.000000
   1    0    6 0.000000 1.000000
   2    2   11 0.309524 1.690476
   1    0    5 0.000000 1.000000
   1    0    7 0.000000 1.000000
   1    0    6 0.000000 1.000000
   3    2   15 0.366667 2.633333
   1    0    7 0.000000 1.000000
   2    2   11 0.325000 1.675000
   2    2    8 0.400000 1.600000
   2    2   11 0.309524 1.690476
   6   18   17 3.152381 2.847619
   1    0    7 0.000000 1.000000
   1    0    6 0.000000 1.000000
   1    0    6 0.000000 1.000000
   1    0    6 0.000000 1.000000
   2    2    9 0.366667 1.633333
   1    0    6 0.000000 1.000000
   3    6   12 1.019048 1.980952
   2    2    9 0.366667 1.633333
   5   10   17 1.900000 3.100000
   1    0    7 0.000000 1.000000
   2    2    9 0.366667 1.633333
   1    0    7 0.000000 1.000000
   1    0    6 0.000000 1.000000
   5   14   15 2.550000 2.450000
   1    0    6 0.000000 1.000000
   3    6   11 1.119048 1.880952
   2    2   11 0.309524 1.690476
   4    8   17 1.328571 2.671429
   1    0    7 0.000000 1.000000
   5   12   16 2.200000 2.800000
   1    0    8 0.000000 1.000000
   1    0    5 0.000000 1.000000
   2    2   10 0.333333 1.666667
   2    2    9 0.366667 1.633333
   2    2   11 0.309524 1.690476
   3    4   11 0.816667 2.183333
   5   10   16 1.966667 3.033333
   5   14   19 2.258333 2.741667
   1    0    6 0.000000 1.000000
   3    6   10 1.185714 1.814286
   4    8   19 1.160714 2.839286
   5   10   19 1.733333 3.266667
   1    0    6 0.000000 1.000000
   2    2   11 0.309524 1.690476
   3    6   10 1.133333 1.866667
   1    0    5 0.000000 1.000000
   3    4   15 0.685714 2.314286
   7   16   26 2.867857 4.132143
   1    0    6 0.000000 1.000000
   5   14   17 2.280952 2.719048
   3    4   12 0.833333 2.166667
   1    0    6 0.000000 1.000000
   1    0    8 0.000000 1.000000
   2    2   12 0.285714 1.714286
   2    2    9 0.366667 1.633333
   5   14   17 2.338095 2.661905
   5   14   20 2.083333 2.916667
   3    4   14 0.666667 2.333333
   2    2   11 0.309524 1.690476
   5   14   15 2.516667 2.483333
   4   10   14 1.708333 2.291667
   1    0    6 0.000000 1.000000
   6   16   18 2.928571 3.071429
   1    0    7 0.000000 1.000000
   2    2   10 0.342857 1.657143
   3    2   14 0.366667 2.633333
   3    6   12 1.019048 1.980952
   1    0    5 0.000000 1.000000
   6   16   20 2.723810 3.276190
   5   14   14 2.500000 2.500000
   6   16   21 2.727381 3.272619
   4    8   15 1.419048 2.580952
   9   28   26 4.619048 4.380952
   8   18   30 3.019048 4.980952
   1    0    7 0.000000 1.000000
   5   10   18 1.842857 3.157143
   7   14   32 2.261905 4.738095
   1    0    6 0.000000 1.000000
   8   26   17 4.850000 3.150000
  11   42   23 7.204762 3.795238
   5    8   23 1.376190 3.623810
   1    0    5 0.000000 1.000000
   3    6   13 0.952381 2.047619
   4   10   16 1.523810 2.476190
   7   18   26 2.936905 4.063095
   4    8   16 1.328571 2.671429
   1    0    6 0.000000 1.000000
   1    0    6 0.000000 1.000000
   2    2   11 0.309524 1.690476
   2    2   11 0.309524 1.690476
   9   26   29 4.333333 4.666667
   5   12   17 2.128571 2.871429
   6   12   23 2.019048 3.980952
  11   30   39 4.839286 6.160714
   6    6   30 1.085714 4.914286
   9   28   23 4.971429 4.028571
   7   10   32 1.661905 5.338095
   7   14   29 2.352381 4.647619
  11   38   27 6.471429 4.528571
   2    2   10 0.333333 1.666667
   3    6   12 1.019048 1.980952
   2    2    9 0.366667 1.633333
  12   36   36 6.102381 5.897619
   3    6   13 0.971429 2.028571
   1    0    6 0.000000 1.000000
   1    0    7 0.000000 1.000000
   3    6   11 1.066667 1.933333
   1    0    7 0.000000 1.000000
  11   40   32 6.238095 4.761905
   3    2   14 0.400000 2.600000
   2    2   11 0.309524 1.690476
  21   88   39 14.733333 6.266667
   5    6   20 1.116667 3.883333
  10   30   29 5.080952 4.919048
   4    4   21 0.652381 3.347619
   5   12   19 1.890476 3.109524
  19   70   44 11.845238 7.154762
   3    4   12 0.766667 2.233333
   6   18   18 2.976190 3.023810
   3    4   12 0.766667 2.233333
   4    6   16 1.100000 2.900000
   1    0    8 0.000000 1.000000
   2    2   10 0.342857 1.657143
  11   38   32 6.059524 4.940476
   1    0    8 0.000000 1.000000
   4   10   13 1.766667 2.233333
  30  116   60 19.829762 10.170238
   6   16   17 3.100000 2.900000
   6    8   33 1.202381 4.797619
  11   34   34 5.608333 5.391667
   4    6   15 1.200000 2.800000
  16   48   47 8.000000 8.000000
   2    2   12 0.285714 1.714286
   8   24   21 4.295238 3.704762
   1    0    6 0.000000 1.000000
   5   14   18 2.311905 2.688095
   8   22   24 3.833333 4.166667
  18   60   52 9.895238 8.104762
   5   12   17 2.100000 2.900000
   9   18   36 3.136905 5.863095
  12   36   35 6.100000 5.900000
  31  132   51 22.411905 8.588095
  11   40   28 6.659524 4.340476
   1    0    5 0.000000 1.000000
   2    2   10 0.333333 1.666667
   8   20   28 3.276190 4.723810
  18   68   38 11.385714 6.614286
   6   16   19 2.816667 3.183333
  11   28   39 4.704762 6.295238
   9   16   39 2.661905 6.338095
  31  128   54 21.725000 9.275000
  13   44   39 7.052381 5.947619
   2    2   10 0.333333 1.666667
   3    6   13 0.983333 2.016667
   9   26   26 4.495238 4.504762
  13   48   31 8.002381 4.997619
   7   22   19 3.823810 3.176190
   5    6   25 1.019048 3.980952
  10   28   30 4.790476 5.209524
  31  132   52 22.316667 8.683333
  21   80   49 13.402381 7.597619
   1    0    7 0.000000 1.000000
   9   34   21 5.883333 3.116667
   7   14   26 2.508333 4.491667
  13   48   31 8.260317 4.739683
   9   22   30 3.790476 5.209524
   7   10   34 1.619048 5.380952
  15   58   32 9.723810 5.276190
  25  104   47 17.533333 7.466667
  14   48   34 8.152381 5.847619
   1    0    7 0.000000 1.000000
   6   16   23 2.534524 3.465476
  14   44   38 7.461905 6.538095
  13   50   28 8.447619 4.552381
   5    8   21 1.376190 3.623810
   7   12   28 2.052381 4.947619
  20   86   33 14.664286 5.335714
  24  108   41 17.802381 6.197619
  11   38   26 6.571429 4.428571
   5    6   23 1.052381 3.947619
  22   88   46 14.676190 7.323810
   5   10   22 1.611905 3.388095
   5   12   21 1.809524 3.190476
   4    2   23 0.366667 3.633333
  17   70   30 11.954762 5.045238
  29  132   39 22.338095 6.661905
  13   42   34 7.147619 5.852381
   7   10   32 1.642857 5.357143
  19   74   40 12.414286 6.585714
   8   26   26 4.348016 3.651984
   2    2   12 0.285714 1.714286
   6    8   25 1.509524 4.490476
  15   58   33 9.613095 5.386905
  28  114   51 19.194048 8.805952
  15   56   33 9.634524 5.365476
   9   20   36 3.300000 5.700000
  21   84   43 13.955952 7.044048
  10   36   25 5.938095 4.061905
   3    2   16 0.366667 2.633333
   8   18   26 3.326190 4.673810
  10   32   29 5.328571 4.671429
  25  102   46 17.335714 7.664286
  14   42   43 7.055952 6.944048
  10   24   35 4.104762 5.895238
  16   54   42 9.194048 6.805952
   8   22   29 3.452381 4.547619
   1    0    8 0.000000 1.000000
  10   26   34 4.304762 5.695238
  14   44   36 7.625000 6.375000
  21   84   43 14.064286 6.935714
  20   66   53 11.220238 8.779762
  13   38   40 6.319048 6.680952
  15   50   40 8.357143 6.642857
   7   14   28 2.341667 4.658333
   1    0    6 0.000000 1.000000
   6   12   25 2.038095 3.961905
  10   28   32 4.741667 5.258333
  25   96   54 16.488095 8.511905
  23   80   57 13.465476 9.534524
  17   56   44 9.600000 7.400000
  19   56   54 9.811905 9.188095
   5   10   20 1.700000 3.300000
   2    2    9 0.392857 1.607143
   2    2   11 0.309524 1.690476
  26   90   63 15.240476 10.759524
  29  116   67 18.983333 10.016667
  17   50   51 8.263095 8.736905
  26   90   65 15.333333 10.666667
   5    4   26 0.700000 4.300000
   2    2    9 0.366667 1.633333
   3    4   15 0.619048 2.380952
  21   62   60 10.542857 10.457143
  26   78   84 12.781349 13.218651
  12   26   47 4.463095 7.536905
  26   86   72 14.310714 11.689286
   5   10   17 1.900000 3.100000
   2    2   11 0.325000 1.675000
  32  126   63 21.385714 10.614286
  23   62   78 10.478571 12.521429
  11   26   43 4.287302 6.712698
  23   66   72 11.254762 11.745238
   6   16   19 2.869048 3.130952
   1    0    6 0.000000 1.000000
  36  132   84 22.209524 13.790476
  23   62   74 10.709524 12.290476
   7   12   30 1.980952 5.019048
  22   84   46 14.304762 7.695238
  10   30   30 5.173810 4.826190
   1    0    6 0.000000 1.000000
  32  120   77 20.060714 11.939286
  28   98   67 16.788095 11.211905
   4    6   20 0.935714 3.064286
  31  138   44 23.465476 7.534524
   9   30   28 4.800000 4.200000
  33  120   73 20.461905 12.538095
  23   78   63 13.029762 9.970238
  26  104   53 17.277381 8.722619
  23   90   45 15.117857 7.882143
  28   84   85 14.135714 13.864286
  23   88   51 15.020238 7.979762
  22   88   42 14.990476 7.009524
  31  126   60 21.360714 9.639286
  22   62   70 10.494048 11.505952
  25   98   54 16.405952 8.594048
  22   88   44 14.672619 7.327381
  30  112   69 18.813095 11.186905
  33  122   79 20.209127 12.790873
  15   46   40 7.902381 7.097619
  32  132   55 22.540476 9.459524
  27  106   60 17.591667 9.408333
  27   92   69 15.733333 11.266667
  14   28   58 4.545238 9.454762
  31  132   55 21.895238 9.104762
  31  126   59 21.309524 9.690476
  28  108   60 17.995238 10.004762
  10   18   42 3.100000 6.900000
  41  174   73 29.044048 11.955952
  22   76   56 12.828571 9.171429
  26   80   75 13.414286 12.585714
  11   26   40 4.425000 6.575000
  34  116   88 19.433333 14.566667
  12   20   52 3.321429 8.678571
  37  152   74 25.603571 11.396429
  17   46   52 8.151190 8.848810
  25   72   81 12.147619 12.852381
  17   48   52 8.178571 8.821429
  31  114   75 18.883333 12.116667
  27   86   72 15.244048 11.755952
  33  128   77 21.200794 11.799206
  21   56   68 9.730952 11.269048
  28   98   71 16.476190 11.523810
  18   44   58 7.728571 10.271429
  19   36   80 5.976190 13.023810
  28   98   68 16.671429 11.328571
  35  138   72 23.047619 11.952381
  18   42   66 7.073810 10.926190
  23   68   72 11.411905 11.588095
  38  136   88 23.306349 14.693651
  27  102   63 17.100000 9.900000
  12   18   53 3.061905 8.938095
  33  130   69 21.677381 11.322619
  38  142   85 23.900000 14.100000
  18   60   54 9.841667 8.158333
  11   18   42 3.359524 7.640476
  20   62   59 10.410714 9.589286
  44  164   96 27.752381 16.247619
  25   86   68 14.188095 10.811905
  11   12   53 2.077381 8.922619
  21   80   46 13.291667 7.708333
  42  162   91 27.116667 14.883333
  29  112   60 19.108333 9.891667
   8    8   41 1.392857 6.607143
  17   52   48 8.717857 8.282143
  47  196   90 32.654762 14.345238
  31  128   56 21.671429 9.328571
   5    6   24 1.009524 3.990476
  15   40   54 6.557143 8.442857
  31  120   68 20.044048 10.955952
  47  204   72 34.775000 12.225000
   7   22   20 3.704762 3.295238
  15   48   45 8.000000 7.000000
  35  140   69 23.769048 11.230952
  39  152   81 25.344048 13.655952
  11   36   29 6.071429 4.928571
  25   90   66 14.825397 10.174603
  27  112   53 18.817460 8.182540
  38  138   83 23.676190 14.323810
  10   26   32 4.366667 5.633333
  20   54   68 8.811905 11.188095
  28  112   52 19.047619 8.952381
  39  154   83 25.770238 13.229762
  13   42   35 7.061905 5.938095
  19   52   59 9.007143 9.992857
  32  130   64 21.807143 10.192857
  33  124   77 20.686905 12.313095
  16   46   48 7.980952 8.019048
   8   14   37 2.257143 5.742857
  35  136   72 23.171429 11.828571
  37  152   72 25.614286 11.385714
  20   62   55 10.719048 9.280952
  10   20   40 3.447619 6.552381
  37  132   87 22.601190 14.398810
  33  118   79 19.963095 13.036905
  20   68   56 11.313095 8.686905
  18   50   57 8.500000 9.500000
  40  144   92 24.570238 15.429762
  33  116   86 19.364286 13.635714
   9   20   35 3.247619 5.752381
  28  112   58 18.917857 9.082143
  29  102   75 16.850000 12.150000
  37  146   73 24.488095 12.511905
   6    8   26 1.483333 4.516667
  26  104   53 17.352381 8.647619
  29   88   92 14.327381 14.672619
  30  110   65 18.571429 11.428571
  15   42   46 7.147619 7.852381
  38  148   78 25.166667 12.833333
  22   50   83 8.476190 13.523810
  27   88   78 14.364286 12.635714
  13   38   37 6.557143 6.442857
  37  156   62 26.340476 10.659524
  21   62   64 10.228571 10.771429
  31  114   74 18.861905 12.138095
  11   28   40 4.575000 6.425000
  30  112   65 19.016667 10.983333
  21   72   52 12.169048 8.830952
  30  104   79 17.563095 12.436905
  19   68   48 11.498810 7.501190
  21   60   71 9.617857 11.382143
  36  124   85 21.459524 14.540476
  30  110   69 18.342857 11.657143
  13   38   43 6.197619 6.802381
  23   62   80 10.358333 12.641667
  30   92   84 15.842857 14.157143
  31  128   60 21.434524 9.565476
  16   52   42 8.871429 7.128571
  34  108   93 18.321429 15.678571
  32  114   82 18.910714 13.089286
  21   74   53 12.420238 8.579762
  13   28   48 4.757143 8.242857
  35  116   94 19.546429 15.453571
  27   94   67 16.063095 10.936905
  16   52   43 8.725000 7.275000
  22   78   56 12.822222 9.177778
  29   94   88 15.421429 13.578571
  34  128   71 22.052381 11.947619
  18   64   45 10.665476 7.334524
  19   60   50 10.314286 8.685714
  28   82   85 14.004762 13.995238
  31  114   76 18.914286 12.085714
  21   66   57 11.223810 9.776190
  20   68   52 11.560714 8.439286
  31  100   81 16.983333 14.016667
  38  150   81 24.907143 13.092857
  10   36   24 6.005952 3.994048
  21   78   50 12.950000 8.050000
  34  116   88 19.322619 14.677381
  42  158   95 26.198810 15.801190
   9   30   25 4.995238 4.004762
  15   48   40 8.144048 6.855952
  35  124   86 20.726190 14.273810
  38  134   94 22.598810 15.401190
  11   36   33 6.024603 4.975397
  16   56   37 9.664286 6.335714
  32  104   92 17.248810 14.751190
  41  152   90 26.020238 14.979762
   8   24   23 4.042857 3.957143
  19   70   45 11.733333 7.266667
  31   98   86 16.542857 14.457143
  42  168   90 27.852381 14.147619
   6   14   25 2.236111 3.763889
  21   62   57 10.842857 10.157143
  32  100   86 17.176190 14.823810
  37  140   86 23.228175 13.771825
   6   12   24 2.000000 4.000000
  25  104   48 17.383333 7.616667
  35  128   84 21.532143 13.467857
  34  118   86 19.633333 14.366667
   5    8   23 1.322222 3.677778
  26  100   53 16.951190 9.048810
  37  140   80 23.854762 13.145238
  29  110   70 18.067857 10.932143
   3    4   14 0.709524 2.290476
  31  126   56 21.297619 9.702381
  51  228   75 38.398810 12.601190
  21   84   47 13.878571 7.121429
   3    4   13 0.700000 2.300000
  25   90   59 15.302381 9.697619
  57  276   66 46.067063 10.932937
  20   84   34 14.185714 5.814286
   4    4   19 0.700000 3.300000
  19   64   53 10.398810 8.601190
  50  222   77 37.230952 12.769048
  22   84   48 14.235714 7.764286
   4    4   21 0.652381 3.347619
  24   88   56 14.721429 9.278571
  53  240   80 39.742857 13.257143
  19   66   47 11.221429 7.778571
   3    4   15 0.685714 2.314286
  25   88   60 14.909524 10.090476
  53  238   82 39.657143 13.342857
  12   30   38 5.273810 6.726190
   2    0   13 0.000000 2.000000
  33  130   69 22.010714 10.989286
  56  258   82 42.858333 13.141667
  14   44   39 7.354762 6.645238
   4    4   20 0.700000 3.300000
  26   84   69 14.533333 11.466667
  47  190   89 32.319048 14.680952
  19   62   54 10.147619 8.852381
   3    4   16 0.625000 2.375000
  31  112   73 18.779762 12.220238
  52  212  100 35.617857 16.382143
  28  110   57 18.332143 9.667857
   3    2   15 0.400000 2.600000
  17   36   68 5.867857 11.132143
  51  226   84 37.761905 13.238095
  24   90   55 15.119048 8.880952
   2    2   12 0.285714 1.714286
  23   72   59 12.803571 10.196429
  44  174   91 29.106349 14.893651
  25   84   66 14.071429 10.928571
  31  112   73 19.123810 11.876190
  39  140   94 23.742857 15.257143
  27   94   68 15.770238 11.229762
  34  136   68 22.747619 11.252381
  50  210   93 35.053571 14.946429
  12   26   48 4.391667 7.608333
  38  152   71 25.839286 12.160714
  51  218   86 36.633333 14.366667
  14   38   47 6.442857 7.557143
  35  132   79 22.119048 12.880952
  54  214  105 36.157143 17.842857
  10   20   44 3.226190 6.773810
  36  116  101 19.166667 16.833333
  54  230   94 38.740476 15.259524
   6    4   35 0.725000 5.275000
  40  140   97 23.838095 16.161905
  63  282   94 47.925000 15.075000
  10   22   38 3.771429 6.228571
  27   84   80 14.111905 12.888095
  52  222   98 36.533333 15.466667
  13   26   50 4.545238 8.454762
  35  122   82 20.873810 14.126190
  50  186  108 31.927381 18.072619
  17   60   46 10.036905 6.963095
  33  116   84 19.850000 13.150000
  61  282   84 47.250000 13.750000
  14   48   35 8.150000 5.850000
  25   86   65 14.441667 10.558333
  59  256   91 43.483333 15.516667
  12   32   39 5.496429 6.503571
  29   98   84 15.964683 13.035317
  54  238   88 39.909524 14.090476
  12   26   48 4.216667 7.783333
  34  114   86 19.146429 14.853571
  64  294   90 48.945238 15.054762
   8   14   34 2.404762 5.595238
  28   96   72 16.409524 11.590476
  55  246   91 40.389286 14.610714
  10   26   34 4.433333 5.566667
  35  134   69 22.942857 12.057143
  62  302   73 50.088095 11.911905
   8   18   30 3.148810 4.851190
  30  122   55 20.566667 9.433333
  59  276   77 46.236905 12.763095
  11   34   36 5.433333 5.566667
  30  116   61 19.777381 10.222619
  64  314   68 52.635714 11.364286
  16   60   36 10.204762 5.795238
  20   68   54 11.334524 8.665476
  63  310   69 51.913889 11.086111
  14   48   36 7.936905 6.063095
  23   78   59 13.444841 9.555159
  53  228   97 37.744048 15.255952
  14   44   36 7.780952 6.219048
  33  118   77 20.040476 12.959524
  49  190  106 31.892857 17.107143
  19   74   43 12.347619 6.652381
  32  100   87 17.263095 14.736905
  44  164   96 27.980952 16.019048
  28  124   45 21.022619 6.977381
  28   84   87 13.997619 14.002381
  51  226   85 37.296429 13.703571
  29  108   59 18.721429 10.278571
  20   50   72 8.378571 11.621429
  41  182   66 30.390476 10.609524
  47  226   53 38.202381 8.797619
  12   20   53 3.338095 8.661905
  36  160   57 27.051190 8.948810
  55  282   47 47.085714 7.914286
   9   24   30 4.009524 4.990476
  35  142   70 23.960317 11.039683
  59  296   55 49.551984 9.448016
   6    8   29 1.319048 4.680952
  36  150   62 25.332143 10.667857
  56  288   51 47.720238 8.279762
   8   14   35 2.461905 5.538095
  57  276   59 46.759524 10.240476
  41  202   49 33.393651 7.606349
   2    0   14 0.000000 2.000000
  46  214   66 35.600000 10.400000
  48  234   50 39.377381 8.622619
   6   12   24 2.167857 3.832143
  58  268   78 45.078571 12.921429
  40  174   67 28.857143 11.142857
   2    2   11 0.309524 1.690476
  66  312   85 52.171429 13.828571
  32  116   76 19.732143 12.267857
   2    2    9 0.366667 1.633333
  73  360   82 60.008333 12.991667
  27   76   82 13.311905 13.688095
  72  348   84 58.170238 13.829762
  28   84   84 13.957143 14.042857
  71  346   78 58.140476 12.859524
  29   98   78 16.027381 12.972619
  73  362   74 60.694048 12.305952
  27   90   74 15.025000 11.975000
  71  362   69 60.261905 10.738095
  29  100   69 16.873810 12.126190
  73  368   73 61.172619 11.827381
  27   86   73 14.702381 12.297619
  67  318   94 52.196825 14.803175
  33   94   94 16.309524 16.690476
  73  364   74 60.730952 12.269048
  27   88   74 14.892857 12.107143
  64  294   91 49.133333 14.866667
  36  124   91 20.794048 15.205952
  60  292   72 48.686905 11.313095
  40  164   72 28.013095 11.986905
  61  282   89 46.984524 14.015476
  39  140   89 23.798810 15.201190
  59  272   80 45.921429 13.078571
  41  168   80 28.354762 12.645238
  61  272   88 45.960714 15.039286
  39  152   88 24.961905 14.038095
  57  248   94 41.411905 15.588095
  43  164   94 27.578571 15.421429
  62  284   85 47.973810 14.026190
  38  146   85 24.314286 13.685714
  70  336   81 56.529762 13.470238
  30  102   81 16.717460 13.282540
  61  288   77 48.089286 12.910714
  39  158   77 26.516667 12.483333
  63  298   81 49.727381 13.272619
  37  140   81 23.421429 13.578571
  62  308   70 50.682143 11.317857
  38  152   70 25.919048 12.080952
  67  324   75 54.696429 12.303571
  33  126   75 21.152381 11.847619
  65  310   82 51.886905 13.113095
  35  126   82 21.413095 13.586905
  64  300   86 50.314286 13.685714
  36  128   86 21.638095 14.361905
  67  322   80 53.976190 13.023810
  33  118   80 19.950794 13.049206
  72  358   79 59.636111 12.363889
  28   84   79 14.657143 13.342857
  75  372   77 62.119048 12.880952
  25   74   77 12.334524 12.665476
  74  360   84 60.114683 13.885317
  26   72   84 12.114286 13.885714
  74  376   74 62.488889 11.511111
  26   76   74 13.166667 12.833333
  58  232  113 39.040873 18.959127
  42  142  113 23.634524 18.365476
  44  142  119 24.195238 19.804762
  56  220  119 36.882143 19.117857
  39  136   98 22.891667 16.108333
  61  268   98 44.636111 16.363889
  37  134   94 21.882143 15.117857
  63  278   94 46.898810 16.101190
  40  172   69 28.982143 11.017857
  60  290   69 48.788095 11.211905
  36  140   77 23.605952 12.394048
  64  306   77 51.144048 12.855952
  30  112   73 18.342857 11.657143
  70  342   73 57.483333 12.516667
  37  148   71 25.059524 11.940476
  63  310   71 51.658333 11.341667
  29  114   57 19.155952 9.844048
  71  372   57 61.988095 9.011905
  38  156   73 25.935714 12.064286
  62  298   73 49.855952 12.144048
  37  158   64 26.522619 10.477381
  63  314   64 52.709524 10.290476
  42  166   92 27.477381 14.522619
  58  250   92 42.128571 15.871429
  48  194   96 32.453571 15.546429
  52  214   96 35.995238 16.004762
  56  258   78 43.265476 12.734524
  44  186   78 31.177381 12.822619
  47  220   68 36.113095 10.886905
  53  244   68 41.309524 11.690476
  33  134   63 22.619048 10.380952
  67  340   63 56.710714 10.289286
  44  204   59 34.547619 9.452381
  56  278   59 46.429762 9.570238
  48  220   64 37.351190 10.648810
  52  252   64 41.773810 10.226190
  52  218   91 36.721429 15.278571
  48  200   91 33.402381 14.597619
  42  168   87 27.895238 14.104762
  58  258   87 43.392460 14.607540
  30   96   84 16.003571 13.996429
  70  336   84 56.273413 13.726587
  21   70   56 11.804762 9.195238
  79  418   56 69.803571 9.196429
  19   60   48 10.546429 8.453571
  81  444   48 73.600000 7.400000
  17   60   44 9.885714 7.114286
  83  452   44 75.682143 7.317857
  16   54   40 9.192857 6.807143
  84  466   40 77.585714 6.414286
  19   64   49 10.947619 8.052381
  81  438   49 72.940476 8.059524
  20   52   66 8.777381 11.222619
  80  416   66 69.347619 10.652381
  19   62   52 10.776190 8.223810
  81  434   52 72.585317 8.414683
  14   40   48 6.400000 7.600000
  86  464   48 78.004762 7.995238
  14   34   48 5.841667 8.158333
  86  470   48 78.203571 7.796429
   8   10   36 1.776190 6.223810
  92  518   36 86.030952 5.969048
  11   24   44 3.976190 7.023810
  89  488   44 81.383333 7.616667
   7   10   30 1.800000 5.200000
  93  530   30 88.098810 4.901190
  10   20   41 3.397619 6.602381
  90  498   41 83.113095 6.886905
  15   42   47 7.086905 7.913095
  85  464   47 77.357143 7.642857
  13   30   50 5.185714 7.814286
  87  470   50 78.741667 8.258333
  11   40   24 6.876190 4.123810
  89  512   24 85.235317 3.764683
  17   68   34 11.757143 5.242857
  83  464   34 77.532143 5.467857
  13   42   33 7.340476 5.659524
  87  492   33 81.892063 5.107937
  13   38   37 6.704762 6.295238
  87  488   37 81.123016 5.876984
   8   28   21 4.657143 3.342857
  92  530   21 88.475000 3.525000
   5   12   17 2.033333 2.966667
  95  554   17 92.352381 2.647619
   4    8   17 1.283333 2.716667
  96  558   17 93.241667 2.758333
   9   32   23 5.520238 3.479762
  91  522   23 87.147619 3.852381
   5   10   22 1.547619 3.452381
  95  546   22 91.179762 3.820238
   4    6   17 1.052381 2.947619
  96  560   17 93.294048 2.705952
   1    0    6 0.000000 1.000000
  99  588    6 97.966667 1.033333
 100  600    0 100.000000 0.000000
