   1    0    8 0.000000 1.000000
   2    2    8 0.400000 1.600000
   1    0    7 0.000000 1.000000
   1    0    6 0.000000 1.000000
   2    2    9 0.366667 1.633333
   1    0    7 0.000000 1.000000
   2    2    9 0.366667 1.633333
   2    2   10 0.333333 1.666667
   1    0    6 0.000000 1.000000
   3    4   10 0.850000 2.150000
   2    2    8 0.416667 1.583333
   1    0    6 0.000000 1.000000
   3    6   10 1.133333 1.866667
   1    0    7 0.000000 1.000000
   1    0    7 0.000000 1.000000
   1    0    6 0.000000 1.000000
   1    0    5 0.000000 1.000000
   1    0    7 0.000000 1.000000
   2    0   14 0.000000 2.000000
   2    2    8 0.400000 1.600000
   1    0    6 0.000000 1.000000
   1    0    7 0.000000 1.000000
   2    2    9 0.366667 1.633333
   1    0    6 0.000000 1.000000
   3    6   13 0.971429 2.028571
   3    4   16 0.667857 2.332143
   1    0    6 0.000000 1.000000
   1    0    6 0.000000 1.000000
   1    0    7 0.000000 1.000000
   5   10   20 1.652381 3.347619
   1    0    6 0.000000 1.000000
   1    0    7 0.000000 1.000000
   4    8   16 1.333333 2.666667
   1    0    7 0.000000 1.000000
   2    2   11 0.325000 1.675000
   3    6   11 1.085714 1.914286
   1    0    9 0.000000 1.000000
   4   10   13 1.733333 2.266667
   1    0    5 0.000000 1.000000
   1    0    8 0.000000 1.000000
   1    0    7 0.000000 1.000000
   1    0    6 0.000000 1.000000
   1    0    7 0.000000 1.000000
   1    0    5 0.000000 1.000000
   2    2   11 0.309524 1.690476
   5   14   14 2.552381 2.447619
   1    0    6 0.000000 1.000000
   4    8   15 1.400000 2.600000
   1    0    7 0.000000 1.000000
   1    0    6 0.000000 1.000000
   1    0    6 0.000000 1.000000
   1    0    6 0.000000 1.000000
   2    2   10 0.342857 1.657143
   3    4   13 0.700000 2.300000
   2    2    8 0.400000 1.600000
   1    0    7 0.000000 1.000000
   1    0    6 0.000000 1.000000
   1    0    5 0.000000 1.000000
   1    0    6 0.000000 1.000000
   2    2    9 0.366667 1.633333
   2    2    9 0.366667 1.633333
   1    0    6 0.000000 1.000000
   2    2   10 0.333333 1.666667
   1    0    7 0.000000 1.000000
   2    2    8 0.400000 1.600000
   2    2   10 0.333333 1.666667
   1    0    6 0.000000 1.000000
   1    0    6 0.000000 1.000000
   3    6   11 1.066667 1.933333
   2    2   14 0.250000 1.750000
   1    0    7 0.000000 1.000000
   1    0    7 0.000000 1.000000
   3    4   14 0.652381 2.347619
   6   14   24 2.257143 3.742857
   1    0    8 0.000000 1.000000
   3    2   18 0.309524 2.690476
   5   12   15 2.202381 2.797619
   3    4   14 0.676190 2.323810
   1    0    7 0.000000 1.000000
   7   14   25 2.566667 4.433333
   1    0    6 0.000000 1.000000
   1    0    7 0.000000 1.000000
   2    2   10 0.333333 1.666667
   1    0    5 0.000000 1.000000
   4    6   15 1.166667 2.833333
   1    0    6 0.000000 1.000000
   3    6   10 1.133333 1.866667
   1    0    7 0.000000 1.000000
   9   32   24 5.421429 3.578571
   6   18   18 3.066667 2.933333
   3    6   12 1.000000 2.000000
   4    8   15 1.400000 2.600000
   1    0    6 0.000000 1.000000
   4    8   15 1.419048 2.580952
   1    0    6 0.000000 1.000000
   2    2    8 0.400000 1.600000
   4    6   20 0.958333 3.041667
   1    0    5 0.000000 1.000000
   1    0    8 0.000000 1.000000
   1    0    7 0.000000 1.000000
   1    0    6 0.000000 1.000000
   1    0    7 0.000000 1.000000
   1    0    7 0.000000 1.000000
   1    0    8 0.000000 1.000000
   4    4   18 0.742857 3.257143
   1    0    7 0.000000 1.000000
   1    0    5 0.000000 1.000000
  12   32   38 5.757143 6.242857
   3    2   15 0.366667 2.633333
  11   40   25 6.814286 4.185714
   3    4   14 0.666667 2.333333
   1    0    6 0.000000 1.000000
  10   36   24 5.995238 4.004762
   1    0    7 0.000000 1.000000
   3    4   13 0.733333 2.266667
   1    0    6 0.000000 1.000000
   4   10   13 1.766667 2.233333
   3    4   13 0.742857 2.257143
   3    4   15 0.642857 2.357143
   5   10   22 1.619048 3.380952
   6   14   22 2.285714 3.714286
   4   10   12 1.833333 2.166667
   9   24   31 4.038095 4.961905
   1    0    5 0.000000 1.000000
   2    2   11 0.309524 1.690476
   3    6   12 1.019048 1.980952
   2    2   10 0.342857 1.657143
   2    2   11 0.309524 1.690476
   2    2   10 0.333333 1.666667
   1    0    5 0.000000 1.000000
   1    0    6 0.000000 1.000000
  23   86   48 14.714286 8.285714
   3    6   14 0.904762 2.095238
   7   24   18 4.161905 2.838095
   1    0    7 0.000000 1.000000
   1    0    7 0.000000 1.000000
  19   78   38 13.033333 5.966667
   2    2   10 0.342857 1.657143
   4    4   17 0.750000 3.250000
   7   20   22 3.304762 3.695238
   1    0    7 0.000000 1.000000
   7   18   24 3.028571 3.971429
   4    4   19 0.700000 3.300000
   1    0    7 0.000000 1.000000
  11   30   35 5.270238 5.729762
   1    0    8 0.000000 1.000000
   2    0   12 0.000000 2.000000
   1    0    6 0.000000 1.000000
   1    0    6 0.000000 1.000000
   7   18   23 3.038095 3.961905
   3    6   12 1.000000 2.000000
  24   94   52 15.925397 8.074603
   1    0    7 0.000000 1.000000
   6   18   16 3.158333 2.841667
   1    0    8 0.000000 1.000000
   1    0    6 0.000000 1.000000
  18   72   37 12.153571 5.846429
   2    2   10 0.342857 1.657143
   3    6   12 1.019048 1.980952
   6   10   25 1.733333 4.266667
   3    4   12 0.733333 2.266667
   4   10   15 1.619048 2.380952
   2    2    9 0.366667 1.633333
  12   36   39 5.854762 6.145238
   3    2   13 0.450000 2.550000
   2    2   10 0.342857 1.657143
   2    2   10 0.333333 1.666667
   6   14   24 2.261905 3.738095
   1    0    7 0.000000 1.000000
  36  154   61 25.926190 10.073810
   3    4   12 0.842857 2.157143
  13   42   35 6.998810 6.001190
   2    2   10 0.333333 1.666667
   3    4   18 0.553571 2.446429
   4    4   19 0.700000 3.300000
   3    4   13 0.733333 2.266667
   2    0   13 0.000000 2.000000
   2    2   11 0.309524 1.690476
  17   50   51 8.691667 8.308333
   2    2    8 0.400000 1.600000
   6   14   22 2.347619 3.652381
   8   22   24 3.814286 4.185714
   1    0    6 0.000000 1.000000
  43  186   69 31.409524 11.590476
   2    2   10 0.333333 1.666667
  13   42   37 7.066667 5.933333
   3    4   15 0.628571 2.371429
   2    2   12 0.285714 1.714286
   2    2   11 0.309524 1.690476
  15   46   44 7.861905 7.138095
   5   12   18 2.003571 2.996429
   6   14   22 2.347619 3.652381
  14   54   30 9.066667 4.933333
  44  198   64 33.294048 10.705952
  16   62   37 10.336905 5.663095
   1    0    6 0.000000 1.000000
   4    8   13 1.528571 2.471429
   1    0    6 0.000000 1.000000
  13   44   35 7.289286 5.710714
   2    2   11 0.309524 1.690476
   5   10   20 1.742857 3.257143
  24   98   45 16.660714 7.339286
  35  148   62 24.604762 10.395238
  16   60   39 9.808333 6.191667
   3    6   11 1.150000 1.850000
   1    0    7 0.000000 1.000000
  14   42   40 7.176190 6.823810
   4    6   18 1.019048 2.980952
   3    6   12 1.000000 2.000000
  23   86   47 14.842857 8.157143
  45  216   57 35.952381 9.047619
   9   22   34 3.740476 5.259524
   2    2    8 0.400000 1.600000
  14   50   37 8.203571 5.796429
   7   16   25 2.838095 4.161905
  22   82   49 13.963095 8.036905
  51  236   66 39.748810 11.251190
   5   10   22 1.695238 3.304762
   3    6   13 0.971429 2.028571
  17   64   38 10.780952 6.219048
   2    2   12 0.285714 1.714286
  15   58   31 9.809524 5.190476
  54  262   65 43.840476 10.159524
   4    4   17 0.766667 3.233333
   2    2    9 0.366667 1.633333
  25   92   60 15.890873 9.109127
  13   48   34 7.852381 5.147619
  66  328   69 54.797619 11.202381
   3    6   10 1.166667 1.833333
  18   54   51 9.471429 8.528571
   8   18   31 3.135714 4.864286
  71  362   62 60.703571 10.296429
   3    6   11 1.085714 1.914286
  18   62   48 10.326190 7.673810
   6   12   27 1.909524 4.090476
  56  260   75 43.645238 12.354762
   4   10   16 1.547619 2.452381
  34  134   66 22.744048 11.255952
   5    8   22 1.376190 3.623810
  67  316   85 53.026190 13.973810
   4    8   17 1.328571 2.671429
  24   86   58 14.650000 9.350000
   5   14   16 2.419048 2.580952
  66  300   94 50.388095 15.611905
   4    6   20 0.928571 3.071429
  25   82   68 13.847619 11.152381
   1    0    7 0.000000 1.000000
  70  328   90 54.947619 15.052381
   7   22   22 3.685714 3.314286
  22   62   69 10.611905 11.388095
   1    0    7 0.000000 1.000000
  73  364   70 61.134524 11.865476
   6   18   20 2.936905 3.063095
  20   68   53 11.504762 8.495238
   2    2   10 0.342857 1.657143
  85  448   62 74.642063 10.357937
   2    2   11 0.309524 1.690476
  11   20   45 3.447619 7.552381
   1    0    5 0.000000 1.000000
  85  452   60 75.333333 9.666667
   1    0    6 0.000000 1.000000
  13   28   49 4.709524 8.290476
   1    0    7 0.000000 1.000000
  74  358   87 59.813095 14.186905
   1    0    6 0.000000 1.000000
  24   66   76 11.390476 12.609524
   1    0    6 0.000000 1.000000
  70  322   99 53.915476 16.084524
   2    2   10 0.333333 1.666667
  27   76   85 12.619841 14.380159
  77  366   91 61.648810 15.351190
   1    0    6 0.000000 1.000000
  22   50   87 8.479762 13.520238
  70  332   81 56.150794 13.849206
  30  106   81 17.136905 12.863095
  66  306   89 51.098810 14.901190
  34  116   89 19.328571 14.671429
  66  320   77 53.435714 12.564286
  34  126   77 21.338095 12.661905
  81  426   60 71.320238 9.679762
  19   54   60 9.105952 9.894048
  76  396   60 66.294048 9.705952
  24   84   60 14.028571 9.971429
  75  388   61 64.858333 10.141667
  25   90   61 15.023810 9.976190
  79  410   63 68.425000 10.575000
  21   64   63 10.629762 10.370238
  72  372   60 62.033333 9.966667
  28  108   60 18.075000 9.925000
  66  324   71 53.994048 12.005952
  34  134   71 22.463095 11.536905
  74  368   74 61.311905 12.688095
  26   84   74 13.936905 12.063095
  85  454   55 75.846429 9.153571
  15   36   55 6.000000 9.000000
  85  456   51 76.413095 8.586905
  15   42   51 7.023810 7.976190
  79  416   57 69.547619 9.452381
  21   70   57 12.035714 8.964286
  86  470   42 78.975000 7.025000
  14   46   42 7.538095 6.461905
  85  468   43 77.914286 7.085714
  15   46   43 7.908333 7.091667
  90  508   31 84.917857 5.082143
  10   30   31 4.938095 5.061905
  88  496   29 82.985714 5.014286
  12   46   29 7.594048 4.405952
  92  526   27 87.684524 4.315476
   8   20   27 3.433333 4.566667
  79  432   48 71.573810 7.426190
  21   72   48 12.457143 8.542857
  79  436   40 72.604762 6.395238
  21   84   40 14.536905 6.463095
  79  424   54 70.496429 8.503571
  21   68   54 11.623810 9.376190
  80  430   52 71.867857 8.132143
  20   66   52 11.385714 8.614286
  78  420   53 69.877381 8.122619
  22   74   53 12.947619 9.052381
  76  402   55 66.777778 9.222222
  24   88   55 14.801190 9.198810
  73  374   71 61.527381 11.472619
  27   84   71 14.555952 12.444048
  75  366   82 61.230952 13.769048
  25   70   82 11.716667 13.283333
  76  376   84 62.410714 13.589286
  24   56   84 9.541667 14.458333
  77  398   64 66.467857 10.532143
  23   74   64 12.696429 10.303571
  80  410   66 68.655952 11.344048
  20   58   66 9.429762 10.570238
  92  520   32 86.684524 5.315476
   8   16   32 2.785714 5.214286
  88  488   40 81.451190 6.548810
  12   32   40 5.615476 6.384524
  83  448   52 74.594048 8.405952
  17   48   52 8.385714 8.614286
  84  462   44 76.984921 7.015079
  16   50   44 8.652381 7.347619
  84  450   53 75.275000 8.725000
  16   44   53 7.316667 8.683333
  80  414   68 68.900000 11.100000
  20   50   68 8.602381 11.397619
  87  462   57 77.567857 9.432143
  13   24   57 3.885714 9.114286
  86  466   51 77.761508 8.238492
  14   32   51 5.535714 8.464286
  84  440   67 73.288095 10.711905
  16   26   67 4.638095 11.361905
  77  378   79 63.602381 13.397619
  23   64   79 10.591667 12.408333
  73  360   80 59.814286 13.185714
  27   80   80 13.573810 13.426190
  67  326   76 54.290476 12.709524
  33  122   76 20.738095 12.261905
  75  398   52 66.376190 8.623810
  25   98   52 16.541667 8.458333
  80  426   52 71.309524 8.690476
  20   70   52 11.745238 8.254762
  81  434   55 72.084524 8.915476
  19   56   55 9.711905 9.288095
  77  412   51 68.853571 8.146429
  23   86   51 14.676190 8.323810
  83  448   50 74.783333 8.216667
  17   52   50 8.809524 8.190476
  86  470   49 78.284524 7.715476
  14   32   49 5.728571 8.271429
  92  508   41 84.938095 7.061905
   8   10   41 1.545238 6.454762
  92  524   28 87.313095 4.686905
   8   20   28 3.404762 4.595238
  80  436   44 72.747619 7.252381
  20   76   44 12.786905 7.213095
  69  366   53 60.545238 8.454762
  31  128   53 21.654762 9.345238
  77  410   49 68.761508 8.238492
  23   92   49 15.132143 7.867857
  84  460   44 76.735714 7.264286
  16   52   44 8.802381 7.197619
  89  482   47 80.689286 8.310714
  11   24   47 3.725000 7.275000
  87  478   43 80.136905 6.863095
  13   36   43 5.879762 7.120238
  87  482   38 80.519048 6.480952
  13   42   38 6.942857 6.057143
  82  454   42 75.387302 6.612698
  18   62   42 10.642857 7.357143
  85  460   48 77.130952 7.869048
  15   44   48 7.309524 7.690476
  91  512   31 85.836905 5.163095
   9   26   31 4.223810 4.776190
  84  470   37 78.190476 5.809524
  16   56   37 9.757143 6.242857
  93  526   31 87.908333 5.091667
   7   12   31 1.983333 5.016667
  94  540   24 89.989286 4.010714
   6   12   24 2.076190 3.923810
  90  508   31 84.902381 5.097619
  10   30   31 5.100000 4.900000
  91  518   31 85.990476 5.009524
   9   20   31 3.471429 5.528571
  99  588    6 98.061905 0.938095
   1    0    6 0.000000 1.000000
  97  574   10 95.371429 1.628571
   3    6   10 1.185714 1.814286
  97  562   16 94.147619 2.852381
   3    6   16 0.821429 2.178571
  98  578   10 96.371429 1.628571
   2    2   10 0.333333 1.666667
  97  566   15 94.479762 2.520238
   3    4   15 0.691667 2.308333
 100  600    0 100.000000 0.000000
