   3    6   10 1.185714 1.814286
   1    0    6 0.000000 1.000000
   1    0    6 0.000000 1.000000
   3    6   11 1.066667 1.933333
   1    0    6 0.000000 1.000000
   2    2   10 0.333333 1.666667
   1    0    6 0.000000 1.000000
   7   22   21 3.585714 3.414286
   2    2    8 0.400000 1.600000
   1    0    7 0.000000 1.000000
   1    0    7 0.000000 1.000000
   1    0    7 0.000000 1.000000
   1    0    6 0.000000 1.000000
   4   10   14 1.719048 2.280952
   2    2   10 0.333333 1.666667
   1    0    6 0.000000 1.000000
   1    0    5 0.000000 1.000000
   6   18   16 3.171429 2.828571
   2    2   10 0.333333 1.666667
   2    2   10 0.342857 1.657143
   2    2   11 0.309524 1.690476
   1    0    7 0.000000 1.000000
   5   12   17 2.226190 2.773810
   1    0    7 0.000000 1.000000
   3    6   14 0.904762 2.095238
   1    0    6 0.000000 1.000000
   1    0    6 0.000000 1.000000
   1    0    7 0.000000 1.000000
   1    0    6 0.000000 1.000000
   1    0    7 0.000000 1.000000
   1    0    7 0.000000 1.000000
   1    0    6 0.000000 1.000000
   3    6   12 1.019048 1.980952
   1    0    6 0.000000 1.000000
   5    6   22 1.133333 3.866667
   2    2    9 0.366667 1.633333
   2    2   11 0.309524 1.690476
   5   10   21 1.619048 3.380952
   1    0    5 0.000000 1.000000
   1    0    7 0.000000 1.000000
   1    0    6 0.000000 1.000000
   3    4   11 0.800000 2.200000
   2    2   11 0.309524 1.690476
   2    2   11 0.325000 1.675000
   1    0    7 0.000000 1.000000
   1    0    6 0.000000 1.000000
   1    0    6 0.000000 1.000000
   2    2   10 0.333333 1.666667
   1    0    7 0.000000 1.000000
   1    0    6 0.000000 1.000000
   1    0    5 0.000000 1.000000
   2    2    8 0.400000 1.600000
   6   14   24 2.290476 3.709524
   1    0    7 0.000000 1.000000
   3    4   16 0.583333 2.416667
   5   14   15 2.404762 2.595238
  16   68   29 11.389286 4.610714
   1    0    6 0.000000 1.000000
   1    0    6 0.000000 1.000000
   1    0    6 0.000000 1.000000
   3    6   11 1.085714 1.914286
   3    4   13 0.742857 2.257143
   1    0    6 0.000000 1.000000
   3    4   14 0.709524 2.290476
   1    0    6 0.000000 1.000000
   3    6   13 0.952381 2.047619
   7   22   18 3.866667 3.133333
   4    4   16 0.800000 3.200000
   2    2    9 0.366667 1.633333
   3    4   14 0.676190 2.323810
   1    0    6 0.000000 1.000000
   4    8   18 1.245238 2.754762
   2    2   11 0.309524 1.690476
   2    2   11 0.309524 1.690476
  13   44   33 7.395238 5.604762
   1    0    7 0.000000 1.000000
   1    0    7 0.000000 1.000000
   1    0    6 0.000000 1.000000
   1    0    6 0.000000 1.000000
   3    6   11 1.066667 1.933333
   2    2    8 0.416667 1.583333
   4    8   16 1.376190 2.623810
   1    0    7 0.000000 1.000000
   5    8   25 1.238095 3.761905
   5   12   19 1.900000 3.100000
   3    4   13 0.733333 2.266667
  17   70   31 11.900000 5.100000
   1    0    6 0.000000 1.000000
   4    8   13 1.600000 2.400000
   4    6   19 0.952381 3.047619
   6   14   21 2.433333 3.566667
   4    8   16 1.352381 2.647619
   1    0    7 0.000000 1.000000
   2    2    9 0.366667 1.633333
   2    2   10 0.333333 1.666667
   2    2    9 0.366667 1.633333
   4    8   16 1.458333 2.541667
   4    6   19 1.000000 3.000000
  15   56   36 9.285714 5.714286
   4   10   14 1.685714 2.314286
   2    2    7 0.450000 1.550000
   1    0    7 0.000000 1.000000
   4    8   15 1.361905 2.638095
   3    4   14 0.666667 2.333333
   6   10   29 1.678571 4.321429
   1    0    5 0.000000 1.000000
   9   14   42 2.270238 6.729762
   6   14   21 2.328571 3.671429
   4    4   18 0.742857 3.257143
  13   46   37 7.464286 5.535714
   1    0    5 0.000000 1.000000
   5   14   15 2.488095 2.511905
   7   10   31 1.742857 5.257143
   5   12   21 1.880952 3.119048
   2    2   11 0.325000 1.675000
   6   14   25 2.278571 3.721429
   3    4   14 0.652381 2.347619
   4   10   11 1.900000 2.100000
  13   28   47 4.961905 8.038095
   7   16   24 2.895238 4.104762
   3    4   15 0.691667 2.308333
   2    2   11 0.309524 1.690476
   1    0    6 0.000000 1.000000
   8   20   27 3.476190 4.523810
   1    0    5 0.000000 1.000000
   5    4   26 0.700000 4.300000
   5   10   20 1.666667 3.333333
   2    2   12 0.311111 1.688889
  16   62   32 10.600000 5.400000
   3    2   16 0.342857 2.657143
  16   50   43 8.776190 7.223810
   4    8   20 1.166667 2.833333
   6   12   25 2.096429 3.903571
   2    0   10 0.000000 2.000000
   2    2   11 0.309524 1.690476
  15   44   46 7.420238 7.579762
   5   12   17 2.128571 2.871429
   2    2    9 0.366667 1.633333
   1    0    7 0.000000 1.000000
  16   56   40 9.441667 6.558333
   5    8   25 1.226190 3.773810
   2    0   12 0.000000 2.000000
   3    6   13 0.983333 2.016667
  26  104   50 17.504762 8.495238
   6    8   25 1.450000 4.550000
  11   40   25 6.804762 4.195238
   3    4   17 0.571429 2.428571
   8   20   27 3.480952 4.519048
   5    6   24 1.000000 4.000000
  10   18   43 2.973810 7.026190
   1    0    5 0.000000 1.000000
   3    6   12 1.019048 1.980952
   3    6   12 1.000000 2.000000
  14   44   40 7.271429 6.728571
   8   10   40 1.634524 6.365476
   2    0   13 0.000000 2.000000
   2    2   11 0.309524 1.690476
  24   90   53 15.125000 8.875000
   4    4   20 0.676190 3.323810
  14   50   32 8.580952 5.419048
   4    6   16 1.100000 2.900000
   8   12   34 2.042857 5.957143
   4    6   19 0.952381 3.047619
   7   12   32 1.977381 5.022619
   1    0    8 0.000000 1.000000
  22   76   54 13.025000 8.975000
   4    2   23 0.342857 3.657143
   5    8   21 1.428571 3.571429
   2    0   13 0.000000 2.000000
  20   60   62 9.832143 10.167857
   7   20   22 3.317460 3.682540
  10   24   34 4.095238 5.904762
   7    8   36 1.304762 5.695238
   2    2   13 0.267857 1.732143
   2    0   13 0.000000 2.000000
  41  166   73 28.420238 12.579762
   5   10   19 1.733333 3.266667
   3    2   20 0.285714 2.714286
  22   72   62 11.875000 10.125000
   2    0   13 0.000000 2.000000
   9   24   30 4.023810 4.976190
  11   22   43 3.700000 7.300000
  48  204   79 34.604762 13.395238
   6   10   23 1.795238 4.204762
   4    4   22 0.595238 3.404762
  18   48   63 7.926190 10.073810
   3    2   17 0.342857 2.657143
  11   28   36 4.755556 6.244444
  15   32   58 5.419048 9.580952
  43  160   97 26.995238 16.004762
   3    4   13 0.700000 2.300000
   1    0    6 0.000000 1.000000
  25   90   59 15.379762 9.620238
   2    2    8 0.400000 1.600000
  13   44   34 7.471429 5.528571
   8    6   47 0.985714 7.014286
  48  192   95 32.404762 15.595238
   1    0    7 0.000000 1.000000
   2    2   10 0.333333 1.666667
  27   98   66 16.366667 10.633333
   1    0    6 0.000000 1.000000
  14   42   41 7.200000 6.800000
   4    2   22 0.366667 3.633333
  51  226   78 37.875000 13.125000
  29  116   58 19.633333 9.366667
   1    0    7 0.000000 1.000000
  11   32   32 5.523810 5.476190
   6   20   16 3.475000 2.525000
  53  252   67 42.155556 10.844444
  28  100   71 16.708333 11.291667
   3    4   13 0.700000 2.300000
  11   40   27 6.628571 4.371429
  14   50   35 8.252381 5.747619
  44  174   86 29.546032 14.453968
  21   60   68 10.066667 10.933333
   6   16   21 2.683333 3.316667
  16   64   32 10.778571 5.221429
  10   20   42 3.386905 6.613095
  47  192   85 32.586905 14.413095
  33  106   93 17.757143 15.242857
   1    0    6 0.000000 1.000000
  10   24   33 4.214286 5.785714
  21   82   43 13.785714 7.214286
  35  134   79 22.328571 12.671429
  41  172   76 28.741667 12.258333
   1    0    6 0.000000 1.000000
   6    6   31 0.985714 5.014286
  10   28   36 4.558333 5.441667
  42  162   83 27.586905 14.413095
  46  196   84 32.449206 13.550794
   4    4   16 0.816667 3.183333
  14   34   50 5.891667 8.108333
  36  130   86 21.876190 14.123810
  45  184   89 30.576190 14.423810
   4   10   12 1.833333 2.166667
  14   36   46 6.166667 7.833333
  37  152   71 25.280952 11.719048
  40  164   79 27.407540 12.592460
   9   30   25 5.098810 3.901190
  11   22   43 3.871429 7.128571
  40  166   71 28.094048 11.905952
  22   60   70 10.105952 11.894048
   8   22   31 3.450000 4.550000
  11   30   34 5.219048 5.780952
  59  274   79 46.019048 12.980952
  25   68   84 11.128571 13.871429
  20   76   41 12.926190 7.073810
   8   20   27 3.528571 4.471429
  47  206   78 34.217460 12.782540
  28   90   80 15.080952 12.919048
  10   16   46 2.700000 7.300000
  10   22   36 3.776190 6.223810
  52  232   78 39.171429 12.828571
  29  106   68 17.761905 11.238095
   9   26   24 4.721429 4.278571
  21   88   35 14.921429 6.078571
  41  184   69 30.407143 10.592857
  34  120   81 20.462698 13.537302
  12   36   35 6.095238 5.904762
  21   90   38 15.089286 5.910714
  33  108   92 18.080159 14.919841
  35  116   90 19.469048 15.530952
  27  108   54 18.146429 8.853571
   8   18   33 2.904762 5.095238
  30   96   85 15.970238 14.029762
  28  100   66 16.988095 11.011905
  26   98   54 16.885714 9.114286
  10   28   34 4.571429 5.428571
  36  138   82 23.010714 12.989286
  29  106   68 17.842857 11.157143
  26   94   66 15.763095 10.236905
   7   16   26 2.670238 4.329762
  38  142   82 24.283333 13.716667
  30  104   74 17.613095 12.386905
  26   86   69 14.740476 11.259524
   5    6   30 0.849206 4.150794
  39  152   79 25.770238 13.229762
  27  104   53 17.804762 9.195238
  28  104   68 17.390079 10.609921
   4    6   16 1.133333 2.866667
  41  174   75 29.011905 11.988095
  21   84   42 14.076190 6.923810
  34  134   66 22.895238 11.104762
   2    2   11 0.325000 1.675000
  43  184   77 30.901587 12.098413
  22   78   54 13.061905 8.938095
  32  128   65 21.290476 10.709524
   1    0    5 0.000000 1.000000
  45  192   78 32.036905 12.963095
  27  100   57 17.095238 9.904762
  18   52   57 8.735317 9.264683
  55  260   74 43.257143 11.742857
  40  164   78 27.511905 12.488095
  16   52   44 8.867857 7.132143
  44  174   88 29.177778 14.822222
  37  152   70 25.378571 11.621429
  21   88   37 14.726190 6.273810
  42  182   71 30.476190 11.523810
  32  120   76 19.741667 12.258333
  20   66   47 11.714286 8.285714
  48  212   79 35.296429 12.703571
  23   44   91 7.707143 15.292857
  20   56   66 9.084524 10.915476
  57  262   81 44.022619 12.977381
  24   60   84 10.098810 13.901190
  31  104   79 17.638095 13.361905
  45  180   93 29.780952 15.219048
  25   44  109 7.342857 17.657143
  34  100  100 17.167857 16.832143
  41  136  111 22.653571 18.346429
  23   42   94 7.215476 15.784524
  35  102  103 17.295238 17.704762
  42  140  119 23.174206 18.825794
  24   58   79 10.290476 13.709524
  32   98   99 16.338095 15.661905
  44  170   96 28.285714 15.714286
  27   86   80 14.104762 12.895238
  27   62   92 11.111905 15.888095
  46  176  104 29.179762 16.820238
  37  118   97 20.560317 16.439683
  22   74   64 12.240476 9.759524
  41  136  111 22.532143 18.467857
  30   98   83 16.390476 13.609524
  26   88   70 14.552381 11.447619
  44  158  103 26.821429 17.178571
  32  112   80 18.882143 13.117857
  31  108   74 18.375000 12.625000
  37  132   94 22.034524 14.965476
  32  108   83 18.142460 13.857540
  31  106   84 17.584524 13.415476
  37  118  101 20.107143 16.892857
  31   94   91 16.100000 14.900000
  30   98   82 16.713492 13.286508
  39  130  105 21.896429 17.103571
  24   58   85 9.940476 14.059524
  31  106   79 17.684524 13.315476
  45  164  108 27.205952 17.794048
  26   72   82 12.509524 13.490476
  36  116   96 20.047619 15.952381
  38  134  100 21.875000 16.125000
  20   50   71 8.244048 11.755952
  41  134  107 22.838095 18.161905
  39  132  106 21.958333 17.041667
  16   46   48 7.905952 8.094048
  49  208   87 34.751190 14.248810
  35  130   81 21.619048 13.380952
   7   10   33 1.661905 5.338095
  58  266   83 44.152381 13.847619
  35  132   76 22.401190 12.598810
   9   18   32 3.204762 5.795238
  57  246   99 40.890476 16.109524
  34  106   99 17.651190 16.348810
  17   52   45 9.061905 7.938095
  52  220   95 36.395238 15.604762
  31  112   76 18.790476 12.209524
  16   46   52 7.673810 8.326190
  60  248  109 41.985714 18.014286
  24   66   79 11.090476 12.909524
  13   40   37 6.929762 6.070238
  71  338   85 57.085714 13.914286
  16   42   58 6.667857 9.332143
  17   48   54 8.300000 8.700000
  69  328   87 54.435317 14.564683
  14   34   49 5.714286 8.285714
  10   18   47 2.814286 7.185714
  79  388   82 65.011905 13.988095
  11   24   41 4.123810 6.876190
   4    2   21 0.366667 3.633333
  77  392   69 65.555952 11.444048
  19   60   56 10.100000 8.900000
   2    0   12 0.000000 2.000000
  77  406   57 67.558333 9.441667
  21   76   49 12.659524 8.340476
  75  400   47 67.213095 7.786905
  25  106   47 17.528571 7.471429
  71  380   49 63.284524 7.715476
  29  122   49 20.830952 8.169048
  81  442   45 73.780952 7.219048
  19   68   45 11.447619 7.552381
  80  438   46 72.828571 7.171429
  20   70   46 11.852381 8.147619
  77  410   51 68.559127 8.440873
  23   88   51 14.851190 8.148810
  80  436   46 72.698810 7.301190
  20   72   46 12.166667 7.833333
  76  398   56 66.569048 9.430952
  24   90   56 15.136905 8.863095
  83  458   38 76.787302 6.212698
  17   66   38 11.251190 5.748810
  83  450   46 75.358333 7.641667
  17   58   46 9.625000 7.375000
  81  444   44 73.829762 7.170238
  19   68   44 11.764286 7.235714
  87  480   41 80.245635 6.754365
  13   38   41 6.238095 6.761905
  82  446   52 74.023810 7.976190
  18   50   52 8.745238 9.254762
  88  490   37 81.892857 6.107143
  12   36   37 6.019048 5.980952
  88  488   38 81.636905 6.363095
  12   36   38 5.934524 6.065476
  89  492   41 82.350000 6.650000
  11   26   41 4.171429 6.828571
  95  542   27 90.535714 4.464286
   5    4   27 0.652381 4.347619
  97  562   19 93.790476 3.209524
   3    0   19 0.000000 3.000000
  99  586    7 97.730952 1.269048
   1    0    7 0.000000 1.000000
 100  600    0 100.000000 0.000000
