   2    2    9 0.366667 1.633333
   1    0    8 0.000000 1.000000
   2    2   10 0.333333 1.666667
   1    0    5 0.000000 1.000000
   3    6   11 1.066667 1.933333
   1    0    7 0.000000 1.000000
   1    0    5 0.000000 1.000000
   2    2    9 0.366667 1.633333
   1    0    6 0.000000 1.000000
   8   28   18 4.850000 3.150000
   3    6   12 1.000000 2.000000
   2    2   11 0.309524 1.690476
   1    0    8 0.000000 1.000000
   1    0    7 0.000000 1.000000
   1    0    7 0.000000 1.000000
   2    2   11 0.309524 1.690476
   2    2    9 0.366667 1.633333
   1    0    6 0.000000 1.000000
   1    0    6 0.000000 1.000000
   1    0    7 0.000000 1.000000
   1    0    8 0.000000 1.000000
   1    0    7 0.000000 1.000000
   1    0    6 0.000000 1.000000
   1    0    6 0.000000 1.000000
   1    0    6 0.000000 1.000000
   4   10   13 1.869048 2.130952
   1    0    7 0.000000 1.000000
   2    2   10 0.342857 1.657143
   2    2   13 0.267857 1.732143
   2    2    8 0.400000 1.600000
   3    4   12 0.733333 2.266667
   1    0    7 0.000000 1.000000
   3    6   12 1.019048 1.980952
   3    4   14 0.666667 2.333333
   1    0    7 0.000000 1.000000
   6   18   17 3.152381 2.847619
   1    0    7 0.000000 1.000000
   1    0    5 0.000000 1.000000
   2    2    8 0.400000 1.600000
   2    2    8 0.400000 1.600000
   1    0    7 0.000000 1.000000
   3    4   13 0.742857 2.257143
   1    0    6 0.000000 1.000000
   2    2    8 0.416667 1.583333
   1    0    8 0.000000 1.000000
   1    0    5 0.000000 1.000000
   4    8   15 1.476190 2.523810
   1    0    6 0.000000 1.000000
   1    0    7 0.000000 1.000000
   7   20   20 3.500000 3.500000
   1    0    7 0.000000 1.000000
   1    0    7 0.000000 1.000000
   2    2   12 0.311111 1.688889
   2    2   10 0.333333 1.666667
   5   14   17 2.345238 2.654762
   3    6   12 1.000000 2.000000
  10   30   29 4.915873 5.084127
   4    8   16 1.428571 2.571429
   1    0    6 0.000000 1.000000
   6   14   22 2.376190 3.623810
   2    2   10 0.333333 1.666667
   4    6   13 1.250000 2.750000
   1    0    7 0.000000 1.000000
   1    0    6 0.000000 1.000000
   3    4   15 0.642857 2.357143
   1    0    6 0.000000 1.000000
   1    0    5 0.000000 1.000000
   1    0    8 0.000000 1.000000
   2    2    8 0.416667 1.583333
   1    0    7 0.000000 1.000000
   4    6   19 0.938095 3.061905
   8   24   23 4.161905 3.838095
   6   16   17 2.866667 3.133333
   8   24   28 3.848810 4.151190
   3    6   14 0.935714 2.064286
   1    0    6 0.000000 1.000000
   2    2   10 0.333333 1.666667
   1    0    7 0.000000 1.000000
   2    2    9 0.366667 1.633333
   2    2    9 0.366667 1.633333
  10   26   33 4.558333 5.441667
   2    2    8 0.400000 1.600000
   1    0    8 0.000000 1.000000
   1    0    5 0.000000 1.000000
   4   10   15 1.671429 2.328571
   4    8   15 1.366667 2.633333
   1    0    6 0.000000 1.000000
   8   22   28 3.600000 4.400000
  12   40   33 6.767857 5.232143
   5   10   20 1.671429 3.328571
   3    4   13 0.809524 2.190476
   1    0    5 0.000000 1.000000
   1    0    8 0.000000 1.000000
   1    0    6 0.000000 1.000000
   1    0    5 0.000000 1.000000
   3    6   11 1.066667 1.933333
  16   62   32 10.679762 5.320238
   5    8   21 1.442857 3.557143
   4    4   19 0.709524 3.290476
   3    4   12 0.842857 2.157143
   4   10   15 1.641667 2.358333
   6   18   21 2.797619 3.202381
   3    6    9 1.233333 1.766667
   1    0    6 0.000000 1.000000
  11   40   29 6.478571 4.521429
   1    0    7 0.000000 1.000000
   1    0    7 0.000000 1.000000
   6   12   21 2.200000 3.800000
   3    6   12 1.000000 2.000000
   8   20   28 3.342857 4.657143
   8   14   37 2.204762 5.795238
   1    0    6 0.000000 1.000000
   5   14   15 2.495238 2.504762
   1    0    7 0.000000 1.000000
   1    0    6 0.000000 1.000000
   2    2   11 0.309524 1.690476
   4    8   18 1.310714 2.689286
  22   86   44 14.586905 7.413095
   8   22   28 3.652381 4.347619
   1    0    5 0.000000 1.000000
   3    6   13 0.952381 2.047619
   3    6   11 1.085714 1.914286
   2    0   14 0.000000 2.000000
   3    6   13 0.952381 2.047619
   2    2    9 0.366667 1.633333
  16   58   34 10.244048 5.755952
   1    0    6 0.000000 1.000000
   7   18   25 2.933333 4.066667
   2    0   12 0.000000 2.000000
  10   28   29 4.971429 5.028571
   5   12   19 1.971429 3.028571
   3    4   19 0.527778 2.472222
   1    0    6 0.000000 1.000000
   5   14   16 2.403571 2.596429
   3    6    9 1.233333 1.766667
  25  102   51 16.909524 8.090476
   5   10   19 1.761905 3.238095
   4    6   18 1.000000 3.000000
   1    0    6 0.000000 1.000000
   2    2   11 0.309524 1.690476
   3    6   12 1.019048 1.980952
   3    6   11 1.066667 1.933333
  20   72   45 12.347619 7.652381
   1    0    6 0.000000 1.000000
   3    4   13 0.700000 2.300000
   2    0   13 0.000000 2.000000
   6    6   30 1.042857 4.957143
   6   16   21 2.657143 3.342857
   2    2   12 0.285714 1.714286
   1    0    5 0.000000 1.000000
   4    4   21 0.652381 3.347619
   4    8   15 1.433333 2.566667
  19   60   56 10.041667 8.958333
  18   74   33 12.516667 5.483333
  10   28   29 4.978571 5.021429
   7   22   20 3.703571 3.296429
   1    0    6 0.000000 1.000000
   2    2   12 0.285714 1.714286
  15   36   52 6.190476 8.809524
   1    0    7 0.000000 1.000000
   1    0    5 0.000000 1.000000
   5   12   20 1.819048 3.180952
   5   14   17 2.233333 2.766667
   4    6   18 1.058333 2.941667
  10   26   31 4.608333 5.391667
   3    6   11 1.066667 1.933333
  19   52   59 8.990476 10.009524
  21   78   50 13.079762 7.920238
  11   32   36 5.114286 5.885714
   4    8   19 1.298413 2.701587
   2    2    9 0.366667 1.633333
  14   36   46 6.335714 7.664286
   2    2   10 0.342857 1.657143
   5   10   23 1.523810 3.476190
   4    8   15 1.442857 2.557143
   7   20   23 3.476190 3.523810
  14   54   33 8.907143 5.092857
   3    2   14 0.400000 2.600000
  29  112   61 18.920238 10.079762
  10   30   30 5.191667 4.808333
  10   30   29 5.042857 4.957143
   3    4   16 0.595238 2.404762
  13   28   46 5.038095 7.961905
   4    6   15 1.166667 2.833333
   8   22   27 3.665476 4.334524
   2    0   11 0.000000 2.000000
  10   28   31 4.866667 5.133333
   9   22   31 3.753571 5.246429
   4   10   13 1.864286 2.135714
  37  160   65 26.776190 10.223810
  11   34   33 5.514286 5.485714
   9   28   26 4.880952 4.119048
   3    4   14 0.652381 2.347619
   3    4   16 0.592857 2.407143
   2    0   14 0.000000 2.000000
   9   24   29 4.057143 4.942857
   3    6   10 1.185714 1.814286
  12   36   36 6.179762 5.820238
   8   16   29 2.895238 5.104762
   3    6   12 1.000000 2.000000
  35  136   70 23.123810 11.876190
  19   78   40 12.957143 6.042857
   5   12   21 1.857143 3.142857
   1    0    7 0.000000 1.000000
   3    2   16 0.366667 2.633333
   1    0    5 0.000000 1.000000
   8   16   28 2.966667 5.033333
   1    0    7 0.000000 1.000000
  18   66   41 11.304762 6.695238
   7   20   22 3.409524 3.590476
   4   10   13 1.766667 2.233333
  37  154   71 25.719048 11.280952
  19   78   37 12.919048 6.080952
   3    6   13 0.952381 2.047619
   2    2   11 0.309524 1.690476
   9   20   35 3.400000 5.600000
  11   30   37 5.039286 5.960714
   6   16   20 2.727381 3.272619
   2    2   10 0.333333 1.666667
  39  162   75 26.900000 12.100000
  18   72   35 12.371429 5.628571
  11   38   26 6.755952 4.244048
   4    6   16 1.100000 2.900000
   6    8   27 1.421429 4.578571
  17   56   44 9.390476 7.609524
   9   30   24 4.980952 4.019048
   4    6   19 0.952381 3.047619
  37  150   74 24.944048 12.055952
  17   70   34 11.719048 5.280952
   9   28   24 4.880952 4.119048
   1    0    6 0.000000 1.000000
   5   14   16 2.395238 2.604762
  21   82   43 14.098016 6.901984
   7   24   19 4.051190 2.948810
   3    4   15 0.642857 2.357143
  35  124   88 20.744048 14.255952
  15   58   31 9.982143 5.017857
  12   44   26 7.504762 4.495238
   2    2   10 0.342857 1.657143
  13   48   32 7.914286 5.085714
  20   74   42 12.766667 7.233333
   5   12   17 2.071429 2.928571
   2    2   13 0.267857 1.732143
  31  108   77 17.944048 13.055952
  16   60   37 9.823810 6.176190
  10   34   28 5.500000 4.500000
   3    4   12 0.766667 2.233333
  12   42   31 7.003571 4.996429
  19   74   41 12.409524 6.590476
   5    8   23 1.309524 3.690476
   7   18   23 3.061905 3.938095
  35  134   75 22.676190 12.323810
  14   50   33 8.547619 5.452381
   8   22   26 3.861905 4.138095
   7   18   22 3.157143 3.842857
  19   66   49 11.019048 7.980952
   2    2   10 0.342857 1.657143
  11   34   33 5.645238 5.354762
  38  146   85 24.298016 13.701984
  16   48   46 8.345238 7.654762
   7   12   29 2.152381 4.847619
  11   40   27 6.679762 4.320238
  13   28   48 4.957143 8.042857
   3    6   11 1.066667 1.933333
   9   22   35 3.573810 5.426190
  41  154   91 25.910714 15.089286
  19   76   38 12.723810 6.276190
   4    8   16 1.295238 2.704762
  14   56   30 9.357143 4.642857
  11   30   41 4.844048 6.155952
   2    2   11 0.309524 1.690476
  13   34   39 6.144048 6.855952
  45  184   80 31.459524 13.540476
  14   50   37 8.369841 5.630159
   1    0    6 0.000000 1.000000
  16   62   32 10.636905 5.363095
   6   12   26 2.004762 3.995238
   2    2    8 0.416667 1.583333
   9   16   39 2.676190 6.323810
  48  212   80 35.398810 12.601190
  19   72   39 12.214286 6.785714
  22   92   42 15.461111 6.538889
   6   18   19 3.121429 2.878571
   6   18   16 3.171429 2.828571
  12   28   45 4.700000 7.300000
  36  142   71 24.319048 11.680952
  18   68   41 11.426190 6.573810
  23   94   49 15.607143 7.392857
   5   12   17 2.200000 2.800000
   7   20   20 3.535714 3.464286
  16   56   43 9.320238 6.679762
  41  172   70 29.338095 11.661905
   8   20   27 3.459524 4.540476
  32  126   63 21.416667 10.583333
  10   32   26 5.533333 4.466667
   2    2   11 0.309524 1.690476
  10   34   27 5.760714 4.239286
  38  144   84 24.214286 13.785714
   8   16   35 2.653571 5.346429
  29  118   59 19.509524 9.490476
  12   42   31 7.109524 4.890476
   9   20   31 3.500000 5.500000
  41  154   93 25.759524 15.240476
   9   26   26 4.585714 4.414286
  36  136   77 23.012698 12.987302
  24  106   40 17.742857 6.257143
   4   10   14 1.797619 2.202381
  29  106   71 17.704762 11.295238
   7   16   24 2.761905 4.238095
  47  190   93 31.940476 15.059524
   9   22   33 3.636905 5.363095
  32  128   63 21.811905 10.188095
  12   38   33 6.519048 5.480952
  40  142   99 23.988095 16.011905
  10   22   40 3.713095 6.286905
  36  152   64 25.490476 10.509524
  14   52   29 8.909524 5.090476
  30  106   76 17.641667 12.358333
   5    6   23 1.102381 3.897619
  51  234   69 39.439286 11.560714
  14   42   44 6.804762 7.195238
  29  100   78 16.495238 12.504762
   3    4   16 0.595238 2.404762
  47  190   87 32.079762 14.920238
  21   60   65 10.177381 10.822619
  34  120   84 20.019841 13.980159
  52  220   89 37.244048 14.755952
  14   40   47 6.595238 7.404762
  30   94   86 16.078571 13.921429
  60  270   90 45.444048 14.555952
  10   24   36 4.063095 5.936905
  30  112   69 18.696429 11.303571
  62  302   68 50.707143 11.292857
   8   22   27 3.666667 4.333333
  36  142   73 24.070238 11.929762
  60  290   72 48.563095 11.436905
   4    6   17 1.019048 2.980952
  25   86   66 14.115476 10.884524
  67  336   64 56.423810 10.576190
   8   24   24 4.123810 3.876190
  38  156   72 26.114286 11.885714
  60  288   71 48.205952 11.794048
   2    0   13 0.000000 2.000000
  48  202   89 33.679762 14.320238
  52  220   89 36.789286 15.210714
  49  210   82 35.547222 13.452778
  51  226   82 37.746429 13.253571
  41  140  114 22.813095 18.186905
  59  232  114 39.602381 19.397619
  29   72  102 12.252381 16.747619
  71  324  102 54.122619 16.877381
  25   70   82 11.661905 13.338095
  75  366   82 61.513095 13.486905
  31  104   80 17.534524 13.465476
  69  336   80 55.982143 13.017857
  13   24   56 4.023810 8.976190
  87  464   56 77.676190 9.323810
  10   24   35 4.242857 5.757143
  90  506   35 84.457937 5.542063
  14   46   38 8.085714 5.914286
  86  478   38 79.758333 6.241667
   7   10   32 1.647619 5.352381
  93  526   32 87.910714 5.089286
  11   26   38 4.508333 6.491667
  89  498   38 82.855952 6.144048
  14   40   48 6.579762 7.420238
  86  464   48 77.830952 8.169048
   7   10   29 1.752381 5.247619
  93  532   29 88.326190 4.673810
  10   22   34 3.804762 6.195238
  90  510   34 84.649206 5.350794
   2    0   11 0.000000 2.000000
  98  578   11 96.185714 1.814286
   4    8   12 1.583333 2.416667
  96  568   12 94.177381 1.822619
   1    0    6 0.000000 1.000000
  99  588    6 98.032143 0.967857
   3    6   11 1.085714 1.914286
  97  572   11 95.309524 1.690476
   2    2   12 0.285714 1.714286
  98  574   12 95.890476 2.109524
   2    2   11 0.309524 1.690476
  98  576   11 96.209524 1.790476
   1    0    6 0.000000 1.000000
  99  588    6 97.998810 1.001190
 100  600    0 100.000000 0.000000
