   2    2   13 0.267857 1.732143
   1    0    6 0.000000 1.000000
   1    0    6 0.000000 1.000000
   1    0    6 0.000000 1.000000
   2    2   10 0.333333 1.666667
   2    2    7 0.450000 1.550000
   1    0    7 0.000000 1.000000
   1    0    7 0.000000 1.000000
   1    0    5 0.000000 1.000000
   1    0    6 0.000000 1.000000
   3    4   16 0.595238 2.404762
   1    0    7 0.000000 1.000000
   1    0    5 0.000000 1.000000
   2    2    9 0.366667 1.633333
   1    0    4 0.000000 1.000000
   1    0    7 0.000000 1.000000
   1    0    7 0.000000 1.000000
   4    6   18 1.019048 2.980952
   1    0    7 0.000000 1.000000
   1    0    6 0.000000 1.000000
   1    0    6 0.000000 1.000000
   1    0    6 0.000000 1.000000
   5   16   14 2.952381 2.047619
   2    2   11 0.309524 1.690476
   1    0    7 0.000000 1.000000
   3    4   11 0.816667 2.183333
   2    2    7 0.450000 1.550000
   1    0    7 0.000000 1.000000
   1    0    6 0.000000 1.000000
   2    2   10 0.333333 1.666667
   1    0    6 0.000000 1.000000
   2    2   12 0.291667 1.708333
   2    2    8 0.400000 1.600000
   1    0    5 0.000000 1.000000
   1    0    6 0.000000 1.000000
   2    2    9 0.366667 1.633333
   2    2    8 0.400000 1.600000
   6   18   16 3.230952 2.769048
   1    0    5 0.000000 1.000000
   2    2   11 0.309524 1.690476
   2    2   13 0.267857 1.732143
   5   12   20 1.928571 3.071429
   3    6   11 1.085714 1.914286
   1    0    6 0.000000 1.000000
   1    0    6 0.000000 1.000000
   1    0    6 0.000000 1.000000
   3    4   14 0.709524 2.290476
   1    0    7 0.000000 1.000000
   2    2    9 0.366667 1.633333
   1    0    7 0.000000 1.000000
   3    2   18 0.291667 2.708333
   1    0    7 0.000000 1.000000
   1    0    6 0.000000 1.000000
   2    2   11 0.309524 1.690476
   3    4   11 0.800000 2.200000
   1    0    6 0.000000 1.000000
   1    0    6 0.000000 1.000000
   1    0    6 0.000000 1.000000
   2    2   10 0.333333 1.666667
   5   10   22 1.571429 3.428571
   1    0    8 0.000000 1.000000
   1    0    7 0.000000 1.000000
   1    0    7 0.000000 1.000000
   1    0    6 0.000000 1.000000
   1    0    6 0.000000 1.000000
   3    4   14 0.652381 2.347619
   2    2   10 0.342857 1.657143
   2    2   11 0.325000 1.675000
   1    0    6 0.000000 1.000000
   3    6   11 1.085714 1.914286
   3    4   14 0.652381 2.347619
   1    0    6 0.000000 1.000000
   2    2    9 0.366667 1.633333
   2    2   12 0.285714 1.714286
   1    0    5 0.000000 1.000000
   9   20   31 3.633333 5.366667
   5   12   15 2.233333 2.766667
   1    0    5 0.000000 1.000000
   2    2    9 0.366667 1.633333
   1    0    8 0.000000 1.000000
   1    0    7 0.000000 1.000000
   1    0    7 0.000000 1.000000
   3    4   13 0.809524 2.190476
   4    6   17 1.033333 2.966667
   3    4   18 0.541667 2.458333
   3    4   11 0.816667 2.183333
   1    0    7 0.000000 1.000000
   3    2   18 0.309524 2.690476
   1    0    6 0.000000 1.000000
   1    0    7 0.000000 1.000000
   3    4   11 0.800000 2.200000
   7   20   24 3.311905 3.688095
   5   12   16 2.104762 2.895238
   1    0    8 0.000000 1.000000
   1    0    6 0.000000 1.000000
   4   10   12 1.833333 2.166667
   4    6   17 1.019048 2.980952
   3    4   13 0.742857 2.257143
   2    2    9 0.366667 1.633333
   1    0    6 0.000000 1.000000
   6   10   25 1.828571 4.171429
   1    0    7 0.000000 1.000000
   6   14   22 2.376190 3.623810
   1    0    6 0.000000 1.000000
   2    2   12 0.291667 1.708333
   1    0    7 0.000000 1.000000
   3    4   15 0.658333 2.341667
   2    2    9 0.366667 1.633333
   3    4   15 0.642857 2.357143
   1    0    7 0.000000 1.000000
   2    2    9 0.366667 1.633333
  11   40   24 6.814286 4.185714
   2    2   11 0.309524 1.690476
   1    0    7 0.000000 1.000000
   1    0    7 0.000000 1.000000
   2    2    9 0.366667 1.633333
   3    6    9 1.233333 1.766667
   5   12   17 2.119048 2.880952
   3    4   13 0.700000 2.300000
   7   22   17 3.925000 3.075000
   1    0    6 0.000000 1.000000
   6   10   23 1.800000 4.200000
   8   22   30 3.476190 4.523810
   4    8   18 1.208333 2.791667
   2    2   10 0.342857 1.657143
   9   30   24 5.107143 3.892857
   4    6   20 0.928571 3.071429
   5   12   16 2.133333 2.866667
   2    2   11 0.309524 1.690476
   8   24   23 4.166667 3.833333
   8   26   22 4.385714 3.614286
   1    0    6 0.000000 1.000000
   3    4   16 0.595238 2.404762
   1    0    7 0.000000 1.000000
   4    6   15 1.200000 2.800000
   3    4   14 0.709524 2.290476
  10   32   28 5.452381 4.547619
   2    2   11 0.309524 1.690476
   2    2   10 0.333333 1.666667
   1    0    5 0.000000 1.000000
   7   22   20 3.752381 3.247619
   6   16   20 2.708333 3.291667
   2    2    8 0.400000 1.600000
   4   10   15 1.608333 2.391667
   5   10   20 1.685714 3.314286
   3    4   16 0.595238 2.404762
   2    2   10 0.333333 1.666667
  13   44   36 7.161905 5.838095
   8   22   25 3.819048 4.180952
  10   28   29 4.947619 5.052381
   2    2   12 0.285714 1.714286
  11   40   23 7.004762 3.995238
   3    4   13 0.700000 2.300000
   2    2   10 0.342857 1.657143
   2    2    9 0.366667 1.633333
   1    0    8 0.000000 1.000000
   5    8   21 1.361905 3.638095
   3    4   15 0.616667 2.383333
   2    2   12 0.291667 1.708333
   1    0    5 0.000000 1.000000
   3    4   16 0.667857 2.332143
   6   16   19 2.864286 3.135714
   3    4   14 0.709524 2.290476
   4   10   16 1.795238 2.204762
   6    8   25 1.509524 4.490476
   6   12   21 2.133333 3.866667
   4    8   14 1.469048 2.530952
  12   38   41 6.097619 5.902381
  14   54   31 9.135317 4.864683
  11   32   33 5.407143 5.592857
   2    2   10 0.342857 1.657143
   5   14   16 2.419048 2.580952
   8   24   26 3.885714 4.114286
   1    0    5 0.000000 1.000000
   1    0    6 0.000000 1.000000
   9   24   27 4.304762 4.695238
   1    0    5 0.000000 1.000000
   7   22   20 3.625000 3.375000
   4   10   16 1.650794 2.349206
   2    0   13 0.000000 2.000000
   3    4   16 0.667857 2.332143
   1    0    6 0.000000 1.000000
  11   30   36 5.019048 5.980952
   7   22   21 3.692857 3.307143
  16   44   53 7.445238 8.554762
  11   22   41 3.845238 7.154762
   4    4   23 0.619048 3.380952
   1    0    5 0.000000 1.000000
   5   12   17 2.109524 2.890476
   9   30   23 5.047619 3.952381
   3    4   15 0.616667 2.383333
  11   30   34 5.197619 5.802381
   5   12   19 1.971429 3.028571
   3    4   14 0.666667 2.333333
   6   10   26 1.652381 4.347619
   1    0    7 0.000000 1.000000
   5    6   22 1.126190 3.873810
  20   70   43 12.139286 7.860714
  19   64   55 10.593254 8.406746
   8   16   35 2.595238 5.404762
   1    0    6 0.000000 1.000000
   4    8   14 1.542857 2.457143
   4    8   17 1.261905 2.738095
  12   44   25 7.634524 4.365476
  13   44   34 7.385714 5.614286
   5   14   20 2.047619 2.952381
   7   22   20 3.733333 3.266667
   2    0   13 0.000000 2.000000
   1    0    8 0.000000 1.000000
   7   12   30 2.142857 4.857143
  31  136   49 22.772619 8.227381
  12   22   48 3.857143 8.142857
   1    0    6 0.000000 1.000000
   2    0   14 0.000000 2.000000
   7   16   27 2.680952 4.319048
  10   32   30 5.264286 4.735714
  20   72   44 12.400000 7.600000
   1    0    8 0.000000 1.000000
   9   26   30 4.195238 4.804762
   4    8   19 1.190476 2.809524
  28  106   60 17.738745 10.261255
  19   46   62 8.334524 10.665476
   4    6   17 1.133333 2.866667
   4    2   26 0.291667 3.708333
  11   36   30 5.990476 5.009524
  21   78   49 13.021429 7.978571
   7   16   28 2.671429 4.328571
   7   16   23 2.919048 4.080952
  28   96   71 16.263095 11.736905
  18   32   74 5.490476 12.509524
   5   10   19 1.700000 3.300000
   6   10   24 1.811905 4.188095
   8   14   34 2.328571 5.671429
  28  118   51 19.571429 8.428571
   6    8   29 1.338095 4.661905
   6   14   23 2.266667 3.733333
  19   62   54 10.313492 8.686508
  22   62   68 10.683333 11.316667
   7   20   21 3.545238 3.454762
   3    6   10 1.133333 1.866667
   4    4   19 0.700000 3.300000
  20   84   36 14.266667 5.733333
   4    4   20 0.685714 3.314286
   9   24   34 3.876190 5.123810
  28  110   62 18.326190 9.673810
  25   72   74 12.427381 12.572619
   5   12   17 2.004762 2.995238
   2    2   13 0.267857 1.732143
   2    2   12 0.291667 1.708333
  22   84   49 14.060714 7.939286
   6    8   26 1.500000 4.500000
  10   24   37 3.971429 6.028571
  28  114   54 19.204762 8.795238
  25   82   64 14.285714 10.714286
   9   28   26 4.676190 4.323810
   3    2   18 0.309524 2.690476
  26  108   48 18.185714 7.814286
   5    8   23 1.271429 3.728571
   8   20   29 3.233333 4.766667
  31  122   62 20.571429 10.428571
  18   42   64 7.209524 10.790476
  12   44   25 7.608333 4.391667
   1    0    6 0.000000 1.000000
  19   66   49 10.854762 8.145238
   2    2    8 0.400000 1.600000
  10   24   39 3.840476 6.159524
  44  186   79 31.251190 12.748810
  12   32   40 5.404762 6.595238
   9   26   28 4.559524 4.440476
  12   30   41 5.121429 6.878571
   2    2   10 0.333333 1.666667
  12   26   48 4.460714 7.539286
  52  234   75 39.619048 12.380952
  13   50   30 8.280952 4.719048
   8   20   32 3.147619 4.852381
   8   18   32 2.889286 5.110714
   1    0    6 0.000000 1.000000
  14   28   54 4.720238 9.279762
  51  232   74 38.626190 12.373810
  18   62   42 10.609524 7.390476
   7   12   34 1.864286 5.135714
   9   18   38 2.980952 6.019048
  14   38   51 6.069841 7.930159
  59  266   78 45.414286 13.585714
  11   30   35 5.121429 5.878571
   7   10   33 1.680952 5.319048
   5   14   16 2.438095 2.561905
  11   28   42 4.766667 6.233333
  68  304  100 51.513889 16.486111
   9   18   35 3.201190 5.798810
  13   34   40 5.952381 7.047619
   9   26   28 4.466667 4.533333
   8   28   22 4.633333 3.366667
  56  250   93 41.175000 14.825000
  14   44   35 7.650000 6.350000
  14   28   49 5.188095 8.811905
   6    8   29 1.285714 4.714286
  11   32   34 5.425000 5.575000
  48  186  110 30.622222 17.377778
  21   66   58 11.219048 9.780952
   7   10   36 1.523810 5.476190
   6    6   28 1.159524 4.840476
   9   22   30 3.861905 5.138095
  56  232  106 38.655952 17.344048
  22   76   54 12.884524 9.115476
   6    4   36 0.658333 5.341667
  10   34   21 6.080952 3.919048
  15   52   38 8.882143 6.117857
  51  192  115 31.679762 19.320238
  18   52   56 8.950000 9.050000
   9   18   34 3.145238 5.854762
   9   28   26 4.742857 4.257143
   4    8   16 1.319048 2.680952
  62  278   99 46.119841 15.880159
  16   46   47 8.000000 8.000000
   6   14   23 2.414286 3.585714
  17   62   36 10.778571 6.221429
   4    6   16 1.133333 2.866667
  61  282   87 46.797619 14.202381
  12   30   44 4.932143 7.067857
  10   34   26 5.890476 4.109524
   4    6   19 0.952381 3.047619
   7   22   19 3.864286 3.135714
  65  300   88 50.258333 14.741667
  14   32   54 5.152381 8.847619
  16   62   36 10.269048 5.730952
   2    2   11 0.309524 1.690476
   4   10   15 1.608333 2.391667
  58  272   73 45.544048 12.455952
  20   62   57 10.596429 9.403571
   9   22   35 3.485714 5.514286
   9   28   26 4.590476 4.409524
  55  246   90 40.723810 14.276190
  27   64   89 11.304762 15.695238
   9   20   36 3.161905 5.838095
   4    4   21 0.652381 3.347619
  57  258   80 43.184524 13.815476
  30  118   63 20.023810 9.976190
  12   34   39 5.903571 6.096429
   6   14   24 2.257143 3.742857
  52  220   89 37.140476 14.859524
  30  120   60 20.151190 9.848810
   7   12   30 2.090476 4.909524
   5   12   16 2.133333 2.866667
  61  288   78 48.252381 12.747619
  27  102   62 17.104762 9.895238
  11   34   29 5.988095 5.011905
  12   32   38 5.653571 6.346429
  49  222   74 37.126587 11.873413
  28   94   77 15.539286 12.460714
  14   40   42 6.933333 7.066667
  15   54   37 9.085714 5.914286
  47  202   82 33.595238 13.404762
  24   76   67 12.820238 11.179762
  26   84   67 14.380952 11.619048
   9   12   39 2.161905 6.838095
  40  154   89 25.606349 14.393651
  25   82   73 13.578571 11.421429
  20   60   58 10.034524 9.965476
  11   30   32 5.250000 5.750000
  39  150   84 25.169048 13.830952
  30   96   90 15.765873 14.234127
  20   52   74 8.446429 11.553571
  11   28   39 4.828571 6.171429
  38  134   93 22.716667 15.283333
  31   80  100 13.839286 17.160714
  14   28   54 4.801190 9.198810
  11   30   40 4.685714 6.314286
  41  150  100 24.771429 16.228571
  34  102   96 17.530952 16.469048
  13   26   50 4.457143 8.542857
  16   52   44 8.733333 7.266667
  40  138  106 22.720635 17.279365
  31   94   90 15.894048 15.105952
  10   22   37 3.790476 6.209524
  19   70   46 11.726190 7.273810
  30   98   84 16.665476 13.334524
  41  144   99 24.482143 16.517857
  17   54   47 9.280952 7.719048
  15   42   48 7.119048 7.880952
  34  134   68 22.683333 11.316667
  34  126   81 21.015476 12.984524
  14   42   46 6.709921 7.290079
  14   48   37 8.032143 5.967857
  37  154   67 25.820238 11.179762
  35  130   76 21.891667 13.108333
  12   30   45 4.952381 7.047619
  23   92   45 15.473016 7.526984
  36  136   77 22.934921 13.065079
  29  116   59 19.550000 9.450000
  10   22   38 3.758333 6.241667
  35  152   61 25.561111 9.438889
  30  114   62 19.533333 10.466667
  25   76   75 12.684524 12.315476
  10   18   46 2.946429 7.053571
  31  122   64 20.502381 10.497619
  39  146   89 24.541270 14.458730
  20   64   51 11.209524 8.790476
  10   18   43 2.952381 7.047619
  30  114   68 19.145238 10.854762
  39  148   88 24.775000 14.225000
  21   64   57 10.985714 10.014286
  13   32   42 5.698810 7.301190
  24   84   61 14.197619 9.802381
  37  128   95 21.440476 15.559524
  26   82   76 13.701190 12.298810
  11   24   46 3.897619 7.102381
  27  102   61 17.095238 9.904762
  37  134   84 22.805952 14.194048
  25   70   79 11.972619 13.027381
  10   16   44 2.766667 7.233333
  31  120   64 20.417857 10.582143
  43  170   89 28.375794 14.624206
  16   44   53 7.490476 8.509524
  10   24   34 4.152381 5.847619
  43  200   64 32.967857 10.032143
  39  158   70 27.028571 11.971429
   8   22   28 3.657143 4.342857
   9   18   35 3.157143 5.842857
  49  218   72 36.648810 12.351190
  31  118   72 19.420238 11.579762
  11   30   37 4.997619 6.002381
   9   24   33 3.909524 5.090476
  53  234   77 39.851190 13.148810
  27   94   74 15.300000 11.700000
  11   26   38 4.597619 6.402381
  14   40   42 6.942857 7.057143
  46  198   77 33.294048 12.705952
  27   94   66 15.997619 11.002381
  13   42   41 6.553571 6.446429
  10   20   43 3.267857 6.732143
  63  304   68 51.419048 11.580952
  22   66   69 10.963095 11.036905
   5   10   20 1.685714 3.314286
   4    6   18 1.091667 2.908333
  81  416   65 70.001190 10.998810
  13   36   45 5.919048 7.080952
   2    0   14 0.000000 2.000000
  10   30   29 4.928571 5.071429
  75  394   59 65.554762 9.445238
  15   36   52 6.192063 8.807937
   7   16   28 2.566667 4.433333
  79  414   58 69.346429 9.653571
  14   36   48 6.202381 7.797619
   5    8   23 1.280952 3.719048
  85  460   52 76.728175 8.271825
  10   20   37 3.550000 6.450000
   4    4   22 0.642857 3.357143
  83  440   56 73.653571 9.346429
  13   34   44 5.780952 7.219048
   5   10   21 1.642857 3.357143
  89  494   40 82.366667 6.633333
   6   12   23 2.095238 3.904762
   6   16   21 2.675000 3.325000
  88  486   42 81.146429 6.853571
   6   10   25 1.752381 4.247619
  11   38   28 6.416667 4.583333
  89  506   28 84.561905 4.438095
  17   54   46 9.297619 7.702381
  83  454   46 75.475000 7.525000
  14   34   45 6.066667 7.933333
  86  476   45 78.854762 7.145238
  15   48   43 7.861905 7.138095
  85  466   43 77.878571 7.121429
  17   50   51 8.632143 8.367857
  83  448   51 74.926190 8.073810
  28  116   51 19.609524 8.390476
  72  382   51 63.730952 8.269048
  27  108   51 18.238095 8.761905
  73  390   51 64.759524 8.240476
  36  150   61 25.550000 10.450000
  64  328   61 54.615079 9.384921
  45  210   59 35.519048 9.480952
  55  272   59 45.551190 9.448810
  39  162   70 27.216667 11.783333
  61  298   70 49.683730 11.316270
  39  166   66 27.895238 11.104762
  61  302   66 50.419048 10.580952
  31  128   60 21.460714 9.539286
  69  352   60 59.223810 9.776190
  34  140   70 23.122619 10.877381
  66  320   70 54.008333 11.991667
  28  104   64 17.463095 10.536905
  72  368   64 61.397619 10.602381
  20   48   74 8.116667 11.883333
  80  404   74 67.932143 12.067857
  10   30   33 5.001190 4.998810
  90  504   33 84.500000 5.500000
   8   18   28 3.157143 4.842857
  92  526   28 87.546429 4.453571
  15   60   28 10.335714 4.664286
  85  484   28 80.611905 4.388095
  15   56   33 9.579762 5.420238
  85  478   33 79.724206 5.275794
  15   44   44 7.500000 7.500000
  85  468   44 78.010714 6.989286
  12   22   52 3.676190 8.323810
  88  474   52 79.339286 8.660714
  22   68   64 11.436508 10.563492
  78  404   64 67.295238 10.704762
  17   44   59 7.352381 9.647619
  83  438   59 73.255952 9.744048
  16   46   49 7.780952 8.219048
  84  456   49 75.951587 8.048413
  12   34   39 5.628571 6.371429
  88  488   39 81.466667 6.533333
  15   46   46 7.672619 7.327381
  85  462   46 77.321429 7.678571
   6   12   26 1.947619 4.052381
  94  536   26 89.685714 4.314286
   3    4   15 0.619048 2.380952
  97  566   15 94.466667 2.533333
   1    0    6 0.000000 1.000000
  99  588    6 98.065476 0.934524
  10   30   27 5.309524 4.690476
  90  516   27 85.771429 4.228571
  13   40   37 6.902381 6.097619
  87  486   37 81.101190 5.898810
  18   74   32 12.646429 5.353571
  82  462   32 76.857143 5.142857
  19   72   42 11.839286 7.160714
  81  444   42 73.925000 7.075000
  20   70   54 11.366667 8.633333
  80  422   54 70.955952 9.044048
  16   42   53 6.916667 9.083333
  84  452   53 75.470238 8.529762
  15   36   53 6.157143 8.842857
  85  458   53 76.436905 8.563095
  15   38   51 6.580952 8.419048
  85  460   51 76.790476 8.209524
  11   18   50 2.940476 8.059524
  89  482   50 80.459524 8.540476
   6   12   28 1.946429 4.053571
  94  532   28 89.060714 4.939286
   5    4   26 0.666667 4.333333
  95  544   26 90.828571 4.171429
   7   10   34 1.702381 5.297619
  93  522   34 87.194048 5.805952
   5   12   17 2.057143 2.942857
  95  554   17 92.103571 2.896429
   9   30   25 4.876190 4.123810
  91  520   25 86.782143 4.217857
   8   26   21 4.578571 3.421429
  92  532   21 88.651190 3.348810
   4    8   16 1.416667 2.583333
  96  560   16 93.556349 2.443651
   7   22   20 3.790476 3.209524
  93  538   20 89.669048 3.330952
  10   26   29 4.804762 5.195238
  90  516   29 85.617857 4.382143
  12   34   35 6.040476 5.959524
  88  496   35 82.390476 5.609524
   6   12   27 1.869048 4.130952
  94  534   27 89.275000 4.725000
   6   14   25 2.185714 3.814286
  94  536   25 89.738095 4.261905
   2    0   11 0.000000 2.000000
  98  578   11 96.303571 1.696429
   1    0    6 0.000000 1.000000
  99  588    6 97.915476 1.084524
 100  600    0 100.000000 0.000000
