   2    2   11 0.309524 1.690476
  10   36   23 6.220238 3.779762
   1    0    6 0.000000 1.000000
   1    0    5 0.000000 1.000000
   1    0    6 0.000000 1.000000
   1    0    6 0.000000 1.000000
   2    2   10 0.342857 1.657143
   1    0    7 0.000000 1.000000
   1    0    6 0.000000 1.000000
   1    0    6 0.000000 1.000000
   2    2    9 0.366667 1.633333
   4   10   14 1.661905 2.338095
   1    0    7 0.000000 1.000000
   1    0    5 0.000000 1.000000
   2    2   12 0.291667 1.708333
   1    0    6 0.000000 1.000000
   1    0    7 0.000000 1.000000
   2    2   11 0.309524 1.690476
   1    0    7 0.000000 1.000000
   1    0    6 0.000000 1.000000
   1    0    8 0.000000 1.000000
   5    6   23 1.033333 3.966667
   2    2    9 0.366667 1.633333
   1    0    5 0.000000 1.000000
   1    0    5 0.000000 1.000000
   3    6    9 1.233333 1.766667
   1    0    6 0.000000 1.000000
   1    0    6 0.000000 1.000000
   1    0    7 0.000000 1.000000
   3    4   14 0.652381 2.347619
   7   22   21 3.791667 3.208333
   2    2    9 0.366667 1.633333
   2    2    7 0.450000 1.550000
   1    0    7 0.000000 1.000000
   1    0    6 0.000000 1.000000
   2    2    8 0.400000 1.600000
   1    0    7 0.000000 1.000000
   2    2   12 0.291667 1.708333
   1    0    6 0.000000 1.000000
   1    0    7 0.000000 1.000000
   5   14   16 2.471429 2.528571
   1    0    5 0.000000 1.000000
   1    0    9 0.000000 1.000000
   1    0    6 0.000000 1.000000
   1    0    6 0.000000 1.000000
   1    0    7 0.000000 1.000000
   3    4   14 0.709524 2.290476
   1    0    5 0.000000 1.000000
   1    0    6 0.000000 1.000000
   1    0    7 0.000000 1.000000
   2    2    9 0.366667 1.633333
   6   16   18 2.758333 3.241667
  10   34   28 5.626984 4.373016
   2    2   10 0.333333 1.666667
   1    0    5 0.000000 1.000000
   5   14   16 2.328571 2.671429
   1    0    6 0.000000 1.000000
   3    4   13 0.809524 2.190476
   4    6   18 1.042857 2.957143
   4    6   16 1.100000 2.900000
   1    0    6 0.000000 1.000000
   1    0    6 0.000000 1.000000
   4    6   16 1.100000 2.900000
   1    0    6 0.000000 1.000000
   1    0    8 0.000000 1.000000
   2    2   11 0.309524 1.690476
   1    0    6 0.000000 1.000000
   1    0    7 0.000000 1.000000
   1    0    6 0.000000 1.000000
   2    2   10 0.342857 1.657143
   1    0    6 0.000000 1.000000
   1    0    6 0.000000 1.000000
   1    0    7 0.000000 1.000000
   9   22   31 3.728571 5.271429
   2    2   11 0.309524 1.690476
   3    4   14 0.709524 2.290476
   2    2    9 0.366667 1.633333
   2    2   11 0.309524 1.690476
   1    0    7 0.000000 1.000000
   1    0    6 0.000000 1.000000
   1    0    8 0.000000 1.000000
  11   40   24 7.114286 3.885714
   1    0    6 0.000000 1.000000
   1    0    6 0.000000 1.000000
   2    2   10 0.342857 1.657143
   6   20   15 3.528571 2.471429
   1    0    6 0.000000 1.000000
   3    4   12 0.766667 2.233333
   6   16   21 2.777778 3.222222
   9   26   31 4.171429 4.828571
   6   12   25 2.128571 3.871429
   1    0    6 0.000000 1.000000
   4   10   13 1.761905 2.238095
   2    2    9 0.366667 1.633333
   4   10   12 1.925000 2.075000
   2    2   11 0.309524 1.690476
   6   12   23 2.135714 3.864286
   4   10   13 1.733333 2.266667
   1    0    5 0.000000 1.000000
   2    2    9 0.366667 1.633333
   6   14   21 2.516667 3.483333
   3    2   18 0.309524 2.690476
   1    0    7 0.000000 1.000000
   5   12   19 1.941667 3.058333
   4    8   17 1.261905 2.738095
   6   12   24 2.177381 3.822619
   4   10   11 1.933333 2.066667
   6   18   17 3.216667 2.783333
   1    0    6 0.000000 1.000000
   1    0    7 0.000000 1.000000
   8   22   29 3.701587 4.298413
   5   12   18 2.003571 2.996429
   1    0    6 0.000000 1.000000
   4   10   12 1.833333 2.166667
   4   10   15 1.660714 2.339286
   5    6   23 1.042857 3.957143
  10   20   37 3.514286 6.485714
   1    0    6 0.000000 1.000000
   3    4   16 0.619048 2.380952
   3    6   10 1.185714 1.814286
   2    2   10 0.342857 1.657143
   7   12   32 1.980952 5.019048
   1    0    8 0.000000 1.000000
   3    6   11 1.150000 1.850000
   4    8   17 1.285714 2.714286
   5   10   21 1.678571 3.321429
   2    2    8 0.400000 1.600000
   3    4   14 0.725000 2.275000
   1    0    7 0.000000 1.000000
   6    8   28 1.361905 4.638095
   1    0    7 0.000000 1.000000
  12   48   25 8.096429 3.903571
   2    2    9 0.366667 1.633333
  14   48   35 8.119048 5.880952
   2    2   10 0.342857 1.657143
  13   52   26 8.877381 4.122619
   2    2   11 0.309524 1.690476
   7   14   29 2.380952 4.619048
   3    6   11 1.066667 1.933333
   4    6   16 1.066667 2.933333
   3    4   15 0.642857 2.357143
   4    6   19 0.976190 3.023810
   5    8   23 1.275000 3.725000
   4    8   15 1.400000 2.600000
   7   14   29 2.266667 4.733333
   2    2   10 0.333333 1.666667
   4   10   13 1.900000 2.100000
   1    0    6 0.000000 1.000000
   1    0    6 0.000000 1.000000
  16   58   37 9.819048 6.180952
   1    0    6 0.000000 1.000000
   7   20   22 3.366667 3.633333
   1    0    6 0.000000 1.000000
  15   54   35 9.047619 5.952381
   2    2   11 0.309524 1.690476
  11   34   32 5.766667 5.233333
   1    0    6 0.000000 1.000000
  16   60   34 10.363095 5.636905
   1    0    6 0.000000 1.000000
  10   32   29 5.320238 4.679762
   2    0   12 0.000000 2.000000
   8   22   23 3.900000 4.100000
   4    8   17 1.317857 2.682143
   3    2   16 0.342857 2.657143
   5   10   17 1.976190 3.023810
   1    0    7 0.000000 1.000000
  11   42   26 6.833333 4.166667
   3    6   13 1.035714 1.964286
   6   16   20 2.747619 3.252381
   1    0    6 0.000000 1.000000
   7   18   26 2.970238 4.029762
   2    2   10 0.333333 1.666667
  19   74   40 12.421429 6.578571
  21   74   51 12.383333 8.616667
   1    0    5 0.000000 1.000000
  11   34   37 5.488095 5.511905
   3    6   10 1.166667 1.833333
   6    8   26 1.376190 4.623810
   2    2   10 0.333333 1.666667
   2    2   12 0.285714 1.714286
   7   14   29 2.300000 4.700000
  14   54   31 8.967857 5.032143
   2    2    9 0.392857 1.607143
   2    0   16 0.000000 2.000000
   2    2   10 0.342857 1.657143
   8   22   22 4.000000 4.000000
   1    0    7 0.000000 1.000000
  18   66   39 11.323810 6.676190
  24   98   43 16.725000 7.275000
  16   62   35 10.409524 5.590476
   5    6   26 0.928571 4.071429
   1    0    6 0.000000 1.000000
   2    2    9 0.366667 1.633333
   7   20   24 3.283333 3.716667
  21   82   46 13.561905 7.438095
   2    2   10 0.333333 1.666667
   1    0    6 0.000000 1.000000
   4   10   12 1.866667 2.133333
   6    8   27 1.409524 4.590476
  11   38   28 6.364286 4.635714
  23   80   52 13.714286 9.285714
  23   90   47 15.264286 7.735714
   7   22   20 3.757143 3.242857
   2    2   12 0.291667 1.708333
   4    6   22 0.869048 3.130952
   4    4   17 0.850000 3.150000
  18   58   51 9.719048 8.280952
   3    6   13 0.952381 2.047619
   4    8   18 1.261905 2.738095
   7   10   34 1.595238 5.404762
   5    8   20 1.542857 3.457143
  20   54   63 9.391667 10.608333
  19   50   67 8.183333 10.816667
  19   72   42 12.302381 6.697619
   1    0    6 0.000000 1.000000
   1    0    7 0.000000 1.000000
   1    0    6 0.000000 1.000000
  16   54   43 9.067857 6.932143
   7   16   25 2.814286 4.185714
   6   12   23 2.042857 3.957143
   7   14   28 2.304762 4.695238
   3    4   14 0.666667 2.333333
  18   44   61 7.766667 10.233333
  17   40   65 6.710714 10.289286
  14   42   41 7.328571 6.671429
   3    4   14 0.709524 2.290476
  13   48   29 8.266667 4.733333
   4    4   23 0.625000 3.375000
  17   66   35 11.300000 5.700000
  13   40   38 6.850000 6.150000
   1    0    6 0.000000 1.000000
  21   60   69 9.890476 11.109524
  13   38   37 6.666667 6.333333
  19   74   39 12.545238 6.454762
   4    4   18 0.733333 3.266667
  17   62   36 10.783333 6.216667
   3    2   14 0.366667 2.633333
  10   26   37 4.283333 5.716667
  10   24   42 3.853571 6.146429
   3    4   14 0.666667 2.333333
  26   84   67 14.607143 11.392857
  12   34   38 5.779762 6.220238
  17   72   32 11.998810 5.001190
   7   18   24 3.041667 3.958333
   7   16   28 2.576190 4.423810
   3    2   21 0.267857 2.732143
  11   30   33 5.200000 5.800000
  12   34   36 5.861905 6.138095
   5   12   19 1.904762 3.095238
  29  110   63 18.500000 10.500000
  10   24   35 4.080952 5.919048
  12   38   35 6.457143 5.542857
   3    4   14 0.666667 2.333333
  13   42   36 6.953571 6.046429
   7   18   23 3.066667 3.933333
   8   22   24 3.828571 4.171429
  16   66   33 10.928571 5.071429
   2    2   11 0.309524 1.690476
  24   92   54 15.244048 8.755952
  11   36   31 5.913095 5.086905
   2    2    9 0.366667 1.633333
   2    2   11 0.309524 1.690476
  19   62   52 10.500000 8.500000
   7   20   21 3.400000 3.600000
   5   10   23 1.535714 3.464286
  27  114   45 19.213095 7.786905
   3    4   12 0.766667 2.233333
  31  106   83 17.619048 13.380952
   4    2   25 0.285714 3.714286
   2    0   12 0.000000 2.000000
   5   12   17 2.230952 2.769048
  18   40   67 6.792857 11.207143
  11   30   35 5.175000 5.825000
   6   10   25 1.761905 4.238095
  21   80   44 13.466667 7.533333
   2    2   10 0.333333 1.666667
  44  156  101 26.848810 17.151190
   5    6   24 1.019048 3.980952
   4    8   19 1.278571 2.721429
   4    8   17 1.316667 2.683333
  10   16   45 2.738095 7.261905
  17   44   59 7.261905 9.738095
   8   20   30 3.139286 4.860714
   8   22   25 3.728571 4.271429
  49  180  114 30.369048 18.630952
   4    4   18 0.733333 3.266667
   2    2   10 0.333333 1.666667
   3    6   12 1.019048 1.980952
   6    6   33 0.910714 5.089286
  15   30   64 4.776190 10.223810
  13   42   33 7.294048 5.705952
   8   24   22 4.119048 3.880952
  47  188  100 31.042857 15.957143
   1    0    6 0.000000 1.000000
   3    6   11 1.119048 1.880952
   7   22   20 3.804762 3.195238
   7    8   33 1.385714 5.614286
   9   20   30 3.683333 5.316667
  14   54   28 9.264286 4.735714
  12   46   28 7.538095 4.461905
  45  182   86 30.623810 14.376190
   4   10   12 1.833333 2.166667
   1    0    7 0.000000 1.000000
   3    6   12 1.019048 1.980952
   7   14   31 2.371429 4.628571
  14   52   29 8.880952 5.119048
  13   44   34 7.483333 5.516667
  13   44   37 7.071429 5.928571
  42  148   98 25.347619 16.652381
   2    2   10 0.342857 1.657143
   1    0    6 0.000000 1.000000
   6   16   20 2.828571 3.171429
   6    8   31 1.164286 4.835714
  19   76   40 12.695238 6.304762
  13   44   35 7.347619 5.652381
  11   34   32 5.922619 5.077381
  32  106   88 17.461508 14.538492
   3    6   14 0.916667 2.083333
   8   26   23 4.290476 3.709524
   4    4   17 0.816667 3.183333
  17   58   45 9.559524 7.440476
  18   72   35 12.111111 5.888889
  18   70   36 12.040476 5.959524
  38  146   83 24.455952 13.544048
   1    0    8 0.000000 1.000000
   7   18   20 3.302381 3.697619
   4    4   20 0.676190 3.323810
  22   66   64 11.317857 10.682143
  12   38   38 6.061905 5.938095
  16   64   31 10.823810 5.176190
  50  194  107 32.480952 17.519048
   3    4   16 0.595238 2.404762
   2    2   11 0.309524 1.690476
  28   86   77 15.154762 12.845238
   7   12   31 1.938095 5.061905
  10   28   32 4.723810 5.276190
  61  254  111 42.692857 18.307143
   5    8   19 1.552381 3.447619
   1    0    7 0.000000 1.000000
  18   48   62 7.947619 10.052381
   8   16   31 2.757143 5.242857
   7   10   34 1.604762 5.395238
  64  290   93 48.324603 15.675397
   8   20   27 3.292857 4.707143
  11   18   49 3.053571 7.946429
  11   30   38 5.060714 5.939286
   6   18   17 3.104762 2.895238
  69  312  102 52.113492 16.886508
   2    2   10 0.333333 1.666667
  10   14   47 2.333333 7.666667
  16   42   53 7.178571 8.821429
   3    6   12 1.000000 2.000000
  76  378   81 62.792857 13.207143
   2    2    8 0.400000 1.600000
   5    4   27 0.642857 4.357143
   9   22   31 3.728571 5.271429
   8   22   25 3.838095 4.161905
  78  398   71 66.402381 11.597619
   3    4   15 0.642857 2.357143
   5    6   23 1.045238 3.954762
   7   16   26 2.741667 4.258333
   7   20   21 3.550000 3.450000
  67  320   84 53.238095 13.761905
   5   14   17 2.402381 2.597619
   4    4   20 0.733333 3.266667
  11   36   28 6.267857 4.732143
  13   38   39 6.425000 6.575000
  67  312   92 51.910714 15.089286
   2    2    9 0.366667 1.633333
   4    4   18 0.766667 3.233333
  16   50   44 8.678571 7.321429
  11   36   33 5.904762 5.095238
  66  288  105 48.304762 17.695238
  10   22   36 3.766667 6.233333
  15   42   49 7.190476 7.809524
   9   18   40 2.953571 6.046429
  65  302   85 50.700397 14.299603
  17   58   44 9.823810 7.176190
  12   26   47 4.277381 7.722619
   6   10   28 1.595238 4.404762
  60  260   97 43.782143 16.217857
  21   76   53 12.495238 8.504762
  13   36   43 6.042857 6.957143
   6   16   19 2.761905 3.238095
  54  240   92 39.609524 14.390476
  21   62   57 10.975000 10.025000
  16   56   41 9.381349 6.618651
   9   22   30 3.971429 5.028571
  49  200   97 33.378571 15.621429
  29  112   59 19.119048 9.880952
  15   48   42 8.109524 6.890476
   7   10   32 1.752381 5.247619
  54  212  112 35.376587 18.623413
  22   76   57 12.745238 9.254762
  17   44   55 7.695238 9.304762
   7   16   28 2.728571 4.271429
  56  224  108 37.934524 18.065476
  26   92   67 15.380952 10.619048
  11   16   50 2.704762 8.295238
   7   22   21 3.680952 3.319048
  55  230  101 38.589286 16.410714
  25   84   64 14.241667 10.758333
  15   44   45 7.467857 7.532143
   5    8   24 1.261905 3.738095
  55  240   84 40.552381 14.447619
  27   96   64 16.036508 10.963492
  12   38   39 6.347619 5.652381
   6   12   27 1.872619 4.127381
  55  258   70 43.195238 11.804762
  27  112   52 18.707540 8.292460
  14   42   44 6.928571 7.071429
   4    2   20 0.400000 3.600000
  49  234   61 39.250794 9.749206
  35  162   47 27.370238 7.629762
  16   56   40 9.585714 6.414286
  43  190   70 31.633333 11.366667
  43  204   52 34.369048 8.630952
  14   44   40 7.233333 6.766667
  58  280   67 47.132143 10.867857
  33  142   55 24.078175 8.921825
   9   24   32 3.819048 5.180952
  50  234   64 39.323810 10.676190
  45  210   62 35.007143 9.992857
   5   10   20 1.719048 3.280952
  59  296   58 49.430952 9.569048
  41  188   58 31.525397 9.474603
  64  340   45 56.571429 7.428571
  36  170   45 28.465476 7.534524
  57  284   60 47.508333 9.491667
  43  196   60 33.085714 9.914286
  60  294   67 49.080159 10.919841
  40  172   67 28.885714 11.114286
  62  304   65 51.239286 10.760714
  38  166   65 27.627381 10.372619
  70  344   73 57.644048 12.355952
  30  110   73 18.140476 11.859524
  72  364   67 61.155952 10.844048
  28  102   67 17.067857 10.932143
  82  448   42 75.136905 6.863095
  18   68   42 11.630952 6.369048
  78  418   50 69.751190 8.248810
  22   82   50 13.765476 8.234524
  85  466   42 77.883333 7.116667
  15   50   42 8.278571 6.721429
  84  458   47 76.272619 7.727381
  16   48   47 8.033333 7.966667
  88  476   50 79.459524 8.540476
  12   24   50 3.925000 8.075000
  86  480   41 79.685714 6.314286
  14   38   41 6.676190 7.323810
  85  456   53 76.240476 8.759524
  15   38   53 6.403571 8.596429
  84  450   55 75.126190 8.873810
  16   40   55 6.966667 9.033333
  88  476   48 79.940476 8.059524
  12   28   48 4.609524 7.390476
  88  482   47 80.386905 7.613095
  12   24   47 4.190476 7.809524
  85  462   51 76.788095 8.211905
  15   36   51 6.204762 8.795238
  75  378   77 62.682143 12.317857
  25   68   77 12.042857 12.957143
  73  382   58 63.690476 9.309524
  27  102   58 17.411905 9.588095
  76  410   46 68.314286 7.685714
  24   98   46 16.357143 7.642857
  75  396   56 66.028571 8.971429
  25   92   56 15.527381 9.472619
  74  366   72 61.808333 12.191667
  26   90   72 14.780952 11.219048
  72  356   74 59.658333 12.341667
  28   96   74 15.813095 12.186905
  76  368   82 62.110714 13.889286
  24   68   82 11.301190 12.698810
  68  318   88 53.463492 14.536508
  32  106   88 17.739286 14.260714
  70  346   71 58.083730 11.916270
  30  112   71 18.540476 11.459524
  68  344   67 57.214286 10.785714
  32  122   67 20.655952 11.344048
  71  342   84 57.412698 13.587302
  29   90   84 15.063095 13.936905
  76  378   77 63.266667 12.733333
  24   68   77 11.422619 12.577381
  73  346   92 57.758333 15.241667
  27   70   92 11.908333 15.091667
  61  266   99 44.676190 16.323810
  39  136   99 22.926190 16.073810
  63  290   88 48.512698 14.487302
  37  134   88 22.391667 14.608333
  59  252  100 42.209524 16.790476
  41  148  100 24.610714 16.389286
  62  276   95 46.308333 15.691667
  38  134   95 22.666667 15.333333
  73  352   83 59.046032 13.953968
  27   82   83 13.547619 13.452381
  80  414   63 69.340476 10.659524
  20   60   63 10.158333 9.841667
  71  364   62 60.738095 10.261905
  29  112   62 18.923810 10.076190
  71  358   71 59.638095 11.361905
  29  100   71 16.997619 12.002381
  77  382   73 64.807143 12.192857
  23   72   73 12.090476 10.909524
  67  330   80 54.410317 12.589683
  33  110   80 18.910714 14.089286
  61  282   82 47.158333 13.841667
  39  154   82 25.629762 13.370238
  57  282   61 47.286905 9.713095
  43  196   61 32.802381 10.197619
  59  276   82 45.554762 13.445238
  41  160   82 26.803571 14.196429
  64  284   95 47.909524 16.090476
  36  126   95 20.863095 15.136905
  74  384   59 64.312698 9.687302
  26   98   59 16.486905 9.513095
  70  352   69 58.658333 11.341667
  30  110   69 18.557143 11.442857
  64  288   89 48.685714 15.314286
  36  134   89 22.096429 13.903571
  64  298   83 49.906746 14.093254
  36  136   83 22.476587 13.523413
  71  360   68 59.901190 11.098810
  29  104   68 17.600000 11.400000
  66  322   73 53.935714 12.064286
  34  132   73 22.329762 11.670238
  73  368   71 61.498810 11.501190
  27   90   71 15.000000 12.000000
  72  354   79 58.864286 13.135714
  28   88   79 14.941667 13.058333
  64  296   88 49.598810 14.401190
  36  128   88 21.438095 14.561905
  60  272   89 45.492857 14.507143
  40  150   89 25.623810 14.376190
  63  298   83 49.578571 13.421429
  37  136   83 23.095238 13.904762
  66  326   69 54.776190 11.223810
  34  136   69 23.057143 10.942857
  61  276   86 46.804762 14.195238
  39  152   86 25.288095 13.711905
  53  226   90 38.042857 14.957143
  47  194   90 32.570238 14.429762
  47  178  103 29.736508 17.263492
  53  216  103 35.978571 17.021429
  46  182   98 30.348810 15.651190
  54  222   98 37.540476 16.459524
  37  152   75 25.153571 11.846429
  63  298   75 50.185714 12.814286
  38  160   67 27.002381 10.997619
  62  306   67 51.064286 10.935714
  39  152   80 25.716667 13.283333
  61  288   80 48.321032 12.678968
  41  166   79 27.885714 13.114286
  59  276   79 46.045238 12.954762
  45  210   61 35.236905 9.763095
  55  268   61 44.813095 10.186905
  36  148   64 25.219048 10.780952
  64  324   64 53.975397 10.024603
  36  148   64 25.403571 10.596429
  64  324   64 53.922619 10.077381
  37  146   76 24.530952 12.469048
  63  302   76 50.682937 12.317063
  35  138   72 23.290476 11.709524
  65  318   72 53.010714 11.989286
  45  194   81 32.236905 12.763095
  55  244   81 40.936905 14.063095
  43  176   81 29.505952 13.494048
  57  262   81 43.971429 13.028571
  34  134   78 21.730952 12.269048
  66  310   78 52.306349 13.693651
  27  110   49 18.653571 8.346429
  73  392   49 65.353571 7.646429
  25  100   50 16.733333 8.266667
  75  400   50 66.761905 8.238095
  21   62   61 10.571429 10.428571
  79  416   61 69.150000 9.850000
  17   40   63 6.746429 10.253571
  83  434   63 72.567857 10.432143
  20   56   58 9.840476 10.159524
  80  428   58 70.835714 9.164286
  22   84   51 14.099206 7.900794
  78  414   51 69.457143 8.542857
  24  100   46 16.760714 7.239286
  76  408   46 68.400000 7.600000
  21   74   49 12.666667 8.333333
  79  428   49 71.415476 7.584524
  18   58   49 9.842857 8.157143
  82  444   49 74.130952 7.869048
  17   52   51 8.558333 8.441667
  83  446   51 74.348810 8.651190
  19   70   46 11.631746 7.368254
  81  438   46 73.090476 7.909524
  19   68   48 11.223810 7.776190
  81  436   48 72.803571 8.196429
  14   42   43 6.953571 7.046429
  86  472   43 79.021429 6.978571
   9   16   39 2.776190 6.223810
  91  506   39 84.544048 6.455952
   3    2   16 0.342857 2.657143
  97  566   16 94.316667 2.683333
 100  600    0 100.000000 0.000000
