 58
 62
 42
 46
 48
 53
 61
 77
 56
 64
 58
 57
 65
 63
 44
 45
 53
 55
 48
 43
 44
 52
 68
 76
 58
 43
 39
 65
 65
 57
 59
 62
 61
 56
 54
 48
 37
 49
 58
 50
 78
 70
 74
 62
 80
 58
 64
 39
 63
 46
 64
 53
 70
 80
 58
 52
 54
 80
 43
 46
 72
 71
 71
 46
 58
 63
 49
 57
 60
 46
 53
 80
 46
 65
 78
 53
 53
 54
 44
 69
 56
 66
 35
 41
 70
 47
 63
 67
 52
 62
 54
 45
 69
 61
 39
 53
 52
 46
 59
 48
 69
 52
 34
 74
 62
 75
 54
 35
 79
 65
 62
 55
 62
 55
 51
 57
 57
 56
 79
 38
 46
 38
 42
 66
 48
 61
 58
 38
 70
 70
 65
 42
 49
 43
 70
 50
 50
 49
 50
 67
 58
 55
 64
 38
 43
 38
 63
 61
 51
 67
 69
 75
 44
 46
 80
 66
 58
 58
 48
 40
 60
 56
 56
 58
 63
 42
 38
 68
 70
 47
 41
 51
 83
 64
 65
 61
 72
 55
 51
 59
 59
 57
 61
 45
 56
 38
 81
 46
 47
 65
 69
 69
 65
 53
 85
 42
 39
 56
 59
 71
 53
 80
 53
 65
 55
 43
 39
 41
 75
 51
 61
 64
 50
 59
 56
 54
 53
 47
 48
 45
 43
 53
 56
 57
 55
 74
 61
 68
 44
 63
 54
 47
 62
 50
 72
 66
 45
 70
 56
 46
 57
 56
 42
 65
 41
 63
 77
 51
 55
 62
 66
 57
 59
 47
 71
 39
 34
 57
 48
 56
 68
 80
 51
 55
 70
 54
 49
 51
 49
 69
 81
 55
 50
 48
 54
 51
 68
 42
 57
 52
 66
 42
 59
 78
 55
 57
 35
 46
 62
 53
 45
 48
 66
 59
 44
 76
 50
 53
 65
 62
 62
 60
 51
 55
 69
 42
 56
 53
 58
 62
 65
 61
 70
 47
 51
 52
 56
 64
 60
 49
 67
 55
 47
 56
 49
 68
 64
 40
 75
 60
 74
 71
 61
 59
 46
 57
 54
 69
 54
 56
 76
 59
 69
 58
 58
 46
 41
 70
 65
 48
 55
 48
 81
 57
 74
 53
 60
 46
 73
 46
 55
 51
 48
 71
 60
 61
 60
 66
 71
 53
 78
 52
 50
 55
 60
 51
 82
 45
 54
 40
 77
 64
 70
 63
 48
 56
 67
 42
 60
 73
 51
 65
 74
 39
 58
 57
 76
 66
 76
 50
 49
 61
 53
 56
 63
 45
 52
 43
 50
 52
 58
 48
 38
 44
 51
 76
 34
 47
 46
 64
 58
 49
 58
 66
 60
 59
 59
 60
 45
 55
 60
 89
 59
 52
 61
 51
 67
 63
 61
 70
 64
 49
 50
 68
 62
 35
 41
 47
 72
 54
 82
 45
 65
 48
 63
 51
 49
 60
 40
 39
 58
 58
 65
 60
 69
 65
 55
 41
 60
 78
 39
 53
 40
 45
 42
 78
 64
 46
 53
 72
 41
 54
 50
 54
 59
 66
 67
 71
 75
 66
 65
 49
 51
 59
 61
 41
 46
 63
 63
 49
 41
 48
 49
 77
 58
 52
 35
 34
 46
 68
 67
 44
 52
 44
 61
 83
 63
 45
 46
 76
 58
 53
 57
 60
 67
 54
 53
 54
 67
 65
 61
 54
 50
 46
 70
 46
 44
 62
 77
 66
 69
 74
 49
 55
 66
 59
 72
 46
 58
 52
 58
 47
 57
 71
 61
 54
 66
 60
 54
 41
 80
 57
 61
 43
 54
 50
 72
 64
 80
 56
 42
 62
 70
 53
 43
 39
 59
 41
 58
 50
 62
 64
 67
 70
 58
 46
 57
 50
 64
 57
 56
 79
 63
 49
 64
 68
 69
 71
 56
 50
 47
 71
 48
 65
 77
 62
 57
 39
 79
 57
 72
 55
 43
 72
 52
 56
 44
 63
 70
 49
 63
 45
 41
 43
 41
 55
 65
 48
 58
 61
 42
 78
 65
 51
 48
 64
 61
 65
 49
 48
 59
 65
 53
 39
 48
 53
 45
 51
 38
 39
 64
 56
 70
 54
 52
 84
 55
 66
 77
 60
 44
 59
 69
 74
 81
 66
 46
 40
 54
 45
 66
 47
 65
 54
 50
 62
 65
 65
 58
 51
 45
 47
 64
 53
 64
 58
 54
 63
 38
 61
 64
 68
 54
 58
 49
 66
 63
 44
 47
 67
 42
 65
 48
 52
 60
 50
 50
 57
 41
 63
 68
 41
 41
 51
 39
 55
 52
 60
 64
 60
 58
 60
 55
 39
 57
 67
 49
 53
 45
 60
 55
 68
 48
 80
 69
 74
 60
 38
 53
 50
 80
 43
 55
 61
 55
 64
 54
 62
 38
 53
 53
 53
 47
 39
 56
 40
 52
 61
 54
 51
 51
 37
 57
 55
 45
 58
 65
 71
 85
 60
 65
 51
 47
 63
 64
 51
 50
 57
 54
 37
 50
 71
 62
 69
 65
 59
 54
 69
 50
 57
 46
 63
 47
 65
 71
 58
 38
 34
 44
 49
 48
 60
 67
 49
 67
 54
 54
 60
 51
 44
 54
 41
 64
 70
 44
 50
 57
 62
 60
 67
 52
 55
 65
 39
 63
 48
 52
 51
 69
 56
 47
 57
 64
 62
 59
 54
 51
 71
 77
 54
 59
 64
 37
 54
 48
 52
 73
 62
 74
 69
 72
 40
 83
 50
 49
 47
 58
 48
 48
 77
 65
 71
 65
 49
 37
 47
 35
 72
 61
 51
 51
 53
 55
 61
 52
 55
 62
 36
 56
 44
 52
 54
 48
 50
 44
 57
 48
 67
 71
 72
 54
 55
 45
 64
 41
 59
 57
 52
 63
 58
 54
 52
 51
 72
 43
 49
 59
 46
 43
 64
 55
 68
 76
 44
 53
 45
 67
 61
 41
 65
 52
 56
 46
 40
 73
 53
 85
 51
 81
 37
 73
 62
 59
 63
 51
 54
 41
 64
 54
 47
 67
 89
 43
 54
 50
 41
 65
 69
 56
 46
 46
 39
 56
 59
 57
 51
 46
 61
 45
 53
 74
 65
 59
 57
 43
 50
 66
 62
 68
 47
 44
 46
 70
 58
 53
 53
 45
 53
 60
 56
 53
 61
 74
 41
 51
 65
 41
 53
 61
 55
 59
 59
 56
 79
 63
 62
 57
 77
 69
 51
 69
 64
 60
 54
 51
 52
 93
 55
 55
 87
 67
 63
 51
 45
 63
 74
 40
 63
 54
 63
 51
 49
 44
 53
 64
 64
 53
 45
 64
 39
 64
 43
 56
 81
 46
 48
 48
 63
 43
 63
 52
 66
 56
 52
 62
 59
 53
 69
 68
 53
 48
 69
 54
 53
 44
 57
 54
 43
 58
 57
 51
 47
 35
 59
 44
 44
 55
 43
 59
 50
 57
 55
 38
 70
 53
 75
 42
 56
 45
 48
 64
 45
 35
 66
 47
 54
 55
 53
 46
 48
 52
 45
 40
 47
 53
 70
 48
 69
 68
 45
 62
 63
 38
 62
 69
 58
 58
 71
 60
 41
 59
 64
 53
 47
 63
 61
 63
 46
 38
 57
 66
 58
 63
 81
 65
 74
 62
 70
 65
 59
 63
 52
 54
 44
 74
 67
 57
 57
 45
 48
 61
 44
 65
 51
 51
 51
 53
 71
 53
 63
 57
 67
 85
 61
 78
 62
 51
 59
 60
 58
 37
 45
 45
 58
 72
 38
 33
 53
 51
 60
 60
 63
 50
 62
 47
 47
 59
 59
 49
 59
 56
 87
 60
 68
 71
 60
 68
 60
 48
 57
 62
 63
 63
 49
 51
 70
 65
 55
 60
 56
 60
 62
 41
 54
 46
 64
 75
 59
 55
 68
 56
 48
 53
 75
 48
 56
 37
 34
 54
 78
 54
 71
 59
 53
 46
 58
 52
 66
 47
 54
 46
 49
 59
 61
 54
 53
 42
 67
 47
 54
 61
 46
 61
 66
 62
 67
 56
 47
 33
 71
 56
 62
 64
 62
 69
 75
 54
 41
 37
 52
 49
 62
 50
 45
 62
 57
 65
 67
 54
 55
 56
 74
 65
 73
 57
 63
 66
 44
 66
 41
 42
 83
 53
 66
 64
 42
 51
 63
 54
 52
 43
 43
 57
 36
 35
 69
 67
 61
 48
 58
 50
 61
 61
 57
 58
 59
 59
 61
 60
 53
 52
 50
 58
 68
 56
 56
 41
 55
 49
 42
 69
 75
 72
 51
 68
 59
 70
 67
 67
 64
 48
 58
 50
 38
 57
 59
 58
 53
 65
 67
 52
 64
 53
 57
 60
 69
 60
 69
 60
 70
 58
 38
 49
 53
 40
 64
 62
 42
 62
 66
 48
 61
 55
 59
 54
 49
 54
 51
 52
 73
 72
 52
 52
 49
 58
 54
 75
 48
 36
 55
 47
 36
 47
 83
 40
 54
 63
 58
 66
 60
 42
 49
 62
 56
 49
 57
 53
 63
 61
 67
 57
 64
 74
 61
 62
 49
 80
 51
 48
 65
 43
 51
 69
 71
 57
 52
 86
 51
 51
 52
 51
 41
 70
 62
 76
 60
 74
 57
 61
 47
 62
 50
 60
 79
 47
 58
 59
 40
 40
 51
 41
 62
 70
 77
 56
 41
 55
 66
 70
 56
 58
 48
 53
 51
 45
 62
 42
 56
 55
 61
 61
 73
 43
 45
 61
 53
 61
 59
 63
 74
 54
 66
 59
 52
 42
 62
 49
 70
 68
 71
 57
 67
 68
 74
 42
 58
 47
 51
 43
 57
 65
 39
 47
 57
 53
 81
 43
 82
 62
 56
 52
 47
 65
 55
 51
 66
 61
 85
 56
 55
 56
 66
 61
 42
 68
 57
 77
 77
 44
 47
 54
 64
 54
 43
 86
 54
 58
 51
 44
 67
 60
 63
 80
 51
 55
 60
 73
 64
 86
 65
 53
 40
 63
 49
 43
 44
 55
 57
 57
 60
 67
 48
 58
 55
 64
 66
 53
 57
 45
 46
 58
 76
 69
 50
 59
 64
 48
 55
 68
 52
 58
 48
 63
 83
 68
 46
 57
 60
 54
 43
 49
 45
 48
 62
 53
 45
 67
 49
 63
 39
 60
 59
 60
 63
 60
 53
 57
 51
 51
 69
 76
 64
 74
 49
 42
 57
 56
 60
 63
 63
 52
 51
 70
 64
 45
 43
 43
 53
 74
 54
 69
 37
 39
 49
 56
 67
 68
 54
 46
 50
 42
 63
 48
 58
 59
 69
 51
 49
 66
 47
 65
 58
 69
 60
 67
 57
 43
 44
 47
 64
 40
 68
 66
 53
 47
 61
 65
 73
 43
 39
 52
 52
 57
 79
 52
 50
 68
 66
 50
 74
 47
 59
 61
 61
 68
 58
 69
 75
 52
 41
 62
 55
 73
 70
 72
 66
 50
 89
 47
 52
 67
 52
 52
 61
 72
 59
 57
 60
 58
 46
 47
 58
 65
 62
 52
 46
 71
 54
 78
 68
 58
 52
 60
 67
 55
 50
 55
 63
 44
 63
 50
 46
 38
 52
 47
 57
 39
 41
 69
 54
 83
 49
 54
 38
 63
 51
 68
 51
 35
 66
 60
 53
 61
 69
 67
 47
 64
 58
 54
 67
 58
 58
 55
 49
 64
 51
 38
 43
 60
 51
 60
 41
 41
 40
 66
 60
 49
 68
 67
 53
 66
 44
 78
 55
 48
 66
 56
 65
 58
 51
 53
 59
 71
 52
 86
 67
 60
 54
 62
 62
 51
 42
 50
 46
 49
 55
 41
 57
 51
 42
 61
 51
 55
 44
 41
 50
 52
 74
 72
 47
 63
 72
 41
 64
 64
 76
 48
 64
 56
 69
 49
 53
 75
 41
 63
 53
 51
 77
 76
 47
 56
 57
 66
 50
 56
 78
 54
 64
 55
 68
 47
 75
 84
 75
 34
 65
 55
 57
 83
 57
 54
 51
 50
 38
 34
 73
 41
 51
 54
 55
 69
 59
 70
 38
 81
 60
 34
 42
 62
 63
 48
 72
 50
 47
 51
 60
 48
 46
 64
 50
 59
 41
 69
 41
 67
 74
 59
 69
 41
 47
 53
 59
 51
 48
 51
 53
 61
 58
 69
 58
 71
 42
 69
 46
 50
 47
 54
 52
 38
 79
 58
 74
 48
 49
 50
 74
 61
 75
 34
 42
 73
 53
 44
 50
 43
 45
 67
 47
 60
 44
 61
 58
 56
 59
 56
 49
 71
 48
 69
 47
 76
 62
 42
 80
 48
 47
 54
 44
 46
 37
 50
 45
 40
 54
 68
 48
 61
 53
 67
 50
 68
 74
 50
 52
 60
 66
 38
 84
 70
 83
 50
 59
 61
 58
 40
 42
 48
 64
 71
 45
 37
 82
 36
 44
 61
 54
 52
 38
 67
 53
 70
 44
 58
 48
 49
 63
 60
 51
 62
 76
 60
 60
 47
 61
 43
 67
 48
 59
 49
 41
 61
 73
 63
 43
 55
 62
 37
 60
 48
 61
 71
 46
 40
 61
 79
 74
 68
 41
 44
 67
 64
 64
 56
 42
 53
 56
 64
 63
 66
 56
 54
 64
 42
 47
 75
 70
 67
 57
 48
 48
 48
 43
 55
 55
 55
 44
 43
 56
 45
 50
 40
 67
 45
 68
 63
 40
 47
 76
 63
 70
 53
 35
 55
 65
 64
 51
 61
 51
 56
 60
 54
 54
 77
 46
 71
 69
 61
 65
 75
 65
 56
 45
 74
 55
 43
 57
 40
 57
 63
 42
 57
 55
 72
 72
 67
 54
 53
 54
 57
 56
 41
 61
 60
 49
 44
 67
 49
 62
 70
 62
 49
 42
 54
 61
 58
 70
 60
 49
 55
 59
 76
 59
 81
 59
 56
 61
 58
 85
 70
 56
 77
 67
 76
 57
 40
 66
 41
 63
 80
 63
 55
 52
 70
 48
 65
 48
 40
 69
 44
 59
 57
 76
 54
 59
 47
 42
 66
 39
 37
 66
 70
 38
 60
 64
 61
 53
 67
 49
 39
 71
 42
 40
 60
 65
 37
 64
 60
 63
 56
 59
 54
 46
 38
 53
 48
 59
 71
 43
 67
 72
 53
 60
 55
 52
 44
 68
 50
 46
 34
 48
 59
 53
 45
 51
 54
 57
 56
 44
 48
 62
 57
 60
 79
 59
 59
 39
 46
 57
 54
 70
 75
 54
 56
 43
 50
 54
 36
 58
 75
 44
 54
 56
 56
 45
 62
 33
 57
 53
 59
 56
 63
 61
 50
 47
 57
 59
 71
 65
 59
 55
 66
 54
 40
 54
 42
 61
 53
 59
 58
 54
 55
 52
 66
 59
 63
 47
 55
 58
 56
 48
 62
 66
 63
 49
 54
 44
 57
 52
 54
 52
 64
 66
 65
 51
 47
 76
 40
 65
 57
 45
 41
 53
 60
 83
 62
 63
 41
 50
 82
 73
 59
 66
 75
 52
 43
 59
 68
 65
 43
 41
 52
 41
 47
 48
 49
 40
 38
 47
 68
 40
 68
 50
 49
 59
 48
 82
 44
 49
 71
 56
 34
 44
 61
 54
 56
 68
 61
 68
 47
 67
 64
 61
 61
 68
 63
 46
 67
 47
 60
 65
 57
 59
 37
 58
 68
 61
 71
 61
 42
 56
 59
 49
 53
 65
 63
 54
 51
 68
 68
 49
 62
 65
