 55
 81
 54
 62
 78
 64
 73
 57
 54
 72
 70
 49
 68
 92
 46
 72
 45
 69
 45
 66
 55
 68
 83
 64
 54
 63
 57
 86
 57
 73
 55
 78
 69
 87
 76
 66
 67
 54
 75
 58
 73
 59
 66
 64
 70
 65
 64
 75
 58
 83
 74
 73
 68
 82
 86
 74
 67
 67
 58
 76
 76
 62
 81
 74
 59
 73
 63
 61
 76
 90
 73
 85
 59
 82
 69
 82
 64
 67
 69
 51
 55
 80
 79
 66
 65
 70
 69
 48
 53
 72
 59
 55
 72
 56
 52
 92
 66
 56
 58
 72
 61
 58
 75
 69
 57
 56
 55
 83
 49
 61
 62
 89
 63
 94
 55
 88
 78
 65
 52
 71
 51
 82
 85
 67
 58
 79
 75
 62
 51
 48
 76
 52
 69
 67
 69
 79
 70
 62
 43
 67
 58
 46
 74
 60
 84
 55
 77
 56
 95
 65
 63
 75
 49
 81
 55
 85
 74
 83
 72
 75
 78
 78
 75
 72
 84
 72
 63
 83
 62
 65
 81
 57
 45
 77
 56
 60
 84
 76
 55
 67
 57
 86
 60
 63
 83
 94
 57
 52
 82
 88
 50
 77
 69
 53
 72
 48
 74
 45
 73
 59
 63
 67
 53
 69
 78
 47
 44
 74
 66
 60
 51
 79
 71
 59
 81
 77
 57
 64
 71
 78
 75
 63
 49
 58
 74
 70
 66
 57
 70
 78
 63
 62
 79
 80
 67
 62
 63
 61
 59
 68
 48
 84
 54
 82
 79
 93
 87
 67
 69
 57
 80
 68
 43
 78
 67
 52
 56
 77
 69
 54
 72
 72
 69
 60
 68
 76
 66
 55
 88
 69
 74
 56
 76
 64
 60
 55
 73
 83
 59
 62
 86
 59
 61
 83
 82
 65
 77
 81
 89
 74
 71
 53
 75
 50
 74
 77
 56
 69
 55
 82
 55
 53
 78
 51
 78
 55
 80
 64
 60
 96
 67
 95
 62
 92
 62
 60
 69
 56
 66
 75
 80
 81
 69
 83
 49
 77
 50
 91
 63
 52
 63
 75
 73
 70
 61
 81
 76
 78
 59
 73
 80
 93
 55
 47
 74
 75
 67
 73
 46
 67
 72
 67
 76
 75
 69
 58
 65
 67
 49
 71
 81
 49
 84
 54
 55
 79
 69
 67
 88
 91
 49
 65
 60
 79
 79
 77
 59
 80
 65
 65
 73
 58
 75
 87
 92
 58
 57
 65
 60
 94
 86
 62
 77
 83
 71
 67
 78
 76
 68
 70
 63
 51
 77
 61
 50
 62
 70
 67
 74
 54
 94
 69
 53
 54
 63
 77
 58
 62
 62
 80
 58
 64
 86
 65
 67
 71
 72
 75
 56
 74
 59
 85
 84
 78
 79
 68
 68
 95
 64
 91
 51
 64
 65
 59
 66
 80
 45
 75
 71
 62
 84
 59
 72
 60
 82
 53
 63
 57
 54
 76
 72
 60
 61
 60
 94
 67
 71
 63
 55
 77
 76
 84
 54
 86
 56
 68
 54
 80
 65
 67
 86
 51
 61
 54
 60
 53
 71
 46
 77
 44
 70
 67
 62
 58
 67
 64
 77
 67
 70
 67
 68
 71
 81
 70
 63
 65
 76
 62
 77
 74
 98
 67
 56
 55
 62
 53
 98
 74
 67
 51
 75
 62
 88
 89
 83
 63
 76
 79
 70
 61
 78
 82
 61
 58
 69
 98
 63
 73
 56
 96
 66
 45
 74
 80
 78
 74
 66
 66
 78
 82
 79
 78
 65
 79
 59
 74
 82
 97
 60
 77
 64
 59
 58
 59
 90
 76
 64
 76
 56
 65
 75
 62
 69
 71
 79
 78
 68
 68
 51
 67
 78
 62
 66
 84
 62
 52
 86
 39
 75
 71
 68
 89
 77
 89
 83
 80
 64
 71
 75
 74
 70
 81
 68
 93
 86
 55
 52
 69
 76
 79
 67
 70
 69
 59
 89
 63
 76
 81
 66
 54
 49
 82
 51
 77
 59
 82
 59
 86
 80
 98
 63
 80
 46
 87
 80
 71
 76
 58
 86
 74
 59
 68
 66
 49
 57
 74
 67
 60
 75
 51
 86
 62
 46
 75
 67
 74
 72
 62
 64
 65
 73
 70
 47
 65
 67
 71
 67
 57
 84
 75
 81
 74
 80
 85
 59
 62
 76
 69
 62
 69
 51
 87
 76
 66
 92
 69
 78
 66
 71
 72
 85
