 49
 34
 32
 29
 45
 37
 45
 31
 42
 29
 36
 52
 54
 44
 35
 28
 26
 39
 34
 51
 34
 37
 46
 35
 36
 33
 42
 45
 29
 41
 27
 50
 29
 35
 34
 37
 32
 25
 41
 38
 47
 45
 43
 32
 30
 38
 41
 50
 39
 37
 46
 39
 46
 51
 24
 30
 43
 52
 57
 45
 47
 33
 47
 48
 36
 50
 47
 45
 29
 53
 42
 43
 41
 36
 45
 45
 38
 40
 33
 44
 31
 51
 38
 31
 36
 52
 47
 61
 48
 33
 36
 33
 47
 50
 36
 42
 37
 31
 55
 39
 44
 33
 36
 49
 44
 48
 39
 34
 47
 48
 46
 39
 31
 44
 29
 41
 45
 45
 45
 36
 51
 37
 48
 31
 42
 34
 32
 47
 52
 29
 29
 36
 29
 46
 37
 40
 39
 44
 43
 38
 33
 33
 34
 51
 29
 36
 28
 28
 40
 47
 50
 30
 40
 50
 29
 45
 46
 38
 49
 40
 32
 36
 30
 40
 39
 48
 42
 31
 33
 42
 49
 39
 37
 35
 41
 29
 38
 31
 37
 32
 37
 42
 46
 51
 37
 51
 33
 46
 40
 36
 44
 37
 37
 41
 46
 47
 48
 33
 45
 40
 39
 33
 44
 32
 35
 54
 42
 46
 48
 47
 46
 28
 34
 50
 47
 42
 32
 41
 31
 41
 35
 37
 34
 37
 37
 42
 30
 41
 44
 34
 51
 39
 42
 38
 32
 44
 44
 34
 49
 47
 52
 47
 43
 35
 37
 44
 36
 55
 44
 26
 47
 46
 48
 30
 47
 37
 29
 29
 50
 31
 44
 38
 44
 39
 41
 44
 34
 42
 33
 36
 43
 27
 30
 47
 33
 37
 33
 51
 36
 50
 43
 45
 39
 47
 46
 32
 26
 35
 47
 40
 52
 36
 45
 42
 43
 40
 38
 36
 55
 44
 48
 30
 47
 35
 33
 39
 57
 39
 43
 49
 46
 39
 52
 32
 45
 38
 31
 47
 44
 35
 38
 33
 25
 52
 43
 38
 38
 54
 45
 44
 44
 31
 43
 40
 38
 31
 44
 36
 37
 27
 28
 40
 40
 38
 38
 44
 35
 40
 39
 51
 48
 35
 49
 36
 40
 45
 52
 44
 43
 45
 51
 49
 43
 35
 31
 32
 38
 31
 40
 38
 57
 60
 47
 28
 33
 43
 40
 44
 32
 32
 36
 29
 41
 33
 44
 35
 26
 35
 38
 41
 33
 41
 32
 40
 39
 39
 34
 37
 25
 51
 40
 33
 35
 43
 46
 40
 27
 41
 32
 36
 47
 46
 47
 45
 34
 47
 41
 37
 46
 48
 37
 63
 25
 49
 40
 27
 36
 48
 42
 37
 36
 38
 44
 31
 53
 28
 39
 52
 25
 43
 31
 46
 51
 31
 55
 31
 38
 37
 52
 43
 41
 44
 37
 38
 48
 39
 46
 52
 41
 38
 35
 30
 37
 33
 29
 40
 31
 35
 51
 31
 32
 49
 48
 56
 36
 38
 45
 46
 46
 52
 30
 27
 46
 48
 29
 33
 26
 56
 30
 44
 33
 42
 26
 26
 37
 43
 33
 34
 36
 46
 35
 36
 26
 50
 41
 51
 32
 42
 36
 53
 42
 38
 49
 44
 40
 38
 48
 46
 57
 49
 43
 43
 39
 26
 35
 49
 50
 35
 49
 49
 40
 47
 51
 45
 51
 33
 43
 34
 41
 59
 60
 51
 51
 37
 49
 36
 49
 50
 47
 28
 45
 59
 51
 43
 26
 28
 33
 31
 40
 43
 41
 29
 43
 50
 40
 41
 37
 46
 49
 31
 41
 53
 41
 45
 34
 51
 41
 50
 33
 46
 36
 45
 32
 54
 27
 50
 31
 33
 54
 30
 31
 42
 41
 41
 38
 41
 44
 45
 29
 49
 54
 28
 47
 27
 32
 26
 36
