15.234524
7.448810
7.194048
9.496429
7.780952
11.342857
7.816667
11.190476
11.244048
11.190476
12.033333
10.597619
9.128571
9.417857
5.742857
11.678571
9.055952
10.221429
7.539286
9.153571
7.557143
8.912698
9.960714
11.311905
9.954762
5.911905
7.925000
10.947619
12.276190
13.573810
8.885714
9.401190
7.879762
11.753571
9.314286
10.397619
8.445238
8.733333
12.904762
10.020238
13.323810
9.236905
12.264286
8.964286
9.958333
10.533333
11.688095
8.748810
12.961905
11.359524
11.217857
8.384524
10.927381
6.392857
8.790476
11.351190
10.070238
10.100000
10.739286
13.544048
10.784524
13.065873
11.500000
10.578571
8.717857
8.563095
10.591667
8.233333
11.787302
10.380952
11.400000
10.395238
6.688492
11.720238
11.127381
10.127381
12.673810
8.800000
12.279762
11.161905
10.026190
8.758333
11.066667
9.453571
12.370238
9.772619
12.204762
10.814286
8.034524
9.568254
9.355952
7.320238
13.076190
8.529762
13.890476
10.178571
8.385714
10.028571
11.983333
10.519048
12.916667
9.395238
7.421429
11.472619
9.398810
8.501190
6.904762
7.378571
8.051190
11.295238
8.138095
10.219048
9.701190
8.840476
9.876190
8.819048
11.980952
10.183333
10.141667
11.059524
12.000000
11.340079
12.966667
10.695238
12.839286
8.617857
12.488095
10.482143
10.728571
10.455952
11.969048
11.733333
9.447619
10.371429
11.258333
10.430952
7.754762
9.519048
7.438095
7.526190
9.967857
11.602381
12.575000
12.097619
14.733333
10.457143
10.576190
11.869048
10.895238
10.652381
9.702381
11.095238
9.770238
12.107143
13.000000
10.844048
7.728571
11.816667
11.023810
11.860714
10.419048
9.846429
11.191667
10.876190
9.751190
11.215476
8.410714
8.252381
8.571429
10.236905
9.340476
8.914286
10.103571
8.961905
8.578571
12.717857
13.333333
7.113095
12.010714
8.150000
11.611905
9.886905
10.242857
7.323810
11.483333
10.126190
9.070238
11.101190
11.539286
11.871429
9.669048
8.947619
10.997619
6.571429
11.948810
7.886905
7.909524
12.596429
11.290476
7.110714
11.617857
12.847619
10.490476
10.109524
9.257143
8.852381
13.267857
10.921429
9.560714
8.391667
11.063095
13.394048
11.190476
7.035714
9.958333
10.147619
8.685714
7.085714
7.228571
8.325000
12.535714
10.934524
10.154762
7.000000
13.700000
7.395238
7.620238
9.528571
7.835714
7.120238
10.228571
12.290476
11.471429
9.348810
10.328571
8.638095
12.185714
9.803571
11.419048
9.277381
10.139286
6.438095
10.261905
12.461905
10.323810
6.998810
9.350000
10.102381
7.413095
8.597619
11.630952
7.190476
11.422619
11.458333
12.245238
10.716667
7.685714
9.654762
9.297619
11.019048
8.622619
10.983333
8.553571
8.903571
9.865476
11.404762
9.090476
11.238095
8.647619
10.800000
9.242857
9.690476
8.014286
11.073810
8.782143
10.282143
11.616270
12.865476
9.608333
8.570238
10.871429
9.319048
6.585714
9.713095
10.857143
6.933333
9.848810
10.027381
8.776190
10.694048
11.080952
10.842857
12.504762
12.380952
7.852381
9.166667
11.188095
11.955952
12.061905
7.192857
10.785714
11.440476
10.238095
9.930952
9.696429
10.559524
8.465476
10.582143
9.342857
8.108730
8.186905
10.189286
10.482143
7.806349
7.947619
10.589286
12.183333
11.307143
7.684524
7.448810
9.127381
8.348810
7.557143
8.859524
9.563492
11.230952
10.269048
10.328571
6.661905
10.209524
11.300000
10.696429
10.800000
7.859524
9.214286
13.926190
8.823810
8.241667
11.173810
11.728571
10.460714
10.095238
10.771429
8.805952
7.398810
10.009524
7.919048
11.235714
11.160714
14.341667
9.942857
10.263095
9.197619
9.860714
9.257143
7.485714
9.985714
10.133333
7.610714
10.476190
8.566667
9.295238
11.654762
9.514286
12.400000
13.044048
6.900000
8.866667
11.887302
9.858333
9.371429
8.896429
10.334921
10.173810
10.747619
11.730952
8.692857
8.404762
9.041667
10.245238
8.729762
7.472619
12.913095
11.366667
9.051190
9.634524
14.658333
7.466667
11.623810
9.795238
9.433333
6.465476
9.835714
10.418651
9.323810
8.802381
14.104762
10.494048
9.957143
14.186905
12.813095
9.207143
10.197619
10.104762
12.401190
8.972619
9.238095
11.263095
10.244048
10.561905
11.711905
9.488095
9.455952
7.457143
11.125000
9.650794
10.154762
11.435714
10.760714
8.533333
9.995238
9.804762
11.461905
12.091667
10.578571
9.145238
10.529762
12.807143
8.569048
11.159524
10.009524
8.109524
15.147619
9.611905
10.183333
8.135714
12.441667
12.591667
9.552381
9.108333
11.386905
9.139286
10.563095
11.845238
7.866667
10.623413
9.035714
9.561905
10.971429
13.028571
9.847619
10.635714
11.476190
7.257143
8.140476
10.433333
9.138095
7.669048
11.159524
7.466667
10.348810
9.532143
11.784524
10.340476
11.272619
9.604762
12.330952
12.096429
9.982143
10.595238
6.771429
8.122222
8.819048
11.490476
7.446429
10.003571
9.528571
12.746429
7.300000
7.225000
10.000000
10.282143
10.825000
7.519048
6.115476
8.336905
9.257143
10.991667
9.758333
7.697619
8.323810
6.498810
8.938095
10.883333
9.901190
8.930952
10.234524
9.650000
9.642857
10.501190
11.460714
9.619048
10.889286
10.025000
10.086905
10.992857
9.050000
6.548810
9.869048
12.508333
10.171429
10.830952
7.233333
8.802381
8.782143
5.957143
10.638095
8.032540
6.715476
9.542857
9.695635
9.945238
7.429762
9.145238
11.071429
8.721429
10.736905
11.207143
10.563095
10.284524
11.986905
10.738095
8.363095
12.269048
7.921429
7.433333
9.123810
10.733333
10.654762
11.161905
9.323810
9.125000
11.416667
13.230952
8.804762
10.948810
10.023810
12.214286
7.482143
7.607143
12.736905
10.679762
7.742857
8.927381
10.797619
11.777381
11.214286
10.414286
10.251190
9.246429
9.490476
7.591667
8.304762
9.066667
12.751190
12.354762
12.728571
7.028571
12.353571
9.209524
11.363095
7.511905
6.991667
7.776190
9.808333
9.376190
10.947619
9.769048
11.433333
13.004762
9.152381
10.033333
10.900000
8.108333
10.814286
9.088095
10.121429
10.042857
10.914286
10.230952
9.008333
9.719048
9.438095
10.402381
12.030159
8.884524
9.173810
9.996429
8.053571
11.352381
11.619048
9.642857
7.132143
12.497619
9.510714
8.215476
8.366667
7.425000
10.684524
10.025000
10.823810
10.025000
12.742857
10.335714
7.495238
6.714286
10.059524
8.360714
9.991667
8.896429
9.771429
8.390476
11.179762
11.171429
11.567857
11.265476
7.309524
10.613095
10.427381
7.645238
11.219048
12.242857
11.107143
9.800000
13.514286
9.808333
11.505952
11.686905
10.490476
8.469048
6.980952
9.115476
9.295238
7.861905
8.741667
11.204762
7.238095
11.100000
13.147619
8.386905
8.698810
10.598810
8.579762
11.528571
9.200000
8.613095
10.565476
8.682143
9.652381
9.078571
9.193651
11.939286
9.633333
8.362302
8.500000
9.814286
8.304762
5.654762
9.409524
10.966667
11.861905
8.967857
11.557143
8.644048
8.185714
11.734524
10.546429
9.747619
10.123810
11.283333
10.285714
9.347619
9.383333
10.441667
9.882143
8.285714
7.325000
7.497619
10.439286
8.542857
10.850000
10.700000
6.719048
11.519048
10.989286
8.909524
10.707143
11.075000
10.258333
12.077381
7.947619
10.073810
8.501190
6.292857
8.719048
10.704762
11.759524
10.490476
10.996429
10.919048
8.534524
9.092857
9.023810
11.876190
7.923810
10.070238
7.454762
6.027381
8.690476
6.195238
7.261905
11.738095
9.450000
9.719048
10.719048
9.283333
8.883333
8.809524
8.580952
9.039286
9.716667
7.747619
12.588492
12.690476
9.511905
12.059524
9.894444
10.446429
10.079762
9.240476
11.227381
10.053571
12.342857
11.780952
9.557143
9.785714
10.582540
8.533333
11.247619
9.210714
10.715476
8.844048
12.377381
6.936905
10.178571
8.625000
9.371429
12.082143
11.207143
9.444048
11.661905
7.680952
10.575000
9.583333
7.416667
7.134524
11.030952
13.971429
10.677381
10.647619
7.042857
10.458333
6.609524
8.969048
10.169048
12.092857
9.719048
11.080952
9.383333
9.669048
9.958333
9.071429
9.482143
7.276190
13.584524
9.694048
6.766667
10.759524
9.866667
14.361905
14.227381
10.914286
10.782143
9.811905
10.110714
8.589286
8.988095
13.351190
12.227381
9.802381
11.359524
10.876190
8.561905
7.466667
10.288095
10.826190
10.800000
5.700000
9.527778
10.077381
10.767857
11.507143
7.534524
9.801190
11.732143
10.017857
7.547619
12.973810
9.866667
9.314286
9.934524
10.725000
10.433333
9.752381
9.944048
10.938095
8.157143
10.095238
11.352381
12.171429
10.377381
9.667857
7.142857
12.384524
8.591667
10.566667
11.685714
10.452381
10.948810
9.214286
11.216667
12.716667
12.197619
9.450000
10.378571
11.200000
12.701190
11.326190
11.319048
11.071429
11.176190
10.788095
10.791667
12.317857
13.670635
8.055952
8.252381
10.335714
10.988095
10.919048
7.998810
9.434524
8.163095
7.490476
7.822619
11.240476
7.678571
14.389286
12.096429
10.809524
9.127381
6.795238
7.123810
11.477381
11.971429
10.847619
9.285714
10.126190
11.071429
7.786905
10.871429
10.280952
10.304762
10.353571
9.309524
8.188095
11.423810
10.240476
7.701190
9.209524
7.763095
12.997619
10.942857
9.819048
11.942857
10.855952
8.454762
10.951190
6.500000
5.876190
12.821429
11.671429
6.902381
9.417063
9.980952
10.511905
8.184524
9.923810
12.834524
12.296429
11.401190
8.021429
10.596429
11.239286
9.633333
13.520238
11.061905
12.673810
8.375000
9.494048
7.776190
9.538095
7.620238
6.472619
8.752381
11.877381
7.507143
8.572619
8.551984
11.323810
9.348810
11.765476
6.760714
10.719048
11.050000
12.250000
10.495238
10.030952
10.528571
7.508333
7.638095
9.397619
7.485714
10.072619
9.807143
13.991667
8.608333
10.157143
10.083333
12.223810
10.728571
10.015476
8.119048
11.645238
8.566667
9.248810
11.008333
7.672222
10.139286
8.466667
9.800000
11.291667
6.290476
11.277381
9.657143
10.526190
11.457143
8.785714
8.990476
7.770238
11.794048
11.085714
6.414286
5.805952
7.509524
14.988095
9.879762
11.434524
10.314286
10.690476
9.401190
8.152381
9.652381
9.571429
10.450000
7.214286
7.939286
10.439286
12.567857
8.867857
6.328571
10.979762
8.936905
10.803571
8.304762
9.158333
10.007540
6.761905
13.116667
11.914286
6.642857
10.300000
9.216667
10.002381
8.061905
9.028571
8.209524
7.847619
6.511905
7.723810
9.752381
10.429762
9.883333
9.672619
10.654762
9.907143
12.496429
10.263095
9.510714
10.688095
7.352381
6.280952
9.300000
12.067857
11.315476
12.480952
10.278571
9.039286
9.885714
9.925000
7.744048
6.698810
11.166667
11.066667
7.311905
8.375000
13.104762
7.066667
9.167857
8.445238
9.832143
9.675000
8.359524
9.161905
9.141667
11.335714
8.710714
13.120238
9.720238
6.157143
12.213095
8.547619
8.129762
11.919048
10.478571
9.683333
7.266667
9.667857
8.548810
13.032143
7.898810
9.380952
9.890476
9.816667
7.638095
7.298810
10.500000
11.760714
7.914286
7.421429
10.201190
11.372619
8.623810
11.886905
11.662698
10.752381
13.505952
7.747619
7.882143
6.422619
12.754762
11.723810
8.815476
7.555952
9.914286
8.700000
10.000000
9.213095
11.605952
12.519048
12.555952
8.257143
10.125794
9.604762
11.791667
8.485714
11.410714
9.130952
13.863095
11.060714
6.223810
8.676190
8.119048
9.058333
9.709524
10.667857
9.857143
9.380952
10.972619
10.682143
11.784524
11.638095
10.758333
14.204762
10.042857
10.303571
7.208333
8.673810
13.626190
7.978571
8.123810
7.901190
10.015476
9.382143
10.773810
9.292857
10.001190
9.288095
7.785714
7.961905
8.221429
7.233333
6.976190
11.721429
12.685714
9.760714
6.469048
10.252381
8.492857
9.176190
8.488095
10.748810
7.800000
6.790476
12.275000
10.202381
12.662698
6.271429
7.740476
8.390476
7.895238
7.285714
12.008333
12.848810
12.809524
11.114286
10.577381
10.321429
13.467857
9.230952
12.069048
6.366667
8.621429
11.966667
8.683333
10.645238
11.596429
11.976190
10.309524
8.502381
9.248810
12.808333
6.649206
11.595238
10.505952
6.586905
9.757143
9.452381
11.450000
12.357143
7.290476
14.265476
10.152381
11.185714
9.547619
8.880952
9.633333
10.086905
8.439286
7.725000
9.861905
10.063095
12.419048
10.709524
10.059524
8.185714
10.365476
7.688095
11.665476
12.511905
11.263095
7.297619
10.084524
14.852381
10.047619
9.276190
10.502381
8.719048
9.336905
11.027381
6.000000
7.352381
10.421429
11.016667
14.315476
11.011905
7.347619
9.457143
13.371429
12.976190
8.471429
11.234524
7.957143
11.185714
12.873810
12.863095
9.133333
11.300000
8.428571
9.505952
10.909524
8.347619
9.705952
9.480952
9.242857
11.985714
10.000000
9.504762
7.919048
8.801190
9.352381
8.485714
12.266667
7.822619
9.896429
8.980952
9.679762
11.646429
9.742857
10.216667
10.810714
11.070238
14.148810
7.000000
8.608333
8.433333
12.457143
7.614286
11.840476
12.415476
7.002381
11.198810
11.972619
9.190476
10.394048
10.826190
10.702381
8.204762
13.519048
10.530952
8.985714
9.016667
9.514286
10.788095
10.312302
11.142857
11.242857
9.255952
7.166667
10.080952
9.761905
11.288095
10.195238
9.147619
10.720238
9.817857
6.784524
10.319048
10.824603
9.846429
10.575000
14.069048
11.530952
8.878571
10.138095
12.946429
9.172619
9.852381
11.085714
10.521429
6.959524
9.485714
10.734524
8.504762
11.648810
11.672619
11.232143
8.547619
8.861905
10.054762
8.773810
8.307143
8.580952
10.747619
11.716667
12.303571
9.223810
10.789286
9.942857
11.767857
12.033333
9.601190
10.120238
11.291667
9.238095
10.476190
12.869048
13.040476
7.166667
9.779762
10.745238
8.933333
12.297619
11.842857
7.586905
11.402381
9.247619
11.354762
8.380952
8.886905
8.894048
9.330952
9.176190
11.310714
10.357143
11.047619
7.833333
8.176190
8.410714
8.295238
11.571429
9.745238
9.045238
7.890476
10.872619
9.038095
13.800000
7.372619
7.014286
11.891667
10.864286
8.752381
11.766667
10.264286
11.209524
13.211905
8.365476
10.145238
10.916667
9.159524
14.425000
8.423810
6.815476
12.629762
8.744048
9.353571
10.831746
9.642857
9.011905
9.329762
11.215476
9.936905
8.721429
12.473810
10.588095
10.220238
11.188095
6.640476
9.445238
10.611905
11.904762
11.944048
11.223810
7.664286
12.413095
9.476190
7.957143
10.845238
10.216667
12.813095
7.348810
7.967857
9.328571
7.226984
12.292857
8.773810
11.761905
6.005952
8.976190
9.230952
11.666667
8.311905
13.414286
12.147619
9.864286
10.897619
11.411905
9.790476
9.254762
7.619048
11.461905
9.430952
13.369048
8.541667
9.170238
14.185714
7.876190
9.044048
6.852381
11.805159
7.285714
10.942857
10.903571
11.495238
9.123810
6.838095
7.273810
8.407143
9.042857
14.200000
8.039286
13.805952
7.369048
8.050000
10.727381
8.371429
11.844048
8.954762
12.833333
9.042857
7.277381
10.804762
11.242857
9.447619
10.596429
9.685714
6.644048
7.275000
12.260714
10.658333
10.839286
12.628571
7.535714
12.196429
11.909524
9.032143
9.847619
10.419048
6.809524
8.766667
11.142857
10.867857
8.888095
10.304762
7.107143
9.979762
9.723810
11.236905
7.189286
10.016667
9.942857
7.447619
9.938095
6.071429
10.410714
10.038095
6.369048
11.046429
11.619048
7.405952
8.957143
10.314286
9.404762
8.361905
7.490476
12.347619
11.061905
11.685714
10.829762
10.019048
7.519048
10.555952
10.638095
9.183333
9.241667
10.163095
11.152381
9.291667
11.329762
7.604762
10.695238
11.509524
11.204762
7.490476
10.361905
11.239286
7.452381
10.638095
9.525000
9.875000
8.680952
13.491667
7.316667
12.084524
9.039286
8.196429
12.890476
8.654762
12.391667
7.314286
14.183333
10.175000
6.800000
10.515476
12.814286
10.534524
9.190476
9.330952
9.319048
10.190476
9.828571
10.090476
10.077381
11.016667
10.591667
11.135714
12.255952
8.004762
7.726190
8.395238
8.163095
11.509524
9.989286
10.584127
7.509524
7.297619
10.960714
7.435714
10.657143
9.270238
9.623810
9.052381
11.242857
9.001190
12.675000
10.963095
13.060714
10.421429
10.580952
9.698810
8.317857
9.009524
12.365476
11.266667
12.228571
8.500000
7.645238
12.059524
10.728571
8.162698
9.054762
9.040476
7.591667
8.771429
9.033333
11.152381
11.104762
8.318651
12.527381
10.033333
10.707143
9.272619
11.592857
9.245238
11.234524
10.923810
12.347619
7.485714
9.184524
6.822619
5.700000
9.170238
10.675000
10.416667
10.541667
12.969048
8.690476
10.409524
9.319048
10.691667
6.314286
11.167857
9.276190
8.330952
8.675000
11.301190
7.791667
9.557143
6.769048
8.463095
8.895238
9.217857
11.111905
10.021429
12.285714
9.361905
10.442857
8.184524
10.020238
9.252381
11.574603
10.155159
8.151190
10.784524
7.896429
8.686905
9.417857
12.095238
8.419048
9.594048
9.733333
12.178571
5.640476
7.859524
9.038095
9.023810
10.380952
10.323810
11.063095
11.698810
8.066667
10.776190
13.016667
8.295238
10.142857
8.728571
8.569048
8.767857
9.551190
12.767857
6.976190
10.722619
10.228571
10.467857
10.883333
10.467857
9.623810
11.341667
8.190476
5.933333
10.261905
11.477381
9.638095
10.261905
8.548810
10.219048
9.867857
8.550000
10.161905
9.640476
10.325000
6.271429
7.727381
11.323810
11.359524
12.939286
10.050000
11.539286
11.248810
10.333333
8.692857
6.402381
12.071429
11.223810
10.439286
11.424603
11.677778
13.385714
9.839286
9.901190
11.995238
10.367857
11.442857
10.352381
9.583333
8.083333
11.280952
10.847619
11.652381
10.172619
10.036905
9.347619
8.833333
9.840476
7.623810
12.869048
9.491667
11.634524
8.394048
11.170238
11.301190
7.630952
12.872619
7.766667
8.878571
13.385714
8.596429
13.908333
10.467857
9.835714
8.685714
8.533333
9.701190
8.840476
8.801190
11.394048
9.866667
10.186905
10.108333
13.071429
9.019048
8.834524
10.014286
14.401190
11.234524
9.370238
8.509524
11.376190
8.357143
10.558333
7.178571
10.015476
11.676190
7.614286
11.738095
10.209524
9.805952
7.720238
9.867857
7.969048
7.686905
8.228571
10.257143
10.326190
11.463095
7.720238
10.314286
10.523810
7.417857
10.223810
8.590476
10.297619
8.720238
6.538095
10.785714
8.803571
10.677381
8.626190
14.071429
10.316667
9.115476
10.880952
9.511905
12.214286
13.075000
9.747619
10.776190
15.075000
10.154762
9.677381
9.090476
11.452381
11.475000
10.202381
9.413095
8.052381
13.129762
9.987302
8.954762
13.945238
11.057143
7.709524
10.719048
8.071429
8.233333
9.804762
13.069048
8.515476
11.352381
11.614286
10.789286
9.675000
8.196429
9.502381
12.044048
9.332143
8.701190
7.190476
9.695238
10.367857
9.559524
10.382143
9.845238
10.090476
8.192857
12.320238
6.919048
11.573810
11.570238
6.571429
11.070238
12.288095
8.000000
11.209524
9.807143
9.175000
9.860714
7.561905
8.695238
12.533333
11.585714
12.719048
10.869048
9.723810
9.925000
8.002381
9.861905
11.398810
11.215476
12.273810
6.328571
12.492857
10.564286
10.161905
6.500000
9.602381
12.235714
10.100000
10.310714
10.289286
7.557143
9.278571
8.471429
10.204762
12.827381
12.588095
10.717857
9.886905
7.029762
11.616667
8.775000
8.660714
13.496429
11.752381
8.680952
9.200000
10.770238
5.383333
8.980952
9.361905
8.742857
13.635714
7.835714
10.083333
7.290476
8.589286
10.285714
7.792857
9.564286
7.833333
8.702381
12.334524
11.898810
9.495238
9.020238
10.119048
11.844048
10.382143
9.579762
8.988095
7.297619
11.130952
12.521429
11.188095
8.110714
9.680952
9.072619
9.150000
11.476190
9.726190
9.829762
10.842857
12.820238
8.342857
11.709524
9.739286
11.536905
9.257143
8.483333
12.176190
11.038095
9.680952
11.522619
6.933333
7.361905
10.021429
12.489286
11.884524
10.238095
12.682143
9.478571
12.723810
9.957143
10.786905
11.721429
12.176190
10.740476
10.498810
10.579762
7.833333
11.404762
8.995238
10.688095
8.223810
11.000000
9.155952
12.614286
13.595238
10.416667
6.002381
9.855952
11.790476
8.877381
12.285714
10.584524
7.985714
5.628571
9.536905
10.561111
9.010714
10.607143
7.058333
11.014286
9.402381
9.038095
11.209524
11.228571
9.215476
9.984524
8.401587
10.829762
10.214286
9.620238
10.816667
8.473810
8.385714
9.140476
8.545238
8.553571
7.552381
9.110714
8.689286
10.800000
7.495238
7.604762
8.352381
10.066667
10.961905
11.925000
12.310714
9.466667
9.978571
10.016667
11.076190
10.731746
11.058333
6.809524
10.438095
6.730952
12.033333
10.967857
8.185714
12.855952
10.276190
6.723810
11.676190
9.761905
9.066667
7.023810
12.067857
10.348810
12.509524
8.819048
9.245238
8.523810
10.491667
12.342857
9.227381
9.770238
11.550000
11.623810
10.861905
9.570238
9.872619
11.401190
11.246429
10.251190
9.809524
12.113095
10.482143
10.735714
11.515476
10.997619
6.490476
6.722619
8.326190
10.919048
8.084524
10.972619
13.601190
8.690476
7.309524
8.408333
8.333333
8.547619
8.846429
7.536905
8.900000
8.423810
11.828571
7.775000
9.719048
7.233333
11.561905
9.728571
7.219048
5.419048
11.004762
9.276190
11.790476
10.326190
11.277381
7.000000
8.547619
10.972619
8.152381
5.972619
8.555952
11.228571
12.823810
12.072619
5.579762
7.264286
12.860714
6.530952
8.622619
6.415476
9.047619
8.591667
7.442857
9.697619
12.004762
13.382143
11.953571
7.142857
10.855952
8.744048
8.960714
7.319048
11.435714
8.151190
8.328571
10.202381
11.207143
10.328571
8.747619
10.855952
8.036508
10.010714
8.246429
11.633333
13.009524
9.666667
9.533333
10.652381
9.804762
12.804762
11.214286
11.900000
9.734524
8.179762
10.738095
11.198810
12.591667
9.528571
12.311905
10.819048
12.278571
9.610714
7.209524
13.908333
10.909524
10.664286
8.961905
10.687302
11.729762
8.665476
8.808333
8.142857
12.542857
10.514286
9.666667
11.071429
9.176190
11.695238
9.522619
10.305952
9.907143
9.623810
7.238095
10.033333
10.557143
10.395238
10.292857
7.347619
8.336905
10.877381
11.453571
11.628571
9.333333
9.319048
7.826190
9.647619
10.663095
11.028571
12.109524
8.459524
11.796429
11.539286
11.229762
7.919048
10.020238
10.534524
10.335714
8.258333
11.203571
10.371429
12.091667
9.278571
11.896825
8.904762
9.747619
12.302381
14.266667
9.515476
10.966667
12.709524
10.232143
9.916667
8.595238
6.996429
7.571429
8.995238
11.909524
9.448810
10.795238
11.334524
10.296429
12.195238
7.920238
10.135714
7.611905
10.061905
8.414286
9.704762
11.565476
9.223810
9.833333
8.566667
11.504762
12.376190
8.677381
7.939286
7.992857
12.235714
9.115476
11.157143
11.713095
9.965476
6.911905
10.634524
9.852381
6.909524
8.779762
14.063095
10.146429
10.470238
11.921429
10.277381
9.961905
12.492857
11.173810
11.442857
9.803571
9.235714
7.673810
8.977381
9.985714
10.058333
8.097619
13.411905
8.564286
8.626190
13.566667
8.953571
9.658333
10.138095
8.904762
10.405952
9.961905
12.070238
8.988095
12.089286
11.469048
11.264286
10.627381
10.880952
10.497619
9.671429
11.814286
9.095238
8.719048
9.667857
8.029762
8.291667
11.910714
8.733333
6.811905
11.434524
6.834524
9.702381
6.715476
6.255952
10.936905
11.194444
6.921429
11.810714
10.529762
12.545635
11.551587
9.513095
11.690476
9.305952
10.305952
10.222619
10.609524
10.050794
8.688095
7.904762
7.057143
9.990476
11.183333
8.451190
11.478571
10.567857
13.295238
10.392857
7.770238
10.283333
8.651190
10.511905
9.519048
7.845238
10.652381
7.085714
11.102381
10.810714
9.319048
7.819048
10.592857
9.620238
9.868254
9.953571
8.166667
7.295238
8.592857
11.980952
9.885714
10.723810
11.009524
9.323810
8.466667
7.590476
7.933333
9.033333
11.665476
12.071429
9.069048
8.161905
9.639286
7.276190
8.785714
7.745238
9.302381
13.965476
11.835714
9.514286
6.252381
10.771429
10.372619
6.809524
11.092857
10.545238
12.302381
6.247619
6.414286
10.125000
8.048810
11.745238
9.691667
10.202381
9.397619
13.254762
13.144048
9.514286
8.879365
12.407143
10.990476
10.571429
8.578571
10.770238
8.847619
9.780952
7.440476
13.536905
7.328571
11.585714
10.044048
6.023810
10.858333
13.471429
12.138095
10.433333
9.166667
8.467857
9.260714
10.223810
9.592857
7.257143
8.052381
12.051190
9.964286
9.397619
9.211905
9.214286
8.400000
7.500000
8.178571
9.515476
8.023810
13.750000
12.207143
13.132143
11.023810
7.278571
8.830952
7.911111
11.776190
11.409524
8.485714
10.860714
9.414286
12.175000
9.419048
8.039286
8.148810
8.404762
9.839286
8.109524
10.342857
8.772619
7.238095
9.466667
12.665476
9.097619
9.361905
9.771429
9.054762
9.219048
11.190476
11.889286
9.871429
10.921429
9.803571
9.626190
8.920238
8.147619
9.542857
10.945238
12.114286
10.695238
12.784524
10.817857
11.248810
12.596429
10.347619
7.902381
12.708333
12.428571
9.223810
6.380952
9.495238
8.314286
11.511905
8.321429
9.351190
9.823810
10.889286
8.841667
11.132143
12.529762
9.782143
7.261905
9.800000
8.990476
12.166667
9.609524
10.535714
11.433333
9.138095
8.223810
8.820238
10.579762
9.097619
11.885714
9.073810
10.867857
7.616667
10.432143
12.236905
13.415476
10.275000
7.046429
10.709524
10.361905
5.765476
9.238095
11.553571
14.929762
10.466667
11.133333
11.917857
8.247619
12.272619
8.910714
10.114286
11.277381
7.416667
7.009524
8.569048
10.315476
9.129762
10.392857
10.595238
10.622619
11.042857
7.355952
12.540476
11.233730
6.414286
14.490476
10.960714
9.016667
9.696429
12.057143
9.557143
10.376190
9.291667
9.990476
10.461905
11.825000
9.804762
10.450000
8.960714
14.126190
11.138095
12.330952
9.028571
10.844048
8.419048
9.035714
6.647619
8.909524
9.478571
13.067857
9.220238
10.055159
8.930952
10.900000
12.171429
11.184524
14.033333
8.386905
10.411905
11.206349
8.652381
9.998810
10.885714
10.475000
11.697619
9.091667
10.790476
7.266667
13.371429
10.758333
7.989286
6.985714
12.652381
8.365476
8.500000
10.264286
8.420238
9.944048
10.308333
8.992857
13.226190
11.708333
11.572619
9.180952
6.623810
7.579762
7.754762
9.933333
9.216667
10.476190
13.321429
7.385714
10.395238
7.795238
8.569048
9.478571
6.903571
10.297619
8.353571
8.639286
9.547619
9.752381
10.071429
9.378571
8.966270
9.901190
8.476190
7.458333
11.144048
7.930952
9.983333
8.885714
9.015476
9.471429
11.002381
11.644048
11.525000
9.326190
9.182143
8.623810
10.700000
8.383333
7.914286
9.071429
9.333333
8.648810
8.128571
10.692857
11.220238
10.054762
8.789286
10.525000
11.457540
7.753571
9.676190
13.128571
6.467857
10.440476
8.098810
7.526190
9.802381
11.323810
11.900000
10.194048
11.502381
10.592857
10.164286
6.739286
11.657143
8.439286
9.914286
8.100000
10.461905
11.165476
12.913095
9.707143
9.716667
11.942857
11.054762
11.979762
8.917857
13.495238
6.950000
8.717857
11.103571
10.376190
9.398810
9.020238
7.540476
10.304762
11.742857
9.890476
10.210714
9.009524
11.660714
11.166667
11.219048
8.711905
9.253571
12.715476
6.704762
7.820238
8.400000
8.679762
7.913095
11.821429
11.961905
8.189286
10.542857
8.944048
9.523810
12.236905
10.116667
6.863095
11.189286
9.215476
11.050000
6.476190
8.839286
6.494048
8.496429
8.064286
8.957143
11.155952
6.800000
9.158333
9.023810
9.978571
11.404762
7.942857
9.928571
10.519048
10.602381
7.261905
10.526190
10.206349
8.380952
11.109524
9.738095
8.109524
11.115476
11.030952
12.172619
10.319048
9.723810
8.807143
9.075000
9.938095
8.011905
7.058333
11.809524
10.676190
10.094048
8.273810
8.402381
11.251190
9.482143
12.483333
11.989286
8.709524
10.179762
10.360714
10.952381
8.940476
12.128571
12.635714
9.053571
7.871429
10.819048
11.516667
9.661905
7.571429
7.250000
9.928571
12.520238
8.757143
9.628571
11.046429
13.194048
11.854762
9.982143
7.990476
8.509524
7.272619
8.742857
12.298810
10.886905
10.067857
10.419048
10.469048
12.342857
7.030952
9.576190
10.692857
9.959524
11.691667
9.333333
12.239286
10.239286
9.185714
9.048810
9.788095
10.257143
10.561905
10.102381
6.395238
9.425000
7.971429
9.576190
10.873810
10.157143
8.658333
11.461905
10.959524
6.942857
8.901190
7.252381
9.335714
9.770238
11.886905
11.595238
10.104762
11.298810
10.871429
9.323810
11.783333
10.195238
7.619048
8.214286
11.539286
7.704762
9.269048
9.902381
11.314286
10.680952
8.982143
11.444048
9.530952
11.750000
9.585714
10.303571
8.515476
10.479762
10.614286
8.171429
7.340476
7.635714
10.690476
10.895238
8.844048
12.270238
9.470238
7.767857
7.638095
10.028571
8.811905
6.513492
8.995238
10.842857
11.064286
12.547619
8.864286
9.019048
15.371429
6.533333
11.552778
13.478571
11.528571
11.755952
9.696429
11.380952
8.323810
8.582143
8.371429
11.676190
10.072619
7.109524
10.364286
10.264286
12.400000
11.461905
10.251190
8.536905
10.322619
10.496429
8.308333
9.605952
10.746429
9.079762
10.839286
13.050000
10.853571
13.725000
8.166667
11.083333
12.542857
7.701190
8.579762
10.233333
9.977381
13.182143
9.460714
11.269048
12.739286
12.858333
11.394048
9.302381
11.191667
11.128571
10.884524
7.601190
10.191667
9.950000
6.955952
12.964286
8.205952
7.552381
5.953571
11.600000
9.584524
10.134524
10.236905
11.003571
11.158333
7.288095
11.247619
10.996429
10.914286
12.723810
6.296429
11.404762
7.517857
10.419048
12.877381
7.378571
8.366667
11.527381
9.452381
7.442857
8.661905
9.535714
12.704762
9.161905
12.173810
8.061905
10.896429
11.125000
11.067857
10.394048
6.429762
11.261905
9.005952
7.846429
9.738095
10.601190
11.116667
9.988889
11.209524
8.185714
12.614286
11.682143
9.155952
11.566667
5.060714
9.313095
7.339683
7.304762
10.902381
8.164286
13.030952
8.277381
10.776190
8.167857
10.711905
8.435714
11.291667
10.885714
9.197619
11.420238
7.997619
12.816667
11.490476
9.534524
11.828571
10.155952
10.427381
10.958333
8.850000
10.767857
9.755952
12.242857
9.927381
11.966667
7.494048
9.008333
10.644048
6.905952
7.800000
8.528571
9.976190
10.839683
8.127381
12.150000
9.517857
7.786905
10.113095
8.865476
13.800000
12.405952
9.280952
9.971429
11.269048
7.995238
9.403571
8.948810
10.406349
8.567857
11.423810
10.765476
8.895238
8.734127
10.788095
7.880952
12.850000
11.482143
8.358333
10.027381
7.819048
10.014286
13.297619
9.138095
9.385714
10.353571
9.569048
9.388095
9.051190
12.576190
9.483333
9.585714
9.016667
10.700000
13.253571
10.655952
10.877381
11.823810
9.015476
9.614286
8.707143
9.676190
9.635714
12.582143
8.558333
13.961905
12.223810
10.485714
10.938095
10.135714
10.984524
7.419048
11.498810
13.155952
12.495238
9.123810
9.628571
7.861905
6.472619
9.877381
10.426190
10.539286
10.598810
9.585714
10.834524
11.094048
7.664286
9.242857
12.410714
10.757143
8.701190
10.536905
8.585714
8.304762
10.941667
10.241667
11.489286
8.576190
8.747619
11.115476
11.655952
8.673810
9.980952
11.347619
10.759524
11.452381
9.009524
9.132143
14.190476
11.023810
8.959524
10.392857
8.176190
8.347619
9.885714
9.726190
7.598810
11.529762
10.509524
9.513095
10.409524
6.648810
7.119048
8.785714
12.798810
13.910714
10.778571
7.102381
8.957143
12.269048
9.439286
9.233333
7.434524
9.223810
9.904762
11.914286
11.061905
10.984524
11.217857
9.969048
11.080952
11.371429
11.704762
9.314286
10.169048
10.926190
8.908333
10.694048
10.480952
11.011905
9.309524
7.919048
8.963095
7.828571
6.214286
7.847619
9.485714
7.373810
8.857143
12.794048
7.791667
10.498810
9.623810
10.135714
7.504762
9.440476
8.927381
8.495238
8.967857
12.704762
9.750000
11.805952
7.421429
8.361905
11.795238
8.238095
10.620238
10.694048
10.461905
10.276190
12.321429
11.671429
10.292857
6.505952
8.190476
8.879762
8.236905
7.348810
10.185714
9.357143
8.471429
12.109921
8.775000
9.191667
10.611905
8.739286
8.950000
7.500000
10.273810
7.595238
9.973810
7.157143
10.819048
10.080952
8.996429
8.804762
9.158333
9.564286
7.842857
12.939286
6.615476
11.332143
11.408333
11.614286
6.647619
7.179762
5.410317
11.292857
12.465476
8.983333
9.433333
6.272619
11.538095
12.682143
11.969048
12.070238
8.995238
7.714286
11.002381
11.339286
11.492857
7.042857
7.622619
12.142857
11.133333
7.254762
9.975000
11.322619
6.904762
11.174603
8.128571
9.053571
10.290476
10.176190
11.309524
9.880952
9.955952
10.507143
9.858333
7.490476
10.219048
7.938095
8.008333
9.796429
10.176190
8.569048
9.376190
9.977381
10.800000
12.395238
12.186905
7.895238
8.000000
12.761905
8.532143
10.369048
8.682143
13.154762
6.822619
8.126190
8.291667
8.038095
7.847619
6.820635
12.161905
8.619048
9.086905
7.330952
8.407143
6.580952
10.159524
12.047619
10.916667
7.376190
10.052381
10.959524
11.027381
11.623810
11.602381
13.060714
10.089286
7.432143
9.045238
12.000000
10.871429
9.777381
10.878571
14.134524
9.601190
7.618651
11.580952
9.828571
8.573810
9.823810
7.872619
10.561905
9.973810
8.770238
9.842857
8.371429
9.986905
9.609524
10.380952
10.619048
12.097619
11.379762
9.690476
11.039286
10.140476
8.952381
9.154762
8.417857
7.923810
8.521429
9.771429
12.526190
9.942857
10.652381
10.477381
9.242857
10.669048
10.090476
7.009524
13.157143
9.733333
9.347619
9.190476
11.630952
11.670238
8.019048
11.664286
9.909524
10.059524
9.976190
5.511905
9.011905
9.475000
8.110714
8.984524
10.404762
9.209524
10.598810
6.604762
11.607143
10.950000
5.007143
10.469048
8.733333
12.744048
7.714286
11.858333
9.036905
11.848810
10.790476
15.050000
11.019048
7.961905
8.264286
9.000000
9.023810
9.052381
9.873810
8.246429
11.821429
10.511905
8.684524
8.120238
8.523810
9.539286
10.238095
8.504762
11.371429
8.573810
9.319048
9.535714
9.194048
9.438095
7.066667
10.147619
12.742857
10.011905
13.522619
11.010714
8.847619
11.344048
11.695238
9.808333
12.970238
11.203571
8.778571
13.876190
9.361905
9.792857
8.222619
8.163095
7.145238
9.026190
7.978571
9.404762
7.640476
11.657143
10.629762
8.973810
8.666667
8.205952
9.644048
11.235714
13.041667
10.561905
12.057143
11.464286
10.954762
9.538095
12.201190
7.619048
11.354762
11.380952
9.000000
11.764286
9.823810
11.514286
8.308333
7.109524
9.227381
11.735714
10.679762
8.792857
9.376190
8.576190
7.073810
8.847619
8.185714
7.175000
10.852381
11.853571
12.129762
8.455952
12.003571
6.798810
8.791667
9.035714
9.736905
8.270238
11.779365
13.435714
9.323810
10.846429
9.314286
9.911905
9.536905
11.865476
9.266667
7.938095
9.342857
9.636905
9.935714
12.039286
9.150000
6.967857
9.613095
10.336905
10.564286
7.892857
7.203571
8.067857
11.122619
7.057143
6.457143
9.814286
6.061905
6.795238
7.785714
11.502381
10.321429
7.128571
9.485714
9.176190
8.523810
9.950000
8.130952
11.084524
9.991667
11.258333
10.726190
9.942857
11.879762
8.161905
9.519048
9.591667
8.573810
8.057143
12.669048
10.295238
7.280952
11.690476
7.851190
6.792857
11.695238
10.361905
10.203571
12.753571
10.350000
8.519048
8.507143
10.548810
9.644048
7.390476
9.280952
9.328571
10.292857
8.200000
11.415476
10.819048
9.498810
8.521429
8.379762
9.221429
12.246429
7.835714
10.230159
9.204762
9.690476
10.196429
8.163095
12.739286
10.544048
7.747619
8.195238
12.627381
7.090476
11.530952
13.811905
9.816667
10.975000
13.775000
7.044048
11.038095
9.158333
9.317857
8.719048
8.740476
9.914286
9.097619
10.121429
11.022619
10.461905
10.273810
11.213095
10.695238
9.259524
9.210714
10.166667
10.652381
9.426190
11.583333
9.086905
6.589286
11.836905
11.263095
6.842857
11.115476
11.536905
7.695238
8.282143
9.982143
10.283333
8.173810
11.871429
10.539286
13.251190
11.654762
10.271429
12.138095
11.167857
10.260714
10.373810
12.815476
8.185714
11.332143
10.228571
14.244048
10.222619
12.304762
9.189286
10.969048
8.748810
9.957143
8.000000
10.846429
8.990476
8.980952
11.598810
12.408333
9.930952
11.277381
9.976190
6.747619
8.236905
12.834524
10.285714
10.038095
8.215476
11.719048
9.110714
14.440476
5.971429
14.248810
10.291667
10.782143
12.765476
9.614286
10.804762
11.880952
9.334524
10.726190
9.979762
11.380952
8.966667
7.708333
11.876190
8.666667
6.263095
10.440476
9.344048
10.184524
9.000000
6.866667
10.876190
12.039286
8.396429
10.728571
7.767857
10.269048
8.494048
13.119048
8.334524
9.500000
9.034524
7.495238
9.528571
9.954762
8.790476
9.326190
10.898810
9.165476
9.808333
11.409524
10.386905
9.814286
7.294048
10.846429
7.925000
13.029762
10.325000
11.325000
10.400000
10.020635
8.539286
11.757143
10.410714
12.333333
8.841667
7.932143
7.004762
7.771429
9.814286
10.252381
9.311905
7.050000
12.695238
9.690476
10.380952
10.013095
11.166667
11.214286
10.557143
11.283333
9.620238
10.100000
10.057143
10.400000
11.314286
9.229762
12.373810
9.488095
9.183333
8.901190
9.335714
9.296429
8.854762
9.052381
9.375000
8.471429
8.036905
7.829762
6.900000
12.591667
10.344048
8.032143
11.065476
11.055952
9.860714
11.442857
7.019048
9.238095
8.870238
13.386905
12.414286
12.147619
12.704762
8.194048
9.825000
13.542857
9.286905
11.583333
8.491667
12.208333
10.778571
10.895238
10.952381
9.369048
7.466667
8.795238
9.540476
13.032143
6.871429
6.634524
11.736905
8.820238
9.172619
6.619048
6.510714
9.304762
8.233333
6.585714
8.338095
9.992857
9.450000
9.401190
13.390476
9.083333
10.747619
10.704762
7.303571
9.720238
8.111905
9.042857
11.520238
11.947619
9.339286
8.600000
8.051190
9.670238
11.484524
10.257143
11.798810
13.041667
10.246429
11.289286
11.957143
5.640476
6.209524
11.597619
6.123810
7.385714
10.717857
12.307143
9.682143
9.186905
8.647619
9.625000
8.675000
8.138095
11.619048
10.704762
9.661905
9.958333
8.839286
9.942857
9.157143
9.792857
8.523810
8.734524
12.466667
7.823810
8.358333
9.746429
9.371429
13.101190
11.498810
8.588095
10.816667
12.072619
13.879762
11.013095
10.507143
12.883333
7.023810
9.944048
12.620238
11.223810
11.714286
11.147619
13.970238
11.326190
9.544048
9.435714
11.747619
8.463095
11.463095
13.626190
11.385714
9.020238
11.379762
9.466667
10.757143
10.528571
9.835714
10.998810
9.501190
12.129762
12.844048
9.552381
11.846429
8.228571
11.357143
9.635714
11.300000
12.055952
10.435714
10.090476
10.807143
8.747619
12.484524
9.109524
10.729762
7.023810
11.303571
7.151190
10.295238
9.932143
10.814286
11.234524
12.729762
10.909524
8.853571
9.664286
12.111905
9.414286
11.239286
8.686905
11.026190
13.440476
10.232143
6.833333
7.557143
11.354762
9.978571
8.900000
10.090476
8.416667
9.238095
9.876190
8.909524
8.384524
10.992063
10.133333
9.461905
10.869048
10.007143
6.871429
8.659524
12.945238
8.089286
11.179762
10.650000
12.323810
11.817857
11.771429
11.009524
10.323810
13.200000
6.504762
8.397619
13.682143
10.683333
10.738095
8.183333
10.828571
10.615476
8.826190
9.939286
10.928571
8.696429
8.525000
10.665476
10.486905
10.746429
9.579762
10.642857
11.844048
10.508333
9.530952
8.077381
10.286905
10.414286
10.138095
8.394048
7.732143
9.361905
10.608333
10.202381
8.927381
9.259524
9.695238
8.623810
9.076190
14.355952
9.852381
8.336905
10.841667
8.269048
6.510714
11.263095
9.347619
9.619048
8.723810
11.361905
10.542857
9.403571
12.000000
7.478571
6.609524
11.088095
11.896429
11.473810
10.223810
14.021429
12.540476
11.830952
9.854762
9.359524
13.671429
10.014286
7.592857
8.625000
9.661905
10.479762
10.338095
10.620238
9.552381
6.895238
10.985714
11.376190
10.469048
8.771429
10.846429
12.430952
8.696429
12.704762
8.320238
10.873810
9.145238
6.380952
12.210714
12.094048
10.428571
10.219048
10.864286
7.773810
9.395238
10.228571
7.926190
8.123810
9.050000
10.483333
8.511905
10.285714
13.902381
11.682143
9.029762
9.057143
8.453571
12.355952
6.770238
7.611905
10.215476
10.278571
11.348810
12.860317
9.703571
11.995238
11.021429
9.482143
8.842857
9.071429
10.983333
10.377381
10.072619
10.076984
8.171429
8.323810
11.841667
9.854762
7.431746
12.504762
9.853571
11.145238
11.845238
9.613095
9.742857
7.760714
7.701190
12.183333
11.828571
12.514286
10.892857
12.933333
11.739286
9.525000
8.215476
8.580952
10.272619
10.023810
11.234524
8.377381
10.100000
10.201190
9.172619
11.555952
9.582143
10.488095
11.136905
10.038095
10.092857
9.647619
10.385714
10.555952
8.453571
6.611905
10.133333
8.009524
12.995238
10.603571
9.954762
11.466667
8.113095
9.488095
9.046429
9.421429
11.119048
8.426190
12.028571
9.504762
8.209524
11.976190
9.392857
7.838095
10.095238
11.545238
10.438095
10.428571
7.116667
12.848810
6.880952
12.439286
9.391667
11.133333
7.853571
6.580952
10.828571
10.923810
10.039286
10.634524
10.238095
8.166667
7.834524
11.504762
10.315476
13.057143
10.008333
6.183333
10.740476
8.130159
9.803571
7.250000
9.453571
7.633333
9.316667
11.250000
9.402381
9.323810
11.685714
11.090476
10.357143
7.276190
11.057143
10.052381
9.459524
9.960714
9.442857
8.223810
9.242857
9.505952
13.084524
9.096429
11.371429
11.225000
10.235714
9.559524
7.857143
7.747619
9.223810
8.316667
8.382143
9.542857
7.000000
8.166667
11.638095
7.842857
9.800000
10.604762
13.086905
10.094048
9.066667
12.647619
12.309524
12.983333
8.029762
9.666667
9.061905
9.535714
9.777381
9.671429
10.109524
9.070238
12.080952
8.734524
7.516667
7.347619
11.292857
8.909524
11.573810
11.547619
8.955952
11.673810
12.304762
10.005159
8.809524
9.595238
8.438095
12.084524
11.052381
11.288095
12.190476
7.860714
9.785714
10.521429
8.370238
8.990476
8.866667
10.738095
7.953571
11.000000
10.475000
11.542857
12.233333
9.904762
12.392857
9.045238
7.438095
10.252381
8.701190
8.814286
12.477381
9.452381
11.403571
9.371429
9.330952
10.589683
10.322619
11.047619
9.791667
9.647619
10.841667
7.736905
12.195238
11.361905
8.130952
9.486905
9.384524
10.978571
12.604762
10.715476
10.255952
9.883333
14.544048
12.397619
12.110714
10.933333
11.026190
10.390476
8.738095
8.219048
10.180952
14.665476
10.603571
9.695238
11.928571
8.748810
10.447619
9.128571
10.048810
10.248810
11.350000
10.933333
11.580952
11.133333
7.338095
11.433333
9.672619
11.202381
9.203571
12.457143
7.584524
9.109524
6.490476
10.817857
13.238095
11.260714
8.219048
10.914286
8.914286
12.055952
8.642857
8.709524
11.523810
8.600000
11.800000
11.813095
9.878571
8.452381
10.992857
8.396429
9.576190
12.690476
13.616667
10.473810
14.397619
11.661905
8.567857
9.129762
8.438095
8.748810
10.390476
8.633333
8.101190
12.530952
8.933333
10.123810
12.223810
9.857143
10.380952
12.811905
12.117857
10.297619
10.740476
10.976190
9.970238
12.040476
10.253571
12.152381
5.663095
10.101190
6.957143
9.397619
12.335714
9.600000
8.901190
12.334524
11.846429
9.927381
7.109524
8.166667
10.228571
10.600000
10.471429
9.839286
12.945238
11.551190
12.227381
11.907143
8.557143
6.932143
8.820238
5.925000
8.900000
10.140476
11.469048
10.921429
10.161905
12.386905
9.748810
9.311905
12.386905
11.553571
10.766667
7.890476
11.745238
7.671429
13.609524
7.254762
13.639286
10.458333
7.826190
11.247619
8.390476
10.538095
7.390476
9.592857
8.057143
9.950000
5.107143
12.983333
10.084524
9.303571
7.703571
10.945238
10.623810
12.500000
10.732143
11.450000
12.322619
12.553571
13.904762
8.180952
6.894048
10.317857
7.061905
9.080952
9.084921
10.427381
9.004762
9.097619
9.371429
12.032143
10.027381
9.388095
9.075000
11.826190
11.689286
9.007143
8.252381
9.152381
12.326190
9.110714
10.670238
9.525000
9.946429
8.598810
7.455952
9.810714
11.357143
9.498810
10.240476
9.844048
13.279762
11.297619
8.147619
8.516667
9.552381
8.855952
9.040476
9.647619
10.048810
11.514286
9.130952
10.964286
9.267857
10.929762
11.752381
9.738095
8.633333
9.133333
11.042857
8.619048
11.564286
10.252381
11.533333
12.614286
8.526190
9.828571
11.303571
12.467857
7.703571
10.230952
6.702381
10.398810
10.704762
10.571429
10.383333
9.528571
11.740476
13.215476
9.369048
12.176190
9.220238
11.147619
11.738095
12.966667
12.025000
8.710714
8.147619
10.220238
10.509524
10.694048
11.071429
10.633333
8.913095
7.904762
9.191667
7.997619
11.076190
9.159524
10.886905
9.871429
6.667857
9.050000
11.861905
10.294048
10.128571
11.889286
9.548810
10.511905
11.272619
9.769048
8.471429
12.117857
7.209524
9.327381
9.877381
10.905952
8.358333
11.161905
9.626190
12.069048
9.533333
11.876190
10.304762
11.225000
9.147619
11.810714
7.685714
8.078571
9.941667
9.884524
12.877381
12.673810
7.579762
8.747619
9.808333
9.385714
10.885714
10.617857
9.639286
10.320238
8.732937
8.990476
12.052381
9.211905
9.879762
8.652381
10.073810
11.695238
8.283333
7.566667
10.179762
9.609524
8.969048
10.022619
10.949206
8.025000
9.379762
13.329762
9.516667
12.871429
9.747619
10.261905
9.602381
11.002381
12.019048
14.123810
10.347619
11.435714
9.676190
8.523810
8.925000
8.138095
8.967857
10.420238
7.704762
8.319048
7.422619
9.919048
10.958333
12.376190
8.823810
12.952381
9.095238
12.066667
9.038095
12.383333
10.289286
8.628571
8.761905
11.170238
9.620635
8.178571
9.070238
10.936905
9.634524
9.771429
10.025000
12.158333
7.547619
8.528571
11.183333
9.455952
9.605952
6.833333
11.730952
13.558333
9.700000
10.022619
9.541667
11.652381
10.153571
10.569048
10.811905
11.166667
10.895238
11.890476
10.263095
10.729762
9.561905
12.670238
10.725000
12.108333
8.661905
14.438095
10.890873
11.645238
12.554762
12.252381
10.961905
5.817857
8.319048
9.196429
12.025000
10.285714
10.466667
13.369048
10.419048
11.420238
10.067857
7.203571
9.031746
7.357143
7.419048
10.651190
11.671429
10.842857
9.016667
8.360714
11.817857
10.490476
6.920238
9.586905
7.428571
9.083333
7.105952
8.252381
8.589286
9.608333
12.941667
10.784524
9.046429
7.659524
10.563889
9.895238
10.278571
11.764286
10.817857
11.609524
10.022619
10.430952
12.169048
8.476190
11.001190
9.795238
10.589286
13.429762
10.290476
7.404762
10.915476
10.585714
7.832143
10.459524
7.742857
9.658333
11.054762
11.861905
7.977381
7.915476
9.971429
13.157143
12.459524
11.289286
9.047619
9.895238
9.415476
10.154762
10.810714
7.366667
9.152381
11.375000
9.266667
6.771429
10.629762
9.373810
12.014286
9.019048
12.629762
9.076190
8.779762
12.483333
10.076190
9.669048
11.092857
8.850000
11.355952
11.050000
9.002381
9.114286
14.259524
11.147619
8.695238
11.882143
14.876190
7.052381
11.376190
11.530952
10.534524
10.129762
7.552381
6.659524
9.861905
9.929762
7.538095
11.345238
10.235714
7.371429
13.811905
11.300000
10.115476
8.390476
12.064286
11.215476
8.933333
7.666667
11.485714
9.898810
7.033333
9.996825
8.857143
9.273810
10.040476
13.015476
10.921429
13.200000
11.528571
12.617857
7.026190
8.064286
10.403571
12.170238
10.808333
9.657143
11.020238
10.401587
8.704762
10.610714
8.288095
11.230952
10.527381
10.689286
11.775000
9.127381
11.730952
12.386905
12.421429
10.380952
7.011905
10.467857
9.838095
11.385714
9.321429
12.795238
10.190476
11.778571
8.952381
9.480952
8.616667
9.944048
7.642857
9.611905
9.391667
11.215476
8.707143
9.542857
8.942857
11.977381
9.907143
12.204762
12.036905
11.546429
11.129762
10.932143
9.089286
11.709524
12.754762
9.475000
9.630952
11.254762
8.748810
6.979762
10.835714
12.578571
12.148810
9.976190
11.288095
9.205952
8.360714
12.659524
6.042857
8.719048
11.533333
10.895238
7.842857
9.680952
9.164286
11.233333
10.565476
12.166667
12.294048
9.242857
9.910714
8.219048
8.032143
9.042857
11.771429
10.267857
8.251190
10.128571
7.366667
12.442857
11.709524
10.554762
8.935714
10.371429
14.128571
11.241667
12.115476
9.641667
12.714286
9.448810
9.096429
9.600000
7.255952
6.202381
10.992857
12.197619
7.591270
8.155952
8.740476
8.260714
5.423810
9.519048
9.463492
10.926190
10.677381
7.475000
10.766667
10.080952
8.613095
9.608333
12.533333
7.584524
8.614286
10.984524
8.328571
9.229762
9.933333
9.102381
8.035317
8.633333
8.838095
6.685714
11.133333
7.738095
10.457143
10.261905
7.639286
11.610714
9.557143
11.557143
12.160714
12.216667
12.876190
8.615476
10.880952
10.523810
9.495238
13.709524
10.195238
6.894048
11.697619
8.426190
11.042857
9.795238
11.396429
9.338095
9.033333
11.541667
10.892857
9.096429
10.642857
8.205952
8.307143
12.585714
10.823810
11.322619
9.463095
10.121429
10.025000
9.069048
8.857143
11.382143
11.711905
7.133333
10.486905
10.397619
13.164286
11.863095
13.097619
12.861905
11.521429
9.417857
14.520238
6.191667
8.019048
13.740476
11.914286
9.847619
9.755952
11.985714
9.048810
7.067857
11.285714
10.550000
10.498810
9.550000
13.454762
10.355952
13.009524
11.133333
9.695238
9.175000
10.404762
12.720238
8.771429
11.020238
9.800000
9.476190
7.414286
11.776190
11.895238
9.883333
11.679762
9.580952
10.709524
10.576190
9.630952
11.707143
12.369048
11.319048
9.663095
8.767857
8.754762
10.523810
9.907143
9.445238
12.382143
8.023810
10.469444
10.416667
13.448810
9.900000
7.514286
11.341667
8.147619
11.828571
10.527381
10.288095
8.739286
12.005952
8.640476
12.435714
11.569048
11.588095
6.665476
11.904762
10.675000
9.509524
10.848810
9.475000
10.963095
8.720238
10.404762
9.828571
11.203571
9.138095
12.128571
11.253571
7.957143
11.594048
12.466667
8.832937
7.605952
7.116667
12.272619
10.561905
8.308333
8.363095
9.919048
11.322619
6.923810
8.783333
9.758333
6.428571
8.265476
9.801190
7.534524
11.717857
9.353571
8.933333
8.647619
9.963095
10.211905
10.819048
13.011905
11.946429
8.876190
8.869048
9.180952
11.678571
11.571429
6.011905
11.378571
12.096429
8.728571
10.659524
7.234524
10.738095
10.129762
9.121429
7.747619
10.179762
11.385714
11.415476
8.121429
9.792857
11.576190
12.831746
13.428571
10.057143
10.600000
9.285714
9.386905
7.073810
9.544048
9.905952
9.301190
9.810714
10.115476
11.205952
8.072619
7.432143
13.165476
10.700000
8.557143
10.776190
7.342857
9.071429
10.098413
6.586905
11.963095
7.279762
9.309524
12.828571
12.991667
9.029762
8.309524
12.112698
8.683333
7.864286
9.102381
11.515476
7.679762
8.657143
11.308333
7.140476
8.501190
6.285714
7.791667
8.558333
7.630952
9.185714
9.042857
8.069048
7.595238
11.442857
11.852381
11.757143
8.580952
10.866667
11.878571
7.342857
13.580952
11.747619
11.490476
11.923810
8.114286
8.009524
9.737302
9.722619
10.292857
9.933333
12.356349
10.777381
9.865476
14.276190
9.379762
7.652381
8.638095
9.661905
12.513095
10.996429
11.921429
9.688095
10.384524
14.516667
10.667857
11.879762
9.734127
12.372619
6.457143
7.917857
6.166667
7.922619
10.666667
7.828571
9.764286
9.481746
9.901190
12.346429
7.932143
11.323810
10.765476
12.139286
10.780952
11.629762
10.539286
12.348810
11.398810
10.867857
6.357143
12.007143
11.401190
7.671429
9.234524
8.860714
8.840476
10.447619
9.483333
6.679762
9.695238
9.511905
11.257143
11.745238
10.019048
10.520238
10.671429
5.995238
9.569048
7.448810
9.928571
10.647619
7.373810
8.071429
9.228571
13.864286
10.177381
7.614286
10.738095
9.765476
9.486905
9.526190
12.315476
8.515873
14.190476
9.728571
9.157143
12.130952
7.302381
11.607143
6.383333
11.007143
8.288095
10.590476
12.922619
10.515476
9.265476
9.084524
12.238095
9.447619
9.829762
7.814286
9.413095
7.357143
11.980952
8.723810
10.757143
9.916667
9.970238
10.079762
7.409524
9.180952
9.417857
9.921429
12.513095
8.751190
8.009524
11.119048
12.795238
10.615476
9.075000
10.244048
10.473810
7.250000
9.385714
8.485714
14.361111
6.457143
12.513095
13.226190
12.085714
8.323810
10.754762
10.529762
10.819048
9.186905
12.471429
10.480952
9.801190
7.672619
10.636905
7.357143
8.476190
8.940476
7.420238
13.650000
11.123810
9.771429
11.830952
8.982143
7.717857
7.557143
11.240476
9.185714
11.802381
7.420635
5.642857
5.867857
9.904762
6.345238
10.228571
10.690476
11.235714
11.295238
10.970238
12.716667
6.592857
10.702381
10.528571
10.023810
10.252381
12.384524
12.864286
9.859524
7.304762
7.042857
9.309524
9.419048
10.580952
9.463095
8.502381
12.173810
10.844048
11.948810
10.936905
6.065476
8.561905
11.579762
10.342857
12.792857
12.961905
9.877381
12.246825
9.373810
9.622619
9.800000
10.809524
12.742857
9.794048
10.552381
7.301190
7.895238
10.458333
10.771429
9.680952
13.752381
8.616667
11.850000
7.238095
8.686111
12.046429
9.348810
10.138095
9.541667
11.040476
12.297619
8.809524
9.647619
11.070238
9.732143
8.880952
10.211111
13.273810
12.380952
10.500000
10.198810
9.614286
8.065476
11.897619
7.938095
10.949206
8.727381
8.508333
10.547619
10.851190
9.223810
10.430952
13.514286
13.120238
6.742857
10.035714
10.047619
9.735714
11.219048
7.516667
9.090476
12.153571
8.195238
11.338095
10.751190
10.936905
6.898810
12.400000
10.661905
6.913095
11.852381
7.221429
12.830952
8.998810
9.382143
9.784524
10.923810
10.566667
7.746429
8.880952
10.538095
10.766667
10.547619
8.823810
9.791667
12.340476
10.498810
8.964286
12.704762
7.111905
8.891667
9.494048
11.386905
8.815476
9.071429
11.914286
8.452381
7.742857
10.288095
8.678571
11.359524
8.586905
10.688095
11.572619
8.941667
9.422619
7.717857
9.167857
11.396429
9.198810
10.747619
10.121429
10.298810
8.042857
8.941667
13.107143
10.009524
11.804762
11.046429
9.358333
10.195238
6.528571
8.715476
8.814286
10.591667
8.344048
9.340476
6.994048
8.436905
8.134921
6.311111
10.051190
8.191667
10.620238
10.069048
8.776190
9.095238
12.072619
11.880952
9.342857
7.622619
11.727381
10.861905
8.082143
10.338095
13.452381
10.569048
11.240476
8.701190
6.809524
13.869048
7.367857
9.088095
9.684524
6.558333
7.890476
10.511905
10.200000
10.846429
9.414286
10.042857
9.229762
9.795238
10.959524
9.434524
12.103571
10.733333
10.272619
11.090476
10.347619
12.147619
12.816667
9.696429
10.560714
10.594048
15.016667
9.346429
9.795238
14.577381
8.847619
11.290476
9.436905
9.657143
10.405952
10.029762
9.385714
7.759524
10.576190
8.960714
10.598810
10.851190
10.072619
7.934127
12.520238
10.110714
14.404762
13.259524
8.878571
10.328571
9.738492
8.182143
11.116667
12.122619
10.576190
7.223810
7.011905
9.329762
10.167857
9.272619
10.117857
8.216667
12.082143
11.795238
11.097619
8.489286
10.414286
8.557143
10.028571
9.448810
10.280952
8.216667
8.105952
10.482143
8.714286
7.467857
13.233333
9.957143
9.620238
11.564286
10.551190
10.001190
7.278571
10.691667
10.165476
12.089286
8.142857
9.678571
9.457143
11.190476
9.471429
6.342857
10.857143
10.777381
8.682143
9.014286
7.425000
9.286905
9.378571
8.560714
9.940476
9.223810
11.278571
11.440476
12.026190
11.140476
7.200000
10.142857
8.083333
11.095238
8.830952
8.100000
8.147619
7.511905
7.919048
8.566667
11.430952
8.504762
10.766667
9.526190
14.781349
12.772619
8.464286
10.871429
9.610714
10.621429
13.084524
7.313095
12.276190
7.085714
8.047619
10.678571
9.747619
11.326190
9.360714
12.242857
10.880952
8.725397
10.209524
12.652381
9.714286
12.483333
7.254762
11.032143
10.085714
9.071429
14.557143
10.929762
10.665476
8.111905
10.376190
10.014286
12.142857
8.105952
9.096429
10.995238
10.190476
12.038095
10.395238
12.388095
9.610714
11.989286
10.466667
9.702381
6.604762
9.952381
7.286905
8.476190
12.304762
11.180952
14.542857
8.214286
12.961905
11.004762
10.029762
10.380952
7.629762
10.685714
10.078571
9.280952
11.052381
10.538095
9.634524
12.234524
9.219048
7.608333
11.042857
8.380952
8.754762
11.022619
10.621429
7.690476
8.104762
10.300000
11.833333
9.547619
10.822619
12.428571
7.976190
14.215476
9.602381
10.558333
8.683333
12.100000
7.390873
11.419048
9.580952
10.613095
11.509524
10.802381
6.290476
9.691667
10.226190
10.494048
10.623810
10.727381
9.615476
7.013095
11.927381
7.870238
9.366667
7.639286
11.842857
10.507143
10.057143
9.066667
9.579762
7.816667
10.323810
7.196429
7.366667
11.828571
9.532143
11.664286
10.692063
7.076190
8.642857
12.126190
9.936905
10.214286
9.834524
8.017857
11.522619
7.583333
8.621429
10.585714
8.629762
10.419048
10.197619
8.103571
9.614286
10.157143
7.809524
8.763095
11.288095
10.377381
9.330952
7.254762
6.884524
10.177381
7.490476
9.923413
7.395238
10.823810
11.245238
12.151190
8.410714
13.916667
11.066667
8.614286
11.552381
8.226190
8.341270
8.786905
10.345238
10.526190
8.859524
7.448810
11.105952
10.264286
13.153571
9.338095
7.302381
9.644048
11.989286
9.096429
10.446429
10.582143
11.248810
11.411905
10.309524
7.947619
8.486905
9.457143
8.542857
8.292857
8.371429
11.066667
9.310714
6.133333
9.089286
12.142857
10.738095
12.260714
9.082143
11.695238
8.857143
9.207143
7.802381
9.280952
10.864286
10.129762
10.789286
8.976190
9.641667
7.316667
12.116667
9.715476
9.890476
10.773810
11.253571
10.782143
11.666667
10.385714
9.004762
11.719048
8.576190
9.038095
7.726190
10.919048
8.057143
9.966667
13.376190
9.966667
7.675000
5.442857
12.813095
7.019048
8.245238
10.625000
11.626190
10.104762
7.533333
9.492857
6.276190
11.253571
14.621429
12.139286
9.984524
9.673810
8.476190
10.666667
10.694048
11.404762
9.538095
6.045238
10.110714
9.578571
6.280952
11.047619
10.148810
12.325000
8.866667
12.901190
9.786905
11.904762
9.628571
10.533333
9.826190
12.128571
12.703571
8.728571
10.686905
11.838095
10.004762
9.183333
10.039286
9.017857
12.927381
9.735714
13.990476
9.165476
10.558333
11.167857
10.660714
8.064286
7.741667
8.961905
9.561905
9.202381
10.235714
7.058333
8.253571
9.366667
6.138095
9.395238
8.366667
9.376190
8.147619
9.742857
7.885714
10.147619
7.086905
7.990476
8.197619
9.861905
14.123810
7.276587
11.852381
7.247619
9.466667
12.047619
9.588095
9.798810
10.784524
8.614286
9.386905
8.561905
11.007143
8.208333
11.661905
10.904762
8.567857
8.933333
12.782143
7.478571
12.261905
9.783333
6.707143
9.447619
10.583333
8.740476
12.309524
12.663095
10.609524
8.103571
9.400000
9.114286
9.965476
10.996429
10.344048
8.797619
7.626190
11.240476
11.180952
9.044048
7.459524
8.161905
11.740476
10.605952
11.333333
12.477381
8.950000
12.522619
8.791667
12.090476
10.211905
12.900000
10.646032
7.661905
9.031746
9.794048
8.039286
10.529762
10.644048
11.865476
9.520238
11.916667
12.219048
10.404762
10.969048
9.504762
12.965476
10.653571
10.247619
10.060714
9.753571
11.833333
10.798810
8.241667
9.778571
11.819048
9.914286
12.082143
13.747619
9.691667
10.084524
10.623810
11.586905
13.142857
7.602381
14.125000
6.585714
7.240476
8.403571
10.109524
9.544048
10.190476
6.091667
10.521429
9.734524
9.815476
9.323810
7.876190
12.040476
13.226190
7.083333
8.438095
9.332143
12.100000
9.047619
9.600000
10.995238
9.689286
7.496429
12.928571
12.677381
10.000000
11.385714
8.342857
9.957143
9.530952
10.060714
8.357143
13.176190
10.100000
7.214286
11.301190
9.034524
10.561905
8.359524
10.176190
9.672619
10.661905
11.104762
10.711905
10.319048
12.217857
11.889683
10.257143
10.850000
12.480952
7.669444
12.958333
8.104762
9.896429
10.044048
8.714286
12.172619
9.123810
10.782143
9.936905
9.247619
9.742857
11.919048
9.448810
6.729762
7.998810
11.519048
12.541667
11.652381
9.857143
10.661905
11.145238
8.171429
7.591667
13.761905
9.166667
6.396429
10.609524
14.333333
11.057143
10.496429
11.416667
13.688095
9.995238
8.992857
9.165476
10.601190
9.385714
10.352381
7.363095
9.832143
10.214286
11.019048
8.448810
12.829762
13.042857
9.173810
11.395238
9.679762
8.482143
8.796429
9.590476
8.302381
9.258333
12.113095
9.423810
11.291667
10.929762
10.859524
12.015476
9.501190
7.245238
7.839286
11.247619
12.114286
10.141667
8.179762
11.178571
11.733333
9.548810
10.497619
9.990476
9.788095
8.353571
7.723810
8.309524
12.509524
11.771429
10.259524
9.319048
9.804762
11.372619
11.198810
14.152381
9.961905
7.703571
9.201190
9.692857
8.430952
8.714286
8.604762
9.965476
11.142857
9.652381
12.426984
11.822619
11.450000
9.267857
12.997619
7.942857
8.907143
8.778571
7.948810
8.780952
10.767857
7.380952
11.027381
10.904762
10.680952
10.335714
7.079762
10.411905
10.271429
10.570238
9.413095
7.009524
11.252381
7.764286
10.198810
8.864286
11.383333
9.088095
10.904762
8.940476
7.120238
9.752381
6.533333
11.030952
8.705952
6.766667
11.819048
9.935714
11.398810
7.602381
8.878571
9.128571
9.409524
7.823810
8.464286
9.395238
8.942857
10.632143
14.396429
9.671429
10.152381
8.690476
10.664286
8.814286
9.904762
9.623810
11.059524
13.002381
10.519048
9.017857
9.833730
10.738095
10.073810
12.001190
9.386905
10.166667
9.851190
11.194048
10.128571
8.780952
12.966667
10.775000
11.723810
9.954762
11.785714
7.273810
9.722619
10.959524
8.916667
8.492857
11.128571
8.638095
12.398810
9.940476
10.325000
12.009524
9.169048
6.713095
10.466667
9.635714
10.528571
9.427381
10.873810
10.047619
8.191667
8.561905
10.153571
7.710714
10.889286
10.733333
8.289286
11.372619
7.260714
10.525000
8.739286
7.996429
8.125000
9.828571
11.858333
8.190476
12.938095
9.120238
8.284524
7.711905
10.176190
10.469048
7.764286
11.500794
8.951190
7.585714
8.973810
10.577381
9.701190
10.009524
9.719048
11.546429
10.020238
8.767857
6.590476
9.819048
8.429762
8.966667
9.823810
8.597619
11.092857
9.529762
9.823810
8.352381
8.510714
13.627778
9.258333
10.892857
8.821429
10.747619
10.778571
10.210714
12.489286
10.576190
9.771429
11.116667
9.091667
10.133333
11.811905
8.879762
11.507143
11.801190
12.423810
10.776190
12.386905
10.585714
10.310714
14.250000
10.669048
8.942857
12.941667
7.088095
8.597619
9.479762
8.844048
10.754762
9.173810
8.988095
11.511905
9.009524
12.707143
10.295238
7.567857
9.166667
6.123810
9.404762
7.747619
9.152381
11.052381
7.820238
10.409524
9.207143
11.876190
10.019048
12.047619
11.878571
9.230952
9.028571
8.209524
10.790476
9.454365
8.228571
9.466667
8.498810
10.757143
10.714286
12.347619
