   1    0    6 0.000000 1.000000
   1    0    5 0.000000 1.000000
   1    0    6 0.000000 1.000000
   1    0    6 0.000000 1.000000
   1    0    6 0.000000 1.000000
   1    0    6 0.000000 1.000000
   3    4   17 0.601190 2.398810
   1    0    6 0.000000 1.000000
   3    6   11 1.066667 1.933333
   3    6   14 0.904762 2.095238
   5   10   21 1.595238 3.404762
   4    8   16 1.371429 2.628571
   2    2    9 0.366667 1.633333
   1    0    7 0.000000 1.000000
   1    0    6 0.000000 1.000000
   1    0    7 0.000000 1.000000
   1    0    5 0.000000 1.000000
   2    2    8 0.400000 1.600000
   3    4   12 0.766667 2.233333
   1    0    6 0.000000 1.000000
   5    8   19 1.500000 3.500000
   2    2   11 0.309524 1.690476
   2    2   10 0.333333 1.666667
   1    0    6 0.000000 1.000000
   4    8   15 1.385714 2.614286
   4   10   13 1.728571 2.271429
   1    0    7 0.000000 1.000000
   1    0    6 0.000000 1.000000
   5   12   16 2.133333 2.866667
   1    0    6 0.000000 1.000000
   1    0    5 0.000000 1.000000
   1    0    7 0.000000 1.000000
   1    0    6 0.000000 1.000000
   1    0    7 0.000000 1.000000
   1    0    6 0.000000 1.000000
   2    2   12 0.291667 1.708333
   2    2   12 0.291667 1.708333
   2    2   10 0.342857 1.657143
   4   10   14 1.661905 2.338095
   1    0    6 0.000000 1.000000
   1    0    5 0.000000 1.000000
   2    2   11 0.309524 1.690476
   1    0    6 0.000000 1.000000
   1    0    8 0.000000 1.000000
   1    0    7 0.000000 1.000000
   3    6   10 1.133333 1.866667
   1    0    6 0.000000 1.000000
   2    2    9 0.366667 1.633333
   2    2   10 0.333333 1.666667
   1    0    5 0.000000 1.000000
   1    0    6 0.000000 1.000000
   2    2    9 0.366667 1.633333
   1    0    7 0.000000 1.000000
   2    2   11 0.325000 1.675000
   2    2   11 0.309524 1.690476
   1    0    5 0.000000 1.000000
   1    0    7 0.000000 1.000000
   4   10   14 1.666667 2.333333
   2    2   11 0.309524 1.690476
   3    4   13 0.700000 2.300000
   2    0   13 0.000000 2.000000
   3    4   16 0.595238 2.404762
   3    6   11 1.085714 1.914286
   2    2   10 0.333333 1.666667
   1    0    6 0.000000 1.000000
   1    0    5 0.000000 1.000000
   7   20   23 3.261905 3.738095
   3    2   14 0.366667 2.633333
  11   26   38 4.514286 6.485714
   1    0    7 0.000000 1.000000
   6   18   18 3.066667 2.933333
   2    2   11 0.309524 1.690476
   2    0   12 0.000000 2.000000
   1    0    6 0.000000 1.000000
   2    2    8 0.400000 1.600000
   5   14   18 2.278571 2.721429
   3    6   11 1.119048 1.880952
   2    2   10 0.333333 1.666667
   5    8   23 1.285714 3.714286
   4    8   16 1.333333 2.666667
   4   10   15 1.595238 2.404762
   2    2    9 0.366667 1.633333
   1    0    5 0.000000 1.000000
   1    0    6 0.000000 1.000000
   2    2   11 0.309524 1.690476
   2    2    9 0.366667 1.633333
   1    0    6 0.000000 1.000000
   1    0    7 0.000000 1.000000
   6   10   25 1.685714 4.314286
   1    0    6 0.000000 1.000000
   2    0   13 0.000000 2.000000
   3    6   11 1.066667 1.933333
   1    0    7 0.000000 1.000000
   3    2   14 0.400000 2.600000
   5   14   16 2.333333 2.666667
   2    0   11 0.000000 2.000000
   1    0    7 0.000000 1.000000
   2    2   10 0.342857 1.657143
   5    6   25 0.952381 4.047619
  10   22   34 3.995238 6.004762
   7   22   20 3.671429 3.328571
   2    2   11 0.325000 1.675000
   1    0    5 0.000000 1.000000
   4    6   16 1.100000 2.900000
   8   14   38 2.159524 5.840476
   2    2   10 0.333333 1.666667
   5   12   19 1.914286 3.085714
   7   16   29 2.576190 4.423810
   5   10   20 1.704762 3.295238
   4    6   19 0.976190 3.023810
   8   16   31 2.751190 5.248810
   2    2   10 0.333333 1.666667
   1    0    5 0.000000 1.000000
   2    2   11 0.309524 1.690476
   3    2   14 0.366667 2.633333
   1    0    6 0.000000 1.000000
   4    4   20 0.709524 3.290476
   4    8   14 1.461905 2.538095
   2    2    9 0.366667 1.633333
   9   26   26 4.638095 4.361905
   3    2   15 0.342857 2.657143
   2    0   13 0.000000 2.000000
   3    2   16 0.342857 2.657143
   1    0    7 0.000000 1.000000
   5   14   16 2.419048 2.580952
   4    2   25 0.309524 3.690476
   8   16   30 2.723810 5.276190
   4    4   21 0.642857 3.357143
   1    0    6 0.000000 1.000000
   1    0    7 0.000000 1.000000
   2    2   10 0.333333 1.666667
   8   18   31 3.061905 4.938095
   1    0    7 0.000000 1.000000
   6    4   34 0.676190 5.323810
   7   14   29 2.260714 4.739286
   4    8   13 1.533333 2.466667
   5    8   21 1.366667 3.633333
   7   16   26 2.766667 4.233333
   4    6   18 1.019048 2.980952
   1    0    6 0.000000 1.000000
   6   12   25 1.971429 4.028571
   2    2    9 0.366667 1.633333
   7   18   23 3.061905 3.938095
   1    0    7 0.000000 1.000000
   9   28   28 4.627381 4.372619
   1    0    6 0.000000 1.000000
   3    4   13 0.733333 2.266667
   1    0    6 0.000000 1.000000
   3    4   14 0.709524 2.290476
   4   10   15 1.761905 2.238095
   6    6   30 0.985714 5.014286
   2    0   10 0.000000 2.000000
   1    0    5 0.000000 1.000000
   1    0    6 0.000000 1.000000
   3    4   13 0.700000 2.300000
  11   32   36 5.247619 5.752381
   1    0    7 0.000000 1.000000
   3    2   15 0.416667 2.583333
   9   22   32 3.776190 5.223810
   4    8   16 1.333333 2.666667
   5   14   16 2.408333 2.591667
   9   30   23 5.090476 3.909524
   4    4   21 0.652381 3.347619
  11   34   31 5.771429 5.228571
   1    0    7 0.000000 1.000000
   6   12   25 1.941667 4.058333
   6   10   26 1.685714 4.314286
   4    6   17 1.033333 2.966667
   1    0    5 0.000000 1.000000
   1    0    6 0.000000 1.000000
   3    2   17 0.285714 2.714286
   8   24   23 4.095238 3.904762
  13   26   54 4.280952 8.719048
   1    0    6 0.000000 1.000000
   3    2   15 0.333333 2.666667
   7   14   27 2.385714 4.614286
   2    2   10 0.333333 1.666667
   3    4   14 0.666667 2.333333
   6    6   30 1.033333 4.966667
  10   36   24 6.070238 3.929762
   8   20   28 3.328571 4.671429
   2    0   12 0.000000 2.000000
   2    2    9 0.366667 1.633333
  13   50   30 8.233333 4.766667
   1    0    6 0.000000 1.000000
   4    2   22 0.342857 3.657143
   3    0   20 0.000000 3.000000
   5    6   27 0.904762 4.095238
   2    2   11 0.309524 1.690476
   4   10   13 1.766667 2.233333
   9   22   34 3.561905 5.438095
   7   10   34 1.580952 5.419048
   2    2    9 0.366667 1.633333
   2    0   11 0.000000 2.000000
   9   18   35 3.119048 5.880952
   2    2   10 0.333333 1.666667
   2    0   13 0.000000 2.000000
  11   32   31 5.504762 5.495238
  17   58   40 10.076190 6.923810
  10   36   22 6.238095 3.761905
   1    0    6 0.000000 1.000000
  10   30   32 4.880952 5.119048
   4    4   21 0.652381 3.347619
   3    2   15 0.366667 2.633333
   3    2   18 0.285714 2.714286
   3    4   14 0.652381 2.347619
   4    6   17 1.033333 2.966667
  15   48   39 8.252381 6.747619
   6    6   28 1.033333 4.966667
   3    6   12 1.000000 2.000000
   1    0    6 0.000000 1.000000
  12   26   47 4.530952 7.469048
   5   10   20 1.704762 3.295238
   1    0    7 0.000000 1.000000
   9   26   28 4.363095 4.636905
  17   48   54 8.184524 8.815476
   5   14   17 2.347619 2.652381
   1    0    6 0.000000 1.000000
   8   18   31 2.957143 5.042857
   2    0   12 0.000000 2.000000
   4   10   13 1.766667 2.233333
   2    0   11 0.000000 2.000000
   1    0    6 0.000000 1.000000
  16   42   51 7.261905 8.738095
   5   10   19 1.733333 3.266667
   2    2   10 0.342857 1.657143
  22   56   75 9.766667 12.233333
   2    2    9 0.366667 1.633333
   2    2    8 0.400000 1.600000
   9   20   37 3.080952 5.919048
  16   50   50 8.061905 7.938095
   8   22   26 3.752381 4.247619
   2    2    9 0.366667 1.633333
   7   10   36 1.586905 5.413095
   3    6   12 1.019048 1.980952
   3    2   16 0.366667 2.633333
   3    6   11 1.066667 1.933333
  18   62   47 10.504762 7.495238
   9   26   28 4.376190 4.623810
  26   88   67 14.761905 11.238095
   1    0    7 0.000000 1.000000
   1    0    5 0.000000 1.000000
   7   14   27 2.366667 4.633333
  16   48   47 8.147619 7.852381
   4    4   22 0.634524 3.365476
   2    2   10 0.333333 1.666667
   7    6   37 0.952381 6.047619
   1    0    8 0.000000 1.000000
   1    0    6 0.000000 1.000000
   1    0    6 0.000000 1.000000
  12   30   42 5.100000 6.900000
  13   42   38 6.840476 6.159524
  32  100   90 17.052381 14.947619
   1    0    6 0.000000 1.000000
  13   34   44 5.657143 7.342857
  21   68   55 11.528571 9.471429
   1    0    6 0.000000 1.000000
   1    0    6 0.000000 1.000000
   3    2   17 0.309524 2.690476
   1    0    7 0.000000 1.000000
   2    2    8 0.400000 1.600000
   2    2   10 0.333333 1.666667
   5    4   28 0.595238 4.404762
  16   52   43 8.883333 7.116667
  36  146   72 24.242857 11.757143
   2    2    9 0.366667 1.633333
   8   26   22 4.314286 3.685714
  24   84   59 14.171429 9.828571
   3    4   15 0.619048 2.380952
   1    0    5 0.000000 1.000000
   4    8   15 1.366667 2.633333
   1    0    5 0.000000 1.000000
   3    2   17 0.309524 2.690476
  10   28   29 4.947619 5.052381
  46  190   87 31.751190 14.248810
   1    0    6 0.000000 1.000000
  11   40   28 6.457143 4.542857
  19   66   48 11.100000 7.900000
   4    6   19 0.976190 3.023810
   1    0    6 0.000000 1.000000
  10   22   36 3.757143 6.242857
   4    6   16 1.142857 2.857143
   1    0    6 0.000000 1.000000
   4    2   19 0.400000 3.600000
  41  166   77 27.875000 13.125000
   1    0    7 0.000000 1.000000
  17   70   34 11.657143 5.342857
  12   30   47 4.872619 7.127381
   8   20   30 3.180952 4.819048
   2    2   10 0.333333 1.666667
   7   10   30 1.776190 5.223810
   5    8   23 1.376190 3.623810
   1    0    7 0.000000 1.000000
   2    0   13 0.000000 2.000000
  52  210   96 35.578571 16.421429
   1    0    6 0.000000 1.000000
  17   64   36 10.933333 6.066667
  11   22   48 3.535714 7.464286
   2    2   11 0.309524 1.690476
   2    2   12 0.291667 1.708333
   8   10   40 1.619048 6.380952
   1    0    6 0.000000 1.000000
   3    4   15 0.642857 2.357143
   2    0   13 0.000000 2.000000
  51  200  103 33.780952 17.219048
   1    0    8 0.000000 1.000000
  26  106   49 17.852381 8.147619
   7   10   29 1.828571 5.171429
   1    0    7 0.000000 1.000000
   9   26   31 4.119048 4.880952
   3    2   17 0.309524 2.690476
   2    2    8 0.400000 1.600000
  45  174   91 29.619048 15.380952
  28  116   54 19.433333 8.566667
  10   28   31 4.861905 5.138095
   3    6   14 0.904762 2.095238
   7   16   27 2.633333 4.366667
   6    6   31 0.995238 5.004762
   6   14   22 2.300000 3.700000
  35  126   80 21.452381 13.547619
  33  148   53 24.633333 8.366667
  11   34   31 5.848810 5.151190
   2    2   10 0.333333 1.666667
   5   12   18 2.000000 3.000000
   7   14   25 2.502381 4.497619
   5    6   25 0.976190 4.023810
  37  142   82 23.776190 13.223810
  27  116   48 19.209524 7.790476
  18   70   35 12.171429 5.828571
   1    0    7 0.000000 1.000000
   6   16   21 2.657143 3.342857
   1    0    7 0.000000 1.000000
   2    0   14 0.000000 2.000000
  42  178   73 30.038095 11.961905
  39  170   60 28.819048 10.180952
  10   22   39 3.604762 6.395238
   7   16   31 2.510714 4.489286
   1    0    6 0.000000 1.000000
   2    2   12 0.285714 1.714286
  39  148   84 24.940476 14.059524
  39  162   71 27.161905 11.838095
  12   34   34 6.147619 5.852381
  20   78   39 13.325000 6.675000
   1    0    7 0.000000 1.000000
  29  100   75 16.644048 12.355952
  32  134   60 22.366667 9.633333
  18   66   41 11.175000 6.825000
  19   60   52 10.266667 8.733333
   2    2    9 0.366667 1.633333
  27   84   79 14.214286 12.785714
  34  146   61 24.340476 9.659524
  18   60   47 10.033333 7.966667
  13   38   42 6.385714 6.614286
  30   94   85 15.829762 14.170238
  46  200   73 33.754762 12.245238
  11   30   38 4.919048 6.080952
  10   24   38 3.977381 6.022619
  30   92   84 15.733333 14.266667
  48  200   91 33.470238 14.529762
  12   32   39 5.433333 6.566667
   4    2   22 0.309524 3.690476
  20   48   73 8.036905 11.963095
  59  274   80 45.844048 13.155952
  17   60   41 10.214286 6.785714
   4    4   24 0.535714 3.464286
  18   40   64 7.019048 10.980952
  67  310   90 51.978571 15.021429
  11   24   44 4.009524 6.990476
  29   86   85 14.684524 14.315476
  59  256  102 42.552381 16.447619
  12   34   37 5.880952 6.119048
  28   84   82 14.423810 13.576190
  59  266   94 44.091667 14.908333
  13   32   42 5.609524 7.390476
  21   52   71 8.871429 12.128571
  66  284  114 47.561905 18.438095
  13   22   57 3.580952 9.419048
  15   44   47 7.404762 7.595238
  76  368   85 61.636905 14.363095
   9   16   40 2.695238 6.304762
  12   12   58 2.163095 9.836905
  85  440   73 73.201190 11.798810
   3    2   15 0.366667 2.633333
   9   12   40 2.095238 6.904762
  88  476   54 79.298810 8.701190
   3    4   14 0.709524 2.290476
  14   32   47 5.700000 8.300000
  83  444   59 73.701190 9.298810
   3    4   14 0.725000 2.275000
   8   18   30 3.052381 4.947619
  91  510   36 85.116667 5.883333
   1    0    6 0.000000 1.000000
  10   34   26 5.642857 4.357143
  90  514   26 85.692857 4.307143
   8   22   25 3.704762 4.295238
  92  528   25 87.895238 4.104762
   8   20   28 3.261905 4.738095
  92  524   28 87.300000 4.700000
   5   10   19 1.728571 3.271429
  95  552   19 91.876190 3.123810
   4    4   17 0.816667 3.183333
  96  562   17 93.338095 2.661905
   2    2   10 0.342857 1.657143
  98  578   10 96.395238 1.604762
   2    0   13 0.000000 2.000000
  98  574   13 95.810714 2.189286
   5   12   20 1.857143 3.142857
  95  548   20 91.504762 3.495238
   7   20   23 3.350000 3.650000
  93  534   23 89.200000 3.800000
   5    8   22 1.342857 3.657143
  95  548   22 91.466667 3.533333
 100  600    0 100.000000 0.000000
