   2    2   10 0.342857 1.657143
   2    2   10 0.333333 1.666667
   2    2    9 0.366667 1.633333
   1    0    6 0.000000 1.000000
   2    2   12 0.285714 1.714286
   1    0    6 0.000000 1.000000
   2    2   11 0.309524 1.690476
   1    0    6 0.000000 1.000000
   2    2    9 0.366667 1.633333
   2    2   10 0.342857 1.657143
   2    2   11 0.309524 1.690476
   1    0    7 0.000000 1.000000
   1    0    6 0.000000 1.000000
   1    0    7 0.000000 1.000000
   1    0    6 0.000000 1.000000
   2    2   11 0.309524 1.690476
   1    0    8 0.000000 1.000000
   1    0    7 0.000000 1.000000
   1    0    7 0.000000 1.000000
   1    0    5 0.000000 1.000000
   1    0    7 0.000000 1.000000
   2    2    9 0.366667 1.633333
   2    2    9 0.366667 1.633333
   3    6   11 1.066667 1.933333
   1    0    6 0.000000 1.000000
   1    0    8 0.000000 1.000000
   7   18   22 3.195238 3.804762
   3    4   12 0.792857 2.207143
   2    2   10 0.333333 1.666667
   1    0    5 0.000000 1.000000
   2    2   12 0.285714 1.714286
   2    2   10 0.333333 1.666667
   1    0    6 0.000000 1.000000
   3    4   12 0.733333 2.266667
   1    0    6 0.000000 1.000000
   2    2   10 0.333333 1.666667
   6   10   23 1.826190 4.173810
   2    2    9 0.366667 1.633333
   2    2   11 0.309524 1.690476
   2    2   10 0.333333 1.666667
   2    2    8 0.400000 1.600000
   2    2   10 0.342857 1.657143
   3    4   15 0.642857 2.357143
   2    2   11 0.325000 1.675000
   3    6   10 1.185714 1.814286
   1    0    6 0.000000 1.000000
   2    2   10 0.342857 1.657143
   5   14   16 2.328571 2.671429
   1    0    5 0.000000 1.000000
   1    0    6 0.000000 1.000000
   2    2   12 0.285714 1.714286
   1    0    7 0.000000 1.000000
   1    0    6 0.000000 1.000000
   1    0    7 0.000000 1.000000
   1    0    6 0.000000 1.000000
   4   10   13 1.761905 2.238095
   3    6   12 1.000000 2.000000
   1    0    6 0.000000 1.000000
   2    2   10 0.333333 1.666667
   1    0    6 0.000000 1.000000
   1    0    5 0.000000 1.000000
   1    0    6 0.000000 1.000000
   1    0    6 0.000000 1.000000
   1    0    6 0.000000 1.000000
   1    0    6 0.000000 1.000000
   1    0    6 0.000000 1.000000
   4   10   13 1.785714 2.214286
   1    0    6 0.000000 1.000000
   2    2   10 0.333333 1.666667
   1    0    6 0.000000 1.000000
   6   12   24 1.980952 4.019048
   2    2   12 0.285714 1.714286
   2    2   10 0.333333 1.666667
   3    6   12 1.019048 1.980952
   1    0    6 0.000000 1.000000
   1    0    6 0.000000 1.000000
   1    0    7 0.000000 1.000000
   1    0    6 0.000000 1.000000
   1    0    5 0.000000 1.000000
   5    8   21 1.400000 3.600000
  11   40   26 6.790476 4.209524
   3    2   16 0.342857 2.657143
   1    0    6 0.000000 1.000000
   1    0    7 0.000000 1.000000
   2    2   11 0.309524 1.690476
   3    6   13 0.952381 2.047619
   3    4   14 0.666667 2.333333
   2    2    9 0.366667 1.633333
   5    6   23 1.042857 3.957143
  11   38   28 6.347619 4.652381
   6   12   23 2.085714 3.914286
   1    0    7 0.000000 1.000000
   1    0    5 0.000000 1.000000
   2    0   13 0.000000 2.000000
   2    2    9 0.366667 1.633333
   5    8   21 1.366667 3.633333
   1    0    7 0.000000 1.000000
   1    0    7 0.000000 1.000000
   1    0    6 0.000000 1.000000
   1    0    7 0.000000 1.000000
   4    8   15 1.361905 2.638095
   3    4   15 0.642857 2.357143
   2    2   11 0.309524 1.690476
   7   22   19 3.776190 3.223810
   3    4   14 0.666667 2.333333
   1    0    6 0.000000 1.000000
   4    4   20 0.676190 3.323810
  11   28   37 4.700000 6.300000
   6   16   18 2.804762 3.195238
   1    0    6 0.000000 1.000000
   3    6   13 0.952381 2.047619
   2    2   12 0.285714 1.714286
   2    2    9 0.366667 1.633333
   2    2    8 0.400000 1.600000
   5    8   21 1.442857 3.557143
  12   40   33 6.723810 5.276190
  16   58   38 9.663095 6.336905
   2    0   14 0.000000 2.000000
   1    0    6 0.000000 1.000000
   1    0    7 0.000000 1.000000
   2    2   10 0.333333 1.666667
   8   20   26 3.514286 4.485714
   1    0    6 0.000000 1.000000
   2    2   10 0.333333 1.666667
   2    2   10 0.333333 1.666667
   2    0   11 0.000000 2.000000
   5   12   17 2.038095 2.961905
   3    4   14 0.676190 2.323810
  10   30   31 4.904762 5.095238
   4    6   19 0.976190 3.023810
   3    4   13 0.742857 2.257143
   1    0    7 0.000000 1.000000
   4    8   18 1.214286 2.785714
   5   10   19 1.785714 3.214286
   2    0   13 0.000000 2.000000
   2    2   10 0.333333 1.666667
   1    0    6 0.000000 1.000000
   2    2   10 0.333333 1.666667
   3    4   12 0.766667 2.233333
  12   30   40 5.208333 6.791667
  22   92   40 15.311905 6.688095
   2    2   13 0.267857 1.732143
   3    4   15 0.685714 2.314286
   2    2    9 0.366667 1.633333
   9   24   29 4.123810 4.876190
   1    0    6 0.000000 1.000000
   2    2   10 0.342857 1.657143
   1    0    5 0.000000 1.000000
   4    4   18 0.733333 3.266667
  16   58   38 9.857143 6.142857
   2    2   10 0.333333 1.666667
   6   14   21 2.404762 3.595238
   2    2   10 0.342857 1.657143
   1    0    7 0.000000 1.000000
   2    2   11 0.309524 1.690476
   1    0    7 0.000000 1.000000
   1    0    7 0.000000 1.000000
   1    0    6 0.000000 1.000000
   3    2   17 0.342857 2.657143
  10   24   37 4.028571 5.971429
  32  130   60 21.819048 10.180952
   1    0    7 0.000000 1.000000
   4    4   21 0.676190 3.323810
   1    0    5 0.000000 1.000000
   4   10   13 1.728571 2.271429
   7   18   27 2.828571 4.171429
  16   56   42 9.348810 6.651190
   7   22   18 3.869048 3.130952
  10   28   32 4.671429 5.328571
   2    2    8 0.400000 1.600000
   2    2   11 0.309524 1.690476
   1    0    7 0.000000 1.000000
   3    6   11 1.085714 1.914286
   2    2   11 0.309524 1.690476
  11   22   42 3.795238 7.204762
  28  108   60 18.039286 9.960714
   2    2   10 0.342857 1.657143
   3    2   18 0.291667 2.708333
   2    2   10 0.333333 1.666667
   1    0    5 0.000000 1.000000
   4    4   19 0.700000 3.300000
  15   42   48 7.191667 7.808333
  12   42   29 7.119048 4.880952
   8   16   33 2.633333 5.366667
   1    0    8 0.000000 1.000000
   2    2   11 0.325000 1.675000
   6   16   22 2.571429 3.428571
   4    8   14 1.433333 2.566667
  18   54   51 9.433333 8.566667
  22   62   72 10.345238 11.654762
   2    2    8 0.400000 1.600000
   7   18   25 3.004762 3.995238
   3    6   13 0.952381 2.047619
   4   10   14 1.719048 2.280952
   4   10   13 1.785714 2.214286
  21   70   55 11.963095 9.036905
   8   20   27 3.400000 4.600000
   3    2   17 0.309524 2.690476
   1    0    7 0.000000 1.000000
   3    4   14 0.652381 2.347619
   8   26   22 4.309524 3.690476
   1    0    6 0.000000 1.000000
  13   38   42 6.133333 6.866667
  22   62   68 10.442857 11.557143
   2    2    9 0.366667 1.633333
   5    6   25 1.019048 3.980952
   1    0    7 0.000000 1.000000
   3    4   17 0.571429 2.428571
   1    0    5 0.000000 1.000000
  25   92   56 15.557143 9.442857
  12   40   28 7.035714 4.964286
   1    0    6 0.000000 1.000000
   1    0    6 0.000000 1.000000
  12   44   32 7.100000 4.900000
   8   14   32 2.461905 5.538095
  31  132   54 22.082143 8.917857
   2    0   13 0.000000 2.000000
   2    2    8 0.400000 1.600000
   1    0    6 0.000000 1.000000
  20   56   62 9.528571 10.471429
  17   60   43 9.970238 7.029762
  22   88   42 15.021429 6.978571
   6   10   29 1.671429 4.328571
  30  134   47 22.519048 7.480952
   2    0   11 0.000000 2.000000
   2    2    9 0.366667 1.633333
   1    0    6 0.000000 1.000000
  26   76   78 12.880952 13.119048
  23   90   51 15.172619 7.827381
  17   60   42 10.071429 6.928571
   2    0   14 0.000000 2.000000
  27  102   59 17.253968 9.746032
   1    0    6 0.000000 1.000000
  30  102   81 17.113095 12.886905
  22   90   43 15.188095 6.811905
  12   24   49 3.933333 8.066667
   3    2   17 0.309524 2.690476
  32  102   84 17.457143 14.542857
  51  222   86 37.145238 13.854762
  17   64   36 11.033333 5.966667
  14   42   41 7.257143 6.742857
  18   52   57 8.542857 9.457143
  51  212   92 35.813095 15.186905
  30  126   52 21.338095 8.661905
  11   28   39 4.576190 6.423810
   8   22   29 3.642857 4.357143
  52  222   85 37.608333 14.391667
  24   98   46 16.494048 7.505952
  16   50   50 8.142857 7.857143
   8   20   29 3.236905 4.763095
  51  218   92 36.392857 14.607143
  36  136   78 23.095238 12.904762
  10   16   44 2.838095 7.161905
   3    2   14 0.400000 2.600000
  44  172   94 28.821429 15.178571
  42  168   84 28.104762 13.895238
   9   16   38 2.780952 6.219048
   5    8   20 1.419048 3.580952
  44  168   99 28.002381 15.997619
  50  208   89 34.830952 15.169048
   5    8   22 1.328571 3.671429
   1    0    6 0.000000 1.000000
  40  144   94 24.569048 15.430952
  56  250   88 41.757143 14.242857
   3    2   16 0.333333 2.666667
   1    0    6 0.000000 1.000000
  45  192   76 32.394048 12.605952
  51  230   76 38.723810 12.276190
   4    6   20 0.904762 3.095238
  37  154   69 25.730952 11.269048
  55  256   76 42.442857 12.557143
   8   20   25 3.566667 4.433333
  40  158   81 26.736905 13.263095
  50  212   90 35.533333 14.466667
  10   30   29 5.133333 4.866667
  42  170   85 28.275000 13.725000
  47  188   93 31.404762 15.595238
  11   40   24 6.936905 4.063095
  42  150  103 25.041667 16.958333
  44  162  101 27.575000 16.425000
  14   52   32 8.770238 5.229762
  44  150  111 25.413095 18.586905
  51  196  113 32.695238 18.304762
   5   12   18 1.995238 3.004762
  40  124  115 21.003571 18.996429
  53  206  116 33.991667 19.008333
   7   18   21 3.166667 3.833333
  27   64  101 10.879762 16.120238
  67  290  107 48.733333 18.266667
   6   12   26 1.980952 4.019048
  21   42   80 7.419048 13.580952
  75  354   99 58.895238 16.104762
   4    4   21 0.652381 3.347619
  20   50   71 8.452381 11.547619
  80  408   71 68.203571 11.796429
  16   38   57 6.442857 9.557143
  84  448   57 74.621429 9.378571
  14   40   46 6.569048 7.430952
  86  468   46 78.116667 7.883333
  11   18   50 2.964286 8.035714
  89  482   50 80.766667 8.233333
   6    4   29 0.733333 5.266667
  94  538   29 89.376190 4.623810
   3    6   12 1.019048 1.980952
  97  570   12 94.989286 2.010714
   3    4   12 0.766667 2.233333
  97  572   12 95.135714 1.864286
   3    6   12 1.050000 1.950000
  97  570   12 95.073810 1.926190
   3    4   14 0.666667 2.333333
  97  568   14 94.695238 2.304762
   2    2   10 0.333333 1.666667
  98  578   10 96.395238 1.604762
   1    0    8 0.000000 1.000000
  99  584    8 97.580952 1.419048
 100  600    0 100.000000 0.000000
