   5   12   16 2.161905 2.838095
   3    6   12 1.019048 1.980952
   1    0    6 0.000000 1.000000
   1    0    7 0.000000 1.000000
   1    0    6 0.000000 1.000000
   2    2    8 0.400000 1.600000
   1    0    7 0.000000 1.000000
   1    0    6 0.000000 1.000000
   2    2   10 0.333333 1.666667
   1    0    7 0.000000 1.000000
   1    0    6 0.000000 1.000000
   1    0    5 0.000000 1.000000
   5   14   16 2.361905 2.638095
   2    2   10 0.333333 1.666667
   1    0    6 0.000000 1.000000
   1    0    6 0.000000 1.000000
   3    4   14 0.666667 2.333333
   1    0    5 0.000000 1.000000
   1    0    7 0.000000 1.000000
   3    6   13 0.952381 2.047619
   1    0    5 0.000000 1.000000
   3    6   11 1.066667 1.933333
   1    0    7 0.000000 1.000000
   1    0    7 0.000000 1.000000
   1    0    6 0.000000 1.000000
   2    2   10 0.342857 1.657143
   4    8   17 1.304762 2.695238
   1    0    6 0.000000 1.000000
   1    0    7 0.000000 1.000000
   1    0    5 0.000000 1.000000
   3    6   13 0.952381 2.047619
   3    6   11 1.066667 1.933333
   4    8   14 1.416667 2.583333
   1    0    6 0.000000 1.000000
   1    0    6 0.000000 1.000000
   1    0    6 0.000000 1.000000
   1    0    7 0.000000 1.000000
   2    2   10 0.333333 1.666667
   1    0    7 0.000000 1.000000
   1    0    7 0.000000 1.000000
   4    8   15 1.400000 2.600000
   1    0    5 0.000000 1.000000
   3    6   12 1.000000 2.000000
   1    0    6 0.000000 1.000000
   2    2    9 0.366667 1.633333
   1    0    6 0.000000 1.000000
   1    0    7 0.000000 1.000000
   1    0    5 0.000000 1.000000
   1    0    7 0.000000 1.000000
   1    0    7 0.000000 1.000000
   1    0    7 0.000000 1.000000
   3    6   12 1.000000 2.000000
   1    0    6 0.000000 1.000000
   4    6   17 1.066667 2.933333
   1    0    6 0.000000 1.000000
   2    0   12 0.000000 2.000000
   1    0    6 0.000000 1.000000
   3    2   17 0.309524 2.690476
   1    0    6 0.000000 1.000000
   2    2    7 0.450000 1.550000
   4   10   14 1.695238 2.304762
   1    0    7 0.000000 1.000000
   1    0    6 0.000000 1.000000
   3    4   14 0.666667 2.333333
   3    6   11 1.085714 1.914286
   2    0   12 0.000000 2.000000
   3    4   14 0.666667 2.333333
   2    2    8 0.400000 1.600000
   1    0    6 0.000000 1.000000
   5   12   17 2.108333 2.891667
   3    4   12 0.766667 2.233333
   1    0    7 0.000000 1.000000
   7   16   25 2.700000 4.300000
   2    2   10 0.333333 1.666667
   2    2   10 0.342857 1.657143
   2    2    8 0.400000 1.600000
   1    0    6 0.000000 1.000000
   5   10   20 1.761905 3.238095
   7   18   27 2.942857 4.057143
   6   16   20 2.714286 3.285714
   1    0    7 0.000000 1.000000
   1    0    7 0.000000 1.000000
   1    0    7 0.000000 1.000000
   1    0    7 0.000000 1.000000
   2    0   13 0.000000 2.000000
   4    8   16 1.428571 2.571429
   1    0    6 0.000000 1.000000
   1    0    6 0.000000 1.000000
   2    2    9 0.366667 1.633333
   2    2    9 0.366667 1.633333
   6   14   21 2.461905 3.538095
   5   10   22 1.677381 3.322619
   2    2   11 0.309524 1.690476
   2    0   13 0.000000 2.000000
   2    2   10 0.342857 1.657143
   4    8   15 1.433333 2.566667
   1    0    6 0.000000 1.000000
   4    6   17 1.033333 2.966667
   4    8   13 1.500000 2.500000
   1    0    7 0.000000 1.000000
   1    0    6 0.000000 1.000000
   3    2   17 0.333333 2.666667
   2    2   10 0.333333 1.666667
  10   24   32 4.290476 5.709524
   1    0    7 0.000000 1.000000
   6   14   21 2.452381 3.547619
   3    2   15 0.333333 2.666667
   1    0    5 0.000000 1.000000
   4    4   19 0.685714 3.314286
   3    4   13 0.733333 2.266667
   1    0    6 0.000000 1.000000
   3    4   16 0.625000 2.375000
   1    0    6 0.000000 1.000000
   5    8   25 1.285714 3.714286
   8   24   26 4.003571 3.996429
   7   22   22 3.669048 3.330952
   1    0    7 0.000000 1.000000
   2    0   14 0.000000 2.000000
   3    2   19 0.309524 2.690476
   4    8   16 1.333333 2.666667
   6   14   18 2.600000 3.400000
   1    0    6 0.000000 1.000000
   3    2   16 0.333333 2.666667
   3    6   12 1.019048 1.980952
   1    0    6 0.000000 1.000000
   3    4   14 0.676190 2.323810
   4    4   21 0.642857 3.357143
   5    8   18 1.533333 3.466667
   9   24   30 4.128571 4.871429
   3    6   12 1.000000 2.000000
   2    2    9 0.366667 1.633333
   1    0    7 0.000000 1.000000
   1    0    7 0.000000 1.000000
   1    0    7 0.000000 1.000000
   9   18   34 3.073810 5.926190
   3    4   14 0.652381 2.347619
   3    4   15 0.642857 2.357143
   2    0   12 0.000000 2.000000
   1    0    7 0.000000 1.000000
   5    8   22 1.395238 3.604762
   3    4   12 0.766667 2.233333
   5    6   26 0.952381 4.047619
   4    8   16 1.376190 2.623810
   3    2   17 0.333333 2.666667
   3    4   16 0.619048 2.380952
   5    6   26 0.958333 4.041667
   2    0   12 0.000000 2.000000
   1    0    8 0.000000 1.000000
   5   10   19 1.700000 3.300000
   9   22   29 3.890476 5.109524
   1    0    7 0.000000 1.000000
   2    0   13 0.000000 2.000000
   2    0   10 0.000000 2.000000
   4    4   19 0.685714 3.314286
   2    2    9 0.366667 1.633333
   3    6   12 1.000000 2.000000
   3    2   18 0.333333 2.666667
   6   16   20 2.671429 3.328571
   9   32   22 5.400000 3.600000
   1    0    8 0.000000 1.000000
   4    4   21 0.642857 3.357143
   5    8   21 1.376190 3.623810
   4    6   17 1.052381 2.947619
   2    2   10 0.333333 1.666667
   4    2   22 0.342857 3.657143
  11   28   36 4.838095 6.161905
   1    0    6 0.000000 1.000000
   8   14   32 2.466667 5.533333
   5   10   19 1.728571 3.271429
   2    0   12 0.000000 2.000000
   1    0    7 0.000000 1.000000
   6   10   25 1.733333 4.266667
   1    0    5 0.000000 1.000000
   1    0    6 0.000000 1.000000
   5    8   24 1.235714 3.764286
   9   20   36 3.342857 5.657143
   2    2    9 0.366667 1.633333
   1    0    6 0.000000 1.000000
   2    2   11 0.309524 1.690476
   4    8   15 1.395238 2.604762
   3    6   15 0.857143 2.142857
   2    2    9 0.366667 1.633333
  12   30   38 5.347619 6.652381
  14   48   35 8.245238 5.754762
   1    0    6 0.000000 1.000000
   5    6   23 1.033333 3.966667
   4    8   18 1.314286 2.685714
   2    2    9 0.366667 1.633333
   1    0    6 0.000000 1.000000
   1    0    5 0.000000 1.000000
   9   14   38 2.450000 6.550000
   5    4   31 0.601190 4.398810
   5    8   23 1.295238 3.704762
   3    2   17 0.342857 2.657143
   2    2   11 0.309524 1.690476
   8   26   22 4.390476 3.609524
   1    0    5 0.000000 1.000000
   3    6   10 1.133333 1.866667
   3    6   12 1.019048 1.980952
   7   18   22 3.095238 3.904762
   1    0    6 0.000000 1.000000
   8   26   25 4.202381 3.797619
   2    2   10 0.333333 1.666667
   2    2    9 0.366667 1.633333
  14   50   32 8.619048 5.380952
   8   20   28 3.328571 4.671429
   6   16   20 2.747619 3.252381
   1    0    6 0.000000 1.000000
   4   10   14 1.719048 2.280952
   7   20   22 3.440476 3.559524
   1    0    7 0.000000 1.000000
   1    0    5 0.000000 1.000000
   8   10   40 1.728571 6.271429
   4    6   16 1.066667 2.933333
   6   14   23 2.247619 3.752381
   3    2   16 0.333333 2.666667
   4    2   23 0.366667 3.633333
   4   10   15 1.619048 2.380952
   4    8   15 1.385714 2.614286
   1    0    7 0.000000 1.000000
  12   44   28 7.386905 4.613095
   1    0    6 0.000000 1.000000
   7   18   24 3.014286 3.985714
   2    2    9 0.366667 1.633333
   3    6   12 1.019048 1.980952
  19   78   39 12.855952 6.144048
   6   16   21 2.753571 3.246429
   9   16   37 2.747619 6.252381
   1    0    5 0.000000 1.000000
  14   52   30 8.895238 5.104762
   1    0    6 0.000000 1.000000
   1    0    6 0.000000 1.000000
   8   12   36 2.059524 5.940476
   6   14   24 2.238095 3.761905
   5    6   23 1.052381 3.947619
   7   10   34 1.652381 5.347619
   4    6   17 1.066667 2.933333
   1    0    6 0.000000 1.000000
   2    0   12 0.000000 2.000000
   6   14   22 2.414286 3.585714
   5    6   23 1.028571 3.971429
   8   24   23 4.066667 3.933333
   7   18   24 3.023810 3.976190
  14   50   35 8.238095 5.761905
  13   50   28 8.485714 4.514286
   3    2   17 0.309524 2.690476
   8   22   28 3.476190 4.523810
   1    0    5 0.000000 1.000000
   6   16   21 2.671429 3.328571
   4    8   19 1.190476 2.809524
   6   10   23 1.833333 4.166667
   6    6   30 1.009524 4.990476
  12   36   36 6.061905 5.938095
   2    2   10 0.333333 1.666667
   3    4   14 0.652381 2.347619
   7   14   25 2.461905 4.538095
   6   14   25 2.178571 3.821429
   8   16   29 2.814286 5.185714
  20   70   51 11.730952 8.269048
  10   32   29 5.219048 4.780952
   1    0    6 0.000000 1.000000
   5    8   25 1.269048 3.730952
   1    0    8 0.000000 1.000000
   2    2   10 0.342857 1.657143
  12   40   31 6.852381 5.147619
   9    8   43 1.516667 7.483333
  10   26   34 4.461905 5.538095
   6    6   28 1.076190 4.923810
  10   24   35 4.076190 5.923810
  13   48   29 8.092857 4.907143
   6   12   28 1.809524 4.190476
  16   46   54 7.508333 8.491667
  18   54   50 9.528571 8.471429
   2    2   10 0.333333 1.666667
  14   52   31 8.714286 5.285714
  10   18   40 3.191667 6.808333
   7   16   29 2.647619 4.352381
   9   18   33 3.242857 5.757143
   5    8   22 1.428571 3.571429
  15   56   35 9.338095 5.661905
   1    0    5 0.000000 1.000000
  14   32   51 5.488095 8.511905
  30  114   64 19.151190 10.848810
   2    2   10 0.333333 1.666667
  11   26   41 4.300000 6.700000
   6    2   37 0.291667 5.708333
   1    0    5 0.000000 1.000000
  18   68   40 11.314286 6.685714
   2    0   12 0.000000 2.000000
  22   90   45 14.891667 7.108333
  19   56   57 9.352381 9.647619
  14   32   56 5.060714 8.939286
   1    0    6 0.000000 1.000000
  14   38   44 6.514286 7.485714
  12   22   48 3.933333 8.066667
  14   42   39 7.157143 6.842857
   4    6   19 0.983333 3.016667
  26  104   55 17.123810 8.876190
  21   58   67 9.858333 11.141667
   8   18   29 3.278571 4.721429
  15   34   56 5.752381 9.247619
  10   22   38 3.742857 6.257143
  10   26   36 4.214286 5.785714
  10   30   27 5.075000 4.925000
  20   64   55 10.828571 9.171429
  12   18   55 3.023810 8.976190
   7   16   24 2.852381 4.147619
  22   60   75 10.000000 12.000000
  16   36   58 6.276190 9.723810
  16   48   48 8.240476 7.759524
   7   16   27 2.609524 4.390476
  13   32   48 5.384524 7.615476
  16   46   47 8.071429 7.928571
   5   10   20 1.680952 3.319048
  27  100   58 17.157143 9.842857
  15   26   68 4.215476 10.784524
  20   62   57 10.571429 9.428571
   4    2   24 0.291667 3.708333
  13   32   46 5.485714 7.514286
  14   42   41 7.142857 6.857143
   4   10   14 1.719048 2.280952
  22   70   65 11.564286 10.435714
  21   54   69 9.309524 11.690476
  22   82   50 13.764286 8.235714
   4    6   19 1.019048 2.980952
  12   32   40 5.428571 6.571429
  17   56   47 9.242857 7.757143
   2    0   12 0.000000 2.000000
  10   18   43 2.961905 7.038095
  29  102   70 17.434524 11.565476
  24   98   46 16.485714 7.514286
   6   10   26 1.728571 4.271429
  12   28   43 4.790476 7.209524
  19   62   49 10.619048 8.380952
   7   16   23 2.800000 4.200000
  44  168   96 28.250000 15.750000
  16   58   42 9.572619 6.427381
   2    0   15 0.000000 2.000000
  14   32   52 5.366667 8.633333
  23   80   62 13.328571 9.671429
  41  154   89 26.084524 14.915476
  22   82   49 13.900000 8.100000
   7    6   33 1.076190 5.923810
  19   58   57 9.633333 9.366667
  41  170   74 28.457143 12.542857
  33  142   60 23.385714 9.614286
   6   12   23 2.176190 3.823810
  17   48   50 8.333333 8.666667
  44  188   79 31.228571 12.771429
  33  150   50 25.019048 7.980952
   4    6   18 0.952381 3.047619
  22   66   65 11.142857 10.857143
  45  180   92 29.900000 15.100000
  29  120   53 20.017857 8.982143
   6   12   24 1.995238 4.004762
  16   32   65 5.342857 10.657143
  34  120   83 20.242857 13.757143
  44  200   64 33.525000 10.475000
   3    6   11 1.066667 1.933333
   7    4   41 0.634524 6.365476
  29  114   57 19.297619 9.702381
  61  306   61 51.239683 9.760317
   6   12   25 1.983333 4.016667
   5   10   18 1.800000 3.200000
  28  110   58 18.450000 9.550000
  61  306   61 51.084524 9.915476
   4    4   21 0.652381 3.347619
  10   24   36 3.966667 6.033333
  27   70   90 12.057143 14.942857
  59  282   73 46.960714 12.039286
   5   14   15 2.400000 2.600000
   7   14   31 2.190476 4.809524
  26   74   80 12.654762 13.345238
  62  296   76 49.280952 12.719048
   3    2   17 0.333333 2.666667
   3    4   14 0.666667 2.333333
  29   96   78 16.241667 12.758333
  65  312   77 52.379762 12.620238
   7   10   32 1.752381 5.247619
   2    2    9 0.366667 1.633333
  34  122   84 20.252381 13.747619
  57  254   87 42.404762 14.595238
   5    6   24 1.000000 4.000000
  32  108   83 18.050000 13.950000
  63  288   91 48.073810 14.926190
   8   12   37 2.035714 5.964286
  30  102   78 17.165476 12.834524
  62  278   93 46.725000 15.275000
   4    8   15 1.433333 2.566667
  44  184   79 30.926190 13.073810
  52  234   80 38.821429 13.178571
   5   10   18 1.833333 3.166667
  41  170   81 28.085714 12.914286
  54  236   85 39.680952 14.319048
   2    0   12 0.000000 2.000000
  43  148  109 25.173810 17.826190
  55  222  109 37.285714 17.714286
  33  104   92 17.700000 15.300000
  67  312   92 51.932143 15.067857
  35  116   94 19.433333 15.566667
  65  296   94 49.379762 15.620238
  32  124   74 20.429762 11.570238
  68  328   74 55.242857 12.757143
  35  130   84 21.463095 13.536905
  65  302   84 50.836905 14.163095
  32  108   86 18.167857 13.832143
  68  320   86 53.565476 14.434524
  28   80   88 13.490476 14.509524
  72  344   88 57.669048 14.330952
  25   80   68 13.367857 11.632143
  75  384   68 63.942857 11.057143
  31  114   72 19.338889 11.661111
  69  342   72 57.021429 11.978571
  38  142   86 23.785714 14.214286
  62  286   86 47.770238 14.229762
  39  138   92 23.280952 15.719048
  61  278   92 46.253571 14.746429
  44  160   99 27.204762 16.795238
  56  242   99 40.365476 15.634524
  43  158   99 26.570238 16.429762
  57  244   99 40.645238 16.354762
  32  104   87 17.550000 14.450000
  68  322   87 53.723810 14.276190
  37  142   83 23.714286 13.285714
  63  292   83 49.019048 13.980952
  34  126   77 21.133333 12.866667
  66  320   77 53.366667 12.633333
  20   70   53 11.511905 8.488095
  80  424   53 71.054762 8.945238
  23   84   53 14.214286 8.785714
  77  410   53 68.376190 8.623810
  23   90   51 14.790476 8.209524
  77  408   51 68.419048 8.580952
  17   48   55 8.066667 8.933333
  83  442   55 73.917857 9.082143
  18   52   59 8.517857 9.482143
  82  430   59 71.945238 10.054762
  24   80   65 13.376190 10.623810
  76  390   65 65.209524 10.790476
  30  108   71 18.183333 11.816667
  70  350   71 58.184524 11.815476
  30  114   65 19.219048 10.780952
  70  356   65 59.252381 10.747619
  37  150   71 25.248810 11.751190
  63  308   71 51.548810 11.451190
  43  174   82 29.613095 13.386905
  57  262   82 43.755952 13.244048
  46  186   86 31.471429 14.528571
  54  242   86 40.410714 13.589286
  43  172   82 28.904762 14.095238
  57  264   82 43.945238 13.054762
  30   98   79 16.704762 13.295238
  70  344   79 57.292857 12.707143
  38  156   73 26.094048 11.905952
  62  298   73 49.870238 12.129762
  32  116   77 19.361905 12.638095
  68  330   77 55.097619 12.902381
  45  192   72 32.735714 12.264286
  55  264   72 44.003571 10.996429
  43  184   76 30.547619 12.452381
  57  264   76 44.071429 12.928571
  32  116   74 19.664286 12.335714
  68  336   74 55.977381 12.022619
  25   84   66 14.260714 10.739286
  75  384   66 64.155952 10.844048
  30  102   74 17.663095 12.336905
  70  350   74 58.240476 11.759524
  29  110   63 18.533333 10.466667
  71  364   63 60.855952 10.144048
  27  108   54 18.034524 8.965476
  73  384   54 63.942857 9.057143
  20   60   59 10.235714 9.764286
  80  422   59 70.365476 9.634524
  20   68   53 11.280952 8.719048
  80  426   53 71.161905 8.838095
  29  104   69 17.433333 11.566667
  71  358   69 59.419048 11.580952
  26   82   75 13.615079 12.384921
  74  368   75 61.466270 12.533730
  34  130   78 21.500000 12.500000
  66  314   78 52.786905 13.213095
  27   80   81 13.438095 13.561905
  73  358   81 59.730952 13.269048
  35  118   89 20.023810 14.976190
  65  304   89 50.535714 14.464286
  40  152   83 25.835714 14.164286
  60  282   83 46.776190 13.223810
  49  194  103 32.271429 16.728571
  51  200  103 33.542857 17.457143
  60  284   77 47.230159 12.769841
  40  162   77 27.066667 12.933333
  66  330   65 55.307143 10.692857
  34  140   65 23.547619 10.452381
  63  322   61 53.395238 9.604762
  37  156   61 26.340476 10.659524
  72  354   73 59.569048 12.430952
  28  100   73 16.410714 11.589286
  66  306   94 50.783730 15.216270
  34  106   94 17.969048 16.030952
  65  286  101 48.110714 16.889286
  35  112  101 18.689286 16.310714
  71  324  104 53.896429 17.103571
  29   68  104 11.428571 17.571429
  66  292  104 48.814286 17.185714
  34  100  104 16.938095 17.061905
  79  392   81 65.476190 13.523810
  21   46   81 7.634524 13.365476
  77  376   88 62.404762 14.595238
  23   48   88 8.076190 14.923810
  77  388   72 64.840476 12.159524
  23   68   72 11.309524 11.690476
  80  418   60 69.919048 10.080952
  20   62   60 10.385714 9.614286
  82  424   62 71.328571 10.671429
  18   52   62 8.566667 9.433333
  88  476   48 79.747619 8.252381
  12   28   48 4.528571 7.471429
  97  566   16 94.451190 2.548810
   3    2   16 0.333333 2.666667
  97  570   12 94.980952 2.019048
   3    6   12 1.000000 2.000000
  97  570   12 94.940476 2.059524
   3    6   12 1.000000 2.000000
  98  578   10 96.364286 1.635714
   2    2   10 0.333333 1.666667
  97  560   20 93.641667 3.358333
   3    0   20 0.000000 3.000000
  96  548   25 91.728571 4.271429
   4    2   25 0.309524 3.690476
  98  578   10 96.271429 1.728571
   2    2   10 0.333333 1.666667
  96  554   19 92.638095 3.361905
   4    8   19 1.244048 2.755952
  91  520   28 86.632143 4.367857
   9   24   28 4.209524 4.790476
  94  538   27 89.652381 4.347619
   6    8   27 1.385714 4.614286
  95  552   20 91.780952 3.219048
   5    8   20 1.419048 3.580952
  97  566   15 94.385714 2.614286
   3    4   15 0.658333 2.341667
  91  518   30 86.176190 4.823810
   9   22   30 3.838095 5.161905
  95  548   20 91.609524 3.390476
   5   12   20 1.904762 3.095238
  95  556   16 92.466667 2.533333
   5   12   16 2.185714 2.814286
  97  568   13 94.780952 2.219048
   3    6   13 0.952381 2.047619
  93  532   27 88.660714 4.339286
   7   14   27 2.404762 4.595238
  94  540   23 90.114286 3.885714
   6   14   23 2.338095 3.661905
  95  550   20 91.748810 3.251190
   5   10   20 1.652381 3.347619
  91  520   26 86.666667 4.333333
   9   28   26 4.771429 4.228571
  94  536   27 89.523810 4.476190
   6   10   27 1.571429 4.428571
  94  530   31 88.592857 5.407143
   6    8   31 1.304762 4.695238
  92  506   42 84.650000 7.350000
   8   10   42 1.590476 6.409524
  91  512   35 85.147619 5.852381
   9   18   35 3.038095 5.961905
  91  516   30 85.919048 5.080952
   9   24   30 4.030952 4.969048
  92  518   33 86.280952 5.719048
   8   16   33 2.638095 5.361905
  96  560   17 93.242857 2.757143
   4    6   17 1.033333 2.966667
  98  576   12 96.019048 1.980952
   2    0   12 0.000000 2.000000
  98  582    8 96.776190 1.223810
   2    2    8 0.400000 1.600000
  98  576   11 96.154762 1.845238
   2    2   11 0.309524 1.690476
  99  586    7 97.800000 1.200000
   1    0    7 0.000000 1.000000
  97  570   13 94.952381 2.047619
   3    4   13 0.742857 2.257143
  96  560   16 93.433333 2.566667
   4    8   16 1.333333 2.666667
  97  568   15 94.597619 2.402381
   3    2   15 0.333333 2.666667
  99  588    6 97.990476 1.009524
   1    0    6 0.000000 1.000000
 100  600    0 100.000000 0.000000
