   2    2   11 0.309524 1.690476
   1    0    5 0.000000 1.000000
   2    2    9 0.366667 1.633333
   1    0    5 0.000000 1.000000
   1    0    6 0.000000 1.000000
   4   10   14 1.666667 2.333333
   1    0    6 0.000000 1.000000
   4    8   19 1.265079 2.734921
   2    2   10 0.342857 1.657143
   3    4   14 0.709524 2.290476
   1    0    6 0.000000 1.000000
   1    0    7 0.000000 1.000000
   1    0    6 0.000000 1.000000
   2    0   11 0.000000 2.000000
   2    2   10 0.333333 1.666667
   1    0    8 0.000000 1.000000
   4    8   14 1.428571 2.571429
   1    0    7 0.000000 1.000000
   1    0    6 0.000000 1.000000
   1    0    6 0.000000 1.000000
   2    2    9 0.366667 1.633333
   5   12   18 1.966667 3.033333
   1    0    7 0.000000 1.000000
   2    2    9 0.366667 1.633333
   1    0    7 0.000000 1.000000
   1    0    7 0.000000 1.000000
   4    6   20 0.928571 3.071429
   2    2    9 0.366667 1.633333
   3    6   10 1.133333 1.866667
   2    2   11 0.309524 1.690476
   3    4   13 0.733333 2.266667
   2    2   11 0.309524 1.690476
   3    4   12 0.766667 2.233333
   4    4   21 0.642857 3.357143
   1    0    7 0.000000 1.000000
   2    2    8 0.400000 1.600000
   2    2   13 0.267857 1.732143
   3    4   14 0.666667 2.333333
   2    2    9 0.366667 1.633333
   1    0    7 0.000000 1.000000
   1    0    6 0.000000 1.000000
   1    0    6 0.000000 1.000000
   1    0    6 0.000000 1.000000
   2    2   10 0.333333 1.666667
   3    4   13 0.700000 2.300000
   1    0    6 0.000000 1.000000
   3    6   10 1.185714 1.814286
   6   18   17 3.238095 2.761905
   3    2   16 0.366667 2.633333
   1    0    5 0.000000 1.000000
   2    2   10 0.333333 1.666667
   1    0    6 0.000000 1.000000
   2    0   13 0.000000 2.000000
   1    0    7 0.000000 1.000000
   5   14   16 2.328571 2.671429
   3    2   18 0.309524 2.690476
   1    0    7 0.000000 1.000000
   3    4   13 0.733333 2.266667
   5   14   18 2.214286 2.785714
   1    0    7 0.000000 1.000000
   1    0    5 0.000000 1.000000
   2    2    9 0.366667 1.633333
   3    4   15 0.619048 2.380952
   2    2    9 0.366667 1.633333
   1    0    6 0.000000 1.000000
   1    0    6 0.000000 1.000000
   5    8   22 1.319048 3.680952
   1    0    6 0.000000 1.000000
   1    0    6 0.000000 1.000000
   9   30   23 5.157143 3.842857
   1    0    6 0.000000 1.000000
   3    4   14 0.709524 2.290476
   8   22   27 3.711905 4.288095
   2    2    8 0.400000 1.600000
   2    2   10 0.342857 1.657143
   3    6   13 0.952381 2.047619
   8   24   24 4.128571 3.871429
   6   18   18 3.023810 2.976190
   2    2    9 0.366667 1.633333
   4    8   15 1.366667 2.633333
   7   22   19 3.733333 3.266667
   2    2   10 0.333333 1.666667
   2    2   10 0.333333 1.666667
   3    6   11 1.066667 1.933333
   4    4   20 0.691667 3.308333
   3    4   14 0.666667 2.333333
   3    0   18 0.000000 3.000000
   1    0    6 0.000000 1.000000
   5   14   15 2.428571 2.571429
   2    0   12 0.000000 2.000000
   1    0    7 0.000000 1.000000
   2    2    7 0.450000 1.550000
   1    0    6 0.000000 1.000000
   6   12   24 2.038095 3.961905
   3    4   15 0.642857 2.357143
  11   34   29 5.909524 5.090476
   1    0    7 0.000000 1.000000
   8   20   27 3.371429 4.628571
   3    2   15 0.366667 2.633333
   4    8   18 1.261905 2.738095
   2    2   10 0.333333 1.666667
   1    0    6 0.000000 1.000000
  14   50   35 8.452381 5.547619
   4    6   19 1.019048 2.980952
   3    4   15 0.642857 2.357143
   4    4   21 0.642857 3.357143
   7   18   25 2.923810 4.076190
   1    0    7 0.000000 1.000000
   1    0    7 0.000000 1.000000
   1    0    7 0.000000 1.000000
   5   12   17 2.038095 2.961905
   2    0   11 0.000000 2.000000
   3    6   11 1.066667 1.933333
   7   22   20 3.666667 3.333333
   2    2   10 0.342857 1.657143
  10   28   30 4.847619 5.152381
   2    0   12 0.000000 2.000000
   7   12   30 2.028571 4.971429
   8   22   25 3.738095 4.261905
   5    6   23 1.019048 3.980952
  11   32   33 5.433333 5.566667
   1    0    6 0.000000 1.000000
   1    0    6 0.000000 1.000000
  13   30   48 5.042857 7.957143
   7   14   29 2.323810 4.676190
   3    4   15 0.642857 2.357143
   5   10   22 1.571429 3.428571
   5    8   23 1.271429 3.728571
   3    2   18 0.309524 2.690476
   2    2   11 0.309524 1.690476
   2    2   10 0.342857 1.657143
   4   10   15 1.647619 2.352381
   2    0   12 0.000000 2.000000
  12   28   44 4.746429 7.253571
   1    0    7 0.000000 1.000000
   3    0   19 0.000000 3.000000
   4    8   16 1.295238 2.704762
   7   12   30 2.004762 4.995238
  24   96   45 16.323810 7.676190
   7   16   23 2.933333 4.066667
  12   42   29 7.061905 4.938095
   6    8   29 1.328571 4.671429
   5    8   23 1.359524 3.640476
   3    2   14 0.400000 2.600000
   3    2   17 0.309524 2.690476
   1    0    6 0.000000 1.000000
   3    4   12 0.766667 2.233333
   1    0    5 0.000000 1.000000
   5   14   18 2.238095 2.761905
   1    0    7 0.000000 1.000000
  20   64   60 10.630952 9.369048
   1    0    7 0.000000 1.000000
   4    4   19 0.700000 3.300000
   4    6   19 0.976190 3.023810
   5    6   25 0.976190 4.023810
  30  118   57 20.257143 9.742857
   5    8   21 1.419048 3.580952
   9   26   28 4.319048 4.680952
   2    0   15 0.000000 2.000000
   5    8   20 1.433333 3.566667
   1    0    6 0.000000 1.000000
   3    4   13 0.733333 2.266667
   2    2   10 0.333333 1.666667
   3    4   14 0.709524 2.290476
   1    0    8 0.000000 1.000000
   1    0    8 0.000000 1.000000
  16   44   51 7.317857 8.682143
   3    6   12 1.019048 1.980952
   4   10   14 1.708333 2.291667
   4    8   16 1.376190 2.623810
   5    6   23 1.033333 3.966667
  37  168   55 28.228571 8.771429
   8   14   31 2.428571 5.571429
   7   16   25 2.795238 4.204762
   2    0   14 0.000000 2.000000
   4    6   19 1.050000 2.950000
   3    4   12 0.733333 2.266667
   4    8   15 1.442857 2.557143
   1    0    5 0.000000 1.000000
  16   46   53 7.634524 8.365476
   3    4   15 0.642857 2.357143
   2    2    9 0.366667 1.633333
   8   14   33 2.452381 5.547619
   3    2   16 0.342857 2.657143
  42  184   68 30.989286 11.010714
   7   16   27 2.735714 4.264286
   7   16   25 2.738095 4.261905
   3    2   16 0.342857 2.657143
   4   10   14 1.695238 2.304762
  10   34   26 5.714286 4.285714
  13   34   48 5.564286 7.435714
   2    0   11 0.000000 2.000000
  15   44   45 7.600000 7.400000
   2    2   10 0.333333 1.666667
  40  162   77 27.375000 12.625000
   9   26   28 4.452381 4.547619
   9   22   31 3.747619 5.252381
  15   52   37 8.890476 6.109524
  11   32   34 5.452381 5.547619
   5   12   19 2.057143 2.942857
  21   62   63 10.623810 10.376190
   2    2    9 0.366667 1.633333
  24   78   67 13.009524 10.990476
   7   20   23 3.358333 3.641667
  15   42   48 7.019048 7.980952
  10   28   33 4.519048 5.480952
  21   64   61 10.842857 10.157143
   5    8   22 1.395238 3.604762
  11   20   50 3.047619 7.952381
  34  120   80 20.557143 13.442857
   1    0    5 0.000000 1.000000
  18   54   55 9.014286 8.985714
   2    2   11 0.309524 1.690476
  24   64   78 10.890476 13.109524
   8   18   28 3.161905 4.838095
  10   14   45 2.304762 7.695238
  39  150   86 24.935714 14.064286
   2    2    8 0.400000 1.600000
  15   40   54 6.807143 8.192857
  28   96   73 15.900000 12.100000
   6   12   24 2.019048 3.980952
  11   16   46 2.892857 8.107143
  38  158   70 26.560317 11.439683
   1    0    8 0.000000 1.000000
  16   44   53 7.428571 8.571429
  29  104   70 17.409524 11.590476
  13   40   38 6.757143 6.242857
   9   18   37 3.047619 5.952381
  30  100   80 16.595238 13.404762
  19   62   51 10.625397 8.374603
  33  140   58 23.595238 9.404762
   6    8   31 1.214286 4.785714
   9   24   28 4.285714 4.714286
  40  162   76 27.430952 12.569048
  12   38   35 6.352381 5.647619
  34  150   53 25.192857 8.807143
  11   32   32 5.607143 5.392857
   8   24   27 3.865476 4.134524
  35  150   61 24.911905 10.088095
  12   36   35 6.080952 5.919048
  23   92   50 14.944048 8.055952
  18   48   54 8.433333 9.566667
   4    8   15 1.433333 2.566667
  45  200   72 33.295238 11.704762
  10   30   31 4.935714 5.064286
  24   86   60 14.253571 9.746429
  20   54   65 8.971429 11.028571
   3    6   11 1.066667 1.933333
  43  196   62 32.869048 10.130952
  10   28   32 4.760714 5.239286
  25   94   59 15.409524 9.590476
  19   54   56 9.252381 9.747619
   3    6   12 1.000000 2.000000
  40  182   57 30.266667 9.733333
  13   44   36 7.147619 5.852381
  24   76   67 12.919048 11.080952
  18   42   70 6.964286 11.035714
   3    4   12 0.733333 2.266667
  43  188   71 31.245238 11.754762
  12   28   42 4.983333 7.016667
  23   64   80 10.245238 12.754762
  22   52   73 9.250000 12.750000
   2    2    9 0.366667 1.633333
  36  144   74 23.891667 12.108333
  17   54   48 9.047619 7.952381
  24   72   73 12.114286 11.885714
  21   54   71 9.178571 11.821429
  26   84   72 14.054762 11.945238
  29   98   76 16.459524 12.540476
  22   60   73 10.135714 11.864286
  22   76   55 12.840476 9.159524
  21   60   64 10.223810 10.776190
  35  116   96 19.347619 15.652381
  31  116   68 19.647619 11.352381
  21   66   61 11.066667 9.933333
  19   56   58 9.395238 9.604762
  29   92   83 15.380952 13.619048
  29  100   79 16.359524 12.640476
  27   70   89 11.895238 15.104762
  15   38   53 6.290476 8.709524
  29   94   77 16.091667 12.908333
  25   70   77 11.926190 13.073810
  22   58   74 9.657143 12.342857
  23   74   62 12.628571 10.371429
  30   96   89 15.757143 14.242857
  35  134   77 22.528571 12.471429
  13   24   53 4.103571 8.896429
  22   80   53 13.430952 8.569048
  30  100   79 16.938095 13.061905
  39  142   91 23.778571 15.221429
  10   16   46 2.600000 7.400000
  22   76   52 12.985714 9.014286
  29   76  101 12.604762 16.395238
  33   94  105 15.961905 17.038095
  17   44   55 7.569048 9.430952
  21   76   53 12.419048 8.580952
  29   84   89 14.204762 14.795238
  46  202   73 33.800000 12.200000
  14   40   42 6.871429 7.128571
  18   54   56 8.923810 9.076190
  22   70   63 11.585714 10.414286
  58  260   84 43.757143 14.242857
  16   48   49 7.947619 8.052381
  16   40   60 6.461905 9.538095
  10   14   45 2.385714 7.614286
  56  270   66 45.094048 10.905952
  22   88   47 14.478571 7.521429
  19   50   59 8.821429 10.178571
   3    2   18 0.309524 2.690476
  52  246   67 41.001190 10.998810
  22   82   51 13.715476 8.284524
  16   34   60 5.657143 10.342857
  10   30   30 5.085714 4.914286
  65  324   64 54.319048 10.680952
  15   38   56 6.176190 8.823810
  15   32   57 5.328571 9.671429
   5    8   21 1.452381 3.547619
  75  370   75 62.305952 12.694048
  14   42   41 7.222619 6.777381
   7   10   36 1.619048 5.380952
   4    6   20 0.928571 3.071429
  70  356   62 59.592857 10.407143
  20   82   37 13.776190 6.223810
   5    6   25 1.019048 3.980952
   5   14   18 2.214286 2.785714
  55  268   71 44.038095 10.961905
  26   98   53 16.690476 9.309524
  13   42   32 7.428571 5.571429
   6   16   20 2.679762 3.320238
  49  198   89 33.792857 15.207143
  31  118   75 19.335714 11.664286
  12   28   43 4.691667 7.308333
   8   26   23 4.369048 3.630952
  53  200  114 33.867857 19.132143
  32  116   78 19.350000 12.650000
   7    8   37 1.238095 5.761905
   8   18   29 3.066667 4.933333
  49  174  120 29.227381 19.772619
  38  134   93 22.667857 15.332143
   9   20   34 3.433333 5.566667
   4    6   19 0.976190 3.023810
  48  200   86 33.597619 14.402381
  29  100   73 16.653571 12.346429
  16   62   37 10.200000 5.800000
   7   22   20 3.766667 3.233333
  54  248   80 41.554762 12.445238
  27  100   58 17.080952 9.919048
  12   36   35 6.066667 5.933333
   7   18   25 2.914286 4.085714
  62  294   76 49.258333 12.741667
  32  134   60 22.428571 9.571429
   2    0   13 0.000000 2.000000
   4    2   21 0.366667 3.633333
  71  346   79 57.641667 13.358333
  25   86   65 14.215476 10.784524
   2    2    9 0.366667 1.633333
   2    0   13 0.000000 2.000000
  69  336   80 56.016667 12.983333
  29   98   73 16.546429 12.453571
   2    2   11 0.309524 1.690476
  68  314   91 52.571429 15.428571
  30   98   83 16.264286 13.735714
   2    0   14 0.000000 2.000000
  66  316   86 52.239286 13.760714
  34  112   86 19.419048 14.580952
  81  416   71 69.447619 11.552381
  19   42   71 7.195238 11.804762
  78  406   59 67.957143 10.042857
  22   76   59 12.715476 9.284524
  77  404   58 67.410714 9.589286
  23   80   58 13.361905 9.638095
  77  420   46 69.726190 7.273810
  23   88   46 15.028571 7.971429
  85  470   40 78.309524 6.690476
  15   50   40 8.351190 6.648810
  84  476   31 79.285714 4.714286
  16   62   31 10.642857 5.357143
  71  372   55 61.847619 9.152381
  29  118   55 19.884921 9.115079
  70  370   54 61.358333 8.641667
  30  122   54 20.596429 9.403571
  71  376   47 62.960714 8.039286
  29  130   47 21.428571 7.571429
  61  310   57 51.771429 9.228571
  39  176   57 29.632143 9.367857
  58  292   61 48.504762 9.495238
  42  186   61 31.423810 10.576190
  57  258   82 43.066667 13.933333
  43  178   82 29.685714 13.314286
  56  252   90 41.717857 14.282143
  44  168   90 28.538095 15.461905
  58  250   95 42.128571 15.871429
  42  160   95 26.833333 15.166667
  52  220   95 36.729762 15.270238
  48  190   95 31.876190 16.123810
  45  182   88 30.407143 14.592857
  55  242   88 40.476190 14.523810
  47  170  106 28.820238 18.179762
  53  218  106 36.135714 16.864286
  55  236   92 39.592857 15.407143
  45  180   92 29.964286 15.035714
  58  252   93 42.477381 15.522619
  42  162   93 26.738095 15.261905
  46  188   93 31.328571 14.671429
  54  226   93 38.395238 15.604762
  43  180   78 30.129762 12.870238
  57  264   78 43.845238 13.154762
  48  210   82 34.790476 13.209524
  52  226   82 38.111905 13.888095
  40  162   73 27.623810 12.376190
  60  292   73 48.509524 11.490476
  60  286   71 48.096429 11.903571
  40  172   71 28.609524 11.390476
  71  352   78 58.448810 12.551190
  29   92   78 15.830952 13.169048
  70  346   73 57.704762 12.295238
  30  108   73 18.223810 11.776190
  80  410   67 68.683333 11.316667
  20   56   67 9.172619 10.827381
  82  432   59 72.071429 9.928571
  18   50   59 8.280952 9.719048
  79  408   66 68.213095 10.786905
  21   60   66 10.092063 10.907937
  79  412   64 68.589286 10.410714
  21   60   64 10.223810 10.776190
  72  364   66 61.033333 10.966667
  28  104   66 17.429762 10.570238
  72  356   73 59.547619 12.452381
  28   98   73 16.234524 11.765476
  82  436   52 73.192857 8.807143
  18   60   52 9.866667 8.133333
  75  380   69 63.579762 11.420238
  25   82   69 13.638095 11.361905
  75  352   92 59.279762 15.720238
  25   64   92 10.454762 14.545238
  65  300   96 49.439286 15.560714
  35  108   96 18.288095 16.711905
  57  236  105 39.628571 17.371429
  43  154  105 25.834524 17.165476
  67  314   88 52.597619 14.402381
  33  110   88 18.513095 14.486905
  63  272  105 45.747619 17.252381
  37  118  105 19.563095 17.436905
  70  324   94 54.241667 15.758333
  30   88   94 14.671429 15.328571
  78  406   61 67.732143 10.267857
  22   72   61 11.990476 10.009524
  80  408   75 68.051190 11.948810
  20   42   75 7.188095 12.811905
  77  372   85 62.608333 14.391667
  23   58   85 9.673810 13.326190
  82  432   63 71.785714 10.214286
  18   42   63 7.103571 10.896429
  83  442   56 73.748810 9.251190
  17   46   56 7.709524 9.290476
  84  446   55 74.559524 9.440476
  16   44   55 7.204762 8.795238
  76  382   73 63.891667 12.108333
  24   72   73 12.041667 11.958333
  87  464   55 77.652381 9.347619
  13   26   55 4.233333 8.766667
  93  526   30 87.819048 5.180952
   7   14   30 2.363095 4.636905
  95  552   20 91.776190 3.223810
   5    8   20 1.452381 3.547619
  97  566   16 94.330952 2.669048
   3    2   16 0.366667 2.633333
  97  568   15 94.561905 2.438095
   3    2   15 0.366667 2.633333
  98  574   12 95.985714 2.014286
   2    2   12 0.285714 1.714286
 100  600    0 100.000000 0.000000
