   1    0    6 0.000000 1.000000
   1    0    7 0.000000 1.000000
   1    0    7 0.000000 1.000000
   1    0    5 0.000000 1.000000
   1    0    7 0.000000 1.000000
   1    0    6 0.000000 1.000000
   1    0    6 0.000000 1.000000
   5   14   15 2.457143 2.542857
   1    0    7 0.000000 1.000000
   3    0   19 0.000000 3.000000
   5   14   15 2.457143 2.542857
   3    4   12 0.766667 2.233333
   4   10   15 1.678571 2.321429
   1    0    5 0.000000 1.000000
   1    0    8 0.000000 1.000000
   1    0    7 0.000000 1.000000
   3    4   13 0.742857 2.257143
   1    0    6 0.000000 1.000000
   4   10   15 1.595238 2.404762
   1    0    7 0.000000 1.000000
   4    8   15 1.366667 2.633333
   3    6   12 1.019048 1.980952
   1    0    5 0.000000 1.000000
   1    0    6 0.000000 1.000000
   3    6   12 1.019048 1.980952
   1    0    7 0.000000 1.000000
   1    0    7 0.000000 1.000000
   3    2   14 0.392857 2.607143
   2    2   10 0.333333 1.666667
   1    0    5 0.000000 1.000000
   1    0    6 0.000000 1.000000
   2    2    9 0.366667 1.633333
   1    0    8 0.000000 1.000000
   1    0    5 0.000000 1.000000
   1    0    6 0.000000 1.000000
   1    0    6 0.000000 1.000000
   3    6   11 1.085714 1.914286
   1    0    6 0.000000 1.000000
   1    0    6 0.000000 1.000000
   1    0    6 0.000000 1.000000
   3    4   13 0.685714 2.314286
   1    0    8 0.000000 1.000000
   1    0    6 0.000000 1.000000
   2    2   11 0.309524 1.690476
   2    2    9 0.366667 1.633333
   1    0    6 0.000000 1.000000
   2    2    9 0.366667 1.633333
   2    2   10 0.333333 1.666667
   1    0    7 0.000000 1.000000
   1    0    6 0.000000 1.000000
   1    0    6 0.000000 1.000000
   1    0    6 0.000000 1.000000
   3    4   13 0.700000 2.300000
   2    2   10 0.333333 1.666667
   1    0    7 0.000000 1.000000
   3    6   11 1.085714 1.914286
   5   10   21 1.638095 3.361905
   1    0    7 0.000000 1.000000
   2    2    8 0.400000 1.600000
   8   22   23 3.850000 4.150000
   1    0    6 0.000000 1.000000
   9   30   24 5.085714 3.914286
   4    4   19 0.652381 3.347619
   4   10   15 1.619048 2.380952
   1    0    6 0.000000 1.000000
   3    4   17 0.577381 2.422619
   4    6   16 1.085714 2.914286
   2    2   11 0.309524 1.690476
   1    0    6 0.000000 1.000000
   2    2   13 0.267857 1.732143
   1    0    6 0.000000 1.000000
   3    4   14 0.652381 2.347619
   2    2   11 0.325000 1.675000
   1    0    6 0.000000 1.000000
   3    6   13 0.952381 2.047619
   1    0    6 0.000000 1.000000
   1    0    6 0.000000 1.000000
   6   10   23 1.800000 4.200000
   4    8   14 1.500000 2.500000
   4   10   16 1.625000 2.375000
   3    6   12 1.000000 2.000000
   1    0    6 0.000000 1.000000
   5   14   20 2.089286 2.910714
   3    2   15 0.366667 2.633333
   1    0    7 0.000000 1.000000
   1    0    6 0.000000 1.000000
   2    2    9 0.366667 1.633333
   1    0    5 0.000000 1.000000
   1    0    6 0.000000 1.000000
   6   18   15 3.233333 2.766667
   2    2   10 0.342857 1.657143
   1    0    6 0.000000 1.000000
   6   14   21 2.461905 3.538095
   1    0    6 0.000000 1.000000
   1    0    6 0.000000 1.000000
  12   44   29 7.476190 4.523810
  12   44   28 7.405952 4.594048
   3    0   17 0.000000 3.000000
   2    2    8 0.400000 1.600000
   4    4   23 0.619048 3.380952
   6   10   25 1.719048 4.280952
   1    0    6 0.000000 1.000000
   1    0    6 0.000000 1.000000
   2    2   10 0.342857 1.657143
   3    6   13 0.952381 2.047619
   1    0    6 0.000000 1.000000
   3    4   14 0.666667 2.333333
   1    0    7 0.000000 1.000000
   3    4   15 0.619048 2.380952
   2    0   12 0.000000 2.000000
   7   18   21 3.283333 3.716667
   2    2    8 0.400000 1.600000
   4   10   11 1.900000 2.100000
   5   14   17 2.347619 2.652381
   5   12   21 1.809524 3.190476
   2    0   15 0.000000 2.000000
   3    6   12 1.019048 1.980952
   6   18   17 3.123810 2.876190
   2    2   10 0.333333 1.666667
   2    0   10 0.000000 2.000000
   9   32   23 5.380952 3.619048
  15   52   38 8.804762 6.195238
   7   10   30 1.828571 5.171429
   3    4   13 0.700000 2.300000
   3    4   15 0.628571 2.371429
   9   18   33 3.233333 5.766667
   1    0    8 0.000000 1.000000
   5    8   23 1.328571 3.671429
   2    2   10 0.333333 1.666667
   1    0    5 0.000000 1.000000
   1    0    8 0.000000 1.000000
   5    6   21 1.150000 3.850000
   5    8   24 1.309524 3.690476
   2    2   11 0.309524 1.690476
   4    6   17 1.076190 2.923810
   4    6   20 0.928571 3.071429
   5    8   23 1.333333 3.666667
   1    0    6 0.000000 1.000000
   3    4   13 0.700000 2.300000
  11   34   33 5.625000 5.375000
   2    2   10 0.342857 1.657143
   2    2    9 0.366667 1.633333
   8   20   30 3.219048 4.780952
  25  100   53 16.660714 8.339286
   7   14   26 2.466667 4.533333
   3    4   13 0.700000 2.300000
  15   38   48 6.723810 8.276190
   4    2   21 0.333333 3.666667
   2    0   13 0.000000 2.000000
   1    0    5 0.000000 1.000000
   1    0    7 0.000000 1.000000
   6   12   25 1.952381 4.047619
   2    2   10 0.342857 1.657143
   1    0    6 0.000000 1.000000
   1    0    6 0.000000 1.000000
   3    6   12 1.019048 1.980952
   6   10   24 1.800000 4.200000
   4    4   21 0.666667 3.333333
   8   14   37 2.190476 5.809524
   1    0    6 0.000000 1.000000
   6   12   24 2.052381 3.947619
  26   94   67 15.348810 10.651190
   6   12   24 1.971429 4.028571
   1    0    6 0.000000 1.000000
  19   52   58 9.014286 9.985714
   6   10   23 1.978571 4.021429
   1    0    7 0.000000 1.000000
   1    0    7 0.000000 1.000000
   3    2   17 0.309524 2.690476
   1    0    6 0.000000 1.000000
   1    0    6 0.000000 1.000000
   1    0    6 0.000000 1.000000
  14   34   50 5.861905 8.138095
   5   10   19 1.752381 3.247619
   9   14   40 2.491667 6.508333
   3    2   15 0.342857 2.657143
  24   74   66 12.709524 11.290476
   4    6   17 1.066667 2.933333
   2    2   10 0.333333 1.666667
  14   34   53 5.480952 8.519048
  10   32   28 5.447619 4.552381
   1    0    6 0.000000 1.000000
   5    6   26 0.914286 4.085714
   4    8   15 1.395238 2.604762
   1    0    7 0.000000 1.000000
  18   38   72 6.416667 11.583333
   5    8   20 1.435714 3.564286
   9   10   45 1.695238 7.304762
  25   84   69 13.828571 11.171429
   6   14   21 2.461905 3.538095
   7   14   28 2.357143 4.642857
  12   32   42 5.275000 6.725000
   1    0    7 0.000000 1.000000
   8    8   36 1.500000 6.500000
   1    0    7 0.000000 1.000000
   3    4   13 0.700000 2.300000
  15   34   55 5.954762 9.045238
   5    8   23 1.285714 3.714286
  17   40   61 6.827381 10.172619
  25   62   87 10.404762 14.595238
   5   12   19 1.928571 3.071429
   8   18   29 3.061905 4.938095
  17   46   54 7.680952 9.319048
   2    2    9 0.366667 1.633333
   1    0    6 0.000000 1.000000
   3    6   13 0.952381 2.047619
  24   70   74 11.857143 12.142857
   5   10   23 1.547619 3.452381
  10   12   48 2.042857 7.957143
  36  108  108 18.202381 17.797619
   2    0   13 0.000000 2.000000
   2    2   11 0.309524 1.690476
  17   52   46 9.028571 7.971429
   3    4   14 0.652381 2.347619
   4    6   18 1.019048 2.980952
  27   72   92 12.166667 14.833333
   5   12   18 1.995238 3.004762
   4    4   20 0.666667 3.333333
  24   62   79 10.633333 13.366667
   2    0   12 0.000000 2.000000
   2    2   10 0.342857 1.657143
  17   54   46 9.271429 7.728571
   2    2   11 0.309524 1.690476
   1    0    6 0.000000 1.000000
  30   96   89 15.776190 14.223810
  19   72   41 12.173810 6.826190
   3    4   14 0.709524 2.290476
  12   20   56 3.276190 8.723810
   1    0    8 0.000000 1.000000
   7   20   22 3.314286 3.685714
  20   64   56 10.782143 9.217857
   4   10   12 1.828571 2.171429
  32   96   94 16.157143 15.842857
  20   54   66 9.089286 10.910714
   4    8   14 1.485714 2.514286
  10   20   41 3.314286 6.685714
   1    0    6 0.000000 1.000000
   5   12   16 2.152381 2.847619
  16   40   60 6.441667 9.558333
   3    4   14 0.666667 2.333333
  29   78   95 13.229762 15.770238
  30  108   71 18.309524 11.690476
   6   14   21 2.395238 3.604762
   7   12   30 2.009524 4.990476
   4    6   17 1.033333 2.966667
  18   50   57 8.747619 9.252381
   1    0    6 0.000000 1.000000
  28   88   85 14.522619 13.477381
  38  152   71 25.623810 12.376190
   4    6   20 0.904762 3.095238
   6   16   19 2.766667 3.233333
   6   16   19 2.704762 3.295238
  18   38   74 6.132143 11.867857
   2    2   11 0.309524 1.690476
  32  108   80 18.534524 13.465476
  32  134   60 22.214286 9.785714
   4    6   17 1.066667 2.933333
   3    4   13 0.700000 2.300000
   3    4   14 0.666667 2.333333
  15   32   54 5.795238 9.204762
   2    2    8 0.400000 1.600000
  33  102   89 17.661905 15.338095
  43  176   96 28.446429 14.553571
   1    0    6 0.000000 1.000000
   4    6   16 1.100000 2.900000
   1    0    6 0.000000 1.000000
   9   26   28 4.509524 4.490476
   3    2   17 0.309524 2.690476
  34  106  102 17.453571 16.546429
  47  184   95 30.932540 16.067460
   2    2   10 0.333333 1.666667
   5   12   20 1.888095 3.111905
   8   18   32 2.980952 5.019048
   4    4   24 0.577381 3.422619
  45  138  126 23.733333 21.266667
  37  114  106 19.473810 17.526190
   1    0    6 0.000000 1.000000
   8   20   27 3.419048 4.580952
  10   24   34 4.195238 5.804762
   6   16   21 2.647619 3.352381
  46  136  139 22.666667 23.333333
  30   90   93 15.038095 14.961905
   9   26   29 4.295238 4.704762
  11   28   38 4.770238 6.229762
   7   14   30 2.309524 4.690476
  51  196  106 33.121429 17.878571
  22   56   77 9.470238 12.529762
   8   18   30 3.033333 4.966667
  10   24   35 4.023810 5.976190
  10   18   42 3.123810 6.876190
  43  158  103 26.223810 16.776190
  29   96   76 16.247619 12.752381
   5    4   25 0.700000 4.300000
  15   42   48 7.085714 7.914286
   8   18   30 3.150000 4.850000
  30   86   99 14.266667 15.733333
  42  158   90 26.826190 15.173810
   2    0   13 0.000000 2.000000
  19   60   54 10.071429 8.928571
   6   14   25 2.214286 3.785714
  35  126   87 20.948810 14.051190
  38  142   79 24.338095 13.661905
   4    4   22 0.619048 3.380952
  17   50   52 8.319048 8.680952
   6   10   25 1.719048 4.280952
  26   78   79 13.273810 12.726190
  47  180  100 30.375000 16.625000
   2    0   12 0.000000 2.000000
  13   38   38 6.511905 6.488095
   2    2   10 0.342857 1.657143
  28   92   76 15.528571 12.471429
  55  230  102 38.448810 16.551190
   1    0    6 0.000000 1.000000
  20   68   54 11.319048 8.680952
  33  114   85 18.961905 14.038095
  46  172  101 29.011905 16.988095
   2    2   10 0.342857 1.657143
  24   68   75 11.457143 12.542857
  23   60   84 9.632143 13.367857
  51  202   99 34.142857 16.857143
  17   56   47 9.247619 7.752381
  26   80   75 13.546429 12.453571
  57  252   90 42.002381 14.997619
  15   42   46 7.185714 7.814286
  12   18   53 3.047619 8.952381
  73  356   85 59.221429 13.778571
  14   44   41 7.266667 6.733333
   9   22   33 3.709524 5.290476
  77  386   74 64.697619 12.302381
  13   32   47 5.285714 7.714286
  13   32   47 5.476190 7.523810
  74  350   92 58.709524 15.290476
  14   36   49 6.038095 7.961905
  17   44   57 7.553571 9.446429
  69  326   88 54.495238 14.504762
  24   82   64 13.709524 10.290476
  21   74   50 12.519048 8.480952
  55  248   82 41.409524 13.590476
  24   66   74 11.323810 12.676190
  20   66   58 10.978571 9.021429
  56  232  104 38.945238 17.054762
  15   22   70 3.585714 11.414286
  18   62   46 10.390476 7.609524
  67  300  100 50.209524 16.790476
  13   24   56 3.938095 9.061905
   9   20   33 3.400000 5.600000
  78  392   75 65.483333 12.516667
  11   20   46 3.313095 7.686905
   9   18   37 2.908333 6.091667
  80  412   67 68.957143 11.042857
  12   28   44 4.795238 7.204762
   6    8   26 1.395238 4.604762
  82  430   64 71.861905 10.138095
  10   22   36 3.809524 6.190476
   7   12   29 2.066667 4.933333
  83  452   49 75.444048 7.555952
  15   42   43 7.423810 7.576190
   9   22   35 3.480952 5.519048
  76  400   58 66.476190 9.523810
  26   94   61 15.790476 10.209524
   8   20   29 3.314286 4.685714
  66  324   72 54.046429 11.953571
  24   92   48 15.719048 8.280952
   9   26   26 4.533333 4.466667
  67  344   64 56.895238 10.104762
  12   40   37 6.404762 5.595238
  17   62   42 10.394048 6.605952
  71  364   55 61.307143 9.692857
  13   48   29 8.350000 4.650000
  18   64   45 10.826190 7.173810
  69  352   62 58.811905 10.188095
  13   40   39 6.591667 6.408333
  22   86   46 14.438095 7.561905
  65  324   65 54.216667 10.783333
  18   64   45 10.738095 7.261905
  18   72   38 12.067857 5.932143
  64  308   73 51.604762 12.395238
  17   54   50 9.026190 7.973810
  13   42   38 6.890476 6.109524
  70  336   80 56.190476 13.809524
  30  110   68 18.688095 11.311905
   9   18   37 2.900000 6.100000
  61  274   93 45.779762 15.220238
  46  184   91 30.916667 15.083333
   5   10   20 1.795238 3.204762
  49  200   95 33.521429 15.478571
  44  178   90 29.428571 14.571429
   7   18   25 2.908333 4.091667
  49  204   85 34.623810 14.376190
  54  228   90 38.638095 15.361905
   3    4   12 0.733333 2.266667
  43  166  100 27.486905 15.513095
  58  260   93 43.252381 14.747619
  42  154   93 25.875000 16.125000
  49  210   85 35.073810 13.926190
  51  220   85 37.158333 13.841667
  49  198   97 33.140476 15.859524
  51  208   97 34.810714 16.189286
  57  242  104 40.033333 16.966667
  43  150  104 25.290476 17.709524
  53  228   86 38.557143 14.442857
  47  200   86 33.019048 13.980952
  56  240   94 40.210714 15.789286
  44  172   94 28.748810 15.251190
  68  334   79 55.505952 12.494048
  32  108   79 18.404762 13.595238
  65  288  106 48.119048 16.880952
  35  100  106 17.216667 17.783333
  66  300  100 49.858333 16.141667
  34  100  100 17.046429 16.953571
  77  388   75 64.661905 12.338095
  23   62   75 10.480952 12.519048
  73  346   86 58.316667 14.683333
  27   82   86 13.619048 13.380952
  79  394   77 66.069048 12.930952
  21   52   77 8.628571 12.371429
  82  410   83 68.385714 13.614286
  18   24   83 4.071429 13.928571
  81  416   70 69.783333 11.216667
  19   44   70 7.419048 11.580952
  81  418   64 70.528571 10.471429
  19   54   64 9.032143 9.967857
  81  414   70 69.269048 11.730952
  19   46   70 7.772619 11.227381
  81  432   54 72.071429 8.928571
  19   60   54 10.073810 8.926190
  77  394   66 65.908333 11.091667
  23   74   66 12.367857 10.632143
  83  442   54 73.803571 9.196429
  17   50   54 8.278571 8.721429
  84  454   52 75.533333 8.466667
  16   42   52 7.123810 8.876190
  84  464   44 77.029762 6.970238
  16   48   44 8.276190 7.723810
  85  470   41 78.254762 6.745238
  15   48   41 8.004762 6.995238
  81  444   46 73.772619 7.227381
  19   64   46 11.100000 7.900000
  76  398   55 66.657143 9.342857
  24   92   55 15.326190 8.673810
  83  450   52 74.547619 8.452381
  17   46   52 7.985714 9.014286
  85  460   50 76.673810 8.326190
  15   40   50 6.666667 8.333333
  86  466   47 77.952381 8.047619
  14   40   47 6.436905 7.563095
  87  466   55 77.923810 9.076190
  13   24   55 3.971429 9.028571
  87  468   51 78.415476 8.584524
  13   30   51 4.915476 8.084524
  90  502   37 83.738095 6.261905
  10   24   37 4.004762 5.995238
  79  422   49 70.528571 8.471429
  21   80   49 13.195238 7.804762
  81  430   56 71.783333 9.216667
  19   58   56 9.695238 9.304762
  78  412   61 68.234524 9.765476
  22   66   61 11.352381 10.647619
  82  444   50 73.836905 8.163095
  18   56   50 9.595238 8.404762
  89  498   36 83.192857 5.807143
  11   30   36 5.119048 5.880952
  90  506   40 83.909524 6.090476
  10   14   40 2.600000 7.400000
  96  544   27 91.205952 4.794048
   4    2   27 0.291667 3.708333
  99  586    7 97.730952 1.269048
   1    0    7 0.000000 1.000000
  98  578   10 96.361905 1.638095
   2    2   10 0.342857 1.657143
 100  600    0 100.000000 0.000000
