   3    4   13 0.733333 2.266667
   1    0    6 0.000000 1.000000
   2    2   11 0.309524 1.690476
   1    0    7 0.000000 1.000000
   3    4   13 0.700000 2.300000
   4    6   18 1.009524 2.990476
   4    4   19 0.700000 3.300000
   1    0    6 0.000000 1.000000
   1    0    6 0.000000 1.000000
   1    0    7 0.000000 1.000000
   1    0    7 0.000000 1.000000
   1    0    7 0.000000 1.000000
   2    2   10 0.333333 1.666667
   2    2   10 0.333333 1.666667
   1    0    6 0.000000 1.000000
   1    0    6 0.000000 1.000000
   2    2   10 0.333333 1.666667
   3    4   11 0.800000 2.200000
   1    0    5 0.000000 1.000000
   1    0    7 0.000000 1.000000
   1    0    5 0.000000 1.000000
   1    0    6 0.000000 1.000000
   1    0    6 0.000000 1.000000
   1    0    6 0.000000 1.000000
   1    0    6 0.000000 1.000000
   1    0    7 0.000000 1.000000
   2    2   10 0.333333 1.666667
   4    6   17 1.066667 2.933333
   1    0    6 0.000000 1.000000
   1    0    6 0.000000 1.000000
   1    0    9 0.000000 1.000000
   2    2    8 0.400000 1.600000
   2    2   10 0.342857 1.657143
   1    0    6 0.000000 1.000000
   1    0    7 0.000000 1.000000
   1    0    8 0.000000 1.000000
   3    4   15 0.642857 2.357143
   1    0    7 0.000000 1.000000
   2    2   10 0.342857 1.657143
   8   26   21 4.414286 3.585714
   2    2   11 0.309524 1.690476
   2    2   11 0.309524 1.690476
   1    0    6 0.000000 1.000000
   4   10   12 1.800000 2.200000
   1    0    7 0.000000 1.000000
   1    0    6 0.000000 1.000000
   3    6    9 1.233333 1.766667
   2    2    9 0.366667 1.633333
   2    2    9 0.366667 1.633333
   2    2   10 0.342857 1.657143
   1    0    7 0.000000 1.000000
   4   10   14 1.810714 2.189286
   3    4   14 0.666667 2.333333
   1    0    6 0.000000 1.000000
   5   10   19 1.728571 3.271429
   3    6   13 0.971429 2.028571
   2    2   10 0.333333 1.666667
   1    0    6 0.000000 1.000000
   1    0    6 0.000000 1.000000
   1    0    6 0.000000 1.000000
   2    2   10 0.333333 1.666667
   1    0    6 0.000000 1.000000
   3    4   14 0.676190 2.323810
   2    0   14 0.000000 2.000000
   1    0    6 0.000000 1.000000
   2    2    8 0.400000 1.600000
   2    2   10 0.333333 1.666667
   1    0    7 0.000000 1.000000
   5   10   20 1.628571 3.371429
   7   16   27 2.695238 4.304762
   2    2   12 0.285714 1.714286
   2    2    9 0.366667 1.633333
   1    0    7 0.000000 1.000000
  11   38   24 6.604762 4.395238
   6   14   20 2.495238 3.504762
   1    0    6 0.000000 1.000000
   2    0   14 0.000000 2.000000
   1    0    6 0.000000 1.000000
   3    4   14 0.666667 2.333333
  10   32   31 5.200000 4.800000
   2    2    7 0.450000 1.550000
   1    0    6 0.000000 1.000000
   5    8   24 1.238095 3.761905
   1    0    7 0.000000 1.000000
   2    2   10 0.342857 1.657143
   1    0    5 0.000000 1.000000
   2    2   10 0.342857 1.657143
   7   18   22 3.104762 3.895238
   3    6   13 0.952381 2.047619
   3    2   17 0.342857 2.657143
   4    4   18 0.700000 3.300000
   2    2   10 0.333333 1.666667
   3    4   13 0.700000 2.300000
   1    0    7 0.000000 1.000000
   1    0    7 0.000000 1.000000
   2    0   11 0.000000 2.000000
   1    0    6 0.000000 1.000000
   1    0    6 0.000000 1.000000
   1    0    5 0.000000 1.000000
   3    6   11 1.066667 1.933333
   8   16   30 2.876190 5.123810
   5   14   16 2.352381 2.647619
   4    6   18 1.042857 2.957143
   3    4   15 0.616667 2.383333
   7   20   23 3.280952 3.719048
  12   24   45 4.257143 7.742857
   8   20   28 3.516667 4.483333
   3    0   19 0.000000 3.000000
   2    2   10 0.333333 1.666667
   9   24   29 4.161905 4.838095
   3    4   16 0.595238 2.404762
   1    0    5 0.000000 1.000000
   1    0    8 0.000000 1.000000
   1    0    8 0.000000 1.000000
   2    2   11 0.309524 1.690476
   6   12   23 2.085714 3.914286
   6   12   22 2.133333 3.866667
   2    2    8 0.400000 1.600000
   6   16   18 2.852381 3.147619
   3    2   17 0.333333 2.666667
   6   12   24 1.995238 4.004762
   2    0   12 0.000000 2.000000
   2    2   10 0.342857 1.657143
   1    0    7 0.000000 1.000000
  10   32   27 5.435714 4.564286
   3    2   17 0.309524 2.690476
   7   16   28 2.533333 4.466667
   3    4   16 0.595238 2.404762
   2    2   10 0.333333 1.666667
  14   44   38 7.452381 6.547619
   5   14   17 2.228571 2.771429
   5    6   24 1.042857 3.957143
  12   34   38 5.609524 6.390476
   2    2   11 0.309524 1.690476
   1    0    6 0.000000 1.000000
   8   14   34 2.477381 5.522619
   1    0    7 0.000000 1.000000
  10   30   32 4.829762 5.170238
   5   12   21 1.785714 3.214286
   4    6   16 1.100000 2.900000
   1    0    6 0.000000 1.000000
   3    4   15 0.642857 2.357143
  11   32   34 5.338095 5.661905
   4   10   13 1.819048 2.180952
  12   38   36 6.257143 5.742857
   1    0    6 0.000000 1.000000
  15   52   35 8.961905 6.038095
   4    8   17 1.285714 2.714286
   2    2   10 0.333333 1.666667
  10   16   42 2.747619 7.252381
   2    2   10 0.333333 1.666667
  15   48   40 8.257143 6.742857
   5    4   27 0.619048 4.380952
   1    0    6 0.000000 1.000000
   1    0    6 0.000000 1.000000
   3    4   14 0.676190 2.323810
   2    2   11 0.309524 1.690476
  21   68   55 11.653571 9.346429
   5   14   17 2.233333 2.766667
   8   16   32 2.609524 5.390476
   1    0    6 0.000000 1.000000
  18   50   56 8.602381 9.397619
   1    0    6 0.000000 1.000000
   1    0    6 0.000000 1.000000
  21   58   65 10.033333 10.966667
   3    4   14 0.791667 2.208333
   9   22   37 3.428571 5.571429
   2    2   11 0.309524 1.690476
   5   12   18 2.116667 2.883333
   1    0    6 0.000000 1.000000
  25   96   51 16.347619 8.652381
   6   12   24 2.076190 3.923810
   7    8   35 1.409524 5.590476
  24   88   56 14.930952 9.069048
   2    2   10 0.342857 1.657143
  16   50   47 8.517857 7.482143
   3    6   11 1.085714 1.914286
   9   10   45 1.667857 7.332143
   3    6   13 0.952381 2.047619
   5    6   23 1.085714 3.914286
  28  122   48 20.435714 7.564286
   4    6   17 1.000000 3.000000
  12   26   42 4.671429 7.328571
  26   96   57 16.228571 9.771429
  17   46   60 7.375000 9.625000
   2    2   10 0.333333 1.666667
   3    4   16 0.592857 2.407143
   1    0    6 0.000000 1.000000
   5    6   21 1.085714 3.914286
  36  162   59 26.909524 9.090476
   5    8   19 1.500000 3.500000
   4    8   16 1.333333 2.666667
  35  156   54 26.154762 8.845238
  10   24   37 4.057143 5.942857
   4   10   14 1.666667 2.333333
   3    4   13 0.733333 2.266667
  50  230   70 38.679762 11.320238
   5    6   22 1.100000 3.900000
   1    0    5 0.000000 1.000000
  34  140   65 23.457143 10.542857
   6   10   28 1.702381 4.297619
   1    0    7 0.000000 1.000000
   4    4   18 0.733333 3.266667
  45  186   89 30.798810 14.201190
   3    6   13 0.971429 2.028571
  32  122   70 20.586905 11.413095
  12   32   38 5.500000 6.500000
   4   10   12 1.833333 2.166667
   9   16   37 2.783333 6.216667
  39  140   97 23.226190 15.773810
  39  154   79 25.823810 13.176190
   8   12   36 2.159524 5.840476
   5   10   19 1.666667 3.333333
  10   22   40 3.585714 6.414286
  41  148   95 24.838095 16.161905
  39  154   79 25.776190 13.223810
   5    4   27 0.652381 4.347619
   5   10   21 1.657143 3.342857
   8   12   36 2.104762 5.895238
  47  186   92 31.794048 15.205952
  32  124   69 20.664286 11.335714
   5    6   24 1.009524 3.990476
   8   26   25 4.204762 3.795238
   6    8   27 1.366667 4.633333
  43  152  106 25.467857 17.532143
  34  124   78 20.903571 13.096429
   8   14   35 2.290476 5.709524
   9   28   28 4.698810 4.301190
   3    4   17 0.577381 2.422619
  48  184  100 30.851190 17.148810
  41  152   94 25.428571 15.571429
   7   16   26 2.646429 4.353571
   1    0    7 0.000000 1.000000
   3    6   12 1.019048 1.980952
  53  216  100 36.233333 16.766667
  38  128  102 21.230952 16.769048
   6   16   20 2.700000 3.300000
   2    2    9 0.366667 1.633333
  52  230   89 38.109524 13.890476
  42  162   85 27.528571 14.471429
   4    4   19 0.726190 3.273810
   2    2    9 0.366667 1.633333
  60  278   83 46.583333 13.416667
  37  142   80 23.736905 13.263095
   1    0    6 0.000000 1.000000
   2    2   10 0.342857 1.657143
  57  224  114 37.975000 19.025000
  41  146  104 24.220238 16.779762
   1    0    5 0.000000 1.000000
  47  184  103 30.352381 16.647619
  52  210   98 35.461905 16.538095
   1    0    6 0.000000 1.000000
  45  178   98 29.185714 15.814286
  54  224   94 38.011905 15.988095
  45  174   98 28.985714 16.014286
  55  230   98 38.586905 16.413095
  43  164   94 27.593651 15.406349
  57  248   94 41.680952 15.319048
  55  246   83 41.272619 13.727381
  45  188   83 31.130952 13.869048
  57  260   83 43.384524 13.615476
  43  174   83 29.157143 13.842857
  48  190   94 32.157143 15.842857
  52  222   94 37.063095 14.936905
  46  158  115 26.473810 19.526190
  54  212  115 35.190476 18.809524
  47  172  114 28.548810 18.451190
  53  200  114 33.620238 19.379762
  55  222  105 37.546429 17.453571
  45  168  105 28.150000 16.850000
  47  186   97 30.947619 16.052381
  53  220   97 36.870238 16.129762
  42  178   70 30.163095 11.836905
  58  282   70 46.975000 11.025000
  40  152   89 25.295238 14.704762
  60  270   89 45.461905 14.538095
  37  126   93 21.442857 15.557143
  63  288   93 48.065476 14.934524
  35  118   92 19.801190 15.198810
  65  298   92 49.835714 15.164286
  27   82   83 13.685714 13.314286
  73  352   83 59.144444 13.855556
  30   94   85 15.914286 14.085714
  70  336   85 55.919048 14.080952
  37  138   83 23.328571 13.671429
  63  296   83 49.432143 13.567857
  38  150   81 24.923810 13.076190
  62  288   81 48.433333 13.566667
  35  132   78 22.019048 12.980952
  65  312   78 52.001587 12.998413
  36  140   77 23.215476 12.784524
  64  306   77 51.323810 12.676190
  33  126   66 21.369048 11.630952
  67  342   66 56.615476 10.384524
  25   84   66 14.019048 10.980952
  75  384   66 64.109524 10.890476
  17   56   53 8.885714 8.114286
  83  438   53 73.688095 9.311905
  26   88   69 14.714286 11.285714
  74  374   69 62.552381 11.447619
  15   38   55 6.278571 8.721429
  85  452   55 75.751190 9.248810
  16   34   63 5.533333 10.466667
  84  440   63 73.446429 10.553571
  14   28   54 4.728571 9.271429
  86  464   54 77.173810 8.826190
  13   40   42 6.557143 6.442857
  87  476   42 79.636905 7.363095
   6    8   29 1.352381 4.647619
  94  534   29 89.219048 4.780952
   7   12   32 2.019048 4.980952
  93  524   32 87.747619 5.252381
   8   20   27 3.573810 4.426190
  92  526   27 87.700000 4.300000
   6   18   19 3.027381 2.972619
  94  544   19 90.671429 3.328571
  11   38   26 6.440476 4.559524
  89  510   26 84.789286 4.210714
  11   26   40 4.400000 6.600000
  89  494   40 82.465476 6.534524
   8   14   34 2.328571 5.671429
  92  518   34 86.352381 5.647619
   8   16   34 2.564286 5.435714
  92  516   34 86.116667 5.883333
   4    6   18 1.019048 2.980952
  96  558   18 93.071429 2.928571
   6   10   26 1.650000 4.350000
  94  538   26 89.703571 4.296429
   8   14   36 2.311905 5.688095
  92  514   36 85.886905 6.113095
   8   10   40 1.571429 6.428571
  92  510   40 85.090476 6.909524
  12   28   43 4.795238 7.204762
  88  486   43 80.866667 7.133333
  13   34   44 5.853571 7.146429
  87  478   44 79.717857 7.282143
   6   10   24 1.766667 4.233333
  94  542   24 90.195238 3.804762
   1    0    6 0.000000 1.000000
  99  588    6 97.990476 1.009524
   4    8   18 1.261905 2.738095
  96  556   18 92.780952 3.219048
   5   14   15 2.514286 2.485714
  95  556   15 92.651190 2.348810
   8   20   27 3.395238 4.604762
  92  526   27 87.657143 4.342857
   4    8   17 1.350000 2.650000
  96  558   17 93.185714 2.814286
   3    6   11 1.066667 1.933333
  97  572   11 95.185714 1.814286
   1    0    6 0.000000 1.000000
  99  588    6 98.004762 0.995238
 100  600    0 100.000000 0.000000
