   3    4   14 0.666667 2.333333
   3    4   15 0.619048 2.380952
   5    8   23 1.261905 3.738095
   3    6   14 0.904762 2.095238
   2    2   10 0.342857 1.657143
   2    2    8 0.400000 1.600000
   2    2    9 0.366667 1.633333
   1    0    6 0.000000 1.000000
   1    0    6 0.000000 1.000000
   1    0    8 0.000000 1.000000
   1    0    6 0.000000 1.000000
   1    0    6 0.000000 1.000000
   2    2   10 0.333333 1.666667
   3    4   14 0.666667 2.333333
   1    0    6 0.000000 1.000000
   2    2   10 0.333333 1.666667
   2    2   11 0.309524 1.690476
   2    2   11 0.309524 1.690476
   2    2    9 0.366667 1.633333
   4   10   14 1.695238 2.304762
   1    0    5 0.000000 1.000000
   3    6   10 1.133333 1.866667
   3    6   12 1.019048 1.980952
   1    0    6 0.000000 1.000000
   1    0    6 0.000000 1.000000
   2    2   11 0.309524 1.690476
   2    2    9 0.366667 1.633333
   1    0    7 0.000000 1.000000
   4   10   15 1.595238 2.404762
   1    0    7 0.000000 1.000000
   3    4   14 0.666667 2.333333
   1    0    6 0.000000 1.000000
   1    0    7 0.000000 1.000000
   1    0    5 0.000000 1.000000
   3    4   14 0.676190 2.323810
   1    0    6 0.000000 1.000000
   2    2   10 0.333333 1.666667
   1    0    6 0.000000 1.000000
   1    0    6 0.000000 1.000000
   1    0    7 0.000000 1.000000
   1    0    6 0.000000 1.000000
   1    0    7 0.000000 1.000000
   2    2    8 0.400000 1.600000
   3    6   11 1.066667 1.933333
   4    8   17 1.309524 2.690476
   2    2    9 0.366667 1.633333
   2    2    7 0.450000 1.550000
   3    6   11 1.066667 1.933333
   1    0    6 0.000000 1.000000
   1    0    6 0.000000 1.000000
   1    0    7 0.000000 1.000000
   1    0    5 0.000000 1.000000
   1    0    7 0.000000 1.000000
   2    2   10 0.333333 1.666667
   3    6   13 0.952381 2.047619
   3    2   16 0.333333 2.666667
   6   14   22 2.438095 3.561905
   2    2    7 0.450000 1.550000
   4   10   14 1.661905 2.338095
   2    2    9 0.366667 1.633333
   1    0    7 0.000000 1.000000
   6   16   23 2.476190 3.523810
   1    0    7 0.000000 1.000000
   2    2   12 0.291667 1.708333
   2    2    9 0.366667 1.633333
   8   22   27 3.642857 4.357143
   1    0    8 0.000000 1.000000
   5    8   22 1.319048 3.680952
   1    0    6 0.000000 1.000000
   1    0    6 0.000000 1.000000
   4    4   18 0.759524 3.240476
   4    8   15 1.433333 2.566667
   2    2    8 0.400000 1.600000
   6   10   27 1.595238 4.404762
   2    2   10 0.333333 1.666667
   3    6   11 1.085714 1.914286
   1    0    6 0.000000 1.000000
   4    8   17 1.285714 2.714286
   1    0    6 0.000000 1.000000
   3    2   15 0.333333 2.666667
   4    8   15 1.400000 2.600000
   8   20   26 3.528571 4.471429
   4    8   17 1.285714 2.714286
   3    2   17 0.309524 2.690476
   1    0    6 0.000000 1.000000
   2    2    8 0.400000 1.600000
   1    0    6 0.000000 1.000000
   4    4   21 0.628571 3.371429
   8   18   28 3.171429 4.828571
   4   10   15 1.660714 2.339286
   6   12   23 2.052381 3.947619
   3    6   12 1.019048 1.980952
   2    2   11 0.309524 1.690476
   9   20   31 3.585714 5.414286
   9   28   26 4.690476 4.309524
   8   26   22 4.380952 3.619048
   5   10   21 1.595238 3.404762
   3    6   13 0.952381 2.047619
   4    4   19 0.666667 3.333333
   3    2   17 0.333333 2.666667
   5    8   24 1.250000 3.750000
   1    0    7 0.000000 1.000000
   9   30   24 5.080952 3.919048
   3    4   13 0.700000 2.300000
   3    6   13 0.952381 2.047619
   5    6   22 1.066667 3.933333
   2    2   12 0.285714 1.714286
   1    0    6 0.000000 1.000000
   4    8   16 1.319048 2.680952
   1    0    5 0.000000 1.000000
   4    6   18 0.985714 3.014286
   3    2   15 0.366667 2.633333
   9   28   27 4.538095 4.461905
   3    2   18 0.333333 2.666667
   1    0    6 0.000000 1.000000
   8   12   33 2.152381 5.847619
   7   16   27 2.666667 4.333333
   6   14   22 2.404762 3.595238
   2    0   14 0.000000 2.000000
   4    8   13 1.566667 2.433333
   8   22   28 3.533333 4.466667
   1    0    6 0.000000 1.000000
  10   34   25 5.854762 4.145238
   9   30   24 5.080952 3.919048
  12   46   27 7.780952 4.219048
   8   26   22 4.352381 3.647619
   8   18   28 3.178571 4.821429
   6   14   22 2.338095 3.661905
   8   22   25 3.780952 4.219048
   4    8   18 1.238095 2.761905
   8   20   27 3.333333 4.666667
   3    4   13 0.700000 2.300000
   9   26   26 4.514286 4.485714
   4    6   20 0.928571 3.071429
   5   10   17 1.900000 3.100000
  17   60   44 9.876190 7.123810
   1    0    6 0.000000 1.000000
   7   16   27 2.604762 4.395238
   6    8   29 1.328571 4.671429
   7   14   30 2.278571 4.721429
   7   22   20 3.666667 3.333333
   7   18   27 2.880952 4.119048
   4    6   19 0.976190 3.023810
   8   20   28 3.300000 4.700000
   4    8   15 1.433333 2.566667
   5   10   22 1.641667 3.358333
   3    2   14 0.400000 2.600000
  10   24   31 4.400000 5.600000
   5    8   22 1.352381 3.647619
   1    0    6 0.000000 1.000000
  21   80   45 13.484524 7.515476
   6   12   25 1.928571 4.071429
   6    6   34 0.880952 5.119048
  11   28   34 4.933333 6.066667
   9   26   30 4.271429 4.728571
   5   14   16 2.395238 2.604762
   2    2    9 0.366667 1.633333
   5    8   22 1.352381 3.647619
   3    6   12 1.019048 1.980952
   4    2   21 0.366667 3.633333
   6   18   20 2.950000 3.050000
  10   22   41 3.535714 6.464286
   7   22   19 3.733333 3.266667
   1    0    6 0.000000 1.000000
  24   94   47 15.857143 8.142857
   6   12   23 2.033333 3.966667
   8   12   37 1.952381 6.047619
   8   16   32 2.626190 5.373810
  11   30   37 5.200000 5.800000
   2    2   10 0.342857 1.657143
   4   10   14 1.695238 2.304762
   2    2    9 0.366667 1.633333
   1    0    6 0.000000 1.000000
   9   24   29 4.108333 4.891667
  12   38   36 6.300000 5.700000
  12   34   37 5.685714 6.314286
   6   16   18 2.852381 3.147619
  29  122   53 20.376190 8.623810
   3    2   18 0.291667 2.708333
   4    6   20 0.928571 3.071429
  12   48   21 8.385714 3.614286
   4    2   23 0.325000 3.675000
   3    6   15 0.869048 2.130952
  11   38   23 6.895238 4.104762
   4   10   14 1.719048 2.280952
  11   28   38 4.685714 6.314286
  12   42   30 7.095238 4.904762
   7    6   39 0.967857 6.032143
   7   22   17 3.933333 3.066667
  27   96   63 16.284524 10.715476
   1    0    6 0.000000 1.000000
   3    4   16 0.625000 2.375000
  12   44   31 7.161905 4.838095
   2    0   12 0.000000 2.000000
   2    0   11 0.000000 2.000000
   9   32   21 5.495238 3.504762
   2    2   10 0.333333 1.666667
   3    2   18 0.309524 2.690476
  14   56   29 9.433333 4.566667
   6   10   26 1.661905 4.338095
  13   50   28 8.388095 4.611905
  38  168   59 28.221429 9.778571
   5   10   20 1.709524 3.290476
   8   22   26 3.661905 4.338095
   1    0    8 0.000000 1.000000
   5    8   21 1.442857 3.557143
   3    4   15 0.691667 2.308333
   6   10   22 1.952381 4.047619
  10   32   27 5.452381 4.547619
   5    4   27 0.642857 4.357143
  11   36   28 6.238095 4.761905
  49  218   81 36.315476 12.684524
  10   26   33 4.390476 5.609524
   4    8   17 1.261905 2.738095
   6   12   23 2.095238 3.904762
  10   28   32 4.776190 5.223810
   5   12   22 1.833333 3.166667
   6    8   29 1.271429 4.728571
   8   26   19 4.516667 3.483333
  53  244   74 40.601190 12.398810
   8   16   30 2.761905 5.238095
   8   24   25 4.082143 3.917857
   4    6   18 1.042857 2.957143
   6   10   28 1.595238 4.404762
   4    2   20 0.342857 3.657143
   5   12   17 2.119048 2.880952
  69  336   77 56.121429 12.878571
   4    6   19 1.025000 2.975000
  12   44   30 7.133333 4.866667
   2    2   10 0.333333 1.666667
   5   14   16 2.419048 2.580952
   4    6   18 0.971429 3.028571
   4    8   15 1.452381 2.547619
  72  344   86 57.695238 14.304762
   1    0    7 0.000000 1.000000
  18   72   32 12.304762 5.695238
   1    0    6 0.000000 1.000000
   9   30   24 5.038095 3.961905
   3    4   12 0.766667 2.233333
   1    0    7 0.000000 1.000000
  68  338   75 56.047619 11.952381
  24   96   45 16.421429 7.578571
   4   10   16 1.583333 2.416667
   1    0    6 0.000000 1.000000
   1    0    7 0.000000 1.000000
  70  364   56 60.876190 9.123810
  30  118   60 20.019048 9.980952
   2    2   10 0.333333 1.666667
   2    2   10 0.333333 1.666667
   1    0    7 0.000000 1.000000
  65  326   65 54.475000 10.525000
  37  154   64 26.076190 10.923810
   1    0    6 0.000000 1.000000
   2    2   12 0.285714 1.714286
   1    0    6 0.000000 1.000000
  59  290   66 48.146429 10.853571
  38  152   73 25.642857 12.357143
  10   34   26 5.666667 4.333333
   1    0    5 0.000000 1.000000
  51  236   74 39.247619 11.752381
  35  120   88 20.294048 14.705952
  19   68   42 11.700000 7.300000
  46  206   76 34.125000 11.875000
  34  122   85 20.661905 13.338095
  24   90   52 15.357143 8.642857
  42  190   61 32.107143 9.892857
  35  126   85 21.080952 13.919048
  35  144   64 24.183333 10.816667
  30  110   71 18.323810 11.676190
  35  132   80 21.761905 13.238095
  35  136   73 23.023810 11.976190
  30  108   71 18.400000 11.600000
  25   62   82 10.742857 14.257143
  35  114   96 19.214286 15.785714
  40  160   86 26.483333 13.516667
  31   98   86 16.630952 14.369048
  30  104   75 17.427381 12.572619
  39  148   89 24.575000 14.425000
  36  128   86 21.609524 14.390476
  27   88   72 14.995238 12.004762
  37  136   90 22.661905 14.338095
  34  118   82 20.144048 13.855952
  22   56   77 9.380952 12.619048
  44  152  115 25.419048 18.580952
  37  138   92 22.528571 14.471429
  16   44   53 7.328571 8.671429
  47  156  117 26.766667 20.233333
  37  128   92 21.485714 15.514286
  26   92   63 15.500000 10.500000
  37  106  119 17.676190 19.323810
  36  112  108 18.527381 17.472619
  29  112   61 18.893651 10.106349
  35  104  103 17.557143 17.442857
  32  102   96 16.671429 15.328571
  37  146   70 24.883333 12.116667
  31   86  100 14.520238 16.479762
  27   66   99 10.895238 16.104762
  25   78   73 13.122619 11.877381
  48  152  132 25.633333 22.366667
  21   44   81 7.402381 13.597619
  27   86   77 14.216667 12.783333
  52  186  126 31.207143 20.792857
  28   74   88 12.785714 15.214286
  24   76   73 12.446429 11.553571
  48  156  133 25.879762 22.120238
  27   86   76 14.446429 12.553571
  18   36   74 5.990476 12.009524
  55  232   96 39.207143 15.792857
  37  130   90 22.025000 14.975000
  17   44   62 7.391667 9.608333
  46  188   86 31.902381 14.097619
  33  118   82 19.775000 13.225000
  16   46   50 7.920238 8.079762
  51  224   80 37.670238 13.329762
  34  124   83 20.382143 13.617857
  14   30   56 4.909524 9.090476
  52  238   69 40.092857 11.907143
  29   82   95 13.576190 15.423810
  15   32   58 5.423810 9.576190
  56  236   97 39.642857 16.357143
  44  186   72 31.600000 12.400000
   8   12   39 1.892857 6.107143
  48  212   79 35.335714 12.664286
  55  226   99 38.397619 16.602381
   7    8   35 1.247619 5.752381
  38  142   90 23.594048 14.405952
  55  242   91 40.050000 14.950000
  10   22   36 3.866667 6.133333
  35  106  103 17.861905 17.138095
  65  322   73 53.322619 11.677381
  11   30   35 5.066667 5.933333
  24   72   68 12.366667 11.633333
  65  320   73 53.239286 11.760714
   6   12   25 2.095238 3.904762
  29  108   62 18.257143 10.742857
  53  234   84 39.188095 13.811905
   9   24   31 4.038095 4.961905
  38  152   75 25.573810 12.426190
  50  206   94 34.344048 15.655952
   4    2   22 0.366667 3.633333
  46  182   94 30.433333 15.566667
  50  194  104 32.684524 17.315476
   2    0   15 0.000000 2.000000
  48  182  105 30.589286 17.410714
  51  182  129 30.384524 20.615476
   2    2    9 0.366667 1.633333
  47  154  124 25.886905 21.113095
  53  198  120 33.070238 19.929762
   4    6   16 1.100000 2.900000
  43  136  124 22.471429 20.528571
  56  228  106 38.392857 17.607143
   4    8   15 1.442857 2.557143
  40  138  105 23.160714 16.839286
  63  272  104 45.457143 17.542857
   2    2   10 0.333333 1.666667
  35  112  100 18.642857 16.357143
  52  186  131 30.958333 21.041667
   1    0    6 0.000000 1.000000
  47  148  129 25.100000 21.900000
  56  236  100 39.555952 16.444048
  44  164  100 27.510714 16.489286
  56  240   96 40.004762 15.995238
  44  168   96 27.857143 16.142857
  66  310   87 51.945635 14.054365
  34  116   87 19.527381 14.472619
  67  332   72 55.110714 11.889286
  33  124   72 21.014286 11.985714
  67  322   80 53.909524 13.090476
  33  118   80 19.952381 13.047619
  63  286   92 47.777381 15.222619
  37  130   92 21.852381 15.147619
  59  262   90 44.084524 14.915476
  41  158   90 26.323810 14.676190
  62  286   86 47.804762 14.195238
  38  142   86 23.757143 14.242857
  60  276   88 45.823810 14.176190
  40  148   88 25.011905 14.988095
  65  330   64 54.832143 10.167857
  35  142   64 24.009524 10.990476
  62  308   68 51.152381 10.847619
  38  156   68 26.414286 11.585714
  64  306   77 51.239286 12.760714
  36  140   77 23.242857 12.757143
  62  288   86 47.911905 14.088095
  38  140   86 23.678571 14.321429
  58  260   84 43.675000 14.325000
  42  172   84 28.561905 13.438095
  65  314   73 52.859524 12.140476
  35  140   73 23.300000 11.700000
  58  290   61 48.276190 9.723810
  42  188   61 31.604762 10.395238
  66  334   62 55.916667 10.083333
  34  142   62 23.801190 10.198810
  68  342   65 57.042460 10.957540
  32  128   65 21.129762 10.870238
  76  390   66 65.028968 10.971032
  24   78   66 13.022619 10.977381
  74  378   64 63.266667 10.733333
  26   94   64 15.860714 10.139286
  79  422   54 70.066667 8.933333
  21   70   54 11.747619 9.252381
  88  480   51 79.770238 8.229762
  12   18   51 3.263095 8.736905
  82  428   61 71.592857 10.407143
  18   50   61 8.157143 9.842857
  89  486   48 81.088095 7.911905
  11   18   48 3.157143 7.842857
  84  448   53 74.952381 9.047619
  16   46   53 7.621429 8.378571
  88  498   32 82.916667 5.083333
  12   38   32 6.573810 5.426190
  98  576   12 95.979762 2.020238
   2    0   12 0.000000 2.000000
  99  586    7 97.804762 1.195238
   1    0    7 0.000000 1.000000
  97  568   14 94.695238 2.304762
   3    4   14 0.676190 2.323810
  99  590    5 98.232143 0.767857
   1    0    5 0.000000 1.000000
  98  578   10 96.419048 1.580952
   2    2   10 0.333333 1.666667
  97  566   15 94.452381 2.547619
   3    4   15 0.642857 2.357143
  95  552   18 92.064286 2.935714
   5   12   18 2.016667 2.983333
  92  530   23 88.371429 3.628571
   8   24   23 4.042857 3.957143
  95  548   21 91.426190 3.573810
   5   10   21 1.650000 3.350000
  99  588    6 97.990476 1.009524
   1    0    6 0.000000 1.000000
 100  600    0 100.000000 0.000000
