   1    0    7 0.000000 1.000000
   1    0    6 0.000000 1.000000
   1    0    5 0.000000 1.000000
   2    2    8 0.400000 1.600000
   2    0   12 0.000000 2.000000
   3    6   14 0.935714 2.064286
   1    0    6 0.000000 1.000000
   3    6   11 1.066667 1.933333
   3    4   14 0.666667 2.333333
   1    0    7 0.000000 1.000000
   1    0    6 0.000000 1.000000
   5    8   23 1.352381 3.647619
   2    2   11 0.309524 1.690476
   1    0    6 0.000000 1.000000
   3    6    9 1.233333 1.766667
   1    0    6 0.000000 1.000000
   1    0    5 0.000000 1.000000
   1    0    6 0.000000 1.000000
   1    0    5 0.000000 1.000000
   1    0    6 0.000000 1.000000
   3    6   14 0.935714 2.064286
   1    0    7 0.000000 1.000000
   4    8   16 1.319048 2.680952
   2    2    8 0.400000 1.600000
   2    2    9 0.366667 1.633333
   1    0    6 0.000000 1.000000
   1    0    6 0.000000 1.000000
   5   12   20 1.933333 3.066667
   2    2   12 0.285714 1.714286
   1    0    6 0.000000 1.000000
   1    0    7 0.000000 1.000000
   3    4   14 0.666667 2.333333
   1    0    6 0.000000 1.000000
   4    6   16 1.100000 2.900000
   1    0    7 0.000000 1.000000
   2    2   10 0.333333 1.666667
   4    6   17 1.109524 2.890476
   1    0    5 0.000000 1.000000
   4    8   15 1.395238 2.604762
   3    4   13 0.733333 2.266667
   1    0    6 0.000000 1.000000
   3    4   12 0.766667 2.233333
   4   10   14 1.771429 2.228571
   1    0    6 0.000000 1.000000
   3    4   16 0.595238 2.404762
   4   10   17 1.511905 2.488095
   1    0    6 0.000000 1.000000
   1    0    6 0.000000 1.000000
   1    0    6 0.000000 1.000000
   1    0    7 0.000000 1.000000
   1    0    6 0.000000 1.000000
   4    6   19 0.995238 3.004762
   2    2    8 0.400000 1.600000
   6   16   20 2.747619 3.252381
   2    2   12 0.285714 1.714286
   2    2    9 0.366667 1.633333
   1    0    6 0.000000 1.000000
   4    6   21 0.953571 3.046429
   6   18   17 3.161905 2.838095
   2    2   10 0.333333 1.666667
   1    0    5 0.000000 1.000000
   2    2    9 0.366667 1.633333
   1    0    6 0.000000 1.000000
   1    0    7 0.000000 1.000000
   3    2   14 0.366667 2.633333
   1    0    5 0.000000 1.000000
   1    0    7 0.000000 1.000000
   5   14   16 2.352381 2.647619
   2    2   11 0.309524 1.690476
   1    0    7 0.000000 1.000000
   9   22   31 3.761905 5.238095
   4    4   20 0.733333 3.266667
   3    0   18 0.000000 3.000000
   6   16   18 2.758333 3.241667
   3    4   14 0.709524 2.290476
   2    2   12 0.285714 1.714286
   3    6   11 1.119048 1.880952
   1    0    5 0.000000 1.000000
   6   14   22 2.441667 3.558333
   7   16   26 2.691667 4.308333
   2    2   10 0.333333 1.666667
   3    6   14 0.916667 2.083333
   2    2    9 0.366667 1.633333
   2    2   10 0.333333 1.666667
   3    6   11 1.066667 1.933333
   2    2   10 0.333333 1.666667
   7   20   21 3.423810 3.576190
   3    2   19 0.291667 2.708333
   2    2    8 0.400000 1.600000
   1    0    6 0.000000 1.000000
   1    0    7 0.000000 1.000000
   2    0   12 0.000000 2.000000
   3    2   19 0.285714 2.714286
   1    0    6 0.000000 1.000000
   4   10   14 1.695238 2.304762
   3    4   15 0.642857 2.357143
   4    4   19 0.700000 3.300000
   1    0    6 0.000000 1.000000
   6   18   18 3.138095 2.861905
   2    0   11 0.000000 2.000000
   2    2   10 0.342857 1.657143
  12   36   35 6.033333 5.966667
   5    2   28 0.342857 4.657143
   1    0    6 0.000000 1.000000
   8   20   29 3.366667 4.633333
   4    8   15 1.400000 2.600000
   2    2   10 0.342857 1.657143
   2    2   10 0.333333 1.666667
   1    0    6 0.000000 1.000000
   8   18   29 3.114286 4.885714
   1    0    6 0.000000 1.000000
   7   24   18 4.161905 2.838095
   3    4   13 0.742857 2.257143
   3    6   12 1.019048 1.980952
   1    0    6 0.000000 1.000000
   5   12   20 1.909524 3.090476
   3    4   13 0.742857 2.257143
   3    4   14 0.652381 2.347619
   1    0    6 0.000000 1.000000
   2    2    8 0.400000 1.600000
  10   20   39 3.442857 6.557143
   2    2   11 0.309524 1.690476
   1    0    6 0.000000 1.000000
   1    0    7 0.000000 1.000000
   2    2    9 0.366667 1.633333
   2    2   10 0.333333 1.666667
   1    0    7 0.000000 1.000000
   6   18   20 3.041667 2.958333
  11   24   44 4.078571 6.921429
   1    0    6 0.000000 1.000000
  15   46   44 7.945238 7.054762
   6   12   24 2.028571 3.971429
   1    0    6 0.000000 1.000000
   2    2   10 0.333333 1.666667
   2    2    9 0.366667 1.633333
   5   10   19 1.666667 3.333333
   2    2   10 0.333333 1.666667
   9   22   31 3.871429 5.128571
   3    4   14 0.709524 2.290476
   1    0    6 0.000000 1.000000
   2    2   12 0.291667 1.708333
   1    0    6 0.000000 1.000000
   5   10   19 1.719048 3.280952
   4    8   16 1.319048 2.680952
   9   24   30 4.075000 4.925000
   1    0    6 0.000000 1.000000
   1    0    8 0.000000 1.000000
   4    6   17 1.109524 2.890476
   1    0    8 0.000000 1.000000
   3    4   14 0.666667 2.333333
   6   16   19 2.761905 3.238095
   6   10   27 1.638095 4.361905
   5   10   20 1.652381 3.347619
  19   70   45 11.723810 7.276190
  12   28   43 4.828571 7.171429
   1    0    6 0.000000 1.000000
   9   28   22 4.966667 4.033333
   1    0    6 0.000000 1.000000
   6    8   28 1.361905 4.638095
   1    0    6 0.000000 1.000000
   8   28   22 4.645238 3.354762
   2    2   10 0.333333 1.666667
   1    0    6 0.000000 1.000000
   8   16   29 2.861905 5.138095
   5   14   17 2.285714 2.714286
   5   10   20 1.685714 3.314286
   3    4   13 0.700000 2.300000
   5   10   18 1.761905 3.238095
   1    0    5 0.000000 1.000000
   4    8   17 1.261905 2.738095
  10   30   32 4.885714 5.114286
   2    0   11 0.000000 2.000000
   5    4   26 0.666667 4.333333
  13   28   49 4.871429 8.128571
  18   62   47 10.695238 7.304762
   4    8   17 1.361905 2.638095
   2    2   10 0.333333 1.666667
   3    2   17 0.333333 2.666667
   2    2    9 0.366667 1.633333
   5   12   22 1.761905 3.238095
   8   22   26 3.680952 4.319048
   7   20   22 3.333333 3.666667
   3    6   12 1.000000 2.000000
   7   14   27 2.450000 4.550000
   6   12   23 2.052381 3.947619
   7   16   27 2.595238 4.404762
   5   14   18 2.278571 2.721429
  21   68   53 11.607143 9.392857
  18   62   48 10.273810 7.726190
   6   12   24 2.061905 3.938095
   2    0   11 0.000000 2.000000
   3    4   14 0.652381 2.347619
   2    2   10 0.333333 1.666667
   5   10   20 1.647619 3.352381
  18   72   35 12.114286 5.885714
   4    2   22 0.366667 3.633333
   6   16   19 2.795238 3.204762
   8   24   23 4.209524 3.790476
   8   24   23 4.209524 3.790476
  10   30   31 4.961905 5.038095
   1    0    7 0.000000 1.000000
  18   54   53 9.283333 8.716667
  13   40   39 6.725000 6.275000
   4   10   14 1.661905 2.338095
   3    4   16 0.619048 2.380952
   1    0    6 0.000000 1.000000
  11   38   29 6.339286 4.660714
  15   44   42 7.635714 7.364286
   8   20   25 3.652381 4.347619
   4   10   13 1.733333 2.266667
   6   12   27 1.904762 4.095238
  10   26   34 4.380952 5.619048
   5    8   22 1.366667 3.633333
   2    2   11 0.309524 1.690476
  13   36   43 6.023810 6.976190
  22   80   51 13.600000 8.400000
   3    6   15 0.869048 2.130952
   1    0    6 0.000000 1.000000
  19   72   41 12.147619 6.852381
  15   42   50 6.988095 8.011905
   8   14   34 2.366667 5.633333
   1    0    7 0.000000 1.000000
   9   18   37 3.123810 5.876190
   5    8   22 1.333333 3.666667
   3    4   12 0.766667 2.233333
   3    4   17 0.571429 2.428571
  17   42   60 7.061905 9.938095
  18   52   52 9.080952 8.919048
   1    0    6 0.000000 1.000000
  19   56   60 9.301190 9.698810
   6    6   27 1.100000 4.900000
  18   48   59 8.222619 9.777381
   1    0    7 0.000000 1.000000
   9   28   25 4.723810 4.276190
   4    6   18 1.009524 2.990476
   1    0    6 0.000000 1.000000
   4    6   19 0.952381 3.047619
  16   48   48 8.057143 7.942857
  22   68   65 11.389286 10.610714
  16   56   42 9.347619 6.652381
   7   14   30 2.363095 4.636905
  21   70   54 11.952381 9.047619
  10   26   33 4.371429 5.628571
   2    0   11 0.000000 2.000000
   1    0    6 0.000000 1.000000
   8   22   27 3.619048 4.380952
  17   50   50 8.552381 8.447619
  18   44   65 7.295238 10.704762
  17   58   44 9.676190 7.323810
  10   28   31 4.814286 5.185714
  19   64   54 10.447619 8.552381
  16   46   48 8.017857 7.982143
   1    0    6 0.000000 1.000000
   8   22   27 3.683333 4.316667
  14   44   37 7.547619 6.452381
  15   38   53 6.352381 8.647619
  11   20   50 3.201190 7.798810
   6   14   21 2.476190 3.523810
  22   62   73 10.392857 11.607143
  12   12   57 2.119048 9.880952
  25   88   58 15.311905 9.688095
  11   20   48 3.255952 7.744048
  13   32   45 5.357143 7.642857
  11   12   53 2.052381 8.947619
   1    0    6 0.000000 1.000000
  23   60   75 10.176190 12.823810
  22   64   66 10.842857 11.157143
  23   84   55 13.940476 9.059524
   7   12   31 2.042857 4.957143
  13   30   52 4.833333 8.166667
  10   20   40 3.452381 6.547619
  18   38   70 6.444048 11.555952
  24   82   62 13.623810 10.376190
  33  126   71 21.329762 11.670238
   3    0   18 0.000000 3.000000
  12   26   47 4.371429 7.628571
  13   34   42 5.902381 7.097619
   8   10   43 1.529762 6.470238
  34  134   69 22.611905 11.388095
  30  106   72 17.828571 12.171429
   4    6   18 1.066667 2.933333
  11   26   40 4.383333 6.616667
  16   28   68 4.819048 11.180952
   9   16   34 2.897619 6.102381
  31  112   79 18.322619 12.677381
  35  136   71 22.887302 12.112698
   3    4   15 0.619048 2.380952
   6    6   31 1.025000 4.975000
  22   52   79 8.795238 13.204762
   4    2   24 0.309524 3.690476
  33  114   85 19.161905 13.838095
  31   94   88 16.088095 14.911905
   2    0   14 0.000000 2.000000
   8   18   30 3.055952 4.944048
  18   28   81 4.757143 13.242857
   2    2   12 0.285714 1.714286
  43  168   89 28.316667 14.683333
  29  102   72 17.261905 11.738095
   1    0    7 0.000000 1.000000
   7   14   25 2.609524 4.390476
  17   34   66 5.850000 11.150000
   2    0   11 0.000000 2.000000
  46  196   84 32.642857 13.357143
  25   76   75 12.783333 12.216667
  10   22   36 3.808333 6.191667
  18   56   53 9.403571 8.596429
   1    0    6 0.000000 1.000000
  54  242   82 40.354762 13.645238
  17   28   71 4.871429 12.128571
  10   20   42 3.209524 6.790476
  20   80   39 13.490476 6.509524
  61  290   75 48.747619 12.252381
   9    8   46 1.376190 7.623810
  10   24   38 3.995238 6.004762
  20   72   50 11.897619 8.102381
  65  324   64 54.376190 10.623810
   2    2   10 0.342857 1.657143
  13   40   38 6.747619 6.252381
  23   86   50 14.533333 8.466667
  66  336   60 56.320238 9.679762
   2    2   11 0.309524 1.690476
   9   24   31 4.071429 4.928571
  25  100   48 16.838095 8.161905
  64  310   74 51.988095 12.011905
   1    0    7 0.000000 1.000000
  10   20   41 3.380952 6.619048
  25   96   53 16.323810 8.676190
  62  294   83 48.738095 13.261905
   2    2   10 0.342857 1.657143
  11   26   36 4.533333 6.466667
  20   64   55 10.709524 9.290476
  73  350   87 58.492460 14.507540
   1    0    6 0.000000 1.000000
   6    4   34 0.700000 5.300000
  28   96   72 15.976190 12.023810
  63  274  103 45.813095 17.186905
   4    6   19 0.976190 3.023810
   5    6   24 1.066667 3.933333
  24   80   63 13.621429 10.378571
  68  320   86 53.690476 14.309524
   6   14   23 2.247619 3.752381
   2    2   12 0.291667 1.708333
  26   70   83 11.971429 14.028571
  69  314  103 52.088095 16.911905
   5    8   22 1.361905 3.638095
  23   74   72 11.957143 11.042857
  73  342   87 57.870238 15.129762
   4    6   19 0.961905 3.038095
  14   38   47 6.233333 7.766667
  82  426   66 71.128571 10.871429
   4    4   19 0.700000 3.300000
  13   34   45 5.590476 7.409524
  87  476   45 79.451190 7.548810
  12   28   45 4.557143 7.442857
  88  482   45 80.495238 7.504762
  12   26   47 4.295238 7.704762
  88  480   47 80.247619 7.752381
  19   60   55 10.152381 8.847619
  81  430   55 71.880952 9.119048
  27   78   83 13.214286 13.785714
  73  356   83 59.497619 13.502381
  20   62   57 10.509524 9.490476
  80  424   57 70.709524 9.290476
  23   72   70 11.897619 11.102381
  77  388   70 65.266667 11.733333
  23   70   73 11.371429 11.628571
  77  384   73 64.340476 12.659524
  24   76   66 12.866667 11.133333
  76  392   66 65.366667 10.633333
  15   50   40 8.400000 6.600000
  85  470   40 78.557143 6.442857
  22   70   60 12.040476 9.959524
  78  410   60 68.279762 9.720238
  26   86   67 14.633333 11.366667
  74  380   67 63.290476 10.709524
  24   84   63 13.876190 10.123810
  76  390   63 65.385714 10.614286
  21   54   73 9.147619 11.852381
  79  400   73 67.019048 11.980952
  12   22   45 3.828571 8.171429
  88  488   45 80.825000 7.175000
  21   66   61 11.057143 9.942857
  79  412   61 68.738095 10.261905
  19   60   50 10.307143 8.692857
  81  440   50 72.914286 8.085714
  17   46   54 7.828571 9.171429
  83  446   54 74.233333 8.766667
  20   70   49 11.795238 8.204762
  80  432   49 71.957143 8.042857
  25   86   61 14.490476 10.509524
  75  392   61 65.070238 9.929762
  25   82   70 13.671429 11.328571
  75  378   70 63.195238 11.804762
  29  100   77 16.559524 12.440476
  71  346   77 57.891667 13.108333
  29  118   59 19.490476 9.509524
  71  364   59 61.166667 9.833333
  25   84   69 13.961508 11.038492
  75  378   69 63.380952 11.619048
  11   24   41 4.061905 6.938095
  89  494   41 82.269048 6.730952
  11   28   39 4.598810 6.401190
  89  494   39 82.536905 6.463095
  18   58   51 9.813095 8.186905
  82  440   51 73.570238 8.429762
  15   46   45 7.742857 7.257143
  85  464   45 77.700000 7.300000
   9   18   36 3.023810 5.976190
  91  510   36 85.104762 5.895238
  10   22   35 3.885714 6.114286
  90  508   35 84.552381 5.447619
  12   30   41 5.240476 6.759524
  88  488   41 81.190476 6.809524
  11   14   52 2.328571 8.671429
  89  482   52 80.482143 8.517857
   6    6   28 1.033333 4.966667
  94  538   28 89.554762 4.445238
   2    0   13 0.000000 2.000000
  98  574   13 95.797619 2.202381
 100  600    0 100.000000 0.000000
