   1    0    6 0.000000 1.000000
   1    0    7 0.000000 1.000000
   1    0    6 0.000000 1.000000
   1    0    6 0.000000 1.000000
   2    2    7 0.450000 1.550000
   1    0    6 0.000000 1.000000
   1    0    6 0.000000 1.000000
   1    0    7 0.000000 1.000000
   2    2    9 0.366667 1.633333
   2    2   10 0.333333 1.666667
   9   30   22 5.142857 3.857143
   1    0    7 0.000000 1.000000
   1    0    6 0.000000 1.000000
   1    0    6 0.000000 1.000000
   3    4   13 0.742857 2.257143
   6   16   19 2.835714 3.164286
   3    6   11 1.066667 1.933333
   1    0    7 0.000000 1.000000
   1    0    7 0.000000 1.000000
   3    4   13 0.733333 2.266667
   3    4   15 0.642857 2.357143
   1    0    7 0.000000 1.000000
   1    0    6 0.000000 1.000000
   1    0    5 0.000000 1.000000
   3    4   14 0.666667 2.333333
   1    0    6 0.000000 1.000000
   2    2    9 0.366667 1.633333
   1    0    6 0.000000 1.000000
   2    2    9 0.366667 1.633333
   1    0    6 0.000000 1.000000
   3    6   11 1.066667 1.933333
   1    0    7 0.000000 1.000000
   2    2   11 0.309524 1.690476
   1    0    6 0.000000 1.000000
   4    8   15 1.361905 2.638095
   1    0    6 0.000000 1.000000
   2    2   12 0.285714 1.714286
   4    8   16 1.409524 2.590476
   1    0    7 0.000000 1.000000
   1    0    7 0.000000 1.000000
   1    0    7 0.000000 1.000000
   1    0    6 0.000000 1.000000
   2    0   13 0.000000 2.000000
   3    4   15 0.642857 2.357143
   1    0    7 0.000000 1.000000
   1    0    7 0.000000 1.000000
   4    6   17 1.076190 2.923810
   5   10   18 1.728571 3.271429
   3    6   12 1.019048 1.980952
   1    0    6 0.000000 1.000000
   3    4   15 0.619048 2.380952
   1    0    6 0.000000 1.000000
   1    0    6 0.000000 1.000000
   1    0    6 0.000000 1.000000
   3    4   14 0.709524 2.290476
   1    0    5 0.000000 1.000000
   5   10   20 1.666667 3.333333
   9   18   34 3.142857 5.857143
   1    0    6 0.000000 1.000000
   2    2   11 0.309524 1.690476
   7   14   27 2.380952 4.619048
   4    8   16 1.333333 2.666667
   1    0    6 0.000000 1.000000
   5   14   15 2.466667 2.533333
   3    2   15 0.366667 2.633333
   1    0    6 0.000000 1.000000
   2    2    9 0.366667 1.633333
   3    4   14 0.676190 2.323810
   2    2   11 0.325000 1.675000
   2    2   11 0.309524 1.690476
   2    2   10 0.333333 1.666667
   4    6   19 0.952381 3.047619
   5   10   21 1.619048 3.380952
   2    2   11 0.309524 1.690476
   4   10   16 1.655556 2.344444
   1    0    7 0.000000 1.000000
   2    2   10 0.342857 1.657143
   1    0    6 0.000000 1.000000
   3    4   14 0.652381 2.347619
   3    2   15 0.366667 2.633333
   8   18   28 3.128571 4.871429
   6   16   19 2.850000 3.150000
   2    2   11 0.309524 1.690476
   1    0    7 0.000000 1.000000
   2    2   10 0.342857 1.657143
   1    0    6 0.000000 1.000000
   1    0    6 0.000000 1.000000
   2    0   12 0.000000 2.000000
  12   30   42 5.061905 6.938095
   5   10   20 1.652381 3.347619
  11   36   30 6.000000 5.000000
   4    8   13 1.600000 2.400000
   6   14   24 2.238095 3.761905
  16   56   38 9.542857 6.457143
   1    0    9 0.000000 1.000000
   2    2   10 0.333333 1.666667
   2    0   12 0.000000 2.000000
   5    8   22 1.425000 3.575000
   6   14   20 2.433333 3.566667
   6   14   21 2.400000 3.600000
   1    0    8 0.000000 1.000000
   3    4   13 0.700000 2.300000
   2    2   12 0.285714 1.714286
   3    2   15 0.366667 2.633333
   3    4   14 0.666667 2.333333
   5   14   16 2.357143 2.642857
   3    4   15 0.685714 2.314286
   2    2   10 0.333333 1.666667
   1    0    6 0.000000 1.000000
  13   30   46 5.242857 7.757143
   4    4   20 0.709524 3.290476
  17   60   42 10.171429 6.828571
   2    2    9 0.366667 1.633333
   5    8   21 1.400000 3.600000
  13   34   43 5.814286 7.185714
   1    0    7 0.000000 1.000000
   5   10   17 1.828571 3.171429
   7   16   28 2.627381 4.372619
   7   14   30 2.257143 4.742857
   8   26   23 4.304762 3.695238
   2    2   10 0.333333 1.666667
   3    2   14 0.366667 2.633333
   1    0    6 0.000000 1.000000
   6   14   25 2.242857 3.757143
   3    4   13 0.700000 2.300000
   1    0    5 0.000000 1.000000
  13   24   53 4.104762 8.895238
   3    0   19 0.000000 3.000000
  12   28   48 4.555556 7.444444
   1    0    7 0.000000 1.000000
  20   70   47 11.933333 8.066667
   5   12   19 1.952381 3.047619
   4    6   20 0.904762 3.095238
  15   50   42 8.147619 6.852381
   8   24   24 3.971429 4.028571
   2    2   10 0.333333 1.666667
   5   10   18 1.771429 3.228571
   1    0    6 0.000000 1.000000
   7   12   27 2.228571 4.771429
   2    2   11 0.309524 1.690476
  18   56   52 9.315476 8.684524
   4   10   14 1.675000 2.325000
  13   40   40 6.538095 6.461905
   7   22   18 3.809524 3.190476
  13   42   35 7.004762 5.995238
   2    2   11 0.325000 1.675000
   7   10   30 1.785714 5.214286
  12   16   51 2.876190 9.123810
   6   16   21 2.680952 3.319048
   1    0    6 0.000000 1.000000
   4    6   20 0.928571 3.071429
   7   24   19 4.000000 3.000000
   4    2   24 0.291667 3.708333
   7   14   28 2.333333 4.666667
  21   62   62 10.480952 10.519048
   1    0    6 0.000000 1.000000
   5    6   27 0.928571 4.071429
   3    4   15 0.642857 2.357143
  11   28   36 4.827381 6.172619
  10   20   42 3.142857 6.857143
  11   20   46 3.402381 7.597619
   6   10   25 1.761905 4.238095
   6   10   26 1.676190 4.323810
  14   50   34 8.366667 5.633333
   5    4   25 0.666667 4.333333
   2    0   13 0.000000 2.000000
  20   50   70 8.376190 11.623810
   2    2    9 0.366667 1.633333
   4    8   17 1.261905 2.738095
  13   32   46 5.407143 7.592857
  18   56   52 9.380952 8.619048
   9   14   38 2.461905 6.538095
   4    4   22 0.619048 3.380952
   6    8   30 1.334524 4.665476
  11   28   38 4.676190 6.323810
  11   26   37 4.590476 6.409524
   1    0    8 0.000000 1.000000
  15   32   59 5.473810 9.526190
   4    8   17 1.361905 2.638095
   3    4   16 0.610714 2.389286
  12   30   39 5.202381 6.797619
  19   68   47 11.515476 7.484524
   1    0    7 0.000000 1.000000
   8   16   30 2.747619 5.252381
   6    8   27 1.352381 4.647619
  13   36   43 6.157143 6.842857
  18   54   51 9.408333 8.591667
  10   20   43 3.242857 6.757143
   7   16   24 2.771429 4.228571
   6   12   22 2.100000 3.900000
  13   42   36 7.228571 5.771429
  18   60   51 9.940476 8.059524
   2    2    9 0.366667 1.633333
   6   10   24 1.761905 4.238095
   3    2   18 0.309524 2.690476
  13   40   36 6.847619 6.152381
  22   84   49 14.009524 7.990476
   3    2   19 0.285714 2.714286
  11   34   30 5.961905 5.038095
   6   12   23 2.028571 3.971429
  15   44   47 7.416667 7.583333
  15   40   46 7.071429 7.928571
   5   10   20 1.685714 3.314286
   5    8   22 1.328571 3.671429
   6   18   18 2.995238 3.004762
   7   16   28 2.547619 4.452381
  27  114   49 19.169048 7.830952
   4    6   18 1.019048 2.980952
  16   54   45 8.913095 7.086905
   7   14   29 2.211905 4.788095
  22   74   56 12.652381 9.347619
  15   32   56 5.376190 9.623810
   2    2   10 0.333333 1.666667
   5   14   16 2.304762 2.695238
   3    4   13 0.742857 2.257143
   6   10   29 1.523810 4.476190
  20   74   44 12.542857 7.457143
   6   10   25 1.666667 4.333333
  24   70   74 11.647619 12.352381
   9   24   29 4.100000 4.900000
  19   50   65 8.411905 10.588095
  16   36   60 6.176190 9.823810
   3    4   15 0.642857 2.357143
   4    8   15 1.419048 2.580952
   5   14   18 2.266667 2.733333
   6   14   21 2.442857 3.557143
   8   16   32 2.738095 5.261905
   3    2   16 0.333333 2.666667
  23   62   75 10.452381 12.547619
  12   44   29 7.500000 4.500000
  19   50   64 8.619048 10.380952
  19   46   68 7.960714 11.039286
   5   10   20 1.661905 3.338095
   1    0    6 0.000000 1.000000
   7   18   23 3.052381 3.947619
   3    2   17 0.309524 2.690476
   8   12   36 2.138095 5.861905
   3    4   13 0.742857 2.257143
  12   22   46 3.995238 8.004762
  12   40   33 6.690476 5.309524
  24   74   71 12.425000 11.575000
  16   36   61 6.133333 9.866667
   4    8   17 1.280952 2.719048
   1    0    6 0.000000 1.000000
  28  100   69 16.969444 11.030556
   1    0    7 0.000000 1.000000
  18   56   54 9.475000 8.525000
  10   28   32 4.707143 5.292857
  30   94   81 16.314286 13.685714
  22   64   68 10.985714 11.014286
   4   10   14 1.661905 2.338095
  15   42   50 6.847619 8.152381
  23   80   58 13.285714 9.714286
  15   48   43 8.046429 6.953571
  39  134   99 22.576190 16.423810
  17   40   61 6.891667 10.108333
   2    2   10 0.333333 1.666667
   4    2   23 0.333333 3.666667
  33  114   78 19.478571 13.521429
  15   44   45 7.414286 7.585714
  26   70   92 11.495238 14.504762
  21   72   57 11.823810 9.176190
   2    2    8 0.400000 1.600000
   3    4   14 0.652381 2.347619
  41  162   83 27.220238 13.779762
  18   60   48 10.107143 7.892857
  19   38   73 6.773810 12.226190
  20   70   53 11.651190 8.348810
   2    2   11 0.309524 1.690476
  48  222   67 37.080952 10.919048
  16   50   49 8.171429 7.828571
  19   46   66 7.800000 11.200000
  16   46   49 7.870238 8.129762
   1    0    5 0.000000 1.000000
  49  208   87 34.542857 14.457143
  16   54   38 9.223810 6.776190
  20   58   61 9.839286 10.160714
  15   48   46 7.804762 7.195238
  48  190  101 31.767857 16.232143
  18   62   49 10.347619 7.652381
  19   50   59 8.723810 10.276190
  15   30   59 5.071429 9.928571
  47  196   85 32.935714 14.064286
  21   70   55 11.851190 9.148810
  17   50   53 8.384524 8.615476
  15   36   55 6.104762 8.895238
  55  232   95 38.984524 16.015476
  18   38   67 6.692857 11.307143
   8   14   34 2.428571 5.571429
  19   42   78 6.838095 12.161905
  49  202   96 33.725000 15.275000
  16   34   65 5.495238 10.504762
   7   12   28 2.133333 4.866667
  28   76   87 13.100000 14.900000
  50  202   99 33.959524 16.040476
  15   24   67 4.061905 10.938095
  18   54   48 9.371429 8.628571
  17   34   72 5.501190 11.498810
  45  186   87 30.908333 14.091667
   7    2   41 0.333333 6.666667
  24   76   67 12.690476 11.309524
  24   72   69 12.083333 11.916667
  53  232   88 38.746429 14.253571
   8    8   43 1.304762 6.695238
  15   26   62 4.536905 10.463095
  24   68   73 11.778571 12.221429
  62  278   95 46.228571 15.771429
   4    2   20 0.366667 3.633333
  10   24   34 4.180952 5.819048
  24   74   73 12.004762 11.995238
  55  230   99 38.490476 16.509524
   3    2   18 0.285714 2.714286
  13   42   37 7.133333 5.866667
  29   96   76 16.225000 12.775000
  48  192   95 32.221429 15.778571
   2    0   13 0.000000 2.000000
  22   78   54 13.128571 8.871429
  28  104   64 17.419048 10.580952
  51  208   98 34.934524 16.065476
   4    8   17 1.280952 2.719048
  19   58   53 9.890476 9.109524
  26   92   66 15.244048 10.755952
  47  186   95 31.108333 15.891667
   6   14   23 2.290476 3.709524
  16   40   53 6.804762 9.195238
  31  118   71 19.545238 11.454762
  37  152   73 25.386905 11.613095
   5   12   16 2.104762 2.895238
  20   62   56 10.519048 9.480952
  38  164   65 27.516667 10.483333
  23   92   46 15.630952 7.369048
   2    0   14 0.000000 2.000000
  34  122   78 20.890476 13.109524
  41  166   82 27.611905 13.388095
  16   54   42 8.985714 7.014286
   4    4   18 0.742857 3.257143
  33  120   77 20.223810 12.776190
  47  180  105 29.822619 17.177381
  14   42   43 7.119048 6.880952
   9   24   25 4.457143 4.542857
  41  180   68 30.096429 10.903571
  36  126   92 21.090476 14.909524
   9   14   42 2.223810 6.776190
   7   16   29 2.571429 4.428571
  34  140   67 22.986111 11.013889
  50  180  112 30.616667 19.383333
   7   10   34 1.626190 5.373810
   5   10   20 1.675000 3.325000
  24   74   69 12.396429 11.603571
  64  270  113 45.140476 18.859524
   3    2   15 0.342857 2.657143
  11   28   38 4.704762 6.295238
  29  128   44 21.619048 7.380952
  57  258   87 42.736905 14.263095
   3    4   13 0.700000 2.300000
   6   14   22 2.352381 3.647619
  42  186   64 31.285714 10.714286
  49  212   85 35.271429 13.728571
   9   24   28 4.104762 4.895238
  43  186   71 31.200000 11.800000
  48  196   95 32.713095 15.286905
   4    4   21 0.642857 3.357143
  34  138   68 22.861905 11.138095
  62  290   79 48.739286 13.260714
  11   32   31 5.509524 5.490476
  34  138   66 23.219048 10.780952
  55  240   93 39.895238 15.104762
   3    2   15 0.366667 2.633333
  31  108   81 17.711905 13.288095
  66  306   88 51.070238 14.929762
   2    2   11 0.309524 1.690476
  31  102   80 17.395238 13.604762
  67  314   91 52.323810 14.676190
  34  128   78 21.438095 12.561905
  66  316   78 53.104762 12.895238
  35  130   81 21.698810 13.301190
  65  308   81 51.519048 13.480952
  50  206   94 34.672619 15.327381
  50  206   94 34.479762 15.520238
  54  238   88 39.957143 14.042857
  46  186   88 31.490476 14.509524
  60  280   81 46.542857 13.457143
  40  158   81 26.355952 13.644048
  55  250   81 41.564286 13.435714
  45  188   81 31.575000 13.425000
  63  288   93 47.775000 15.225000
  37  126   93 21.314286 15.685714
  68  324   84 54.119048 13.880952
  32  108   84 18.133333 13.866667
  61  280   93 46.092063 14.907937
  39  134   93 22.716667 16.283333
  60  252  107 42.405952 17.594048
  40  134  107 22.569048 17.430952
  58  256   97 42.457143 15.542857
  42  150   97 25.451190 16.548810
  53  228   89 38.107143 14.892857
  47  194   89 32.447619 14.552381
  41  160   90 26.615476 14.384524
  59  260   90 43.807143 15.192857
  41  164   88 26.934524 14.065476
  59  260   88 43.685714 15.314286
  49  192   98 32.547619 16.452381
  51  212   98 35.386905 15.613095
  40  138   99 23.233333 16.766667
  60  264   99 43.751190 16.248810
  26   82   72 13.933333 12.066667
  74  374   72 62.333333 11.666667
  32   96  100 16.014286 15.985714
  68  304  100 51.166667 16.833333
  21   56   71 9.407143 11.592857
  79  402   71 67.073810 11.926190
  24   70   77 11.667857 12.332143
  76  376   77 62.927381 13.072619
  21   56   73 9.242857 11.757143
  79  398   73 66.580952 12.419048
  11   16   53 2.557143 8.442857
  89  478   53 80.071429 8.928571
  11   24   36 4.371429 6.628571
  89  504   36 83.389286 5.610714
  12   34   37 5.709524 6.290476
  88  492   37 81.942857 6.057143
  16   44   53 7.453571 8.546429
  84  450   53 75.270238 8.729762
  19   58   59 9.600000 9.400000
  81  424   59 70.970238 10.029762
  24   82   62 13.913095 10.086905
  76  394   62 65.847619 10.152381
  34  122   78 20.722619 13.277381
  66  322   78 53.227381 12.772619
  46  186   92 31.110714 14.889286
  54  230   92 38.685714 15.314286
  34  108  101 17.907143 16.092857
  66  290  101 48.890476 17.109524
  20   36   84 6.045238 13.954762
  80  396   84 66.301190 13.698810
  26   92   62 15.600000 10.400000
  74  384   62 64.125000 9.875000
  36  126   91 21.271429 14.728571
  64  292   91 48.934524 15.065476
  35  126   85 21.222619 13.777381
  65  304   85 50.945238 14.054762
  34  120   83 20.350000 13.650000
  66  314   83 52.346429 13.653571
  36  124   92 20.844048 15.155952
  64  292   92 48.692857 15.307143
  41  156   92 25.985714 15.014286
  59  260   92 43.767857 15.232143
  54  236   88 39.755952 14.244048
  46  188   88 31.464286 14.535714
  48  194   95 32.338095 15.661905
  52  216   95 36.147619 15.852381
  44  166   98 27.790476 16.209524
  56  238   98 39.980952 16.019048
  43  170   87 28.433333 14.566667
  57  256   87 42.688095 14.311905
  39  144   98 23.596429 15.403571
  61  260   98 44.207143 16.792857
  45  150  113 25.620238 19.379762
  55  224  113 37.080952 17.919048
  40  132  112 21.807143 18.192857
  60  244  112 41.119048 18.880952
  23   56   84 9.444048 13.555952
  77  376   84 62.991667 14.008333
  25   54   91 9.435714 15.564286
  75  364   91 60.476190 14.523810
  13   20   60 3.342857 9.657143
  87  460   60 76.800000 10.200000
  18   46   61 7.895238 10.104762
  82  432   61 72.055952 9.944048
  17   44   56 7.514286 9.485714
  83  444   56 73.951190 9.048810
  20   54   68 9.061905 10.938095
  80  410   68 68.445238 11.554762
  17   36   70 5.985714 11.014286
  83  424   70 71.323810 11.676190
  17   44   56 7.652381 9.347619
  83  444   56 73.921429 9.078571
  11   28   40 4.594048 6.405952
  89  492   40 82.319048 6.680952
  13   40   37 6.945238 6.054762
  87  486   37 80.927381 6.072619
  12   28   42 4.763095 7.236905
  88  488   42 81.291667 6.708333
  16   40   56 6.914286 9.085714
  84  448   56 74.732143 9.267857
  16   50   51 8.246429 7.753571
  84  448   51 75.127381 8.872619
  17   62   38 10.483333 6.516667
  83  462   38 76.992857 6.007143
  11   36   31 6.000000 5.000000
  89  502   31 83.908333 5.091667
   6   10   27 1.666667 4.333333
  94  536   27 89.454762 4.545238
   5    6   21 1.133333 3.866667
  95  552   21 91.766667 3.233333
   3    2   17 0.325000 2.675000
  97  564   17 94.103571 2.896429
   2    2   10 0.333333 1.666667
  98  578   10 96.338095 1.661905
   2    2   11 0.309524 1.690476
  98  576   11 96.147619 1.852381
   3    4   16 0.595238 2.404762
  97  564   16 94.216667 2.783333
   5   12   16 2.185714 2.814286
  95  556   16 92.609524 2.390476
   3    6   14 0.935714 2.064286
  97  566   14 94.554762 2.445238
   5   14   16 2.395238 2.604762
  95  554   16 92.328571 2.671429
   3    4   14 0.676190 2.323810
  97  568   14 94.728571 2.271429
   6   16   17 2.950000 3.050000
  94  550   17 91.494048 2.505952
   6   10   29 1.575000 4.425000
  94  532   29 89.054762 4.945238
   9   22   32 3.666667 5.333333
  91  514   32 85.638095 5.361905
   7   12   34 1.833333 5.166667
  93  520   34 87.069048 5.930952
   9   20   31 3.414286 5.585714
  91  518   31 85.979762 5.020238
   7   20   22 3.502381 3.497619
  93  536   22 89.561905 3.438095
   8   16   30 2.747619 5.252381
  92  524   30 87.300000 4.700000
   8   18   31 2.890476 5.109524
  92  520   31 86.853571 5.146429
   4    8   17 1.328571 2.671429
  96  558   17 93.128571 2.871429
   2    0   12 0.000000 2.000000
  98  576   12 95.998810 2.001190
   4    6   16 1.142857 2.857143
  96  562   16 93.427381 2.572619
   1    0    6 0.000000 1.000000
  99  588    6 98.014286 0.985714
   3    4   15 0.642857 2.357143
  97  566   15 94.452381 2.547619
   6   18   18 3.266667 2.733333
  94  546   18 91.045238 2.954762
   5   12   20 1.957143 3.042857
  95  548   20 91.520238 3.479762
   3    4   13 0.700000 2.300000
  97  570   13 94.963095 2.036905
   3    6   14 0.935714 2.064286
  97  566   14 94.614286 2.385714
   4    8   15 1.419048 2.580952
  96  562   15 93.623810 2.376190
 100  600    0 100.000000 0.000000
