   3    4   12 0.766667 2.233333
   1    0    7 0.000000 1.000000
   3    4   14 0.652381 2.347619
   2    2   10 0.342857 1.657143
   1    0    6 0.000000 1.000000
   1    0    8 0.000000 1.000000
   1    0    7 0.000000 1.000000
   2    2   11 0.309524 1.690476
   3    4   15 0.685714 2.314286
   1    0    7 0.000000 1.000000
   1    0    6 0.000000 1.000000
   1    0    7 0.000000 1.000000
   1    0    7 0.000000 1.000000
   6   16   19 2.808333 3.191667
   1    0    7 0.000000 1.000000
   3    6   11 1.066667 1.933333
   3    4   15 0.642857 2.357143
   1    0    7 0.000000 1.000000
   1    0    5 0.000000 1.000000
   1    0    7 0.000000 1.000000
   1    0    6 0.000000 1.000000
   1    0    6 0.000000 1.000000
   3    4   13 0.700000 2.300000
   3    6   11 1.085714 1.914286
   1    0    7 0.000000 1.000000
   4    8   17 1.309524 2.690476
   1    0    6 0.000000 1.000000
   1    0    7 0.000000 1.000000
   2    2    8 0.400000 1.600000
   1    0    6 0.000000 1.000000
   2    2   10 0.333333 1.666667
   1    0    6 0.000000 1.000000
   2    2   11 0.309524 1.690476
   5   12   18 2.107143 2.892857
   2    2    9 0.366667 1.633333
   1    0    6 0.000000 1.000000
   3    6   11 1.066667 1.933333
   1    0    5 0.000000 1.000000
   1    0    6 0.000000 1.000000
   4   10   13 1.933333 2.066667
   1    0    8 0.000000 1.000000
   1    0    5 0.000000 1.000000
   2    2    8 0.400000 1.600000
   4    8   15 1.400000 2.600000
   1    0    7 0.000000 1.000000
   1    0    5 0.000000 1.000000
   1    0    6 0.000000 1.000000
   5   14   15 2.438095 2.561905
   1    0    6 0.000000 1.000000
   1    0    6 0.000000 1.000000
   3    6   12 1.019048 1.980952
   1    0    6 0.000000 1.000000
   1    0    5 0.000000 1.000000
   2    2   10 0.333333 1.666667
   2    2   10 0.333333 1.666667
   3    4   14 0.666667 2.333333
   3    6   13 0.952381 2.047619
   2    2    8 0.416667 1.583333
   1    0    6 0.000000 1.000000
   5   12   17 2.066667 2.933333
   1    0    5 0.000000 1.000000
   4    4   18 0.766667 3.233333
   2    2    9 0.366667 1.633333
   5    6   24 1.000000 4.000000
   1    0    6 0.000000 1.000000
   1    0    8 0.000000 1.000000
   2    2   11 0.309524 1.690476
   7   20   23 3.238095 3.761905
   2    2   12 0.285714 1.714286
   3    2   17 0.366667 2.633333
   1    0    6 0.000000 1.000000
   1    0    7 0.000000 1.000000
   5   10   19 1.828571 3.171429
   1    0    7 0.000000 1.000000
   2    2   10 0.333333 1.666667
   4    8   16 1.428571 2.571429
   1    0    6 0.000000 1.000000
   3    6   12 1.000000 2.000000
   2    2   10 0.333333 1.666667
   1    0    5 0.000000 1.000000
   6   12   25 1.945238 4.054762
   1    0    5 0.000000 1.000000
   1    0    6 0.000000 1.000000
   6   10   27 1.710714 4.289286
   1    0    6 0.000000 1.000000
   3    4   16 0.595238 2.404762
   8   24   23 4.238095 3.761905
   1    0    6 0.000000 1.000000
   4   10   12 1.866667 2.133333
   1    0    5 0.000000 1.000000
   1    0    6 0.000000 1.000000
   2    2    9 0.366667 1.633333
   2    2   10 0.342857 1.657143
   1    0    7 0.000000 1.000000
   2    2    9 0.366667 1.633333
   2    2    9 0.366667 1.633333
   4    8   16 1.333333 2.666667
   3    4   11 0.816667 2.183333
   3    4   13 0.742857 2.257143
   4    4   20 0.685714 3.314286
   6   14   24 2.257143 3.742857
   3    4   13 0.685714 2.314286
   1    0    7 0.000000 1.000000
   1    0    6 0.000000 1.000000
   7   22   19 3.860714 3.139286
   2    2   11 0.309524 1.690476
   7   18   24 3.080952 3.919048
   2    2   10 0.333333 1.666667
   1    0    7 0.000000 1.000000
   5    8   24 1.238095 3.761905
   2    2   11 0.309524 1.690476
   8   14   34 2.404762 5.595238
   3    6   11 1.085714 1.914286
   1    0    7 0.000000 1.000000
  12   32   41 5.380952 6.619048
   6   16   18 2.754762 3.245238
   4    6   18 1.019048 2.980952
   4    8   19 1.214286 2.785714
   2    2    8 0.400000 1.600000
   2    2    8 0.400000 1.600000
   2    2   10 0.333333 1.666667
   8   14   34 2.385714 5.614286
   1    0    6 0.000000 1.000000
   1    0    6 0.000000 1.000000
   6   14   20 2.461905 3.538095
   8   10   35 1.750000 6.250000
   1    0    6 0.000000 1.000000
   3    4   15 0.619048 2.380952
   1    0    6 0.000000 1.000000
   8   24   26 3.909524 4.090476
   2    2    9 0.366667 1.633333
   1    0    5 0.000000 1.000000
   5    6   21 1.133333 3.866667
   1    0    6 0.000000 1.000000
  10   18   45 2.991667 7.008333
   8   22   25 3.823810 4.176190
  11   24   43 3.990476 7.009524
  11   32   36 5.144048 5.855952
   3    2   20 0.267857 2.732143
   7   16   26 2.742857 4.257143
   3    6   12 1.019048 1.980952
   4    8   15 1.375000 2.625000
   6    8   28 1.385714 4.614286
   5   10   21 1.619048 3.380952
   4    2   22 0.333333 3.666667
   2    2   11 0.309524 1.690476
   1    0    6 0.000000 1.000000
   5    8   22 1.345238 3.654762
   5   14   16 2.361905 2.638095
   3    4   16 0.619048 2.380952
   1    0    8 0.000000 1.000000
   1    0    9 0.000000 1.000000
  18   54   52 9.158333 8.841667
   5   10   19 1.695238 3.304762
  11   16   48 2.742857 8.257143
  15   58   31 9.933333 5.066667
   1    0    5 0.000000 1.000000
  10   26   33 4.319048 5.680952
   3    4   14 0.709524 2.290476
   1    0    5 0.000000 1.000000
   7   14   24 2.600000 4.400000
   6   10   24 1.833333 4.166667
   6   10   25 1.766667 4.233333
   3    4   11 0.816667 2.183333
   6    6   33 0.976190 5.023810
   3    2   15 0.366667 2.633333
   4    8   19 1.226190 2.773810
   1    0    9 0.000000 1.000000
   1    0    7 0.000000 1.000000
  14   30   53 5.128571 8.871429
   6   14   24 2.238095 3.761905
  10   20   41 3.371429 6.628571
  17   64   41 10.673810 6.326190
   1    0    6 0.000000 1.000000
  11   28   35 4.809524 6.190476
   8   20   26 3.428571 4.571429
   2    2   10 0.342857 1.657143
   9   22   29 3.800000 5.200000
   4    4   19 0.766667 3.233333
  11   36   31 5.909524 5.090476
   4   10   11 2.016667 1.983333
  10   18   44 2.919048 7.080952
   2    0   11 0.000000 2.000000
   1    0    7 0.000000 1.000000
   2    2   11 0.309524 1.690476
   1    0    5 0.000000 1.000000
   6   12   26 1.904762 4.095238
   1    0    6 0.000000 1.000000
  10   26   33 4.397619 5.602381
  20   60   64 9.857143 10.142857
   1    0    6 0.000000 1.000000
   8   10   39 1.642857 6.357143
   6   16   18 2.766667 3.233333
  10   24   36 4.038095 5.961905
   5   10   21 1.619048 3.380952
  17   60   42 10.195238 6.804762
   5   14   16 2.333333 2.666667
   7    8   33 1.376190 5.623810
   1    0    5 0.000000 1.000000
   1    0    8 0.000000 1.000000
   3    6   13 0.952381 2.047619
   2    2   11 0.325000 1.675000
  10   20   40 3.447619 6.552381
   3    0   17 0.000000 3.000000
  23   76   63 12.632143 10.367857
   7   10   31 1.742857 5.257143
   1    0    6 0.000000 1.000000
  11   30   35 5.147619 5.852381
   3    4   14 0.652381 2.347619
  23   76   63 12.584524 10.415476
   4    8   16 1.333333 2.666667
   5    4   29 0.619048 4.380952
   1    0    7 0.000000 1.000000
   3    4   13 0.733333 2.266667
   9   14   38 2.419048 6.580952
   6    6   29 1.066667 4.933333
  32  124   66 21.154762 10.845238
   2    2   12 0.285714 1.714286
   9   18   32 3.300000 5.700000
   3    6   11 1.066667 1.933333
  15   34   55 5.859524 9.140476
   7   22   22 3.505952 3.494048
   4    2   24 0.309524 3.690476
   2    2   10 0.342857 1.657143
   4    8   17 1.285714 2.714286
  10   22   38 3.676190 6.323810
  13   38   38 6.704762 6.295238
  31  108   81 17.866667 13.133333
   2    2   10 0.333333 1.666667
  13   38   40 6.371429 6.628571
   2    2   11 0.309524 1.690476
  15   34   55 5.895238 9.104762
   5   14   17 2.257143 2.742857
   6   10   24 1.828571 4.171429
   2    0   12 0.000000 2.000000
   6   16   20 2.600000 3.400000
   9   26   26 4.420238 4.579762
  10   16   48 2.523810 7.476190
  32  124   67 20.938095 11.061905
  15   48   42 8.023810 6.976190
   3    4   13 0.733333 2.266667
  22   84   49 14.054762 7.945238
   1    0    6 0.000000 1.000000
   8   14   35 2.342857 5.657143
   2    2   11 0.325000 1.675000
   7   18   26 2.909524 4.090476
   5    6   25 1.052381 3.947619
  37  144   73 24.541667 12.458333
  10   16   38 3.000000 7.000000
   3    2   16 0.366667 2.633333
  28  112   61 18.469048 9.530952
   1    0    6 0.000000 1.000000
   7   10   31 1.833333 5.166667
   2    2   11 0.309524 1.690476
   7   12   31 1.985714 5.014286
   5   10   17 1.811905 3.188095
  37  158   67 26.194048 10.805952
  16   34   60 5.830952 10.169048
   3    4   16 0.625000 2.375000
  17   30   74 4.995238 12.004762
   2    2   10 0.342857 1.657143
  11   24   41 4.142857 6.857143
   1    0    6 0.000000 1.000000
   7   18   23 3.090476 3.909524
   6   14   22 2.328571 3.671429
  37  132   90 22.080952 14.919048
  15   34   56 5.719048 9.280952
   4    8   14 1.576190 2.423810
   7    4   40 0.666667 6.333333
   2    2   10 0.333333 1.666667
   9   14   40 2.369048 6.630952
   9   22   31 3.780952 5.219048
  14   46   37 7.919048 6.080952
  40  144   98 23.814286 16.185714
  15   32   59 5.319048 9.680952
   8   22   26 3.705952 4.294048
   4    2   21 0.366667 3.633333
   1    0    6 0.000000 1.000000
  10   20   43 3.233333 6.766667
  11   24   39 4.247619 6.752381
  13   44   35 7.385714 5.614286
  38  120  107 20.208333 17.791667
  25   76   72 13.114286 11.885714
   7   18   24 3.000000 4.000000
   5   14   18 2.190476 2.809524
  11   24   41 4.083333 6.916667
  17   66   35 11.080952 5.919048
   4    6   17 1.019048 2.980952
  31  108   81 17.952381 13.047619
  18   56   51 9.550000 8.450000
   5    8   24 1.292857 3.707143
   6   14   22 2.380952 3.619048
  10   18   41 3.171429 6.828571
  19   66   50 11.061905 7.938095
   3    6   12 1.019048 1.980952
  39  138   94 23.269048 15.730952
  19   48   63 8.185714 10.814286
   8   28   19 4.804762 3.195238
   9   12   44 1.971429 7.028571
  26  104   54 17.305952 8.694048
   2    2   12 0.285714 1.714286
  36  130   84 21.883333 14.116667
  20   50   65 8.733333 11.266667
   7   16   26 2.728571 4.271429
  11   22   43 3.742857 7.257143
  27  100   62 16.709524 10.290476
   3    6   12 1.019048 1.980952
  32  114   84 18.675000 13.325000
  23   80   59 13.275000 9.725000
  11   34   30 5.823810 5.176190
   5   10   21 1.523810 3.476190
  35  142   64 24.257143 10.742857
   6   18   19 2.966667 3.033333
  20   60   63 10.054762 9.945238
  24   74   68 12.609524 11.390476
   9   20   33 3.514286 5.485714
   3    6   11 1.085714 1.914286
  34  116   90 19.305952 14.694048
   9   22   33 3.638095 5.361905
  21   66   61 10.873810 10.126190
  33  114   80 19.315476 13.684524
   4    4   21 0.709524 3.290476
   2    2    9 0.366667 1.633333
  36  156   63 26.014286 9.985714
  13   36   41 6.057143 6.942857
  12   28   46 4.542857 7.457143
  31  104   78 17.666667 13.333333
   4    6   17 1.109524 2.890476
  40  158   86 26.541667 13.458333
  15   46   48 7.708333 7.291667
  10   16   41 2.842857 7.157143
  27  104   57 17.533333 9.466667
   9   28   27 4.685714 4.314286
  40  176   65 29.507143 10.492857
  15   40   46 7.038095 7.961905
   9   18   39 2.915476 6.084524
  27  104   55 17.775000 9.225000
   6   18   19 2.957143 3.042857
  36  132   84 21.860714 14.139286
  26   88   69 14.565079 11.434921
   5    6   25 1.019048 3.980952
  30  104   73 17.523810 12.476190
   6   12   23 2.109524 3.890476
  29   88   84 14.895238 14.104762
  21   48   82 7.733333 13.266667
  14   36   50 6.157143 7.842857
  24   76   71 12.600000 11.400000
   1    0    6 0.000000 1.000000
  35  102  106 17.295238 17.704762
  26   80   75 13.785714 12.214286
  14   26   58 4.376190 9.623810
  13   30   51 5.041667 7.958333
   2    2   10 0.333333 1.666667
  38  142   85 24.101190 13.898810
  28   98   71 16.442857 11.557143
  19   46   65 7.980952 11.019048
   9   14   42 2.257143 6.742857
   2    2    9 0.366667 1.633333
  40  152   87 25.459524 14.540476
  22   56   82 8.980952 13.019048
  27   76   80 13.033333 13.966667
  11   22   41 3.795238 7.204762
   4   10   14 1.666667 2.333333
  34  126   83 20.528571 13.471429
  24   74   67 12.676190 11.323810
  27   90   73 15.042857 11.957143
  13   42   37 6.984524 6.015476
   6   16   22 2.600000 3.400000
  39  162   72 27.100000 11.900000
  20   54   62 9.428571 10.571429
  22   78   55 13.042857 8.957143
   8   16   32 2.638095 5.361905
   2    2    8 0.400000 1.600000
  34  138   71 22.871429 11.128571
  22   60   71 10.176190 11.823810
  34  130   72 21.867857 12.132143
   9   30   23 5.088889 3.911111
  28  106   66 17.684524 10.315476
  14   34   48 5.776190 8.223810
  49  210   83 35.197619 13.802381
  17   62   41 10.338095 6.661905
  31  126   59 21.261905 9.738095
  14   36   47 6.119048 7.880952
  38  150   79 25.145238 12.854762
  12   44   29 7.238095 4.761905
  34  154   52 25.809524 8.190476
  14   26   57 4.514286 9.485714
  40  146   92 24.571429 15.428571
   9   26   31 4.276190 4.723810
  32  144   50 23.809524 8.190476
  14   30   51 5.123810 8.876190
  45  196   72 32.897619 12.102381
   1    0    6 0.000000 1.000000
  28  118   49 19.823810 8.176190
  17   44   58 7.469048 9.530952
  54  246   79 41.035714 12.964286
  18   62   45 10.442857 7.557143
  15   36   54 6.014286 8.985714
  67  328   75 54.727381 12.272619
  11   26   43 4.214286 6.785714
  13   32   47 5.338095 7.661905
  76  372   80 62.370238 13.629762
   8   16   31 2.766667 5.233333
  14   30   56 4.866667 9.133333
  78  388   79 64.932143 13.067857
  12   28   42 4.879762 7.120238
  10   22   40 3.585714 6.414286
  78  390   78 65.491667 12.508333
   8   20   28 3.319048 4.680952
   7    8   34 1.342857 5.657143
  85  456   54 76.089286 8.910714
   7   20   22 3.385714 3.614286
   9   12   38 2.292857 6.707143
  84  450   58 74.703571 9.296429
   6   10   24 1.766667 4.233333
   8   16   31 2.752381 5.247619
  86  472   47 78.427381 7.572619
   9   18   32 3.266667 5.733333
   6   14   22 2.304762 3.695238
  85  466   48 77.280952 7.719048
  14   52   31 8.880952 5.119048
   9   24   32 3.904762 5.095238
  77  406   55 67.842857 9.157143
  22   82   44 14.119048 7.880952
   6   10   27 1.685714 4.314286
  72  370   67 61.403175 10.596825
  19   76   38 12.595238 6.404762
   9   24   28 4.304762 4.695238
  72  372   62 61.696825 10.303175
  22   76   53 12.980952 9.019048
   7   16   26 2.728571 4.271429
  71  354   75 58.767857 12.232143
  36  158   60 26.361905 9.638095
   2    0   12 0.000000 2.000000
  62  302   68 50.742857 11.257143
  40  168   66 28.526190 11.473810
   3    2   16 0.333333 2.666667
  57  270   78 44.748810 12.251190
  48  220   69 36.676190 11.323810
  52  242   69 40.329762 11.670238
  58  266   81 44.702778 13.297222
  42  172   81 28.755952 13.244048
  67  326   74 54.513095 12.486905
  33  126   74 20.947619 12.052381
  69  336   73 56.577381 12.422619
  31  118   73 19.526190 11.473810
  78  402   67 66.921429 11.078571
  22   64   67 10.864286 11.135714
  80  438   44 73.057143 6.942857
  20   74   44 12.817857 7.182143
  90  512   32 85.026190 4.973810
  10   24   32 4.302381 5.697619
  83  448   47 74.811905 8.188095
  17   58   47 9.507143 7.492857
  80  426   55 70.866667 9.133333
  20   64   55 10.697619 9.302381
  79  420   52 70.290476 8.709524
  21   76   52 12.633333 8.366667
  79  420   55 70.114286 8.885714
  21   70   55 11.914286 9.085714
  78  416   54 69.289286 8.710714
  22   76   54 12.984524 9.015476
  82  422   68 70.828571 11.171429
  18   42   68 7.019048 10.980952
  80  432   50 71.820238 8.179762
  20   68   50 11.380952 8.619048
  80  438   44 72.890476 7.109524
  20   74   44 12.566667 7.433333
  79  430   42 71.904762 7.095238
  21   86   42 14.328571 6.671429
  81  434   50 72.564286 8.435714
  19   66   50 10.827381 8.172619
  74  378   65 62.928571 11.071429
  26   92   65 15.471429 10.528571
  64  306   78 51.247619 12.752381
  36  138   78 22.960714 13.039286
  65  310   81 51.778571 13.221429
  35  128   81 21.677381 13.322619
  63  296   79 49.673810 13.326190
  37  146   79 24.202381 12.797619
  56  256   82 42.760714 13.239286
  44  180   82 30.352381 13.647619
  65  332   57 55.409524 9.590476
  35  154   57 25.735714 9.264286
  62  306   66 51.036905 10.963095
  38  162   66 27.155556 10.844444
  66  322   76 53.758333 12.241667
  34  126   76 21.260714 12.739286
  62  292   83 48.691667 13.308333
  38  142   83 24.009524 13.990476
  63  288   86 48.348810 14.651190
  37  140   86 23.285714 13.714286
  62  276   97 45.819048 16.180952
  38  130   97 21.733333 16.266667
  50  192  104 32.380952 17.619048
  50  200  104 33.323810 16.676190
  51  210   97 35.057143 15.942857
  49  196   97 32.807143 16.192857
  56  240   96 40.494048 15.505952
  44  168   96 28.119048 15.880952
  57  232  110 38.761905 18.238095
  43  148  110 24.695238 18.304762
  60  240  121 40.275000 19.725000
  40  118  121 20.010714 19.989286
  64  260  120 44.051190 19.948810
  36  100  120 16.980952 19.019048
  50  196  104 32.663095 17.336905
  50  196  104 32.700000 17.300000
  48  190   95 32.005952 15.994048
  52  220   95 36.566667 15.433333
  54  234   87 39.271429 14.728571
  46  192   87 32.091667 13.908333
  48  184  105 30.814286 17.185714
  52  206  105 34.801190 17.198810
  33  104   97 17.279762 15.720238
  67  302   97 50.640476 16.359524
  32  102   91 17.045238 14.954762
  68  316   91 52.709524 15.290476
  27   80   84 13.448810 13.551190
  73  352   84 59.009524 13.990476
  15   44   47 7.447619 7.552381
  85  462   47 77.214286 7.785714
  11   32   35 5.338095 5.661905
  89  498   35 83.175000 5.825000
  10   22   36 3.823810 6.176190
  90  506   36 84.201190 5.798810
   5    8   22 1.304762 3.695238
  95  548   22 91.366667 3.633333
   3    0   17 0.000000 3.000000
  97  566   17 94.276190 2.723810
   9   24   30 4.095238 4.904762
  91  516   30 85.989286 5.010714
  13   46   31 7.947619 5.052381
  87  492   31 82.008333 4.991667
   6    6   31 1.019048 4.980952
  94  532   31 88.931746 5.068254
   4    2   23 0.333333 3.666667
  96  552   23 92.140476 3.859524
   6    8   27 1.395238 4.604762
  94  538   27 89.675000 4.325000
   6   10   28 1.671429 4.328571
  94  534   28 89.171429 4.828571
   9   14   43 2.257143 6.742857
  91  500   43 83.875000 7.125000
   9   18   35 3.123810 5.876190
  91  512   35 85.252381 5.747619
   7   10   29 1.809524 5.190476
  93  532   29 88.447619 4.552381
   3    2   17 0.333333 2.666667
  97  564   17 94.079762 2.920238
   2    0   11 0.000000 2.000000
  98  578   11 96.294048 1.705952
   1    0    7 0.000000 1.000000
  99  586    7 97.780952 1.219048
 100  600    0 100.000000 0.000000
