   1    0    7 0.000000 1.000000
   2    2    8 0.416667 1.583333
   5   12   18 2.042857 2.957143
   1    0    7 0.000000 1.000000
   1    0    6 0.000000 1.000000
   2    2   11 0.309524 1.690476
   1    0    5 0.000000 1.000000
   1    0    6 0.000000 1.000000
   2    2    8 0.400000 1.600000
   1    0    6 0.000000 1.000000
   1    0    6 0.000000 1.000000
   1    0    7 0.000000 1.000000
   2    2    9 0.366667 1.633333
   1    0    7 0.000000 1.000000
   1    0    6 0.000000 1.000000
   3    6   12 1.000000 2.000000
   1    0    6 0.000000 1.000000
   2    2   10 0.333333 1.666667
   1    0    7 0.000000 1.000000
   1    0    6 0.000000 1.000000
   1    0    6 0.000000 1.000000
   2    2   11 0.309524 1.690476
   1    0    7 0.000000 1.000000
   4   10   14 1.685714 2.314286
   1    0    6 0.000000 1.000000
   1    0    5 0.000000 1.000000
   1    0    7 0.000000 1.000000
   3    4   13 0.700000 2.300000
   1    0    7 0.000000 1.000000
   1    0    6 0.000000 1.000000
   1    0    6 0.000000 1.000000
   4    8   14 1.433333 2.566667
   2    2   10 0.342857 1.657143
   1    0    5 0.000000 1.000000
   1    0    6 0.000000 1.000000
   3    6   13 0.952381 2.047619
   1    0    8 0.000000 1.000000
   1    0    5 0.000000 1.000000
   5   10   22 1.595238 3.404762
   2    2   11 0.309524 1.690476
   1    0    5 0.000000 1.000000
   3    6   10 1.133333 1.866667
   1    0    6 0.000000 1.000000
   1    0    6 0.000000 1.000000
   1    0    8 0.000000 1.000000
   1    0    6 0.000000 1.000000
   1    0    7 0.000000 1.000000
   1    0    6 0.000000 1.000000
   2    2    9 0.366667 1.633333
   1    0    6 0.000000 1.000000
   1    0    6 0.000000 1.000000
   1    0    8 0.000000 1.000000
   1    0    6 0.000000 1.000000
   1    0    5 0.000000 1.000000
   5   12   16 2.200000 2.800000
   5   12   17 2.142857 2.857143
   2    2    8 0.400000 1.600000
   3    4   15 0.642857 2.357143
   5   12   17 2.061905 2.938095
   3    4   13 0.700000 2.300000
   2    2   12 0.285714 1.714286
   2    2   10 0.342857 1.657143
   2    2   11 0.309524 1.690476
   1    0    7 0.000000 1.000000
   2    2    9 0.366667 1.633333
   6   14   25 2.213095 3.786905
   1    0    6 0.000000 1.000000
  10   30   29 5.047619 4.952381
   1    0    6 0.000000 1.000000
   1    0    6 0.000000 1.000000
   2    2   10 0.333333 1.666667
   6   12   22 2.152381 3.847619
   2    2   11 0.309524 1.690476
   2    2   11 0.309524 1.690476
   1    0    6 0.000000 1.000000
   2    2   11 0.309524 1.690476
   1    0    6 0.000000 1.000000
   1    0    5 0.000000 1.000000
   1    0    6 0.000000 1.000000
   3    2   15 0.366667 2.633333
   2    2    9 0.366667 1.633333
   1    0    6 0.000000 1.000000
   5   10   22 1.571429 3.428571
   1    0    6 0.000000 1.000000
   3    4   13 0.685714 2.314286
   3    4   13 0.700000 2.300000
   1    0    7 0.000000 1.000000
   3    4   15 0.642857 2.357143
   1    0    5 0.000000 1.000000
   2    2   10 0.333333 1.666667
   1    0    6 0.000000 1.000000
  10   32   29 5.238095 4.761905
   3    4   12 0.766667 2.233333
   7   18   23 3.071429 3.928571
  11   42   23 7.247619 3.752381
   9   32   20 5.566667 3.433333
   3    4   12 0.733333 2.266667
   2    2   11 0.309524 1.690476
   1    0    7 0.000000 1.000000
   2    0   12 0.000000 2.000000
  12   34   34 5.957143 6.042857
   3    4   13 0.700000 2.300000
   8   24   25 3.909524 4.090476
   1    0    7 0.000000 1.000000
   1    0    6 0.000000 1.000000
   2    2    8 0.400000 1.600000
   6   12   26 2.028571 3.971429
   1    0    6 0.000000 1.000000
   4   10   14 1.666667 2.333333
   1    0    6 0.000000 1.000000
   2    2   10 0.333333 1.666667
   2    2    9 0.366667 1.633333
   1    0    5 0.000000 1.000000
   2    2   10 0.342857 1.657143
   4    2   22 0.342857 3.657143
   2    2   12 0.285714 1.714286
   1    0    6 0.000000 1.000000
   3    4   15 0.619048 2.380952
   2    2   10 0.333333 1.666667
   5   12   20 1.876190 3.123810
   3    4   17 0.601190 2.398810
   6   14   22 2.371429 3.628571
  12   40   36 6.376190 5.623810
  10   30   30 5.145238 4.854762
   2    0   14 0.000000 2.000000
   2    2   10 0.342857 1.657143
   4    6   19 0.952381 3.047619
   5    6   24 1.009524 3.990476
   5   12   16 2.245238 2.754762
  11   38   27 6.471429 4.528571
   2    2   12 0.285714 1.714286
   3    4   14 0.666667 2.333333
   4    8   13 1.533333 2.466667
   2    2    9 0.366667 1.633333
   3    4   14 0.652381 2.347619
   3    2   15 0.366667 2.633333
   1    0    7 0.000000 1.000000
   1    0    6 0.000000 1.000000
   9   12   43 1.961905 7.038095
   8   18   28 3.166667 4.833333
   3    4   13 0.700000 2.300000
  10   22   38 3.733333 6.266667
  13   34   45 5.676190 7.323810
   7   22   21 3.657143 3.342857
   3    2   15 0.400000 2.600000
   1    0    6 0.000000 1.000000
   5   14   19 2.119048 2.880952
  12   28   43 4.804762 7.195238
   6   12   25 2.014286 3.985714
   6   16   23 2.422619 3.577381
   1    0    7 0.000000 1.000000
   6   16   19 2.733333 3.266667
   3    4   13 0.685714 2.314286
   5    8   19 1.500000 3.500000
   3    4   14 0.652381 2.347619
   2    2   12 0.291667 1.708333
   1    0    7 0.000000 1.000000
   2    2    9 0.366667 1.633333
  10   10   47 1.785714 8.214286
   5   10   19 1.785714 3.214286
   3    4   12 0.766667 2.233333
   6    4   33 0.685714 5.314286
  14   34   48 5.966667 8.033333
   8   22   26 3.788095 4.211905
   3    6   12 1.019048 1.980952
   5   14   16 2.385714 2.614286
  16   32   64 5.403571 10.596429
   5    8   21 1.366667 3.633333
   8   20   27 3.457143 4.542857
   2    2    8 0.400000 1.600000
   8   22   27 3.644048 4.355952
   3    6   13 0.971429 2.028571
   2    2   11 0.309524 1.690476
   4    8   18 1.238095 2.761905
   1    0    7 0.000000 1.000000
   4    6   16 1.085714 2.914286
   9   16   39 2.685714 6.314286
   7   16   26 2.719048 4.280952
   1    0    7 0.000000 1.000000
  18   56   54 9.223810 8.776190
   5    8   21 1.428571 3.571429
   2    2   10 0.333333 1.666667
   6   14   22 2.347619 3.652381
  12   20   54 3.290476 8.709524
   2    2   10 0.342857 1.657143
   8   22   26 3.614286 4.385714
   4    6   18 1.000000 3.000000
   9   24   27 4.240476 4.759524
   8   28   19 4.919048 3.080952
   7   18   21 3.161905 3.838095
   2    2   11 0.309524 1.690476
  12   32   41 5.195238 6.804762
   5   10   22 1.600000 3.400000
  15   34   58 5.723810 9.276190
   4    6   19 0.976190 3.023810
   2    2   10 0.333333 1.666667
   3    4   14 0.652381 2.347619
  17   48   53 8.283333 8.716667
   1    0    6 0.000000 1.000000
  14   38   45 6.590476 7.409524
   4    8   16 1.425000 2.575000
   6   10   22 1.966667 4.033333
   8   20   30 3.342857 4.657143
  10   16   42 2.859524 7.140476
   2    2   11 0.309524 1.690476
   6    8   26 1.400000 4.600000
   8   14   38 2.214286 5.785714
  18   56   51 9.466667 8.533333
   1    0    7 0.000000 1.000000
   1    0    7 0.000000 1.000000
  19   66   49 10.885714 8.114286
   1    0    6 0.000000 1.000000
   7   16   28 2.566667 4.433333
   9   28   23 4.880952 4.119048
   5    6   25 0.991667 4.008333
   8   22   24 3.790476 4.209524
   9   18   36 3.090476 5.909524
   8   20   28 3.309524 4.690476
  14   42   42 7.123810 6.876190
  15   42   47 7.204762 7.795238
   3    4   11 0.800000 2.200000
   2    2   12 0.285714 1.714286
  26   90   62 15.263095 10.736905
   4    4   22 0.601190 3.398810
  11   26   42 4.285714 6.714286
   5    4   29 0.595238 4.404762
  10   30   29 5.150000 4.850000
   7   10   34 1.661905 5.338095
   6   12   26 2.000000 4.000000
  11   30   32 5.159524 5.840476
  14   32   57 5.040476 8.959524
   2    2   11 0.309524 1.690476
  30  106   68 18.257143 11.742857
   3    2   15 0.366667 2.633333
  13   38   40 6.366667 6.633333
   4    2   22 0.309524 3.690476
  17   54   46 9.257143 7.742857
   4    4   20 0.666667 3.333333
   5   10   22 1.590476 3.409524
   8   28   21 4.666667 3.333333
   6    8   31 1.244048 4.755952
   3    2   15 0.366667 2.633333
  33  120   74 20.423810 12.576190
   3    2   16 0.333333 2.666667
  18   58   52 9.635714 8.364286
   5    4   27 0.642857 4.357143
  12   26   46 4.347619 7.652381
   5    6   24 1.042857 3.957143
   9   24   28 4.223810 4.776190
   6   16   21 2.657143 3.342857
   9   20   32 3.628571 5.371429
  32   96   93 16.340476 15.659524
   3    2   17 0.333333 2.666667
  15   52   41 8.557143 6.442857
   9   30   26 4.861905 4.138095
  10   20   38 3.485714 6.514286
   3    4   14 0.666667 2.333333
   8   26   25 4.252381 3.747619
  11   28   36 4.833333 6.166667
   6   16   20 2.685714 3.314286
  31   94   88 16.089286 14.910714
   7    8   37 1.261905 5.738095
   9   16   38 2.719048 6.280952
  10   32   29 5.214286 4.785714
   9   26   27 4.441667 4.558333
   5    8   22 1.366667 3.633333
  11   40   27 6.586905 4.413095
  12   38   34 6.433333 5.566667
   5    6   29 0.892857 4.107143
  35  126   84 21.041667 13.958333
   5    8   23 1.309524 3.690476
  10   14   48 2.223810 7.776190
  15   52   35 8.880952 6.119048
   3    2   14 0.400000 2.600000
   4    6   16 1.209524 2.790476
  12   44   29 7.347619 4.652381
  11   22   42 3.709524 7.290476
   5    6   25 0.976190 4.023810
  28   96   72 16.223810 11.776190
   6   10   26 1.685714 4.314286
   7   12   30 1.971429 5.028571
  16   62   36 10.298810 5.701190
   3    6   11 1.085714 1.914286
   2    2    9 0.366667 1.633333
  22   82   50 13.709524 8.290476
  11   18   47 3.042857 7.957143
   3    6   12 1.019048 1.980952
  19   48   67 7.961905 11.038095
   9   16   35 2.900000 6.100000
   5    8   22 1.333333 3.666667
  21   62   62 10.490476 10.509524
   2    0   12 0.000000 2.000000
   2    0   13 0.000000 2.000000
  26  106   49 17.866667 8.133333
  13   18   64 2.885714 10.114286
   6   14   25 2.220238 3.779762
  15   28   63 4.600000 10.400000
   8    6   40 1.100000 6.900000
   4    6   19 0.938095 3.061905
  20   48   73 7.980952 12.019048
   1    0    6 0.000000 1.000000
   4    6   15 1.133333 2.866667
  21   82   47 13.429762 7.570238
  21   52   70 8.923810 12.076190
   7   20   23 3.188889 3.811111
   8   12   34 2.157143 5.842857
   5    4   25 0.709524 4.290476
  15   56   32 9.509524 5.490476
  19   42   75 7.101190 11.898810
   5    4   24 0.733333 4.266667
  19   62   55 10.147619 8.852381
  22   68   64 11.323810 10.676190
   6   10   26 1.671429 4.328571
  11   22   44 3.795238 7.204762
  16   62   35 10.366667 5.633333
  27  102   59 17.280952 9.719048
   2    2   10 0.333333 1.666667
  21   78   49 13.119048 7.880952
  17   52   49 8.657143 8.342857
   7   16   29 2.600000 4.400000
  17   44   59 7.480952 9.519048
  19   60   55 9.855952 9.144048
  34  146   58 24.505952 9.494048
  16   50   43 8.638095 7.361905
   7   12   28 2.090476 4.909524
  11   32   36 5.333333 5.666667
  15   34   58 5.545238 9.454762
  19   52   60 8.976190 10.023810
  33  134   59 22.719048 10.280952
  16   46   51 7.638095 8.361905
   6   14   24 2.266667 3.733333
   6    8   26 1.433333 4.566667
  19   58   58 9.653571 9.346429
   9   18   38 2.904762 6.095238
  38  168   55 28.564286 9.435714
  23   74   67 12.382540 10.617460
   5   12   18 1.985714 3.014286
   5   10   20 1.661905 3.338095
  10   30   31 5.020238 4.979762
  10   22   37 3.838095 6.161905
  46  210   65 35.269048 10.730952
  20   60   63 10.157143 9.842857
   9   26   26 4.533333 4.466667
   6   16   20 2.657143 3.342857
  13   34   48 5.445238 7.554762
  18   48   60 8.138095 9.861905
  38  150   75 25.330952 12.669048
  10   12   47 1.928571 8.071429
  15   48   42 8.017857 6.982143
   3    4   17 0.571429 2.428571
  20   62   56 10.561905 9.438095
  17   40   61 6.714286 10.285714
  37  154   70 25.750000 11.250000
  11   18   43 3.338095 7.661905
  12   28   47 4.577381 7.422619
   1    0    7 0.000000 1.000000
  25   88   60 15.022619 9.977381
  12   22   46 4.028571 7.971429
  35  142   71 23.557143 11.442857
  10   10   47 1.776190 8.223810
  17   52   55 8.247619 8.752381
   1    0    7 0.000000 1.000000
  25   94   58 15.754762 9.245238
  14   36   48 6.248810 7.751190
  36  140   73 23.576190 12.423810
  10   12   48 1.957143 8.042857
  14   32   52 5.491667 8.508333
   2    2   10 0.333333 1.666667
  22   74   57 12.432143 9.567857
  19   54   59 9.333333 9.666667
  41  166   79 28.019048 12.980952
   5    6   24 0.985714 4.014286
  11   24   45 3.795238 7.204762
  23   70   73 11.514286 11.485714
  22   58   71 10.000000 12.000000
  36  128   84 21.752381 14.247619
   2    0   13 0.000000 2.000000
  17   48   55 8.121429 8.878571
  17   38   64 6.438095 10.561905
  18   32   74 5.333333 12.666667
  44  196   67 32.595238 11.404762
  21   66   63 10.800000 10.200000
  15   36   53 6.195238 8.804762
  14   22   63 3.638095 10.361905
  48  210   79 35.205952 12.794048
  23   60   77 10.223810 12.776190
  12   30   41 5.019048 6.980952
  22   58   68 10.257143 11.742857
  47  190   96 31.486905 15.513095
  19   46   71 7.657143 11.342857
  17   40   63 6.657143 10.342857
  10   20   40 3.380952 6.619048
  53  234   87 38.802381 14.197619
  20   58   58 9.909524 10.090476
  16   36   59 6.080952 9.919048
  15   42   50 6.919048 8.080952
  53  230   85 38.780952 14.219048
  16   44   54 7.385714 8.614286
  28   88   80 14.792857 13.207143
  12   24   50 3.914286 8.085714
  53  224   92 37.633333 15.366667
   7   16   26 2.757143 4.242857
  34  130   72 22.054762 11.945238
  10   14   45 2.428571 7.571429
  49  220   78 36.353571 12.646429
   7   12   29 2.066667 4.933333
  42  182   71 30.495238 11.504762
   6    6   31 0.985714 5.014286
  39  166   68 27.633333 11.366667
  13   36   40 6.257143 6.742857
  49  226   67 38.113095 10.886905
   7   12   29 1.980952 5.019048
  38  162   69 26.933333 11.066667
   6    8   27 1.500000 4.500000
  62  280   88 47.071429 14.928571
   5    8   25 1.200000 3.800000
  27   88   74 14.814286 12.185714
   6   12   25 1.990476 4.009524
  50  214   89 35.615476 14.384524
   9   26   27 4.400000 4.600000
  38  148   78 24.980952 13.019048
   3    6   12 1.019048 1.980952
  48  230   60 38.301190 9.698810
  11   32   30 5.664286 5.335714
  40  184   57 30.817857 9.182143
   1    0    7 0.000000 1.000000
  43  192   63 32.182143 10.817857
  12   28   44 4.671429 7.328571
  45  204   69 33.890476 11.109524
  39  158   80 26.248810 12.751190
   9   14   34 2.650000 6.350000
  52  240   74 40.050000 11.950000
  37  128   95 21.304762 15.695238
   5    6   26 0.938095 4.061905
  58  258   87 43.280952 14.719048
  45  168  104 28.061905 16.938095
   3    2   17 0.309524 2.690476
  52  208  101 35.255952 16.744048
  51  216   92 36.291667 14.708333
   7   16   24 2.919048 4.080952
  42  170   82 28.590476 13.409524
  52  212  102 35.366667 16.633333
  15   44   44 7.571429 7.428571
  33  108   90 18.180952 14.819048
  62  276   94 46.510714 15.489286
   8   10   37 1.795238 6.204762
  30  104   79 17.209524 12.790476
  68  318   88 53.195238 14.804762
   1    0    6 0.000000 1.000000
  31  104   84 17.160714 13.839286
  70  322   98 53.678571 16.321429
   1    0    6 0.000000 1.000000
  29   80   94 13.511905 15.488095
  68  314   93 52.411905 15.588095
  32  100   93 16.622619 15.377381
  67  306   94 51.401190 15.598810
  33  106   94 17.727381 15.272619
  66  298   99 49.809524 16.190476
  34  104   99 17.664286 16.335714
  71  330   94 55.496429 15.503571
  29   82   94 13.685714 15.314286
  64  302   80 50.614286 13.385714
  36  138   80 23.032143 12.967857
  60  258   94 43.603571 16.396429
  40  154   94 25.211905 14.788095
  61  284   80 47.647619 13.352381
  39  156   80 25.875000 13.125000
  67  330   76 54.777381 12.222619
  33  118   76 19.982143 13.017857
  63  296   80 49.584524 13.415476
  37  144   80 23.910714 13.089286
  57  238  105 39.819048 17.180952
  43  152  105 25.788095 17.211905
  61  282   85 46.795238 14.204762
  39  148   85 24.888095 14.111905
  66  326   74 54.446429 11.553571
  34  126   74 21.452381 12.547619
  60  282   78 47.276190 12.723810
  40  162   78 27.159524 12.840476
  72  360   71 60.444048 11.555952
  28   98   71 16.382143 11.617857
  72  370   63 61.654365 10.345635
  28  104   63 17.361905 10.638095
  69  344   72 57.317857 11.682143
  31  112   72 19.153571 11.846429
  61  290   72 48.819048 12.180952
  39  166   72 27.580952 11.419048
  66  310   83 52.151190 13.848810
  34  124   83 20.785714 13.214286
  71  354   72 59.052381 11.947619
  29  102   72 17.190476 11.809524
  65  316   79 52.269048 12.730952
  35  126   79 21.404762 13.595238
  72  372   60 62.132143 9.867857
  28  108   60 17.838095 10.161905
  75  390   58 65.157143 9.842857
  25   94   58 15.639286 9.360714
  73  370   70 61.614286 11.385714
  27   90   70 15.271429 11.728571
  79  412   64 68.591667 10.408333
  21   60   64 10.228571 10.771429
  81  426   60 71.073810 9.926190
  19   54   60 9.028571 9.971429
  87  476   48 79.272619 7.727381
  13   28   48 4.814286 8.185714
  90  502   38 83.828571 6.171429
  10   22   38 3.728571 6.271429
  86  458   52 77.013095 8.986905
  14   38   52 6.028571 7.971429
  89  500   36 83.271429 5.728571
  11   28   36 4.852381 6.147619
  91  512   35 85.219048 5.780952
   9   18   35 3.052381 5.947619
  84  456   49 75.992857 8.007143
  16   46   49 7.861905 8.138095
  88  476   55 79.147619 8.852381
  12   14   55 2.461905 9.538095
  82  440   58 72.764286 9.235714
  18   44   58 7.783333 10.216667
  78  400   70 66.809524 11.190476
  22   60   70 10.382143 11.617857
  79  416   63 69.084524 9.915476
  21   58   63 10.092857 10.907143
  70  324   96 54.052381 15.947619
  30   84   96 14.309524 15.690476
  70  316  104 52.750000 17.250000
  30   76  104 12.959524 17.040476
  79  380   92 63.560714 15.439286
  21   36   92 5.988095 15.011905
  76  370   86 61.636905 14.363095
  24   58   86 9.935714 14.064286
  77  378   76 63.961905 13.038095
  23   70   76 11.302381 11.697619
  85  460   52 76.694048 8.305952
  15   36   52 6.223810 8.776190
  93  524   35 87.390476 5.609524
   7    6   35 1.042857 5.957143
  97  558   21 93.319048 3.680952
   3    0   21 0.000000 3.000000
  98  574   13 95.830952 2.169048
   2    0   13 0.000000 2.000000
  98  580   10 96.452381 1.547619
   2    0   10 0.000000 2.000000
  96  562   17 93.252381 2.747619
   4    4   17 0.766667 3.233333
  94  546   19 90.966667 3.033333
   6   16   19 2.904762 3.095238
  93  528   32 87.927381 5.072619
   7    8   32 1.426190 5.573810
  92  526   30 87.373810 4.626190
   8   14   30 2.561905 5.438095
  89  490   46 81.491667 7.508333
  11   18   46 3.195238 7.804762
  84  448   61 74.211905 9.788095
  16   30   61 5.366667 10.633333
  81  412   70 69.213095 11.786905
  19   48   70 7.927381 11.072619
  72  354   81 58.835714 13.164286
  28   84   81 14.119048 13.880952
  76  372   79 62.611905 13.388095
  24   70   79 11.347619 12.652381
  83  430   68 71.677381 11.322619
  17   34   68 5.659524 11.340476
  85  442   68 73.667857 11.332143
  15   22   68 3.569048 11.430952
  86  436   75 73.150000 12.850000
  14   14   75 2.214286 11.785714
  83  430   69 71.850000 11.150000
  17   32   69 5.414286 11.585714
  75  370   78 61.846429 13.153571
  25   74   78 12.304762 12.695238
  63  292   90 48.339286 14.660714
  37  128   90 21.947619 15.052381
  54  222   99 37.361905 16.638095
  46  180   99 29.861905 16.138095
  49  198   97 32.942857 16.057143
  51  208   97 34.828571 16.171429
  46  190   87 31.739286 14.260714
  54  236   87 39.425000 14.575000
  50  212   85 35.714286 14.285714
  50  218   85 36.284524 13.715476
  62  280   92 46.948810 15.051190
  38  136   92 22.703571 15.296429
  53  236   80 39.483333 13.516667
  47  204   80 33.985714 13.014286
  54  232   95 38.730952 15.269048
  46  178   95 30.134524 15.865476
  45  178   95 29.482143 15.517857
  55  232   95 38.945238 16.054762
  37  150   75 24.876190 12.123810
  63  300   75 50.417857 12.582143
  27   90   73 14.923810 12.076190
  73  364   73 61.035714 11.964286
  13   34   48 5.404762 7.595238
  87  470   48 78.854762 8.145238
   6   10   26 1.728571 4.271429
  94  538   26 89.757143 4.242857
   2    2   11 0.309524 1.690476
  98  576   11 96.171429 1.828571
 100  600    0 100.000000 0.000000
