   1    0    7 0.000000 1.000000
   3    4   12 0.733333 2.266667
   2    2   10 0.333333 1.666667
   1    0    6 0.000000 1.000000
   1    0    6 0.000000 1.000000
   1    0    7 0.000000 1.000000
   3    4   17 0.571429 2.428571
   1    0    5 0.000000 1.000000
   2    2   11 0.309524 1.690476
   4    8   16 1.385714 2.614286
   1    0    7 0.000000 1.000000
   3    6   12 1.019048 1.980952
   2    2    9 0.366667 1.633333
   1    0    7 0.000000 1.000000
   1    0    5 0.000000 1.000000
   1    0    6 0.000000 1.000000
   2    2    8 0.400000 1.600000
   3    6   11 1.085714 1.914286
   4    8   14 1.466667 2.533333
   1    0    5 0.000000 1.000000
   5   12   17 2.100000 2.900000
   2    2   10 0.342857 1.657143
   1    0    6 0.000000 1.000000
   1    0    7 0.000000 1.000000
   1    0    6 0.000000 1.000000
   2    0   13 0.000000 2.000000
   2    2   10 0.333333 1.666667
   1    0    7 0.000000 1.000000
   3    2   17 0.333333 2.666667
   2    2   10 0.342857 1.657143
   2    2    9 0.366667 1.633333
   3    6   13 0.952381 2.047619
   1    0    6 0.000000 1.000000
   1    0    6 0.000000 1.000000
   1    0    6 0.000000 1.000000
   1    0    7 0.000000 1.000000
   2    2    9 0.366667 1.633333
   1    0    6 0.000000 1.000000
   1    0    7 0.000000 1.000000
   1    0    7 0.000000 1.000000
   3    6   14 0.904762 2.095238
   3    4   12 0.766667 2.233333
   4    8   14 1.500000 2.500000
   1    0    7 0.000000 1.000000
   2    2    9 0.366667 1.633333
   2    2   10 0.333333 1.666667
   1    0    7 0.000000 1.000000
   1    0    7 0.000000 1.000000
   3    4   14 0.725000 2.275000
   2    2    9 0.366667 1.633333
   1    0    6 0.000000 1.000000
   2    2   10 0.333333 1.666667
   2    2   10 0.333333 1.666667
   1    0    5 0.000000 1.000000
   4    8   15 1.400000 2.600000
   2    2   11 0.309524 1.690476
   1    0    6 0.000000 1.000000
   7   18   22 3.190476 3.809524
   1    0    7 0.000000 1.000000
   8   26   21 4.409524 3.590476
   1    0    6 0.000000 1.000000
   1    0    6 0.000000 1.000000
   1    0    7 0.000000 1.000000
   3    4   14 0.666667 2.333333
   1    0    5 0.000000 1.000000
   1    0    6 0.000000 1.000000
   2    0   13 0.000000 2.000000
   1    0    7 0.000000 1.000000
   2    2   10 0.333333 1.666667
   1    0    6 0.000000 1.000000
   4    4   20 0.666667 3.333333
   9   26   27 4.438095 4.561905
   3    2   14 0.400000 2.600000
   3    4   12 0.766667 2.233333
   4    2   25 0.309524 3.690476
   5   10   19 1.671429 3.328571
   1    0    6 0.000000 1.000000
   3    6   13 0.952381 2.047619
   1    0    5 0.000000 1.000000
   1    0    6 0.000000 1.000000
   1    0    6 0.000000 1.000000
   1    0    6 0.000000 1.000000
   2    2   10 0.333333 1.666667
   6   14   22 2.357143 3.642857
   3    4   15 0.642857 2.357143
   1    0    6 0.000000 1.000000
   3    4   13 0.742857 2.257143
   3    4   13 0.733333 2.266667
   2    2   11 0.309524 1.690476
   3    6   13 0.952381 2.047619
   1    0    6 0.000000 1.000000
   3    6   14 0.904762 2.095238
   5   14   18 2.190476 2.809524
   2    2    9 0.366667 1.633333
   3    2   17 0.309524 2.690476
   2    2   11 0.309524 1.690476
   1    0    6 0.000000 1.000000
   3    4   14 0.652381 2.347619
   5   12   19 2.000000 3.000000
   4    8   18 1.250000 2.750000
   1    0    6 0.000000 1.000000
   5   10   20 1.666667 3.333333
   1    0    7 0.000000 1.000000
   1    0    7 0.000000 1.000000
   3    2   17 0.309524 2.690476
  12   38   31 6.552381 5.447619
   2    2    8 0.400000 1.600000
   3    2   14 0.366667 2.633333
   4    6   18 1.000000 3.000000
   4    6   21 0.892857 3.107143
   1    0    7 0.000000 1.000000
   2    2    9 0.366667 1.633333
  12   40   31 6.928571 5.071429
   3    6   11 1.085714 1.914286
   6   12   23 2.185714 3.814286
   5    8   23 1.328571 3.671429
   6   20   15 3.528571 2.471429
   2    2   10 0.342857 1.657143
   2    2    8 0.400000 1.600000
   1    0    6 0.000000 1.000000
   3    6   10 1.133333 1.866667
   2    2   11 0.309524 1.690476
   1    0    8 0.000000 1.000000
   2    2   11 0.309524 1.690476
   2    0   12 0.000000 2.000000
   3    2   16 0.342857 2.657143
   5    8   22 1.352381 3.647619
   3    2   15 0.366667 2.633333
   2    0   12 0.000000 2.000000
  20   66   54 11.171429 8.828571
   2    2   10 0.333333 1.666667
   2    2   10 0.333333 1.666667
   3    4   13 0.733333 2.266667
   2    2   12 0.291667 1.708333
   2    2   10 0.333333 1.666667
  27  118   44 20.067857 6.932143
   3    4   14 0.709524 2.290476
   1    0    5 0.000000 1.000000
   3    2   15 0.333333 2.666667
  10   38   22 6.395238 3.604762
   1    0    6 0.000000 1.000000
   1    0    5 0.000000 1.000000
   3    6    9 1.233333 1.766667
   1    0    6 0.000000 1.000000
   1    0    7 0.000000 1.000000
   1    0    5 0.000000 1.000000
   2    2    9 0.366667 1.633333
   4    8   19 1.202381 2.797619
   5   12   18 2.028571 2.971429
   2    2   10 0.342857 1.657143
  19   68   47 11.271429 7.728571
   2    2   10 0.333333 1.666667
   2    2   10 0.333333 1.666667
   3    4   15 0.619048 2.380952
   5   14   16 2.395238 2.604762
  33  146   51 24.484524 8.515476
   4    6   19 0.971429 3.028571
   1    0    6 0.000000 1.000000
  11   40   26 6.738095 4.261905
   1    0    6 0.000000 1.000000
   2    2   11 0.325000 1.675000
   7   20   20 3.583333 3.416667
   3    2   16 0.400000 2.600000
   5    8   24 1.261905 3.738095
   2    2    9 0.366667 1.633333
  19   64   53 10.615476 8.384524
   4    8   14 1.433333 2.566667
   3    4   15 0.642857 2.357143
   1    0    6 0.000000 1.000000
  11   34   34 5.488095 5.511905
  25   94   53 15.885714 9.114286
   6   10   25 1.785714 4.214286
  11   32   34 5.367857 5.632143
   5   12   18 2.041667 2.958333
   6    8   30 1.285714 4.714286
   6   20   17 3.357143 2.642857
   1    0    5 0.000000 1.000000
  28  110   57 18.457143 9.542857
   3    2   16 0.333333 2.666667
   6   12   22 2.142857 3.857143
  16   52   45 8.847619 7.152381
  18   56   51 9.442857 8.557143
   3    6   13 0.983333 2.016667
   8   18   30 2.923810 5.076190
  12   36   36 6.047619 5.952381
   4   10   15 1.595238 2.404762
   8   26   22 4.347619 3.652381
   2    2   12 0.291667 1.708333
  26   98   57 16.634524 9.365476
   1    0    7 0.000000 1.000000
  13   40   38 6.780952 6.219048
  10   26   31 4.604762 5.395238
  12   32   40 5.504762 6.495238
   3    4   15 0.642857 2.357143
   9   20   33 3.461905 5.538095
  19   64   45 11.114286 7.885714
   2    2   11 0.309524 1.690476
   9   12   41 2.109524 6.890476
   2    2   11 0.309524 1.690476
  31  104   84 17.177381 13.822619
   9   22   34 3.566667 5.433333
   7   12   29 2.028571 4.971429
  14   42   42 6.980952 7.019048
   1    0    7 0.000000 1.000000
   6   12   24 2.059524 3.940476
  14   42   42 7.080952 6.919048
  12   26   48 4.333333 7.666667
   4    6   18 0.985714 3.014286
  27   82   77 13.954762 13.045238
  17   62   38 10.657143 6.342857
   7   14   28 2.371429 4.628571
  11   24   45 3.838095 7.161905
   1    0    5 0.000000 1.000000
   7   20   23 3.285714 3.714286
   9   26   28 4.333333 4.666667
  19   54   60 9.214286 9.785714
  26   82   73 13.905952 12.094048
  18   52   53 8.783333 9.216667
   9   16   39 2.638095 6.361905
  13   24   57 3.833333 9.166667
   5   10   20 1.742857 3.257143
   1    0    6 0.000000 1.000000
   7   16   27 2.650000 4.350000
  29  102   67 17.354762 11.645238
  22   72   62 11.896429 10.103571
  20   64   53 11.023810 8.976190
   7   12   31 2.000000 5.000000
  13   20   61 3.352381 9.647619
   2    2   11 0.309524 1.690476
   5   10   20 1.761905 3.238095
  47  202   76 34.169048 12.830952
  20   46   75 7.873810 12.126190
  12   36   36 6.100000 5.900000
   5    6   25 0.976190 4.023810
  10   18   43 3.038095 6.961905
   1    0    7 0.000000 1.000000
   3    2   17 0.342857 2.657143
  53  232   88 38.594048 14.405952
  29   98   73 16.658333 12.341667
   4    2   22 0.309524 3.690476
   2    2    9 0.366667 1.633333
   5    4   26 0.685714 4.314286
   4    6   19 1.019048 2.980952
   3    4   15 0.642857 2.357143
  59  264   87 44.535714 14.464286
  25   74   78 12.314286 12.685714
   2    0   14 0.000000 2.000000
   4   10   12 1.828571 2.171429
   5    6   24 0.971429 4.028571
   2    2   10 0.342857 1.657143
   2    2   11 0.309524 1.690476
  69  348   67 57.969048 11.030952
  18   38   71 6.445238 11.554762
   4    4   19 0.685714 3.314286
   4    6   18 1.019048 2.980952
   3    6   10 1.133333 1.866667
   3    6   13 0.971429 2.028571
  67  336   67 55.823810 11.176190
  15   26   64 4.385714 10.614286
   3    2   16 0.366667 2.633333
   2    2   11 0.309524 1.690476
  10   34   23 5.976190 4.023810
   5   12   18 2.028571 2.971429
  58  264   87 44.034524 13.965476
  29   80   92 13.859524 15.140476
   8   24   23 4.033333 3.966667
   5   14   18 2.250000 2.750000
  62  274   95 45.879762 16.120238
  26   54  103 9.033333 16.966667
   7   20   22 3.323810 3.676190
   8   20   27 3.304762 4.695238
  58  262   89 43.600000 14.400000
  21   42   82 7.152381 13.847619
  13   48   30 8.076190 4.923810
  10   32   30 5.395238 4.604762
  58  240  106 40.304762 17.695238
  24   70   76 11.759524 12.240476
   8   18   28 3.161905 4.838095
   7   12   30 2.052381 4.947619
  63  284   99 47.076190 15.923810
  20   50   68 8.490476 11.509524
  10   24   33 4.247619 5.752381
  11   28   36 4.728571 6.271429
  74  370   73 62.030952 11.969048
   8   10   42 1.584524 6.415476
   7    8   33 1.376190 5.623810
   8   12   36 1.976190 6.023810
  66  322   78 53.375000 12.625000
  10   16   42 2.761905 7.238095
  16   44   50 7.767857 8.232143
  16   48   47 8.128571 7.871429
  63  310   69 51.719048 11.280952
   6    8   30 1.352381 4.647619
  15   38   50 6.291667 8.708333
  22   66   63 11.233333 10.766667
  53  250   70 41.649206 11.350794
   8   16   33 2.671429 5.328571
  17   30   72 5.000000 12.000000
  32  106   84 18.054762 13.945238
  47  188   94 31.520238 15.479762
   4    2   24 0.333333 3.666667
  17   40   62 6.757143 10.242857
  32   92  101 15.428571 16.571429
  43  164   98 27.045238 15.954762
   6    8   28 1.401190 4.598810
  19   42   67 7.357143 11.642857
  28   84   90 13.890476 14.109524
  37  132   86 22.570238 14.429762
  12   32   38 5.407143 6.592857
  23   62   76 10.376190 12.623810
  25   68   81 11.588095 13.411905
  48  192   94 32.567857 15.432143
   6    8   27 1.352381 4.647619
  21   54   76 9.095238 11.904762
  20   60   59 10.095238 9.904762
  57  256   87 42.688095 14.311905
   2    2    8 0.400000 1.600000
  21   64   64 10.801190 10.198810
  27  102   58 17.357143 9.642857
  60  278   84 46.455952 13.544048
  13   32   46 5.395238 7.604762
  16   34   59 5.841667 10.158333
  68  308   98 51.669048 16.330952
  16   46   55 7.361905 8.638095
  15   52   35 8.966667 6.033333
  72  356   78 59.359524 12.640476
  13   24   55 4.023810 8.976190
  15   50   42 8.304762 6.695238
  79  410   61 68.800000 10.200000
   6    6   31 1.000000 5.000000
  20   72   48 12.200000 7.800000
  71  360   70 59.760714 11.239286
   9   22   28 3.938095 5.061905
  17   50   56 8.311905 8.688095
  72  344   85 57.878571 14.121429
  11   30   35 5.135714 5.864286
  17   50   50 8.514286 8.485714
  68  322   87 53.850000 14.150000
  15   48   43 8.042857 6.957143
  19   54   63 9.036905 9.963095
  66  300   94 50.195238 15.804762
  15   46   43 7.828571 7.171429
  23   74   64 12.697619 10.302381
  58  270   80 45.153571 12.846429
  19   72   40 12.321429 6.678571
  21   52   71 8.979762 12.020238
  51  202  102 33.954762 17.045238
  28  108   65 17.951190 10.048810
  27   94   69 15.876190 11.123810
  48  210   81 34.897619 13.102381
  25   90   56 15.380952 9.619048
  12   24   47 4.116667 7.883333
  60  272   89 45.485714 14.514286
  28   98   70 16.447619 11.552381
  11   26   40 4.450000 6.550000
  70  350   71 58.373810 11.626190
  19   62   51 10.533333 8.466667
   3    2   13 0.400000 2.600000
  70  352   72 58.469048 11.530952
  27  100   61 16.964286 10.035714
   5    6   25 0.985714 4.014286
  70  340   79 56.854762 13.145238
  25   82   68 13.871429 11.128571
   2    0   11 0.000000 2.000000
  66  330   66 55.059524 10.940476
  32  130   63 21.659524 10.340476
   5    6   25 1.010714 3.989286
  70  350   72 58.455952 11.544048
  25   70   77 12.028571 12.971429
   5    8   23 1.285714 3.714286
  71  360   65 60.013095 10.986905
  24   78   66 13.138095 10.861905
   1    0    5 0.000000 1.000000
  80  406   74 67.742857 12.257143
  19   44   71 7.242857 11.757143
  92  518   34 86.322619 5.677381
   8   14   34 2.404762 5.595238
  94  544   18 90.738095 3.261905
   6   20   18 3.332143 2.667857
  92  528   24 88.035714 3.964286
   8   24   24 4.114286 3.885714
  92  530   24 88.119048 3.880952
   8   22   24 3.785714 4.214286
  95  550   19 91.864286 3.135714
   5   12   19 2.086905 2.913095
  94  538   25 89.800000 4.200000
   6   12   25 2.000000 4.000000
  90  506   35 84.328571 5.671429
  10   24   35 4.117857 5.882143
  96  560   17 93.296429 2.703571
   4    6   17 1.085714 2.914286
  93  538   21 89.571429 3.428571
   7   20   21 3.366667 3.633333
  95  554   17 92.294048 2.705952
   5   12   17 2.128571 2.871429
  97  570   13 94.933333 2.066667
   3    4   13 0.742857 2.257143
  95  552   19 91.866667 3.133333
   5   10   19 1.761905 3.238095
  96  562   14 93.704762 2.295238
   4   10   14 1.714286 2.285714
  98  576   11 96.095238 1.904762
   2    2   11 0.309524 1.690476
  94  540   25 89.957143 4.042857
   6   10   25 1.776190 4.223810
  92  514   39 85.613095 6.386905
   8    8   39 1.400000 6.600000
  85  468   44 77.928571 7.071429
  15   44   44 7.571429 7.428571
  89  488   46 81.414286 7.585714
  11   20   46 3.502381 7.497619
  88  496   33 82.685714 5.314286
  12   38   33 6.452381 5.547619
  91  510   36 85.034524 5.965476
   9   18   36 2.971429 6.028571
  88  478   45 80.328571 7.671429
  12   32   45 5.257143 6.742857
  95  546   25 90.984524 4.015476
   5    4   25 0.733333 4.266667
  97  562   19 93.857143 3.142857
   3    0   19 0.000000 3.000000
 100  600    0 100.000000 0.000000
