   1    0    6 0.000000 1.000000
   2    2   10 0.333333 1.666667
   2    2   10 0.333333 1.666667
   2    2   11 0.309524 1.690476
   2    2   12 0.291667 1.708333
   3    4   14 0.652381 2.347619
   1    0    7 0.000000 1.000000
   2    2    9 0.366667 1.633333
   1    0    6 0.000000 1.000000
   3    6   12 1.000000 2.000000
   3    6   13 0.952381 2.047619
   1    0    7 0.000000 1.000000
   1    0    7 0.000000 1.000000
   3    4   14 0.676190 2.323810
   1    0    6 0.000000 1.000000
   1    0    6 0.000000 1.000000
   1    0    6 0.000000 1.000000
   1    0    6 0.000000 1.000000
   1    0    6 0.000000 1.000000
   1    0    6 0.000000 1.000000
   1    0    6 0.000000 1.000000
   1    0    6 0.000000 1.000000
   1    0    7 0.000000 1.000000
   1    0    7 0.000000 1.000000
   2    2    9 0.366667 1.633333
   2    2   11 0.309524 1.690476
   1    0    6 0.000000 1.000000
   1    0    6 0.000000 1.000000
   2    2    9 0.366667 1.633333
   1    0    6 0.000000 1.000000
   2    2   10 0.333333 1.666667
   4    6   18 0.983333 3.016667
   1    0    6 0.000000 1.000000
   2    2    8 0.400000 1.600000
   2    2    8 0.400000 1.600000
   1    0    5 0.000000 1.000000
   2    2    9 0.366667 1.633333
   2    2    9 0.366667 1.633333
   1    0    7 0.000000 1.000000
   1    0    6 0.000000 1.000000
   1    0    7 0.000000 1.000000
   2    2    9 0.366667 1.633333
   1    0    6 0.000000 1.000000
   1    0    7 0.000000 1.000000
   1    0    6 0.000000 1.000000
   1    0    6 0.000000 1.000000
   2    2    9 0.366667 1.633333
   1    0    7 0.000000 1.000000
   3    6   12 1.019048 1.980952
   1    0    6 0.000000 1.000000
   1    0    6 0.000000 1.000000
   3    4   15 0.642857 2.357143
   2    2   10 0.333333 1.666667
   1    0    5 0.000000 1.000000
   1    0    6 0.000000 1.000000
   1    0    6 0.000000 1.000000
   5   14   14 2.552381 2.447619
   2    2   11 0.309524 1.690476
   1    0    6 0.000000 1.000000
   2    2   10 0.342857 1.657143
   1    0    6 0.000000 1.000000
   1    0    5 0.000000 1.000000
   1    0    6 0.000000 1.000000
   1    0    5 0.000000 1.000000
   6   12   23 2.071429 3.928571
   2    2   10 0.342857 1.657143
   3    2   18 0.309524 2.690476
   1    0    6 0.000000 1.000000
   2    2   11 0.309524 1.690476
   2    2   11 0.309524 1.690476
   3    2   16 0.333333 2.666667
   3    2   16 0.333333 2.666667
   3    4   13 0.742857 2.257143
   9   32   22 5.521429 3.478571
   1    0    6 0.000000 1.000000
   2    0   13 0.000000 2.000000
   2    2   10 0.333333 1.666667
   1    0    6 0.000000 1.000000
   2    2    9 0.366667 1.633333
   1    0    6 0.000000 1.000000
   1    0    6 0.000000 1.000000
   1    0    8 0.000000 1.000000
   1    0    6 0.000000 1.000000
   1    0    7 0.000000 1.000000
   6   16   19 2.800000 3.200000
   3    4   12 0.766667 2.233333
   2    2    9 0.366667 1.633333
   1    0    6 0.000000 1.000000
   2    2    8 0.400000 1.600000
   1    0    6 0.000000 1.000000
   2    2   10 0.333333 1.666667
   1    0    6 0.000000 1.000000
   1    0    6 0.000000 1.000000
   4   10   15 1.595238 2.404762
   5   12   18 2.076190 2.923810
   1    0    6 0.000000 1.000000
   2    2   11 0.309524 1.690476
   1    0    7 0.000000 1.000000
   2    2   10 0.333333 1.666667
   2    2    8 0.400000 1.600000
   5   10   22 1.571429 3.428571
   2    2   10 0.333333 1.666667
   2    2    9 0.366667 1.633333
   1    0    6 0.000000 1.000000
   2    2   12 0.285714 1.714286
   4    8   14 1.466667 2.533333
   4    6   16 1.100000 2.900000
   4    4   21 0.619048 3.380952
   2    2    9 0.366667 1.633333
   1    0    6 0.000000 1.000000
   4    8   17 1.285714 2.714286
   4    4   19 0.700000 3.300000
   3    2   16 0.366667 2.633333
   9   24   30 3.971429 5.028571
   1    0    6 0.000000 1.000000
   2    2   10 0.342857 1.657143
   3    4   12 0.766667 2.233333
   2    2   10 0.333333 1.666667
   4    8   15 1.400000 2.600000
   1    0    7 0.000000 1.000000
   2    2   10 0.333333 1.666667
   1    0    5 0.000000 1.000000
   5    8   24 1.261905 3.738095
   2    2   11 0.309524 1.690476
   2    2   10 0.333333 1.666667
   1    0    6 0.000000 1.000000
   2    2   10 0.333333 1.666667
   7   16   23 2.871429 4.128571
   2    2   10 0.333333 1.666667
   8   24   25 3.904762 4.095238
   1    0    6 0.000000 1.000000
   2    2   11 0.309524 1.690476
   3    2   15 0.333333 2.666667
   5    8   24 1.280952 3.719048
   1    0    7 0.000000 1.000000
   1    0    6 0.000000 1.000000
   1    0    6 0.000000 1.000000
   2    0   13 0.000000 2.000000
   8   28   20 4.790476 3.209524
   2    2    8 0.400000 1.600000
   4    4   23 0.595238 3.404762
   1    0    7 0.000000 1.000000
   3    6   13 0.952381 2.047619
   9   28   27 4.684524 4.315476
   2    2   10 0.333333 1.666667
  12   30   39 5.166667 6.833333
   2    2   10 0.333333 1.666667
   1    0    6 0.000000 1.000000
   3    4   14 0.666667 2.333333
   1    0    7 0.000000 1.000000
   9   28   25 4.883333 4.116667
   2    2   10 0.333333 1.666667
   3    6   13 0.983333 2.016667
   2    2   10 0.333333 1.666667
   9   26   28 4.500000 4.500000
  10   36   25 6.036905 3.963095
   3    4   16 0.595238 2.404762
   4    6   15 1.133333 2.866667
   3    6   11 1.066667 1.933333
   3    4   13 0.700000 2.300000
   1    0    6 0.000000 1.000000
   2    2   11 0.309524 1.690476
   1    0    6 0.000000 1.000000
   8   24   23 4.076190 3.923810
   1    0    6 0.000000 1.000000
   5   12   18 2.052381 2.947619
   3    4   14 0.666667 2.333333
   5   10   21 1.638095 3.361905
   6    8   27 1.333333 4.666667
   4   10   14 1.661905 2.338095
   9   12   39 2.100000 6.900000
   7   16   25 2.714286 4.285714
   3    4   13 0.733333 2.266667
   1    0    7 0.000000 1.000000
   1    0    6 0.000000 1.000000
   2    2   11 0.309524 1.690476
  11   36   28 6.171429 4.828571
  15   48   39 8.242857 6.757143
   8   22   28 3.490476 4.509524
   1    0    7 0.000000 1.000000
   1    0    7 0.000000 1.000000
   5   10   22 1.647619 3.352381
   4    6   17 1.066667 2.933333
   1    0    7 0.000000 1.000000
   2    2   10 0.342857 1.657143
   5    4   28 0.625000 4.375000
   4    8   17 1.361905 2.638095
   2    2   10 0.333333 1.666667
   4    6   17 1.000000 3.000000
   3    4   14 0.709524 2.290476
   5   14   16 2.419048 2.580952
  14   26   61 4.319048 9.680952
  13   46   30 7.866667 5.133333
   1    0    8 0.000000 1.000000
   1    0    8 0.000000 1.000000
  11   26   38 4.552381 6.447619
  21   68   56 11.516667 9.483333
   5    4   28 0.619048 4.380952
   2    2    9 0.366667 1.633333
  10   32   25 5.650000 4.350000
   2    2   10 0.333333 1.666667
   2    2   11 0.309524 1.690476
   5   10   22 1.571429 3.428571
   8   18   29 3.171429 4.828571
   6   12   24 2.042857 3.957143
   9   20   30 3.578571 5.421429
  11   26   43 4.309524 6.690476
  14   50   33 8.413095 5.586905
   1    0    6 0.000000 1.000000
  14   44   40 7.505952 6.494048
  24   90   55 14.877381 9.122619
   2    2   11 0.309524 1.690476
   3    6   12 1.019048 1.980952
   1    0    5 0.000000 1.000000
   2    2   10 0.333333 1.666667
   9   24   30 4.095238 4.904762
   6   14   21 2.400000 3.600000
   6   12   22 2.176190 3.823810
   5    8   23 1.247619 3.752381
   8   22   29 3.668254 4.331746
  18   62   47 10.419048 7.580952
  16   50   46 8.380952 7.619048
  19   54   60 9.201190 9.798810
   3    2   16 0.333333 2.666667
   7   14   24 2.600000 4.400000
   2    2   12 0.291667 1.708333
   1    0    6 0.000000 1.000000
   7   10   33 1.661905 5.338095
   7   22   20 3.661905 3.338095
   2    2    9 0.366667 1.633333
   7    8   37 1.223810 5.776190
   4   10   14 1.661905 2.338095
  22   94   40 15.757143 6.242857
  13   40   41 6.500000 6.500000
  15   26   59 4.676190 10.323810
   5   14   16 2.550000 2.450000
   9   14   40 2.338095 6.661905
   7   10   28 1.900000 5.100000
   2    2   11 0.309524 1.690476
   6    6   32 0.944048 5.055952
   8   18   29 3.085714 4.914286
   1    0    7 0.000000 1.000000
   5    2   28 0.309524 4.690476
   4    8   20 1.136905 2.863095
  19   70   44 11.771429 7.228571
  15   40   45 7.019048 7.980952
  19   54   60 9.190476 9.809524
   2    2    9 0.366667 1.633333
   4    4   18 0.733333 3.266667
  15   50   41 8.290476 6.709524
   2    2   11 0.309524 1.690476
   8   14   33 2.395238 5.604762
   2    0   13 0.000000 2.000000
   3    4   13 0.700000 2.300000
   2    0   10 0.000000 2.000000
   4    6   16 1.133333 2.866667
  21   78   48 13.090476 7.909524
  10   20   42 3.246429 6.753571
  25   90   64 14.732143 10.267857
   2    2   11 0.309524 1.690476
  22   82   48 13.828571 8.171429
   1    0    6 0.000000 1.000000
  11   18   48 3.234524 7.765476
   2    0   12 0.000000 2.000000
   1    0    7 0.000000 1.000000
   2    2   10 0.333333 1.666667
   1    0    6 0.000000 1.000000
  25   92   57 15.308333 9.691667
  12   26   43 4.547619 7.452381
  26   70   86 11.700000 14.300000
   1    0    5 0.000000 1.000000
  19   68   50 11.123810 7.876190
   9   20   37 3.261905 5.738095
   1    0    6 0.000000 1.000000
   1    0    8 0.000000 1.000000
  27   98   64 16.557143 10.442857
  11   28   38 4.723810 6.276190
  27   74   84 12.752381 14.247619
   1    0    6 0.000000 1.000000
  23   74   63 12.604762 10.395238
   7   12   32 1.904762 5.095238
   1    0    6 0.000000 1.000000
   2    2    9 0.366667 1.633333
  17   42   58 7.147619 9.852381
  16   54   45 8.880952 7.119048
  31   92   91 15.685714 15.314286
   1    0    7 0.000000 1.000000
  25   86   64 14.585714 10.414286
  13   32   42 5.685714 7.314286
   1    0    6 0.000000 1.000000
   1    0    7 0.000000 1.000000
  16   32   64 5.504762 10.495238
  13   36   41 6.104762 6.895238
  32  116   77 19.500000 12.500000
  24   78   69 12.876190 11.123810
  16   42   54 7.038095 8.961905
  15   28   62 4.744048 10.255952
   8    8   37 1.466667 6.533333
  35  128   84 21.460714 13.539286
  26   82   75 13.514286 12.485714
  23   78   61 13.100000 9.900000
  18   38   70 6.441667 11.558333
  10   12   48 2.028571 7.971429
  30   94   87 15.690476 14.309524
  19   50   62 8.538095 10.461905
  26   72   84 12.189286 13.810714
  23   50   91 8.415476 14.584524
  11   16   49 2.704762 8.295238
  30   86   93 14.450000 15.550000
  10   18   41 3.047619 6.952381
  25   70   82 11.423810 13.576190
  32   96   97 16.089286 15.910714
   8   14   33 2.600000 5.400000
  30   76  101 12.966667 17.033333
   5    8   23 1.285714 3.714286
  27   74   83 12.695238 14.304762
  26   76   85 12.271429 13.728571
  10   24   38 4.009524 5.990476
  34   92  109 15.666667 18.333333
   3    0   19 0.000000 3.000000
  27   80   84 13.442857 13.557143
  21   52   73 8.795238 12.204762
   2    0   14 0.000000 2.000000
  49  170  120 28.800000 20.200000
   1    0    7 0.000000 1.000000
  28   80   89 13.385714 14.614286
  19   48   67 8.038095 10.961905
   4    8   15 1.361905 2.638095
  47  168  115 28.267857 18.732143
   2    2    8 0.400000 1.600000
  26   62   93 10.561905 15.438095
  13   34   47 5.595238 7.404762
   3    6   13 0.952381 2.047619
  54  222  100 37.255952 16.744048
   4    8   15 1.369048 2.630952
  21   50   79 8.223810 12.776190
  14   38   46 6.390476 7.609524
   3    2   15 0.366667 2.633333
  54  218  101 36.861905 17.138095
   8   20   31 3.185714 4.814286
  25   68   83 11.428571 13.571429
  11   22   47 3.544048 7.455952
   9   26   27 4.479762 4.520238
  50  212   86 35.769048 14.230952
   5   10   19 1.733333 3.266667
  23   66   72 11.114286 11.885714
  11   20   44 3.423810 7.576190
   9   28   25 4.738095 4.261905
  50  202  100 33.594048 16.405952
   7   20   23 3.294048 3.705952
  22   76   55 12.828571 9.171429
  21   62   63 10.423810 10.576190
   5   10   23 1.523810 3.476190
  47  180  102 30.042857 16.957143
   5   10   19 1.700000 3.300000
  18   56   50 9.385714 8.614286
  21   54   72 9.004762 11.995238
   8   22   25 3.785714 4.214286
  52  232   81 38.646429 13.353571
   1    0    8 0.000000 1.000000
  19   70   44 11.838095 7.161905
  29   80   93 13.598810 15.401190
   4    4   19 0.766667 3.233333
  46  184   94 30.523810 15.476190
   2    2   10 0.333333 1.666667
  13   44   36 7.311905 5.688095
  28   84   86 14.020238 13.979762
   8   22   26 3.661905 4.338095
  48  202   82 33.952381 14.047619
   3    4   14 0.709524 2.290476
  13   44   35 7.376190 5.623810
  25   74   75 12.609524 12.390476
   7   14   28 2.333333 4.666667
  53  246   71 41.188095 11.811905
   2    2   11 0.309524 1.690476
   7   18   23 3.057143 3.942857
  17   52   49 8.671429 8.328571
   5    6   27 0.928571 4.071429
  69  352   60 58.886905 10.113095
   2    2   11 0.309524 1.690476
  12   30   40 5.204762 6.795238
  11   14   54 2.280952 8.719048
   1    0    7 0.000000 1.000000
  74  350   92 58.557143 15.442857
   2    2   11 0.309524 1.690476
   8   12   36 2.019048 5.980952
  11   16   50 2.742857 8.257143
   7   18   21 3.233333 3.766667
  73  358   83 59.565476 13.434524
   1    0    6 0.000000 1.000000
  15   38   53 6.266667 8.733333
  15   30   62 4.942857 10.057143
  13   48   31 8.042857 4.957143
  55  228   99 38.458333 16.541667
   2    2    9 0.366667 1.633333
  15   30   55 5.352381 9.647619
  17   46   62 7.430952 9.569048
  14   44   40 7.392857 6.607143
  53  232   85 39.023810 13.976190
   1    0    6 0.000000 1.000000
  13   20   56 3.476190 9.523810
  14   28   57 4.685714 9.314286
   5    4   27 0.642857 4.357143
  67  302  100 50.890476 16.109524
   1    0    6 0.000000 1.000000
  12   18   52 3.100000 8.900000
  20   54   65 9.190476 10.809524
   2    2   10 0.333333 1.666667
  66  308   91 51.178571 14.821429
  15   34   55 5.861905 9.138095
  22   68   64 11.314286 10.685714
   2    2   10 0.333333 1.666667
  61  276   91 45.890476 15.109524
  17   38   60 6.690476 10.309524
  17   42   60 7.085714 9.914286
   2    0   14 0.000000 2.000000
  64  278  108 46.241667 17.758333
  19   60   55 10.352381 8.647619
  18   56   54 9.276190 8.723810
   1    0    6 0.000000 1.000000
  62  280   89 47.242857 14.757143
  20   72   51 11.857143 8.142857
  20   62   56 10.692857 9.307143
   1    0    6 0.000000 1.000000
  59  260   93 43.652381 15.347619
  25   76   72 12.994048 12.005952
  16   42   55 7.090476 8.909524
   1    0    5 0.000000 1.000000
  58  240  110 40.214286 17.785714
  37  134   87 22.419048 14.580952
  15   48   44 7.884524 7.115476
  48  178  109 29.929762 18.070238
  29   80   94 13.542857 15.457143
  19   54   59 9.236905 9.763095
  52  202  111 33.595238 18.404762
  18   40   72 6.688095 11.311905
  23   68   69 11.652381 11.347619
  59  242  109 41.000000 18.000000
   8   12   37 1.985714 6.014286
  27   84   76 14.450000 12.550000
  65  310   81 51.960714 13.039286
  11   22   43 3.766667 7.233333
  25   82   66 13.960714 11.039286
  64  306   81 50.936905 13.063095
  10   16   46 2.566667 7.433333
  34  134   68 22.500000 11.500000
  56  262   74 43.722619 12.277381
  14   26   58 4.323810 9.676190
  25   74   78 12.515476 12.484524
  61  282   82 47.361905 13.638095
  14   38   48 6.214286 7.785714
  17   42   60 7.066667 9.933333
  69  332   80 55.613095 13.386905
   7    6   40 0.944048 6.055952
  22   64   70 10.735714 11.264286
  71  334   86 56.451190 14.548810
   6    6   28 1.076190 4.923810
  26   70   84 12.042857 13.957143
  68  314   98 52.315476 15.684524
   8   14   37 2.205952 5.794048
  35  122   87 20.247619 14.752381
  57  238  102 40.252381 16.747619
   9   18   35 3.085714 5.914286
  29   96   76 16.334524 12.665476
  62  284   91 46.959524 15.040476
   3    2   16 0.333333 2.666667
  33   94  107 15.757143 17.242857
  64  272  109 45.472619 18.527381
  30   80  102 13.280952 16.719048
  70  316  102 52.867857 17.132143
  29   90   86 15.085714 13.914286
  71  338   86 56.683333 14.316667
  34  112   95 18.797619 15.202381
  66  298   95 50.195238 15.804762
  33  112   87 18.561905 14.438095
  67  314   87 52.563095 14.436905
  36  134   85 22.198810 13.801190
  64  296   85 49.569048 14.430952
  34  110   96 18.325000 15.675000
  66  298   96 50.009524 15.990476
  32  110   80 18.661905 13.338095
  68  330   80 55.016667 12.983333
  51  216   90 36.414286 14.585714
  49  204   90 34.247619 14.752381
  63  288   87 48.409524 14.590476
  37  138   87 23.013095 13.986905
  75  392   59 65.383333 9.616667
  25   90   59 15.371429 9.628571
  78  398   66 66.652381 11.347619
  22   70   66 11.476190 10.523810
  84  448   55 74.942857 9.057143
  16   42   55 7.014286 8.985714
  83  454   44 75.742857 7.257143
  17   58   44 9.876190 7.123810
  80  422   62 69.990476 10.009524
  20   54   62 9.304762 10.695238
  75  398   52 66.257143 8.742857
  25   98   52 16.271429 8.728571
  67  322   82 53.485714 13.514286
  33  114   82 19.280952 13.719048
  74  390   54 65.230952 8.769048
  26  102   54 16.954762 9.045238
  76  400   57 66.788095 9.211905
  24   86   57 14.513095 9.486905
  80  412   64 69.059524 10.940476
  20   60   64 9.628571 10.371429
  85  476   39 78.876190 6.123810
  15   46   39 8.104762 6.895238
  66  338   61 56.142857 9.857143
  34  140   61 23.761905 10.238095
  59  282   73 47.103571 11.896429
  41  172   73 29.138095 11.861905
  51  226   82 37.741270 13.258730
  49  210   82 35.304762 13.695238
  49  214   80 35.752381 13.247619
  51  226   80 37.863095 13.136905
  51  226   79 37.938095 13.061905
  49  216   79 36.229762 12.770238
  39  140   90 23.646429 15.353571
  61  280   90 46.584524 14.415476
  39  158   74 26.673810 12.326190
  61  294   74 49.042857 11.957143
  42  186   65 31.157143 10.842857
  58  284   65 47.442857 10.557143
  41  162   81 27.270238 13.729762
  59  276   81 46.102381 12.897619
  38  118  104 20.223810 17.776190
  62  274  104 45.450000 16.550000
  42  154   99 25.528571 16.471429
  58  248   99 41.319048 16.680952
  39  146   90 24.380952 14.619048
  61  274   90 46.160714 14.839286
  45  188   79 31.790476 13.209524
  55  254   79 42.119048 12.880952
  48  208   86 34.354762 13.645238
  52  220   86 37.360714 14.639286
  36  140   84 22.894048 13.105952
  64  292   84 49.328571 14.671429
  33  134   65 22.490476 10.509524
  67  336   65 56.207143 10.792857
  28   94   68 16.185714 11.814286
  72  370   68 61.205952 10.794048
  27   90   73 14.947619 12.052381
  73  364   73 60.626190 12.373810
  22   78   53 13.195238 8.804762
  78  416   53 69.303571 8.696429
  17   54   48 9.061905 7.938095
  83  450   48 75.008333 7.991667
  18   52   54 9.000000 9.000000
  82  440   54 73.230952 8.769048
  23   98   43 16.223810 6.776190
  77  416   43 69.801190 7.198810
  29  120   55 19.825000 9.175000
  71  370   55 61.728571 9.271429
  32  124   67 20.642857 11.357143
  68  342   67 56.986905 11.013095
  26   74   83 12.200000 13.800000
  74  360   83 60.198810 13.801190
  24   50   92 8.514286 15.485714
  76  366   92 61.041667 14.958333
  24   72   75 11.823810 12.176190
  76  378   75 63.378571 12.621429
  20   50   76 8.223810 11.776190
  80  398   76 67.100000 12.900000
  15   40   49 6.838095 8.161905
  85  462   49 76.976190 8.023810
  20   44   72 7.821429 12.178571
  80  412   72 68.380952 11.619048
  24   64   76 11.000000 13.000000
  76  384   76 63.816667 12.183333
  16   46   49 7.790476 8.209524
  84  456   49 75.950000 8.050000
  19   68   46 11.357143 7.642857
  81  440   46 73.404762 7.595238
  24   96   49 16.061905 7.938095
  76  406   49 67.947619 8.052381
  18   56   53 9.485714 8.514286
  82  438   53 73.139286 8.860714
  10   24   37 3.928571 6.071429
  90  502   37 83.814286 6.185714
   7    8   38 1.310714 5.689286
  93  516   38 86.459524 6.540476
   8   18   28 3.123810 4.876190
  92  526   28 87.450000 4.550000
   6    8   32 1.208333 4.791667
  94  528   32 88.313095 5.686905
  10   24   36 4.019048 5.980952
  90  504   36 84.061905 5.938095
   6    8   30 1.271429 4.728571
  94  532   30 88.926190 5.073810
   5    6   24 0.952381 4.047619
  95  546   24 91.123810 3.876190
   3    2   15 0.342857 2.657143
  97  568   15 94.538095 2.461905
   1    0    7 0.000000 1.000000
  99  586    7 97.832143 1.167857
 100  600    0 100.000000 0.000000
