   3    6   11 1.150000 1.850000
   1    0    6 0.000000 1.000000
   4   10   14 1.783333 2.216667
   2    2    8 0.400000 1.600000
   1    0    7 0.000000 1.000000
   2    2   10 0.333333 1.666667
   1    0    6 0.000000 1.000000
   1    0    7 0.000000 1.000000
   1    0    6 0.000000 1.000000
   1    0    8 0.000000 1.000000
   1    0    6 0.000000 1.000000
   2    2   12 0.285714 1.714286
   2    2   10 0.333333 1.666667
   3    6   11 1.066667 1.933333
   2    2    9 0.366667 1.633333
   2    2   10 0.333333 1.666667
   1    0    5 0.000000 1.000000
   1    0    6 0.000000 1.000000
   1    0    6 0.000000 1.000000
   1    0    6 0.000000 1.000000
   1    0    6 0.000000 1.000000
   1    0    5 0.000000 1.000000
   1    0    6 0.000000 1.000000
   3    6   13 0.983333 2.016667
   1    0    7 0.000000 1.000000
   2    2   10 0.333333 1.666667
   1    0    7 0.000000 1.000000
   2    2   10 0.333333 1.666667
   2    2    8 0.400000 1.600000
   1    0    6 0.000000 1.000000
   1    0    5 0.000000 1.000000
   1    0    6 0.000000 1.000000
   1    0    7 0.000000 1.000000
   1    0    6 0.000000 1.000000
   2    2   10 0.333333 1.666667
   3    4   13 0.685714 2.314286
   2    2    9 0.366667 1.633333
   1    0    6 0.000000 1.000000
   1    0    7 0.000000 1.000000
   1    0    7 0.000000 1.000000
   1    0    6 0.000000 1.000000
   1    0    7 0.000000 1.000000
   1    0    6 0.000000 1.000000
   3    4   12 0.842857 2.157143
   1    0    5 0.000000 1.000000
   4   10   14 1.685714 2.314286
   1    0    6 0.000000 1.000000
   4    8   15 1.452381 2.547619
   6   18   21 2.804762 3.195238
   2    2   11 0.309524 1.690476
   1    0    5 0.000000 1.000000
   2    2   11 0.309524 1.690476
   1    0    6 0.000000 1.000000
   2    2   10 0.333333 1.666667
   4    4   19 0.676190 3.323810
   1    0    6 0.000000 1.000000
   1    0    5 0.000000 1.000000
   1    0    7 0.000000 1.000000
   1    0    6 0.000000 1.000000
   1    0    6 0.000000 1.000000
  10   34   26 5.833333 4.166667
   3    4   16 0.625000 2.375000
   2    2   11 0.325000 1.675000
   1    0    6 0.000000 1.000000
   1    0    7 0.000000 1.000000
   2    2   10 0.333333 1.666667
   1    0    6 0.000000 1.000000
   1    0    7 0.000000 1.000000
   1    0    7 0.000000 1.000000
   3    4   12 0.766667 2.233333
   5    8   20 1.433333 3.566667
   2    2    9 0.366667 1.633333
   1    0    6 0.000000 1.000000
   2    2   11 0.309524 1.690476
   1    0    6 0.000000 1.000000
   3    6   13 0.952381 2.047619
   3    4   14 0.666667 2.333333
   5   10   20 1.742857 3.257143
   1    0    6 0.000000 1.000000
   1    0    6 0.000000 1.000000
   2    2   10 0.333333 1.666667
   7   16   24 2.766667 4.233333
   1    0    6 0.000000 1.000000
   2    2   12 0.285714 1.714286
   1    0    6 0.000000 1.000000
   3    6   12 1.019048 1.980952
   1    0    6 0.000000 1.000000
   1    0    6 0.000000 1.000000
   1    0    7 0.000000 1.000000
   2    2   10 0.333333 1.666667
   3    4   15 0.642857 2.357143
   4    8   14 1.552381 2.447619
   5   14   16 2.333333 2.666667
   1    0    7 0.000000 1.000000
   1    0    6 0.000000 1.000000
   2    2    8 0.400000 1.600000
   8   20   27 3.438095 4.561905
   5   14   15 2.433333 2.566667
  16   62   35 10.238095 5.761905
   7   16   23 2.833333 4.166667
   1    0    7 0.000000 1.000000
   1    0    7 0.000000 1.000000
   1    0    7 0.000000 1.000000
   1    0    7 0.000000 1.000000
   3    4   15 0.628571 2.371429
  11   24   41 4.066667 6.933333
   3    6   13 0.971429 2.028571
   1    0    7 0.000000 1.000000
   2    2   10 0.333333 1.666667
   3    6   12 1.019048 1.980952
   5    8   24 1.238095 3.761905
   2    0   11 0.000000 2.000000
   3    2   15 0.366667 2.633333
   4    4   20 0.676190 3.323810
   2    2    8 0.400000 1.600000
   3    2   16 0.309524 2.690476
   4    2   22 0.400000 3.600000
  10   28   31 4.752381 5.247619
   2    2   10 0.333333 1.666667
   2    2    9 0.366667 1.633333
   8   16   33 2.680952 5.319048
   5   14   15 2.400000 2.600000
  12   28   44 4.709524 7.290476
   5   10   21 1.695238 3.304762
   2    2   10 0.342857 1.657143
   1    0    6 0.000000 1.000000
   4   10   11 1.933333 2.066667
  10   26   34 4.326190 5.673810
   3    4   15 0.685714 2.314286
   1    0    6 0.000000 1.000000
   5   12   19 1.975000 3.025000
   8   20   28 3.323810 4.676190
   1    0    8 0.000000 1.000000
   6   14   22 2.395238 3.604762
   7   18   21 3.180952 3.819048
   9   22   31 3.798810 5.201190
   1    0    5 0.000000 1.000000
   3    6   12 1.019048 1.980952
  13   32   48 5.223810 7.776190
   9   28   27 4.654762 4.345238
  22   58   74 9.785714 12.214286
   4   10   13 1.733333 2.266667
   5   10   18 1.728571 3.271429
   8   16   34 2.609524 5.390476
   2    2   11 0.309524 1.690476
   3    6   12 1.000000 2.000000
  10   24   36 4.052381 5.947619
   2    2    9 0.366667 1.633333
  11   34   29 5.895238 5.104762
   4    2   25 0.285714 3.714286
   2    2   10 0.342857 1.657143
   2    2   10 0.333333 1.666667
  13   24   56 3.950000 9.050000
  12   46   25 8.015476 3.984524
  19   58   59 9.773810 9.226190
   5   14   15 2.495238 2.504762
   5   12   20 1.857143 3.142857
  16   54   43 8.985714 7.014286
   5    8   22 1.400000 3.600000
   2    2    9 0.366667 1.633333
   8   18   31 3.084524 4.915476
   3    6   12 1.000000 2.000000
   8   16   31 2.690476 5.309524
   7   12   31 1.914286 5.085714
   1    0    6 0.000000 1.000000
  14   26   54 4.561905 9.438095
   7   10   31 1.742857 5.257143
  21   68   57 11.585714 9.414286
   5   12   18 1.995238 3.004762
   1    0    6 0.000000 1.000000
  12   30   42 4.942857 7.057143
   6   10   25 1.742857 4.257143
  10   24   37 3.966667 6.033333
   2    2   10 0.333333 1.666667
   2    2   11 0.309524 1.690476
   6   12   24 1.995238 4.004762
   2    2   10 0.342857 1.657143
  18   50   57 8.648810 9.351190
  15   42   49 7.110714 7.889286
  32  104   86 17.782143 14.217857
   6   12   24 2.000000 4.000000
  12   28   42 4.733333 7.266667
   6   10   27 1.638095 4.361905
   6    6   32 0.952381 5.047619
   3    4   16 0.595238 2.404762
   1    0    7 0.000000 1.000000
   5   10   20 1.666667 3.333333
   2    2   11 0.309524 1.690476
  10   30   28 5.200000 4.800000
  17   50   51 8.514286 8.485714
  40  146   94 24.414286 15.585714
   4    4   17 0.783333 3.216667
   8   16   31 2.671429 5.328571
   3    2   16 0.333333 2.666667
   8   18   33 2.928571 5.071429
   5   14   17 2.400000 2.600000
   1    0    5 0.000000 1.000000
   2    2   10 0.333333 1.666667
  13   44   34 7.286905 5.713095
  16   58   39 9.679762 6.320238
  31  110   77 18.234524 12.765476
   6   14   23 2.276190 3.723810
   4    4   22 0.652381 3.347619
   1    0    5 0.000000 1.000000
   8   18   31 3.000000 5.000000
   4    4   20 0.676190 3.323810
   1    0    6 0.000000 1.000000
   7   12   31 1.969048 5.030952
  14   40   41 6.938095 7.061905
  24   82   60 13.985714 10.014286
  30  104   78 17.200000 12.800000
   9   24   28 4.166667 4.833333
   3    2   18 0.342857 2.657143
   1    0    7 0.000000 1.000000
   8   10   37 1.719048 6.280952
   4    6   17 1.050000 2.950000
   5    4   26 0.666667 4.333333
  18   62   45 10.447619 7.552381
  22   72   60 12.207143 9.792857
  26   84   72 13.980952 12.019048
   9   22   33 3.713095 5.286905
   6    6   30 1.009524 4.990476
  12   36   34 6.191667 5.808333
   3    2   15 0.333333 2.666667
   3    0   18 0.000000 3.000000
  22   56   80 9.155952 12.844048
  19   58   54 9.776190 9.223810
  20   68   52 11.509524 8.490476
  12   26   44 4.438095 7.561905
   4    2   22 0.366667 3.633333
  14   50   32 8.476190 5.523810
   4    8   14 1.500000 2.500000
  19   48   72 7.905952 11.094048
  27  102   60 17.209524 9.790476
  24   58   82 9.902381 14.097619
   5    4   30 0.587302 4.412698
   1    0    7 0.000000 1.000000
  19   70   44 11.776190 7.223810
  18   38   68 6.542857 11.457143
  33  130   69 21.595238 11.404762
  26   80   79 13.314286 12.685714
   4    4   22 0.619048 3.380952
  19   64   48 10.961905 8.038095
  23   60   76 10.266667 12.733333
  28   88   79 14.891667 13.108333
  26   88   67 14.700000 11.300000
   5    6   25 0.976190 4.023810
  19   68   48 11.210714 7.789286
  24   74   67 12.450000 11.550000
  26   94   63 15.552381 10.447619
  28   96   68 16.407143 11.592857
  14   40   44 6.869048 7.130952
  23   74   62 12.500000 10.500000
  35  132   84 21.872619 13.127381
  32  114   79 18.946429 13.053571
  23   64   72 10.828571 12.171429
  12   32   41 5.355952 6.644048
  33  122   76 20.319048 12.680952
  33  114   83 19.028571 13.971429
  25   86   65 14.300000 10.700000
  14   40   42 6.814286 7.185714
  28   98   72 16.280952 11.719048
  41  150   93 25.323810 15.676190
  22   60   72 10.305952 11.694048
  17   52   49 8.866667 8.133333
  20   42   82 6.819048 13.180952
  40  142  101 23.663095 16.336905
  24   86   58 14.342857 9.657143
  20   66   52 11.228571 8.771429
  16   46   49 7.761905 8.238095
  40  134  103 22.498810 17.501190
  21   60   65 10.040476 10.959524
  20   58   63 9.642857 10.357143
  19   70   47 11.435714 7.564286
  35  116   98 19.216667 15.783333
  23   70   63 12.100000 10.900000
  15   44   47 7.146429 7.853571
  27  108   54 18.016667 8.983333
  34  110   95 18.295238 15.704762
  23   64   71 11.004762 11.995238
   8   10   39 1.676190 6.323810
  35  156   55 26.060714 8.939286
  24   74   72 12.351190 11.648810
  16   42   54 7.119048 8.880952
  17   50   48 8.614286 8.385714
  43  192   68 32.101190 10.898810
  20   46   71 7.800000 12.200000
  17   56   48 9.166667 7.833333
   7    8   34 1.376190 5.623810
  56  256   81 42.634524 13.365476
  28   98   68 16.688095 11.311905
  15   54   37 8.819048 6.180952
   9   18   37 3.133333 5.866667
  48  218   70 36.357143 11.642857
  29   96   81 16.041667 12.958333
  16   34   57 6.042857 9.957143
   7   20   22 3.366667 3.633333
  48  214   76 35.497619 12.502381
  33  112   85 18.839286 14.160714
  12   30   42 4.933333 7.066667
  10   28   32 4.647619 5.352381
  45  186   85 31.064286 13.935714
  21   46   81 7.752381 13.247619
   8   12   40 1.880952 6.119048
  16   50   42 8.683333 7.316667
  55  240   89 40.557143 14.442857
  13   18   61 3.047619 9.952381
   6    6   31 0.985714 5.014286
  12   24   46 4.073810 7.926190
  69  336   78 56.275000 12.725000
  18   40   67 6.861905 11.138095
   2    0   13 0.000000 2.000000
   2    2    9 0.366667 1.633333
  78  386   83 64.321429 13.678571
  19   38   74 6.561905 12.438095
  81  414   74 68.730952 12.269048
  15   34   55 5.742857 9.257143
  85  456   55 75.925000 9.075000
  21   56   71 9.430952 11.569048
  79  402   71 67.108333 11.891667
  23   66   73 11.058333 11.941667
  77  388   73 64.827381 12.172619
  34  106   98 17.842857 16.157143
  66  298   98 49.897619 16.102381
  33  102   95 17.166667 15.833333
  67  308   95 51.389286 15.610714
  25   62   91 10.290476 14.709524
  75  356   91 59.936905 15.063095
  16   34   65 5.776190 10.223810
  84  436   65 73.094048 10.905952
  21   54   73 8.966667 12.033333
  79  400   73 66.742857 12.257143
  20   54   68 8.942857 11.057143
  80  410   68 68.780952 11.219048
  16   48   45 8.409524 7.590476
  84  462   45 77.004762 6.995238
  30  110   70 18.446429 11.553571
  70  350   70 58.132143 11.867857
  26   92   63 15.642857 10.357143
  74  382   63 63.710714 10.289286
  24   86   56 14.426190 9.573810
  76  402   56 66.879762 9.120238
  15   32   59 5.304762 9.695238
  85  450   59 75.176190 9.823810
  18   52   57 8.661905 9.338095
  82  434   57 72.273810 9.726190
  14   32   54 5.252381 8.747619
  86  460   54 76.860714 9.139286
   9   12   47 1.920238 7.079762
  91  494   47 82.953571 8.046429
  14   46   40 7.772619 6.227381
  86  474   40 79.190476 6.809524
  15   38   49 6.614286 8.385714
  85  464   49 77.061905 7.938095
  15   36   52 6.119048 8.880952
  85  460   52 76.520238 8.479762
  12   26   51 4.238095 7.761905
  88  472   51 79.204762 8.795238
  12   26   48 4.328571 7.671429
  88  478   48 79.973810 8.026190
  18   64   45 10.614286 7.385714
  82  446   45 74.480952 7.519048
  11   22   44 3.575000 7.425000
  89  490   44 81.752381 7.247619
   9   16   39 2.580952 6.419048
  91  506   39 84.357143 6.642857
  13   34   45 5.800000 7.200000
  87  476   45 79.658333 7.341667
  15   44   47 7.304762 7.695238
  85  462   47 77.205952 7.794048
  23   80   55 13.709524 9.290476
  77  410   55 68.314286 8.685714
  10   36   25 6.014286 3.985714
  90  514   25 85.676190 4.323810
  19   68   46 11.314286 7.685714
  81  440   46 73.338095 7.661905
  25   98   51 16.464286 8.535714
  75  400   51 66.659524 8.340476
  33  138   57 23.509524 9.490476
  67  348   57 57.902381 9.097619
  28  114   55 19.017857 8.982143
  72  376   55 62.823810 9.176190
  27  102   61 16.976190 10.023810
  73  376   61 62.766667 10.233333
  20   58   56 10.090476 9.909524
  80  430   56 71.195238 8.804762
  26   76   80 12.819048 13.180952
  74  364   80 60.938095 13.061905
  26   90   66 15.114286 10.885714
  74  378   66 63.123810 10.876190
  22   64   72 10.625000 11.375000
  78  392   72 65.866667 12.133333
  17   50   51 8.423810 8.576190
  83  448   51 74.607143 8.392857
  15   52   39 8.447619 6.552381
  85  470   39 78.242857 6.757143
  13   34   43 5.709524 7.290476
  87  480   43 80.019048 6.980952
  19   48   63 8.269048 10.730952
  81  426   63 70.822619 10.177381
  20   50   71 8.266667 11.733333
  80  408   71 68.166667 11.833333
  24   68   75 11.523810 12.476190
  76  382   75 63.654762 12.345238
  20   60   62 9.885714 10.114286
  80  416   62 69.642857 10.357143
  24   94   50 15.923810 8.076190
  76  406   50 67.985714 8.014286
  23   96   44 15.976190 7.023810
  77  416   44 69.708333 7.291667
  18   70   36 11.976190 6.023810
  82  458   36 76.166667 5.833333
  15   46   45 7.719048 7.280952
  85  464   45 77.495238 7.504762
  22   68   62 11.580952 10.419048
  78  408   62 68.033333 9.966667
  42  176   75 29.763095 12.236905
  58  274   75 45.759524 12.240476
  30  102   80 17.030952 12.969048
  70  338   80 56.938095 13.061905
  38  136   90 22.933333 15.066667
  62  284   90 47.146429 14.853571
  26   82   73 13.780952 12.219048
  74  372   73 61.845238 12.154762
  29   92   84 15.457143 13.542857
  71  340   84 57.175000 13.825000
  23   64   77 10.671429 12.328571
  77  382   77 64.247619 12.752381
  34  126   77 21.050000 12.950000
  66  320   77 53.164286 12.835714
  26   78   78 13.066667 12.933333
  74  366   78 61.115476 12.884524
  36  134   84 22.498810 13.501190
  64  298   84 49.909524 14.090476
  38  152   79 25.367857 12.632143
  62  290   79 48.621429 13.378571
  45  168  101 28.138095 16.861905
  55  230  101 38.328571 16.671429
  34  118   87 19.750000 14.250000
  66  308   87 51.682143 14.317857
  22   60   72 10.295238 11.704762
  78  396   72 66.386905 11.613095
  29   98   76 16.442857 12.557143
  71  350   76 58.515476 12.484524
  27   92   72 15.460714 11.539286
  73  364   72 60.928571 12.071429
  40  160   78 27.000000 13.000000
  60  284   78 47.309524 12.690476
  34  110   95 18.520238 15.479762
  66  300   95 50.160714 15.839286
  32   86  105 14.328571 17.671429
  68  304  105 50.539286 17.460714
  29   98   80 16.185714 12.814286
  71  342   80 57.307143 13.692857
  26   86   69 14.652381 11.347619
  74  376   69 62.573810 11.426190
  30   90   87 15.403571 14.596429
  70  336   87 55.821429 14.178571
  36  114   96 19.597619 16.402381
  64  294   96 48.548810 15.451190
  23   58   81 9.628571 13.371429
  77  380   81 63.194048 13.805952
  24   64   79 10.958333 13.041667
  76  378   79 63.238095 12.761905
  16   26   69 4.285714 11.714286
  84  436   69 72.333333 11.666667
  10    8   54 1.366667 8.633333
  90  484   54 81.002381 8.997619
   7    6   36 1.052381 5.947619
  93  522   36 86.933333 6.066667
   5    8   24 1.200000 3.800000
  95  544   24 90.841667 4.158333
   1    0    9 0.000000 1.000000
  99  582    9 97.397619 1.602381
 100  600    0 100.000000 0.000000
