   1    0    6 0.000000 1.000000
   1    0    6 0.000000 1.000000
   1    0    6 0.000000 1.000000
   1    0    6 0.000000 1.000000
   2    2    9 0.366667 1.633333
   2    2    9 0.366667 1.633333
   1    0    7 0.000000 1.000000
   1    0    7 0.000000 1.000000
   1    0    7 0.000000 1.000000
   1    0    8 0.000000 1.000000
   1    0    7 0.000000 1.000000
   1    0    6 0.000000 1.000000
   5   12   16 2.166667 2.833333
   1    0    6 0.000000 1.000000
   1    0    7 0.000000 1.000000
   2    2   11 0.309524 1.690476
   1    0    7 0.000000 1.000000
   1    0    6 0.000000 1.000000
   2    2    8 0.400000 1.600000
   1    0    6 0.000000 1.000000
   1    0    7 0.000000 1.000000
   1    0    6 0.000000 1.000000
   3    4   11 0.800000 2.200000
   2    2    9 0.366667 1.633333
   2    2   11 0.309524 1.690476
   1    0    5 0.000000 1.000000
   1    0    7 0.000000 1.000000
   1    0    5 0.000000 1.000000
   1    0    7 0.000000 1.000000
   2    2    8 0.400000 1.600000
   1    0    6 0.000000 1.000000
   4   10   13 1.761905 2.238095
   4   10   14 1.719048 2.280952
   1    0    7 0.000000 1.000000
   1    0    8 0.000000 1.000000
   4   10   14 1.666667 2.333333
   2    2   10 0.342857 1.657143
   2    0   11 0.000000 2.000000
   1    0    6 0.000000 1.000000
   3    4   14 0.676190 2.323810
   2    2   10 0.333333 1.666667
   2    2    8 0.400000 1.600000
   1    0    6 0.000000 1.000000
   2    2   10 0.333333 1.666667
   1    0    6 0.000000 1.000000
   1    0    6 0.000000 1.000000
   1    0    7 0.000000 1.000000
   2    2    8 0.400000 1.600000
   2    2    9 0.366667 1.633333
   2    2   12 0.285714 1.714286
   2    2   10 0.333333 1.666667
   1    0    6 0.000000 1.000000
   2    2   10 0.342857 1.657143
   1    0    5 0.000000 1.000000
   4   10   15 1.619048 2.380952
   1    0    6 0.000000 1.000000
   2    2   12 0.285714 1.714286
   1    0    7 0.000000 1.000000
   4   10   13 1.766667 2.233333
   4   10   14 1.719048 2.280952
   1    0    7 0.000000 1.000000
   2    2   11 0.309524 1.690476
   5   12   18 2.088095 2.911905
   1    0    6 0.000000 1.000000
   2    0   12 0.000000 2.000000
   3    4   14 0.709524 2.290476
   2    2    9 0.366667 1.633333
   3    6   10 1.185714 1.814286
   1    0    6 0.000000 1.000000
   2    2    9 0.366667 1.633333
   9   26   28 4.371429 4.628571
   1    0    6 0.000000 1.000000
   1    0    6 0.000000 1.000000
   1    0    6 0.000000 1.000000
   4    6   17 1.019048 2.980952
   5   10   21 1.595238 3.404762
   2    2   10 0.333333 1.666667
   1    0    7 0.000000 1.000000
   2    2   11 0.309524 1.690476
   1    0    6 0.000000 1.000000
   1    0    7 0.000000 1.000000
   1    0    6 0.000000 1.000000
   1    0    6 0.000000 1.000000
   4    8   14 1.466667 2.533333
   1    0    6 0.000000 1.000000
   9   28   22 4.916667 4.083333
   1    0    8 0.000000 1.000000
   1    0    7 0.000000 1.000000
  12   40   32 6.536905 5.463095
   1    0    7 0.000000 1.000000
   1    0    6 0.000000 1.000000
   1    0    6 0.000000 1.000000
   1    0    6 0.000000 1.000000
   2    2   10 0.333333 1.666667
  10   26   35 4.272619 5.727381
   1    0    5 0.000000 1.000000
   2    0   13 0.000000 2.000000
   1    0    6 0.000000 1.000000
   5   12   18 2.019048 2.980952
   1    0    6 0.000000 1.000000
   4    4   17 0.800000 3.200000
   4    8   14 1.466667 2.533333
   3    6   13 0.952381 2.047619
   2    2   11 0.309524 1.690476
   3    2   16 0.309524 2.690476
   2    2   10 0.342857 1.657143
   6   16   18 2.800000 3.200000
   8   18   29 3.109524 4.890476
   5   12   19 2.045238 2.954762
   4    8   17 1.261905 2.738095
   1    0    7 0.000000 1.000000
   3    4   12 0.766667 2.233333
   2    2   10 0.333333 1.666667
   3    4   15 0.642857 2.357143
   5   14   17 2.321429 2.678571
   2    0   12 0.000000 2.000000
  12   40   34 6.523810 5.476190
   9   30   22 5.261905 3.738095
   1    0    6 0.000000 1.000000
   3    4   16 0.595238 2.404762
   8   24   25 3.952381 4.047619
   2    2   12 0.285714 1.714286
   1    0    7 0.000000 1.000000
   1    0    7 0.000000 1.000000
   2    2   12 0.285714 1.714286
   1    0    5 0.000000 1.000000
   1    0    6 0.000000 1.000000
   2    2    9 0.392857 1.607143
   3    2   16 0.342857 2.657143
   4   10   15 1.619048 2.380952
   6   12   23 2.071429 3.928571
   7   14   29 2.247619 4.752381
   5    8   22 1.428571 3.571429
   1    0    6 0.000000 1.000000
   5    8   24 1.285714 3.714286
   8   26   22 4.410714 3.589286
   7   12   27 2.175000 4.825000
  10   32   24 5.653571 4.346429
  10   32   30 5.257143 4.742857
   1    0    5 0.000000 1.000000
   4    6   18 1.019048 2.980952
  19   62   51 10.308333 8.691667
   6   14   18 2.711905 3.288095
   2    2   10 0.342857 1.657143
   1    0    6 0.000000 1.000000
   1    0    6 0.000000 1.000000
   1    0    7 0.000000 1.000000
   3    2   15 0.333333 2.666667
   1    0    6 0.000000 1.000000
   5    8   22 1.352381 3.647619
   4    6   18 0.985714 3.014286
  11   36   30 6.119048 4.880952
   6   10   26 1.695238 4.304762
   9   30   25 4.923810 4.076190
   4    6   20 0.958333 3.041667
  12   38   33 6.433333 5.566667
  13   48   31 8.239286 4.760714
   3    4   12 0.792857 2.207143
   3    4   15 0.642857 2.357143
  15   50   42 8.247619 6.752381
  10   28   29 5.045238 4.954762
  10   36   23 6.223810 3.776190
   4    6   19 1.000000 3.000000
   5    8   24 1.353571 3.646429
   9   28   26 4.790476 4.209524
   8   22   28 3.547619 4.452381
  11   34   31 5.680952 5.319048
   2    2   12 0.285714 1.714286
   6   12   23 2.033333 3.966667
   9   28   26 4.747619 4.252381
   5   12   19 1.928571 3.071429
   2    2   11 0.309524 1.690476
  19   60   51 10.319048 8.680952
   4    6   18 0.985714 3.014286
  12   46   26 7.776190 4.223810
   1    0    6 0.000000 1.000000
  12   36   36 6.071429 5.928571
   3    4   14 0.666667 2.333333
   3    2   18 0.285714 2.714286
   9   20   34 3.333333 5.666667
   3    2   16 0.309524 2.690476
   3    2   18 0.309524 2.690476
   7   14   27 2.385714 4.614286
  11   30   31 5.228571 5.771429
   4   10   14 1.661905 2.338095
  28   96   74 16.108333 11.891667
   6   10   24 1.800000 4.200000
  12   34   35 5.900000 6.100000
   1    0    5 0.000000 1.000000
  15   46   43 7.871429 7.128571
   5   12   17 2.071429 2.928571
   1    0    7 0.000000 1.000000
   9   20   40 2.976190 6.023810
   1    0    6 0.000000 1.000000
   3    2   17 0.309524 2.690476
   5   12   17 2.064286 2.935714
   9   28   27 4.647619 4.352381
   2    0   14 0.000000 2.000000
  31  102   82 17.147619 13.852381
  17   42   63 6.910714 10.089286
  10   28   31 4.804762 5.195238
  15   36   54 6.104762 8.895238
   3    4   14 0.709524 2.290476
   8   14   34 2.290476 5.709524
   2    2   11 0.309524 1.690476
   9   18   35 3.158333 5.841667
   2    2   10 0.333333 1.666667
  34  116   86 19.547619 14.452381
  28   88   78 15.078571 12.921429
  10   30   29 5.229762 4.770238
  13   30   52 4.867857 8.132143
   8   16   32 2.647619 5.352381
   4    4   17 0.766667 3.233333
   1    0    6 0.000000 1.000000
  36  134   84 22.240476 13.759524
  35  120   89 20.176190 14.823810
   4   10   15 1.671429 2.328571
  11   24   45 3.904762 7.095238
   3    2   17 0.309524 2.690476
   5    6   23 1.066667 3.933333
  42  156   93 26.426190 15.573810
  44  172   92 28.940476 15.059524
   7   18   23 3.128571 3.871429
  11   22   45 3.657143 7.342857
   2    0   13 0.000000 2.000000
  36  140   75 23.514286 12.485714
  44  158  106 26.533333 17.466667
  12   36   38 6.000000 6.000000
   9   18   35 3.109524 5.890476
   3    6   11 1.066667 1.933333
  32  102   90 17.175000 14.825000
  42  132  119 22.185714 19.814286
  19   58   55 9.739286 9.260714
   9   28   27 4.747619 4.252381
   3    4   13 0.700000 2.300000
  27   80   84 13.519048 13.480952
  41  154   95 25.748810 15.251190
   9   26   28 4.304762 4.695238
  18   70   34 12.009524 5.990476
   3    6   12 1.050000 1.950000
  29  112   63 18.776190 10.223810
  34  108   99 17.882143 16.117857
   4    8   16 1.409524 2.590476
  32  144   47 24.114286 7.885714
   5   12   17 2.061905 2.938095
  25   80   69 13.497619 11.502381
  25   66   93 10.621429 14.378571
  12   42   28 7.123810 4.876190
  41  174   69 29.464286 11.535714
   5    8   21 1.385714 3.614286
  17   38   61 6.622222 10.377778
  13   30   50 5.014286 7.985714
  19   76   37 12.900000 6.100000
  47  206   72 34.801190 12.198810
   3    6   14 0.904762 2.095238
  18   52   57 8.611905 9.388095
   9   28   28 4.580952 4.419048
  20   70   48 11.971429 8.028571
  55  250   79 42.033333 12.966667
   3    4   14 0.652381 2.347619
  13   38   41 6.295238 6.704762
  14   50   36 8.222619 5.777381
  20   64   53 10.907143 9.092857
  50  224   79 37.321429 12.678571
   2    2   10 0.333333 1.666667
  14   46   36 7.916667 6.083333
  14   36   49 5.980952 8.019048
  12   38   34 6.285714 5.714286
  64  308   76 51.245238 12.754762
   1    0    6 0.000000 1.000000
   9   14   39 2.409524 6.590476
  10   18   44 2.904762 7.095238
  12   22   52 3.666667 8.333333
  76  392   61 65.659524 10.340476
   2    2    9 0.366667 1.633333
  16   44   53 7.352381 8.647619
  11   18   44 3.228571 7.771429
  73  372   69 61.845238 11.154762
  20   66   53 11.230952 8.769048
  11   18   48 3.095238 7.904762
  69  342   73 56.842857 12.157143
  23   76   65 12.614286 10.385714
   9   24   30 4.019048 4.980952
  68  332   73 55.611905 12.388095
  26   94   68 15.244048 10.755952
  10   22   40 3.522619 6.477381
  64  286   90 48.246429 15.753571
  25   78   74 13.138095 11.861905
  18   50   54 8.666667 9.333333
  57  248   96 41.359524 15.640476
  28   98   74 16.146429 11.853571
  15   38   53 6.322619 8.677381
  57  246   91 41.301190 15.698810
  31  128   60 21.238095 9.761905
  17   44   56 7.547619 9.452381
  52  226   86 37.819048 14.180952
  23   78   61 13.166667 9.833333
  15   34   55 5.825000 9.175000
  62  280   92 46.885714 15.114286
  17   46   54 7.894048 9.105952
  14   34   56 5.355952 8.644048
  69  330   80 55.695238 13.304762
   8   20   27 3.452381 4.547619
   4    4   18 0.726190 3.273810
  88  490   41 81.483333 6.516667
   4   10   14 1.695238 2.304762
   1    0    7 0.000000 1.000000
  95  552   17 92.132143 2.867857
   2    2    9 0.366667 1.633333
  98  580    9 96.538095 1.461905
 100  600    0 100.000000 0.000000
