   2    2   11 0.309524 1.690476
   1    0    6 0.000000 1.000000
   1    0    6 0.000000 1.000000
   1    0    7 0.000000 1.000000
   3    6   12 1.000000 2.000000
   5   10   16 1.933333 3.066667
   1    0    7 0.000000 1.000000
   1    0    6 0.000000 1.000000
   4    8   17 1.285714 2.714286
   1    0    6 0.000000 1.000000
   1    0    7 0.000000 1.000000
   2    2    8 0.400000 1.600000
   2    2   11 0.309524 1.690476
   1    0    7 0.000000 1.000000
   2    2    9 0.366667 1.633333
   3    2   16 0.342857 2.657143
   3    4   11 0.800000 2.200000
   2    2   10 0.333333 1.666667
   1    0    7 0.000000 1.000000
   4    8   18 1.238095 2.761905
   2    2   10 0.333333 1.666667
   4   10   15 1.595238 2.404762
   3    4   14 0.666667 2.333333
   2    0   10 0.000000 2.000000
   3    4   13 0.733333 2.266667
   1    0    6 0.000000 1.000000
   1    0    6 0.000000 1.000000
   1    0    6 0.000000 1.000000
   1    0    7 0.000000 1.000000
   1    0    7 0.000000 1.000000
   2    2    8 0.400000 1.600000
   1    0    7 0.000000 1.000000
   2    2    9 0.366667 1.633333
   1    0    7 0.000000 1.000000
   2    2   11 0.309524 1.690476
   5   12   17 2.100000 2.900000
   1    0    6 0.000000 1.000000
   1    0    5 0.000000 1.000000
   2    0   13 0.000000 2.000000
   1    0    6 0.000000 1.000000
   1    0    7 0.000000 1.000000
   1    0    6 0.000000 1.000000
   1    0    5 0.000000 1.000000
   2    2   11 0.309524 1.690476
   1    0    7 0.000000 1.000000
   2    2   10 0.333333 1.666667
   2    2   10 0.333333 1.666667
   3    6   10 1.133333 1.866667
   2    2   11 0.309524 1.690476
   1    0    6 0.000000 1.000000
   3    6   12 1.019048 1.980952
   3    4   14 0.666667 2.333333
   2    2   10 0.333333 1.666667
   2    2   11 0.309524 1.690476
   3    4   15 0.642857 2.357143
   2    0   11 0.000000 2.000000
   5    8   22 1.328571 3.671429
   1    0    8 0.000000 1.000000
   1    0    6 0.000000 1.000000
   1    0    5 0.000000 1.000000
   1    0    7 0.000000 1.000000
   4    6   17 1.019048 2.980952
   1    0    6 0.000000 1.000000
   6   16   20 2.695238 3.304762
   2    2    9 0.366667 1.633333
   6   14   21 2.471429 3.528571
   1    0    7 0.000000 1.000000
   4    8   17 1.304762 2.695238
   3    6   12 1.019048 1.980952
   6    8   27 1.500000 4.500000
   4   10   14 1.750000 2.250000
   2    2    9 0.366667 1.633333
   1    0    6 0.000000 1.000000
   3    6   14 0.904762 2.095238
   1    0    7 0.000000 1.000000
   1    0    6 0.000000 1.000000
   8   20   27 3.338095 4.661905
   8   22   26 3.690476 4.309524
   1    0    6 0.000000 1.000000
   1    0    6 0.000000 1.000000
   2    2    9 0.366667 1.633333
   8   24   22 4.204762 3.795238
   2    2   11 0.309524 1.690476
   1    0    5 0.000000 1.000000
   3    4   15 0.642857 2.357143
   2    2   10 0.342857 1.657143
   1    0    6 0.000000 1.000000
   1    0    5 0.000000 1.000000
   4    6   19 0.952381 3.047619
   1    0    7 0.000000 1.000000
   4    6   19 0.995238 3.004762
   1    0    7 0.000000 1.000000
  11   38   29 6.276190 4.723810
   4    4   20 0.652381 3.347619
   7   10   30 1.809524 5.190476
  11   38   28 6.295238 4.704762
   6    8   27 1.366667 4.633333
   6   14   22 2.385714 3.614286
   1    0    7 0.000000 1.000000
   2    2   10 0.333333 1.666667
   2    2   11 0.309524 1.690476
  10   24   35 4.090476 5.909524
  11   28   36 4.823810 6.176190
   1    0    7 0.000000 1.000000
   1    0    6 0.000000 1.000000
   8   16   32 2.628571 5.371429
   1    0    6 0.000000 1.000000
   4    4   19 0.733333 3.266667
   3    6   12 1.019048 1.980952
   1    0    8 0.000000 1.000000
   4    4   20 0.676190 3.323810
   1    0    6 0.000000 1.000000
   6   12   24 2.014286 3.985714
  13   46   30 7.871429 5.128571
   3    2   17 0.333333 2.666667
   1    0    7 0.000000 1.000000
  12   32   38 5.495238 6.504762
   5   10   21 1.661905 3.338095
   5    8   20 1.442857 3.557143
   1    0    6 0.000000 1.000000
  12   40   34 6.642857 5.357143
  19   62   53 10.347619 8.652381
   1    0    7 0.000000 1.000000
  11   26   38 4.471429 6.528571
   2    2    9 0.366667 1.633333
   3    4   14 0.666667 2.333333
   4    4   20 0.652381 3.347619
   7   20   21 3.492857 3.507143
  10   26   37 4.095238 5.904762
   4    8   15 1.400000 2.600000
  10   26   31 4.600000 5.400000
   8   16   33 2.661905 5.338095
   3    4   13 0.700000 2.300000
   2    2   10 0.333333 1.666667
  17   68   34 11.623810 5.376190
  20   76   46 12.704762 7.295238
  10   20   40 3.433333 6.566667
   3    6   11 1.085714 1.914286
   2    2   11 0.309524 1.690476
   2    2   11 0.309524 1.690476
   3    6   14 0.904762 2.095238
   8   22   24 3.733333 4.266667
   7   16   24 2.919048 4.080952
  16   50   47 8.355952 7.644048
  11   22   42 3.838095 7.161905
   6   12   23 2.033333 3.966667
   8   26   23 4.432143 3.567857
   8   14   36 2.250000 5.750000
  20   72   47 12.303571 7.696429
   8   10   40 1.619048 6.380952
   1    0    6 0.000000 1.000000
   2    2    9 0.366667 1.633333
   6   14   21 2.400000 3.600000
   4    6   17 1.052381 2.947619
   9   20   33 3.438095 5.561905
   4    8   17 1.275000 2.725000
  14   34   55 5.423810 8.576190
  15   38   49 6.685714 8.314286
   7   18   21 3.233333 3.766667
  13   44   34 7.366667 5.633333
   4    4   20 0.676190 3.323810
  11   26   40 4.266667 6.733333
   9   22   35 3.561905 5.438095
   1    0    6 0.000000 1.000000
   3    4   14 0.725000 2.275000
   5   10   20 1.671429 3.328571
   3    2   20 0.267857 2.732143
  18   68   43 11.221429 6.778571
   1    0    6 0.000000 1.000000
  25   68   79 11.628571 13.371429
  12   30   45 4.889286 7.110714
   3    2   17 0.333333 2.666667
   5    4   24 0.700000 4.300000
   3    4   10 0.850000 2.150000
  11   22   43 3.690476 7.309524
   9   16   39 2.685714 6.314286
   2    2    9 0.366667 1.633333
   3    2   15 0.333333 2.666667
   7   10   30 1.776190 5.223810
  12   36   34 6.311905 5.688095
  22   90   41 15.171429 6.828571
   1    0    6 0.000000 1.000000
  12   20   54 3.233333 8.766667
   7   12   28 2.095238 4.904762
   3    6   12 1.019048 1.980952
   5    2   30 0.342857 4.657143
   2    2   11 0.309524 1.690476
  10   22   39 3.695238 6.304762
   9   20   36 3.290476 5.709524
   4    8   15 1.452381 2.547619
   6   10   26 1.719048 4.280952
   5    6   26 0.952381 4.047619
   8   20   31 3.190476 4.809524
  20   76   46 12.833333 7.166667
  14   26   53 4.657143 9.342857
  14   38   47 6.300000 7.700000
   2    2   10 0.333333 1.666667
   4    4   19 0.726190 3.273810
  16   54   43 9.059524 6.940476
   4    4   19 0.709524 3.290476
   4   10   14 1.666667 2.333333
   9   22   30 3.900000 5.100000
   1    0    7 0.000000 1.000000
   5    8   20 1.433333 3.566667
  25  112   39 18.690476 6.309524
  14   40   41 6.980952 7.019048
  10   16   46 2.595238 7.404762
   3    4   16 0.667857 2.332143
   4    6   18 1.066667 2.933333
  14   28   54 4.785714 9.214286
   4    6   20 0.952381 3.047619
   2    2    9 0.366667 1.633333
  18   64   44 10.785714 7.214286
   1    0    7 0.000000 1.000000
   6   12   22 2.128571 3.871429
  23   78   60 12.990476 10.009524
   9   22   34 3.528571 5.471429
   6    2   36 0.333333 5.666667
   5    6   24 1.033333 3.966667
   8   16   31 2.804762 5.195238
  19   54   59 9.042857 9.957143
   3    4   13 0.733333 2.266667
   3    6   11 1.085714 1.914286
  17   58   45 9.676190 7.323810
  11   22   42 3.752381 7.247619
  18   58   55 9.363095 8.636905
   6    8   28 1.400000 4.600000
  10   20   41 3.304762 6.695238
   1    0    6 0.000000 1.000000
  11   28   38 4.676190 6.323810
  12   24   49 3.955952 8.044048
   5    8   19 1.500000 3.500000
   6   16   20 2.723810 3.276190
  20   70   48 11.907143 8.092857
   7   10   32 1.726190 5.273810
  17   46   58 7.614286 9.385714
   9   24   29 4.154762 4.845238
  14   34   50 5.800000 8.200000
  10   20   42 3.357143 6.642857
  11   18   43 3.271429 7.728571
   4    8   17 1.280952 2.719048
   4   10   15 1.595238 2.404762
  24   94   50 15.709524 8.290476
   2    0   13 0.000000 2.000000
   5    2   26 0.366667 4.633333
  13   42   37 6.947619 6.052381
  19   64   52 10.466667 8.533333
   9   20   35 3.266667 5.733333
  12   20   49 3.614286 8.385714
   4    6   18 1.009524 2.990476
   8   26   24 4.242857 3.757143
  28  112   54 18.901190 9.098810
   1    0    6 0.000000 1.000000
   1    0    7 0.000000 1.000000
  19   46   64 7.957143 11.042857
  21   76   52 12.565476 8.434524
   9   10   44 1.766667 7.233333
   5    6   22 1.076190 3.923810
   7   18   25 2.938095 4.061905
   6   18   17 3.185714 2.814286
  31  134   55 22.255952 8.744048
   1    0    7 0.000000 1.000000
  21   56   71 9.563095 11.436905
  18   62   45 10.400000 7.600000
   8   12   34 2.166667 5.833333
   3    6   12 1.000000 2.000000
   9   22   34 3.566667 5.433333
  10   34   25 5.680952 4.319048
  30  124   56 20.795238 9.204762
   1    0    6 0.000000 1.000000
  17   42   63 6.961905 10.038095
  13   24   55 4.039286 8.960714
  15   30   52 5.561905 9.438095
   5   10   20 1.671429 3.328571
   4    2   26 0.285714 3.714286
  16   56   39 9.459524 6.540476
  29  108   67 17.957143 11.042857
   2    2    9 0.366667 1.633333
  20   64   57 10.830952 9.169048
   8   12   35 2.150000 5.850000
  14   32   45 5.650000 8.350000
   8   22   29 3.476190 4.523810
   1    0    7 0.000000 1.000000
  25   88   63 14.692857 10.307143
  22   80   55 13.222619 8.777381
   1    0    6 0.000000 1.000000
  15   40   50 6.600000 8.400000
   3    2   16 0.309524 2.690476
  29  114   59 19.169048 9.830952
   7   18   24 3.023810 3.976190
  20   70   51 11.561905 8.438095
  25   82   68 13.933333 11.066667
   1    0    8 0.000000 1.000000
  20   48   70 8.266667 11.733333
   3    4   14 0.652381 2.347619
  28  110   60 18.434524 9.565476
   7   16   26 2.727381 4.272619
  24   76   67 12.927381 11.072619
  17   44   57 7.271429 9.728571
  22   42   93 6.876190 15.123810
   7   18   25 2.904762 4.095238
  34  130   78 21.440476 12.559524
   6   18   20 2.895238 3.104762
  19   46   62 8.028571 10.971429
  12   14   54 2.428571 9.571429
  30   66  118 11.041667 18.958333
   4   10   15 1.619048 2.380952
  33  112   86 18.821429 14.178571
   3    2   16 0.333333 2.666667
  22   72   58 12.352381 9.647619
   8    8   37 1.492857 6.507143
  23   58   81 9.595238 13.404762
   3    4   16 0.595238 2.404762
  45  192   78 32.148810 12.851190
   3    0   20 0.000000 3.000000
  19   64   48 10.780952 8.219048
   7    8   31 1.476190 5.523810
  19   34   73 6.038095 12.961905
   4    4   20 0.676190 3.323810
  45  174   96 29.233333 15.766667
   4    4   23 0.685714 3.314286
  23   64   75 10.611905 12.388095
   5    6   27 0.934524 4.065476
  28   82   88 13.755952 14.244048
   3    4   14 0.652381 2.347619
  45  170  100 28.545238 16.454762
   3    2   17 0.309524 2.690476
  17   44   55 7.504762 9.495238
   4    6   18 1.019048 2.980952
  23   50   86 8.638095 14.361905
   3    4   15 0.642857 2.357143
  53  218  103 36.233333 16.766667
   1    0    7 0.000000 1.000000
  10   22   36 3.866667 6.133333
  10   30   29 5.207143 4.792857
  18   70   38 11.826190 6.173810
   2    2   10 0.333333 1.666667
  67  314   84 52.819048 14.180952
  11   28   40 4.771429 6.228571
   2    0   14 0.000000 2.000000
  22   86   47 14.309524 7.690476
   3    4   13 0.742857 2.257143
  63  292   84 48.961905 14.038095
   7    8   36 1.338095 5.661905
   5   14   16 2.304762 2.695238
  23   78   58 13.084524 9.915476
   5   10   19 1.675000 3.325000
  60  282   82 46.873810 13.126190
  10   26   33 4.547619 5.452381
   2    2   10 0.342857 1.657143
  31  116   69 19.685714 11.314286
  10   24   34 4.200000 5.800000
  51  228   81 37.872619 13.127381
   8   10   38 1.709524 6.290476
  34  132   71 22.300000 11.700000
   1    0    6 0.000000 1.000000
  54  230   96 38.232143 15.767857
  11   20   45 3.357143 7.642857
  35  118   90 19.838095 15.161905
   4   10   13 1.785714 2.214286
  53  234   88 38.916667 14.083333
   8   12   35 2.095238 5.904762
  46  172  102 29.028571 16.971429
   3    2   16 0.400000 2.600000
  48  188  100 31.554762 16.445238
   3    2   18 0.309524 2.690476
  43  160   92 27.238095 15.761905
   5   14   15 2.483333 2.516667
  50  208   97 34.261905 15.738095
   2    0   14 0.000000 2.000000
  26   72   87 11.897619 14.102381
   5   14   15 2.428571 2.571429
  66  296   99 49.638095 16.361905
   3    4   13 0.733333 2.266667
  25   70   81 11.933333 13.066667
   3    4   13 0.700000 2.300000
  69  318   97 53.159524 15.840476
   3    2   15 0.342857 2.657143
  25   74   74 12.666667 12.333333
  72  354   81 59.178571 12.821429
   3    2   15 0.333333 2.666667
  24   70   72 12.019048 11.980952
  74  366   81 60.805952 13.194048
   2    2    9 0.366667 1.633333
  34  122   80 20.661905 13.338095
  65  306   86 50.969048 14.030952
   1    0    6 0.000000 1.000000
  29   92   80 15.676190 13.323810
  67  314   91 52.170238 14.829762
   4   10   13 1.808333 2.191667
  35  116   96 19.133333 15.866667
  60  244  112 41.196429 18.803571
   5    4   28 0.619048 4.380952
  43  142  112 24.111905 18.888095
  50  184  121 30.602381 19.397619
   7   12   29 2.066667 4.933333
  40  136  102 22.894048 17.105952
  55  218  111 36.676587 18.323413
   5    8   25 1.238095 3.761905
  36  130   83 22.076190 13.923810
  55  242   93 40.205952 14.794048
   9   18   34 3.095238 5.904762
  31  126   58 21.238095 9.761905
  64  316   70 52.702381 11.297619
   5    8   22 1.371429 3.628571
  33  124   76 20.633333 12.366667
  62  284   86 47.580952 14.419048
   5   12   18 2.023810 2.976190
  37  144   84 23.839286 13.160714
  58  254   90 42.855952 15.144048
   5   14   14 2.500000 2.500000
  39  156   71 26.585714 12.414286
  56  256   87 42.252381 13.747619
   5   12   18 1.990476 3.009524
  33  112   84 18.904762 14.095238
  66  312   86 52.013095 13.986905
   1    0    6 0.000000 1.000000
  31  106   83 17.494048 13.505952
  68  318   86 53.316667 14.683333
   1    0    7 0.000000 1.000000
  39  144   90 24.280952 14.719048
  61  276   90 46.026190 14.973810
  38  154   78 25.392857 12.607143
  62  290   78 48.750000 13.250000
  35  128   85 21.386905 13.613095
  65  302   85 50.591667 14.408333
  27  108   59 17.911111 9.088889
  73  374   59 62.790476 10.209524
  22   74   56 12.490476 9.509524
  78  414   56 68.871429 9.128571
  27  102   58 17.178571 9.821429
  73  382   58 63.473810 9.526190
  31  128   59 21.680952 9.319048
  69  354   59 59.223810 9.776190
  30  110   72 18.352381 11.647619
  70  346   72 57.864286 12.135714
  31  122   65 20.266667 10.733333
  69  348   65 58.054762 10.945238
  28   90   75 15.398810 12.601190
  72  360   75 60.294048 11.705952
  34  124   78 20.833333 13.166667
  66  320   78 53.130952 12.869048
  26   84   69 14.076190 11.923810
  74  378   69 62.585714 11.414286
  19   52   63 8.778571 10.221429
  81  422   63 70.615476 10.384524
  29  102   71 17.185714 11.814286
  71  356   71 59.371429 11.628571
  36  142   78 23.603571 12.396429
  64  302   78 50.602381 13.397619
  41  176   70 29.446032 11.553968
  59  284   70 47.358333 11.641667
  47  212   68 35.597619 11.402381
  53  252   68 42.034524 10.965476
  53  240   74 40.328571 12.671429
  47  212   74 35.130952 11.869048
  49  224   74 37.247619 11.752381
  51  228   74 38.628571 12.371429
  41  178   68 29.757143 11.242857
  59  286   68 47.921429 11.078571
  43  184   70 31.033333 11.966667
  57  276   70 45.857143 11.142857
  44  194   70 32.404762 11.595238
  56  266   70 44.403571 11.596429
  33  112   84 18.817857 14.182143
  67  320   84 53.379762 13.620238
  46  192   82 32.338095 13.661905
  54  244   82 40.710714 13.289286
  46  200   72 33.709524 12.290476
  54  256   72 42.607143 11.392857
  65  316   77 52.552381 12.447619
  35  130   77 22.128571 12.871429
  61  300   68 49.917857 11.082143
  39  164   68 27.423810 11.576190
  64  306   77 51.319048 12.680952
  36  140   77 23.428571 12.571429
  76  384   69 64.528571 11.471429
  24   78   69 12.842857 11.157143
  87  478   45 79.560317 7.439683
  13   32   45 5.471429 7.528571
  91  512   35 85.305952 5.694048
   9   18   35 3.080952 5.919048
  91  510   37 85.054762 5.945238
   9   16   37 2.719048 6.280952
  94  538   27 89.566667 4.433333
   6    8   27 1.376190 4.623810
  92  526   26 87.646429 4.353571
   8   22   26 3.933333 4.066667
  86  484   32 80.589286 5.410714
  14   52   32 8.695238 5.304762
  91  518   25 86.709524 4.290476
   9   32   25 5.179762 3.820238
  90  500   39 83.661905 6.338095
  10   22   39 3.657143 6.342857
  96  554   21 92.438095 3.561905
   4    4   21 0.642857 3.357143
  98  580    9 96.573810 1.426190
   2    2    9 0.366667 1.633333
 100  600    0 100.000000 0.000000
