   1    0    6 0.000000 1.000000
   1    0    7 0.000000 1.000000
   2    2    8 0.400000 1.600000
   1    0    6 0.000000 1.000000
   1    0    6 0.000000 1.000000
   1    0    6 0.000000 1.000000
   1    0    7 0.000000 1.000000
   4   10   13 1.761905 2.238095
   1    0    6 0.000000 1.000000
   1    0    5 0.000000 1.000000
   1    0    6 0.000000 1.000000
   3    4   12 0.766667 2.233333
   1    0    6 0.000000 1.000000
   3    6   13 0.952381 2.047619
   1    0    6 0.000000 1.000000
   2    2   11 0.309524 1.690476
   2    2    9 0.366667 1.633333
   2    2   10 0.333333 1.666667
   1    0    5 0.000000 1.000000
   2    2   11 0.309524 1.690476
   2    2   10 0.333333 1.666667
   1    0    6 0.000000 1.000000
   3    4   15 0.619048 2.380952
   1    0    6 0.000000 1.000000
   1    0    6 0.000000 1.000000
   2    2   11 0.309524 1.690476
   1    0    6 0.000000 1.000000
   1    0    6 0.000000 1.000000
   1    0    7 0.000000 1.000000
   1    0    6 0.000000 1.000000
   2    2    8 0.400000 1.600000
   1    0    7 0.000000 1.000000
   3    4   13 0.700000 2.300000
   3    6   13 0.952381 2.047619
   2    2    9 0.366667 1.633333
   3    4   12 0.733333 2.266667
   2    0   14 0.000000 2.000000
   1    0    6 0.000000 1.000000
   1    0    6 0.000000 1.000000
   1    0    7 0.000000 1.000000
   4    8   14 1.500000 2.500000
   2    2   11 0.309524 1.690476
   1    0    6 0.000000 1.000000
   1    0    6 0.000000 1.000000
   1    0    6 0.000000 1.000000
   2    2   10 0.342857 1.657143
   1    0    5 0.000000 1.000000
   1    0    5 0.000000 1.000000
   1    0    5 0.000000 1.000000
   1    0    7 0.000000 1.000000
   1    0    7 0.000000 1.000000
   4    8   16 1.352381 2.647619
   3    4   14 0.666667 2.333333
   1    0    6 0.000000 1.000000
   3    4   16 0.595238 2.404762
   1    0    6 0.000000 1.000000
   6   18   18 3.052381 2.947619
   1    0    7 0.000000 1.000000
   5   14   15 2.461905 2.538095
   1    0    7 0.000000 1.000000
   4   10   14 1.661905 2.338095
   3    2   17 0.366667 2.633333
   2    2   10 0.342857 1.657143
   1    0    5 0.000000 1.000000
   2    2   12 0.285714 1.714286
   3    4   15 0.642857 2.357143
   6   16   19 2.738095 3.261905
   4   10   14 1.661905 2.338095
   1    0    6 0.000000 1.000000
   4    6   16 1.085714 2.914286
   1    0    5 0.000000 1.000000
   1    0    7 0.000000 1.000000
   1    0    6 0.000000 1.000000
   3    4   12 0.766667 2.233333
   1    0    7 0.000000 1.000000
   2    2    9 0.366667 1.633333
   1    0    6 0.000000 1.000000
   4   10   14 1.661905 2.338095
   3    6    9 1.233333 1.766667
   1    0    6 0.000000 1.000000
   2    2   11 0.309524 1.690476
   1    0    7 0.000000 1.000000
   7   20   22 3.371429 3.628571
   2    0   13 0.000000 2.000000
   2    2   10 0.333333 1.666667
   2    2   12 0.291667 1.708333
   1    0    6 0.000000 1.000000
   2    2   10 0.333333 1.666667
   1    0    7 0.000000 1.000000
   3    2   16 0.366667 2.633333
   2    2   12 0.285714 1.714286
   2    2   10 0.342857 1.657143
   3    6   11 1.066667 1.933333
  16   66   28 11.271429 4.728571
  13   46   31 7.747619 5.252381
   4    8   15 1.400000 2.600000
   2    2   11 0.309524 1.690476
   5    8   23 1.285714 3.714286
   1    0    6 0.000000 1.000000
   4   10   12 1.833333 2.166667
   4    4   20 0.742857 3.257143
   6   18   17 3.066667 2.933333
   1    0    6 0.000000 1.000000
   1    0    6 0.000000 1.000000
   2    2   11 0.309524 1.690476
   2    0   11 0.000000 2.000000
   1    0    5 0.000000 1.000000
   1    0    6 0.000000 1.000000
   2    0   13 0.000000 2.000000
   6   18   19 2.990476 3.009524
   5   12   17 2.095238 2.904762
  10   32   27 5.433333 4.566667
   1    0    7 0.000000 1.000000
   3    4   15 0.642857 2.357143
   1    0    6 0.000000 1.000000
   3    2   16 0.333333 2.666667
   2    2    9 0.366667 1.633333
   5    8   25 1.310714 3.689286
  15   44   46 7.284127 7.715873
  12   34   37 5.785714 6.214286
   4    8   17 1.386905 2.613095
   3    6   13 0.952381 2.047619
   4    4   21 0.709524 3.290476
   3    2   17 0.333333 2.666667
   6    8   25 1.466667 4.533333
   3    6   13 0.952381 2.047619
   1    0    6 0.000000 1.000000
   3    2   15 0.333333 2.666667
   1    0    6 0.000000 1.000000
   4   10   13 1.766667 2.233333
   3    6   11 1.066667 1.933333
   5    8   24 1.238095 3.761905
   8   26   20 4.542857 3.457143
  14   50   32 8.600000 5.400000
   1    0    6 0.000000 1.000000
   1    0    6 0.000000 1.000000
   4    6   17 1.033333 2.966667
  20   66   59 10.771429 9.228571
  11   20   43 3.609524 7.390476
   6   12   24 2.019048 3.980952
   6   18   19 3.038095 2.961905
   5   10   20 1.766667 3.233333
   3    6   12 1.019048 1.980952
  10   22   38 3.642857 6.357143
   3    6   12 1.019048 1.980952
   4    4   17 0.733333 3.266667
   3    4   12 0.766667 2.233333
   5   14   17 2.285714 2.714286
  14   48   37 8.008333 5.991667
  13   46   31 7.790476 5.209524
   5   12   20 1.857143 3.142857
  12   30   46 4.947619 7.052381
   6    6   31 1.019048 4.980952
   5   10   23 1.619048 3.380952
   8   20   26 3.526190 4.473810
   3    6   11 1.066667 1.933333
   4   10   15 1.647619 2.352381
   9   18   36 3.076190 5.923810
   9   26   26 4.480952 4.519048
   5   10   21 1.619048 3.380952
   2    0   10 0.000000 2.000000
   5   12   19 1.904762 3.095238
  14   38   44 6.485714 7.514286
  19   78   37 12.971429 6.028571
   4   10   14 1.666667 2.333333
   7   10   33 1.642857 5.357143
   7   10   31 1.728571 5.271429
   8   26   24 4.251190 3.748810
   7   18   25 2.928571 4.071429
   4   10   15 1.619048 2.380952
   2    2   10 0.333333 1.666667
   5   10   21 1.647619 3.352381
  17   56   49 9.113095 7.886905
   1    0    5 0.000000 1.000000
   3    2   16 0.400000 2.600000
  14   40   45 6.514286 7.485714
   9   14   40 2.323810 6.676190
  10   12   41 2.283333 7.716667
  13   36   42 6.014286 6.985714
   8   14   29 2.633333 5.366667
   8   16   29 2.795238 5.204762
  11   28   39 4.694048 6.305952
   3    2   17 0.333333 2.666667
   3    4   14 0.666667 2.333333
  11   30   35 5.100000 5.900000
  26  108   51 18.110714 7.889286
   2    0   13 0.000000 2.000000
   5    4   28 0.642857 4.357143
  14   30   53 5.045238 8.954762
   2    2    9 0.366667 1.633333
   7   16   29 2.535714 4.464286
  10   26   36 4.347619 5.652381
   5    6   25 0.991667 4.008333
  12   26   45 4.566667 7.433333
   8   18   29 3.138095 4.861905
   1    0    6 0.000000 1.000000
  14   42   44 6.947619 7.052381
  14   48   35 8.219048 5.780952
   8   18   30 3.071429 4.928571
   3    2   17 0.333333 2.666667
  13   32   46 5.471429 7.528571
   1    0    6 0.000000 1.000000
  11   34   29 5.880952 5.119048
   3    6   12 1.000000 2.000000
  14   46   34 8.061905 5.938095
   9   30   26 4.890476 4.109524
   6   10   29 1.523810 4.476190
   3    6   14 0.916667 2.083333
  23   82   52 14.085714 8.914286
   8   16   31 2.728571 5.271429
   6   18   19 2.990476 3.009524
   4    6   18 1.066667 2.933333
  18   58   51 9.603571 8.396429
   1    0    6 0.000000 1.000000
   5    6   24 1.019048 3.980952
   6   16   20 2.658333 3.341667
  16   54   47 8.653571 7.346429
   9   22   32 3.719048 5.280952
   5    8   18 1.600000 3.400000
   1    0    5 0.000000 1.000000
  20   68   52 11.480952 8.519048
  16   58   38 9.700000 6.300000
   4    8   17 1.304762 2.695238
   3    2   18 0.291667 2.708333
  18   58   47 9.895238 8.104762
   1    0    5 0.000000 1.000000
   1    0    7 0.000000 1.000000
   5    8   24 1.280952 3.719048
  26   96   59 16.379762 9.620238
   4    2   20 0.400000 3.600000
   5   14   17 2.261905 2.738095
  20   68   53 11.309524 8.690476
  18   60   48 10.028571 7.971429
   2    0   12 0.000000 2.000000
   2    2    9 0.366667 1.633333
  15   52   37 8.857143 6.142857
   2    2   11 0.309524 1.690476
   1    0    6 0.000000 1.000000
   4    6   20 0.952381 3.047619
  36  136   75 23.157143 12.842857
   5    8   20 1.433333 3.566667
   6   16   21 2.614286 3.385714
  17   62   41 10.290476 6.709524
  14   42   41 7.100000 6.900000
   4    6   18 1.000000 3.000000
  14   44   44 7.170238 6.829762
   8   20   25 3.461905 4.538095
  27   78   89 12.733333 14.266667
   5   10   22 1.647619 3.352381
   7   22   19 3.790476 3.209524
  15   40   53 6.614286 8.385714
  14   48   33 8.321429 5.678571
   5   12   20 1.957143 3.042857
  19   58   51 10.197619 8.802381
   8   14   32 2.428571 5.571429
  24   68   73 11.723810 12.276190
   3    6   14 0.904762 2.095238
  10   30   34 4.734524 5.265476
  18   52   56 8.676190 9.323810
   7   22   22 3.523810 3.476190
   5   10   19 1.733333 3.266667
  25   74   74 12.459524 12.540476
   7   12   30 2.076190 4.923810
  23   72   67 12.235714 10.764286
   7   14   27 2.476190 4.523810
  23   76   62 12.828571 10.171429
  12   38   33 6.419048 5.580952
   4    8   18 1.257143 2.742857
  24   72   71 12.121429 11.878571
   5   12   18 2.076190 2.923810
  29   98   74 16.557143 12.442857
   5    8   22 1.333333 3.666667
  26   94   60 15.847619 10.152381
  10   28   35 4.538095 5.461905
   3    4   16 0.583333 2.416667
  22   72   59 12.176190 9.823810
   3    2   15 0.366667 2.633333
  30  108   71 18.252381 11.747619
  13   44   32 7.428571 5.571429
  21   68   59 11.221429 9.778571
   8   14   36 2.285714 5.714286
   5    8   23 1.261905 3.738095
  20   70   50 11.610714 8.389286
   2    2   10 0.333333 1.666667
  36  158   61 26.073810 9.926190
   8   26   21 4.452381 3.547619
  21   66   61 11.052381 9.947619
   8   20   27 3.400000 4.600000
   3    2   16 0.366667 2.633333
  22   78   52 13.295238 8.704762
   1    0    6 0.000000 1.000000
  34  140   65 23.404762 10.595238
   4    8   18 1.238095 2.761905
  28  114   53 19.185714 8.814286
   6   16   22 2.547619 3.452381
  27  116   42 19.828571 7.171429
  42  192   62 32.033333 9.966667
   1    0    6 0.000000 1.000000
  27   96   65 16.277381 10.722619
   1    0    7 0.000000 1.000000
  29  130   42 22.003571 6.996429
  47  198   81 33.333333 13.666667
   2    2    8 0.400000 1.600000
  23   88   54 14.461905 8.538095
  28  110   59 18.271429 9.728571
  55  256   78 42.545238 12.454762
   3    4   12 0.766667 2.233333
  16   42   52 7.238095 8.761905
  26  108   48 17.990476 8.009524
  55  248   86 41.027381 13.972619
   7   22   21 3.558333 3.441667
   8   14   34 2.395238 5.604762
  30  124   51 20.980952 9.019048
  59  270   84 45.390476 13.609524
   9   28   28 4.695238 4.304762
   8   22   26 3.700000 4.300000
  24   92   50 15.400000 8.600000
  68  318   94 52.844048 15.155952
   3    2   16 0.333333 2.666667
   3    4   12 0.766667 2.233333
  26   88   66 15.033333 10.966667
  59  256   95 43.086905 15.913095
   5   12   17 2.085714 2.914286
   1    0    7 0.000000 1.000000
  35  136   77 22.633333 12.366667
  59  258   89 44.038095 14.961905
   8   24   24 4.066667 3.933333
  33  138   67 22.746429 10.253571
  62  304   66 51.001190 10.998810
  15   54   38 9.013095 5.986905
  23   86   52 14.452381 8.547619
  52  224   86 37.605952 14.394048
   9   22   34 3.590476 5.409524
  39  158   76 26.466667 12.533333
  47  176  106 29.573810 17.426190
  15   44   46 7.338095 7.661905
  38  134   94 22.633333 15.366667
  51  200  106 33.550000 17.450000
  13   28   50 4.690476 8.309524
  36  114  102 19.221429 16.778571
  51  198  109 33.225000 17.775000
  12   20   52 3.390476 8.609524
  37  116  105 19.722619 17.277381
  47  182   99 30.748810 16.251190
  14   30   58 4.935317 9.064683
  39  126  105 21.207143 17.792857
  37  134   92 22.066667 14.933333
  19   56   58 9.495238 9.504762
  44  174   86 29.354762 14.645238
  32  118   79 19.436905 12.563095
  15   48   41 8.319048 6.680952
  53  224   90 37.967857 15.032143
  35  122   86 20.751190 14.248810
   8   22   30 3.447619 4.552381
  57  252   88 42.441667 14.558333
  30   90   90 15.008333 14.991667
  13   34   43 5.752381 7.247619
  57  252   91 41.892857 15.107143
  36  130   84 22.097619 13.902381
  15   48   43 7.990476 7.009524
  49  212   83 35.509524 13.490476
  35  136   77 22.542857 12.457143
  12   26   47 4.442857 7.557143
  53  232   82 39.235714 13.764286
  31   96   91 16.033333 14.966667
  14   30   55 4.985714 9.014286
  55  236   92 39.788095 15.211905
  28   74   94 12.336905 15.663095
  16   40   54 6.921429 9.078571
  56  250   88 41.676190 14.323810
  37  138   81 23.334524 13.665476
  19   50   68 8.325000 10.675000
  44  196   67 32.830952 11.169048
  38  152   77 25.266667 12.733333
  16   30   64 5.161905 10.838095
  46  214   63 35.705952 10.294048
  50  212   85 35.784524 14.215476
  18   42   70 6.857143 11.142857
  32  116   75 19.584524 12.415476
  39  150   83 25.144048 13.855952
  25   72   76 12.301190 12.698810
  36  128   91 21.152381 14.847619
  39  148   80 25.276190 13.723810
  27   84   82 13.976190 13.023810
  34  112   94 18.727381 15.272619
  38  128   99 21.628571 16.371429
  14   24   65 3.945238 10.054762
  48  174  110 29.552381 18.447619
  48  184  103 30.946429 17.053571
  17   52   52 8.639286 8.360714
  35  120   89 20.253571 14.746429
  56  240   98 40.116667 15.883333
  12   22   49 3.842857 8.157143
  32   88  103 14.680952 17.319048
  54  226   99 37.634921 16.365079
  11   26   40 4.328571 6.671429
  35  116   93 19.585714 15.414286
  47  160  119 26.948810 20.051190
  14   28   54 4.823810 9.176190
  39  128  111 21.088095 17.911905
  50  176  118 30.053571 19.946429
  16   44   58 6.976190 9.023810
  34  104  100 17.414286 16.585714
  54  212  111 35.366667 18.633333
  15   38   55 6.223810 8.776190
  31  102   82 17.285714 13.714286
  55  220  108 36.994048 18.005952
  15   44   44 7.495238 7.504762
  30   94   90 15.371429 14.628571
  52  206  106 34.580952 17.419048
  18   64   42 10.928571 7.071429
  30   76  106 12.605952 17.394048
  49  190  104 31.947619 17.052381
  19   66   46 11.309524 7.690476
  32   98   96 16.408333 15.591667
  47  176  111 29.490476 17.509524
  27   86   71 14.795238 12.204762
  26   68   88 11.646429 14.353571
  51  180  118 30.853571 20.146429
  30  110   71 18.411905 11.588095
  19   38   83 6.167857 12.832143
  67  302  102 50.476190 16.523810
  22   64   67 10.830952 11.169048
  11   16   49 2.780952 8.219048
  68  300  106 50.503571 17.496429
  19   44   72 7.209524 11.790476
  13   34   44 5.666667 7.333333
  65  292   92 49.389286 15.610714
  12   38   35 6.490476 5.509524
  23   78   65 12.819048 10.180952
  72  342   90 56.997619 15.002381
  10   22   39 3.657143 6.342857
  18   50   57 8.444048 9.555952
  71  346   78 57.926190 13.073810
  16   52   44 8.661905 7.338095
  13   26   54 4.435714 8.564286
  68  318   91 53.060714 14.939286
  16   48   51 7.885714 8.114286
  16   36   56 6.190476 9.809524
  69  350   62 58.622619 10.377381
  17   48   53 8.180952 8.819048
  14   28   59 4.588095 9.411905
  63  312   67 52.020238 10.979762
  25   82   67 13.821429 11.178571
  12   28   44 4.766667 7.233333
  78  412   54 68.919048 9.080952
  14   36   51 5.947619 8.052381
   8   18   29 2.980952 5.019048
  76  400   57 66.680952 9.319048
  19   56   55 9.807143 9.192857
   5    8   24 1.310714 3.689286
  81  422   66 70.320238 10.679762
  17   42   58 7.222619 9.777381
   2    2   10 0.342857 1.657143
  66  288  106 48.236905 17.763095
  33   98  102 16.236905 16.763095
   1    0    6 0.000000 1.000000
  69  302  108 50.883333 18.116667
  31   82  108 13.745238 17.254762
  72  342   88 57.440476 14.559524
  28   82   88 14.002381 13.997619
  70  338   84 56.401190 13.598810
  30   94   84 15.911905 14.088095
  68  314   93 52.552381 15.447619
  32  100   93 16.842857 15.157143
  67  304   96 51.004762 15.995238
  33  104   96 17.255952 15.744048
  52  208  108 34.646429 17.353571
  48  176  108 29.780952 18.219048
  45  170  101 28.439286 16.560714
  55  228  101 38.628571 16.371429
  36  130   90 21.635714 14.364286
  64  290   90 48.976190 15.023810
  35  126   83 21.276190 13.723810
  65  308   83 51.485714 13.514286
  33  110   89 18.423810 14.576190
  67  312   89 52.130952 14.869048
  40  132  105 22.435714 17.564286
  60  258  105 42.925000 17.075000
  33   98  110 15.894048 17.105952
  67  282  110 47.729762 19.270238
  24   58   88 9.746429 14.253571
  76  366   88 61.358333 14.641667
  28   94   77 15.711905 12.288095
  72  352   77 59.190476 12.809524
  23   58   81 9.389286 13.610714
  77  380   81 63.395238 13.604762
  25   62   90 10.114286 14.885714
  75  358   90 59.908333 15.091667
  12   26   50 4.252381 7.747619
  88  474   50 79.673810 8.326190
   7    6   39 0.916667 6.083333
  93  516   39 86.219048 6.780952
   4    2   23 0.333333 3.666667
  96  552   23 92.103571 3.896429
   4    8   16 1.328571 2.671429
  96  560   16 93.279762 2.720238
   3    4   15 0.628571 2.371429
  97  566   15 94.494048 2.505952
   8   22   27 3.623810 4.376190
  92  524   27 87.519048 4.480952
  10   32   27 5.476190 4.523810
  90  514   27 85.661905 4.338095
   2    2   11 0.309524 1.690476
  98  576   11 96.096429 1.903571
 100  600    0 100.000000 0.000000
