   1    0    5 0.000000 1.000000
   8   18   30 3.052381 4.947619
   7   18   23 3.128571 3.871429
   3    4   13 0.742857 2.257143
   1    0    7 0.000000 1.000000
   2    2    9 0.366667 1.633333
   1    0    6 0.000000 1.000000
   1    0    7 0.000000 1.000000
   1    0    5 0.000000 1.000000
   1    0    6 0.000000 1.000000
   3    6   11 1.066667 1.933333
   1    0    6 0.000000 1.000000
   2    2   10 0.342857 1.657143
   3    6   11 1.085714 1.914286
   1    0    7 0.000000 1.000000
   5   12   18 1.990476 3.009524
   2    2   12 0.285714 1.714286
   1    0    6 0.000000 1.000000
   1    0    7 0.000000 1.000000
   1    0    6 0.000000 1.000000
   7   18   21 3.142857 3.857143
   2    2    9 0.366667 1.633333
   2    0   12 0.000000 2.000000
   1    0    7 0.000000 1.000000
   2    0   15 0.000000 2.000000
   1    0    6 0.000000 1.000000
   1    0    7 0.000000 1.000000
   1    0    6 0.000000 1.000000
   2    2   11 0.309524 1.690476
   2    2   11 0.309524 1.690476
   1    0    6 0.000000 1.000000
   2    2    9 0.366667 1.633333
   1    0    5 0.000000 1.000000
   1    0    6 0.000000 1.000000
   4    6   16 1.100000 2.900000
   3    4   12 0.766667 2.233333
   1    0    7 0.000000 1.000000
   1    0    7 0.000000 1.000000
   1    0    5 0.000000 1.000000
   3    6   13 0.952381 2.047619
   1    0    6 0.000000 1.000000
   1    0    6 0.000000 1.000000
   1    0    6 0.000000 1.000000
   2    2   11 0.325000 1.675000
   5   12   18 1.957143 3.042857
   1    0    7 0.000000 1.000000
   1    0    7 0.000000 1.000000
   1    0    5 0.000000 1.000000
   1    0    6 0.000000 1.000000
   1    0    6 0.000000 1.000000
   1    0    7 0.000000 1.000000
   2    0   13 0.000000 2.000000
   5   12   17 2.033333 2.966667
   9   30   23 5.195238 3.804762
   1    0    6 0.000000 1.000000
   2    2    9 0.366667 1.633333
   1    0    7 0.000000 1.000000
   1    0    7 0.000000 1.000000
   1    0    6 0.000000 1.000000
   7   20   21 3.438095 3.561905
   1    0    7 0.000000 1.000000
   3    2   16 0.333333 2.666667
   2    2   10 0.333333 1.666667
   4    8   16 1.319048 2.680952
   2    2   10 0.333333 1.666667
   1    0    7 0.000000 1.000000
   5   10   19 1.861905 3.138095
   4   10   14 1.666667 2.333333
   2    2   10 0.333333 1.666667
   4    8   15 1.452381 2.547619
   2    2   10 0.333333 1.666667
   1    0    6 0.000000 1.000000
   3    6   12 1.000000 2.000000
   4    8   14 1.466667 2.533333
   1    0    6 0.000000 1.000000
   1    0    7 0.000000 1.000000
   1    0    6 0.000000 1.000000
   2    0   12 0.000000 2.000000
   1    0    5 0.000000 1.000000
   1    0    6 0.000000 1.000000
   1    0    6 0.000000 1.000000
   2    2    8 0.400000 1.600000
   3    4   15 0.685714 2.314286
   4   10   13 1.766667 2.233333
   3    4   14 0.676190 2.323810
   2    2   11 0.309524 1.690476
   8   24   26 3.913095 4.086905
   1    0    7 0.000000 1.000000
   1    0    6 0.000000 1.000000
   3    4   15 0.619048 2.380952
   3    4   15 0.691667 2.308333
   3    6   11 1.085714 1.914286
  12   36   34 6.280952 5.719048
   3    2   15 0.366667 2.633333
   2    2    9 0.366667 1.633333
   1    0    6 0.000000 1.000000
   6   14   22 2.333333 3.666667
   5   10   21 1.595238 3.404762
   1    0    5 0.000000 1.000000
   1    0    6 0.000000 1.000000
   1    0    7 0.000000 1.000000
   5   12   17 2.061905 2.938095
   4    6   18 1.000000 3.000000
   6   18   17 3.128571 2.871429
   4    4   18 0.733333 3.266667
   6   16   20 2.780952 3.219048
   2    2   11 0.309524 1.690476
   1    0    6 0.000000 1.000000
   1    0    6 0.000000 1.000000
   3    4   16 0.595238 2.404762
   1    0    6 0.000000 1.000000
   1    0    6 0.000000 1.000000
   6   12   26 1.904762 4.095238
   3    2   15 0.366667 2.633333
   4    6   18 1.019048 2.980952
   3    4   13 0.700000 2.300000
   7   18   26 2.885714 4.114286
   1    0    6 0.000000 1.000000
   1    0    7 0.000000 1.000000
   1    0    5 0.000000 1.000000
   5   12   19 2.051190 2.948810
  19   76   36 12.838095 6.161905
   8   18   30 3.047619 4.952381
   3    4   15 0.628571 2.371429
   1    0    6 0.000000 1.000000
  10   28   29 4.985714 5.014286
   4    6   18 1.042857 2.957143
   1    0    7 0.000000 1.000000
   4    8   16 1.376190 2.623810
   1    0    7 0.000000 1.000000
   7   20   24 3.219048 3.780952
   4    6   17 1.052381 2.947619
   5   14   17 2.233333 2.766667
   1    0    6 0.000000 1.000000
   1    0    5 0.000000 1.000000
   1    0    5 0.000000 1.000000
  10   28   34 4.595238 5.404762
   1    0    6 0.000000 1.000000
   2    2   11 0.309524 1.690476
   2    2   11 0.309524 1.690476
   8   20   25 3.495238 4.504762
   1    0    7 0.000000 1.000000
   1    0    7 0.000000 1.000000
  11   30   33 5.233333 5.766667
  18   68   41 11.350000 6.650000
   9   18   37 2.990476 6.009524
   6   12   23 2.019048 3.980952
   1    0    7 0.000000 1.000000
   6   16   21 2.657143 3.342857
   4    8   15 1.528571 2.471429
   8   26   19 4.528571 3.471429
   5    8   23 1.271429 3.728571
   9   18   36 3.052381 5.947619
   3    4   17 0.571429 2.428571
   2    2   12 0.291667 1.708333
   7   12   32 1.866667 5.133333
   2    2    7 0.450000 1.550000
   3    4   13 0.700000 2.300000
   5    6   23 1.076190 3.923810
  18   56   52 9.490476 8.509524
  17   48   57 7.900000 9.100000
  10   26   33 4.433333 5.566667
   6   10   28 1.614286 4.385714
   4    6   16 1.100000 2.900000
   6   12   24 2.019048 3.980952
  10   34   25 5.826190 4.173810
   7   20   24 3.323810 3.676190
   2    2   10 0.333333 1.666667
   2    2    8 0.400000 1.600000
   6   14   21 2.400000 3.600000
   6   12   24 2.052381 3.947619
   3    4   14 0.666667 2.333333
   3    0   18 0.000000 3.000000
  14   44   41 7.390476 6.609524
  11   24   44 4.004762 6.995238
  15   46   43 7.728571 7.271429
  10   30   30 5.080952 4.919048
   5   14   17 2.285714 2.714286
   4    4   21 0.652381 3.347619
  14   52   28 8.952381 5.047619
   7   14   28 2.347619 4.652381
   5   10   21 1.619048 3.380952
   4    6   21 0.952381 3.047619
   3    6   12 1.019048 1.980952
   7   14   23 2.666667 4.333333
   1    0    7 0.000000 1.000000
  13   50   31 8.180952 4.819048
  14   44   41 7.528571 6.471429
  14   40   46 6.523810 7.476190
   4    2   20 0.366667 3.633333
   2    2    9 0.366667 1.633333
  12   42   28 7.223810 4.776190
  10   34   25 5.795238 4.204762
   8   14   34 2.247619 5.752381
  13   40   37 6.761905 6.238095
   2    2    9 0.366667 1.633333
   8   14   36 2.390476 5.609524
   9   22   34 3.628571 5.371429
  19   60   54 10.054762 8.945238
   8   12   36 2.028571 5.971429
   2    2   10 0.333333 1.666667
   4   10   14 1.695238 2.304762
  10   26   34 4.302381 5.697619
  14   40   44 6.638095 7.361905
   7    4   37 0.700000 6.300000
  14   34   50 5.619048 8.380952
   1    0    6 0.000000 1.000000
  12   20   51 3.504762 8.495238
   7   22   19 3.819048 3.180952
  18   54   57 8.896429 9.103571
   5    8   24 1.333333 3.666667
   2    2   11 0.309524 1.690476
   6   14   20 2.466667 3.533333
  15   34   54 5.823810 9.176190
  13   38   37 6.719048 6.280952
   3    0   21 0.000000 3.000000
  20   60   59 10.384524 9.615476
   3    6   11 1.066667 1.933333
   8   16   33 2.747619 5.252381
   4   10   14 1.695238 2.304762
  13   26   53 4.361905 8.638095
   7   18   23 3.108333 3.891667
   2    0   11 0.000000 2.000000
   1    0    6 0.000000 1.000000
  23   60   77 10.140476 12.859524
  16   42   54 7.021429 8.978571
   2    2   11 0.309524 1.690476
  25   72   78 12.245238 12.754762
   1    0    7 0.000000 1.000000
   6    6   30 1.000000 5.000000
  16   42   53 7.204762 8.795238
   7   18   23 3.038095 3.961905
   2    2   10 0.333333 1.666667
  18   40   68 6.714286 11.285714
  17   52   52 8.728571 8.271429
   2    2   10 0.333333 1.666667
  29   88   83 15.047619 13.952381
   5   14   16 2.357143 2.642857
   4    4   23 0.595238 3.404762
  12   30   45 4.855952 7.144048
   7   12   28 2.166667 4.833333
   1    0    7 0.000000 1.000000
  15   34   56 5.722619 9.277381
  10   22   36 3.785714 6.214286
   2    2   10 0.342857 1.657143
  41  174   72 29.142857 11.857143
  10   20   40 3.395238 6.604762
   2    0   12 0.000000 2.000000
   5    2   27 0.333333 4.666667
  11   30   39 4.804762 6.195238
   1    0    6 0.000000 1.000000
  14   30   56 4.966667 9.033333
   4    6   19 0.995238 3.004762
   2    2   10 0.333333 1.666667
  55  254   72 42.952381 12.047619
   7    8   32 1.442857 5.557143
   1    0    7 0.000000 1.000000
   7    8   34 1.369048 5.630952
  10   32   29 5.323810 4.676190
  17   50   52 8.495238 8.504762
   3    2   17 0.309524 2.690476
  57  248   92 41.390476 15.609524
   5    4   26 0.666667 4.333333
   1    0    6 0.000000 1.000000
   7   16   26 2.771429 4.228571
  12   38   35 6.325000 5.675000
  15   44   47 7.300000 7.700000
   2    0   12 0.000000 2.000000
  59  256   96 42.995238 16.004762
   4    4   19 0.700000 3.300000
   1    0    7 0.000000 1.000000
   5    6   25 0.985714 4.014286
  11   34   33 5.728571 5.271429
  15   42   49 7.045238 7.954762
   4    6   18 1.009524 2.990476
  64  302   79 50.909524 13.090476
   1    0    6 0.000000 1.000000
   3    6   11 1.085714 1.914286
  11   40   27 6.796429 4.203571
  12   30   42 5.028571 6.971429
   4   10   14 1.666667 2.333333
  70  352   68 58.810714 11.189286
   6   18   19 2.904762 3.095238
  10   26   35 4.307143 5.692857
   5   12   19 1.900000 3.100000
   1    0    7 0.000000 1.000000
  78  394   70 66.071429 11.928571
   8   26   20 4.566667 3.433333
   8   14   32 2.466667 5.533333
   3    6   12 1.019048 1.980952
   1    0    5 0.000000 1.000000
  80  430   55 71.313095 8.686905
   3    4   16 0.595238 2.404762
  15   52   36 8.866667 6.133333
   1    0    6 0.000000 1.000000
  81  436   50 72.617857 8.382143
   2    2   10 0.342857 1.657143
  13   42   36 7.080952 5.919048
   4    8   14 1.428571 2.571429
  81  430   58 71.464286 9.535714
   1    0    6 0.000000 1.000000
   8   16   35 2.667857 5.332143
   5   12   17 2.100000 2.900000
  86  458   56 76.528571 9.471429
   1    0    6 0.000000 1.000000
   2    0   11 0.000000 2.000000
   4    8   16 1.319048 2.680952
  93  526   33 87.705952 5.294048
   7   22   22 3.528571 3.471429
   1    0    6 0.000000 1.000000
  92  522   28 87.266667 4.733333
   7   16   26 2.585714 4.414286
   1    0    8 0.000000 1.000000
  92  516   34 86.365476 5.634524
   9   28   25 4.747619 4.252381
   1    0    6 0.000000 1.000000
  90  510   31 85.059524 4.940476
   4    6   19 0.904762 3.095238
  96  556   19 92.775000 3.225000
   4   10   13 1.785714 2.214286
  96  564   13 93.828571 2.171429
   8   26   18 4.575000 3.425000
  92  538   18 89.180952 2.819048
   2    2   11 0.309524 1.690476
  98  576   11 96.147619 1.852381
   1    0    6 0.000000 1.000000
  99  588    6 98.038095 0.961905
   2    2   10 0.333333 1.666667
  98  578   10 96.308333 1.691667
   1    0    5 0.000000 1.000000
  99  590    5 98.232143 0.767857
   7   18   24 3.038095 3.961905
  93  534   24 89.027381 3.972619
  10   28   33 4.521429 5.478571
  90  506   33 84.400000 5.600000
  11   26   42 4.315476 6.684524
  89  490   42 81.923810 7.076190
   6   12   24 2.004762 3.995238
  94  540   24 90.203571 3.796429
   6   16   20 2.741667 3.258333
  94  544   20 90.666667 3.333333
   8   24   25 3.919048 4.080952
  92  526   25 87.871429 4.128571
   7   20   20 3.566667 3.433333
  93  540   20 89.859524 3.140476
 100  600    0 100.000000 0.000000
