   2    2   11 0.309524 1.690476
   1    0    5 0.000000 1.000000
   1    0    6 0.000000 1.000000
   1    0    6 0.000000 1.000000
   2    2   10 0.342857 1.657143
   2    2   10 0.342857 1.657143
   2    2    9 0.366667 1.633333
   1    0    7 0.000000 1.000000
   3    4   12 0.766667 2.233333
   3    4   12 0.766667 2.233333
   1    0    5 0.000000 1.000000
   1    0    6 0.000000 1.000000
   3    4   12 0.766667 2.233333
   1    0    6 0.000000 1.000000
   1    0    6 0.000000 1.000000
   2    2    8 0.400000 1.600000
   1    0    6 0.000000 1.000000
   1    0    6 0.000000 1.000000
   1    0    7 0.000000 1.000000
   1    0    6 0.000000 1.000000
   4   10   11 1.928571 2.071429
   3    4   13 0.733333 2.266667
   2    0   13 0.000000 2.000000
   1    0    6 0.000000 1.000000
   7   16   26 2.680952 4.319048
   2    2   11 0.309524 1.690476
   4    8   16 1.385714 2.614286
   1    0    7 0.000000 1.000000
   2    2   10 0.342857 1.657143
   1    0    6 0.000000 1.000000
   1    0    7 0.000000 1.000000
   3    6   11 1.066667 1.933333
   4    8   18 1.238095 2.761905
   1    0    8 0.000000 1.000000
   1    0    6 0.000000 1.000000
   2    2   10 0.333333 1.666667
   1    0    7 0.000000 1.000000
   3    4   14 0.709524 2.290476
   5   12   16 2.166667 2.833333
   1    0    7 0.000000 1.000000
   1    0    7 0.000000 1.000000
   1    0    5 0.000000 1.000000
   1    0    6 0.000000 1.000000
   2    2   11 0.309524 1.690476
   2    2   13 0.267857 1.732143
   1    0    7 0.000000 1.000000
   2    2    8 0.400000 1.600000
   2    2   10 0.342857 1.657143
   3    4   15 0.642857 2.357143
   1    0    7 0.000000 1.000000
   1    0    6 0.000000 1.000000
   1    0    7 0.000000 1.000000
   1    0    5 0.000000 1.000000
   1    0    6 0.000000 1.000000
   1    0    6 0.000000 1.000000
   2    2   10 0.333333 1.666667
   1    0    7 0.000000 1.000000
   6   14   22 2.409524 3.590476
   6   16   20 2.614286 3.385714
   1    0    6 0.000000 1.000000
   5   10   19 1.752381 3.247619
   2    0   14 0.000000 2.000000
   1    0    6 0.000000 1.000000
   1    0    6 0.000000 1.000000
   1    0    5 0.000000 1.000000
   5   10   18 1.800000 3.200000
   3    6   13 0.952381 2.047619
   3    4   14 0.666667 2.333333
   3    4   14 0.709524 2.290476
   2    2   10 0.342857 1.657143
  11   36   30 6.002381 4.997619
   3    6   13 0.952381 2.047619
   6   10   24 1.895238 4.104762
   1    0    6 0.000000 1.000000
   6   16   20 2.655952 3.344048
   1    0    6 0.000000 1.000000
   9   22   31 3.890476 5.109524
   1    0    7 0.000000 1.000000
   1    0    6 0.000000 1.000000
   3    6   11 1.085714 1.914286
   3    4   15 0.642857 2.357143
   4    8   16 1.328571 2.671429
   4   10   13 1.733333 2.266667
   4    4   22 0.619048 3.380952
   1    0    6 0.000000 1.000000
   7   10   30 1.861905 5.138095
  12   36   32 6.330952 5.669048
   2    2    8 0.400000 1.600000
   2    2   11 0.309524 1.690476
  10   30   30 5.104762 4.895238
   3    6   13 0.952381 2.047619
   3    4   14 0.676190 2.323810
   8   16   35 2.559524 5.440476
   3    4   16 0.667857 2.332143
   7   10   30 1.766667 5.233333
   4    4   21 0.628571 3.371429
   1    0    6 0.000000 1.000000
  12   34   36 5.952381 6.047619
   2    2   13 0.267857 1.732143
   3    6   13 0.952381 2.047619
   7   20   20 3.666667 3.333333
   6   18   20 3.028571 2.971429
   1    0    6 0.000000 1.000000
   6    8   28 1.400000 4.600000
  12   28   44 4.700000 7.300000
  19   70   41 11.986905 7.013095
   4    4   19 0.700000 3.300000
   9   22   33 3.580952 5.419048
   1    0    6 0.000000 1.000000
   3    2   17 0.325000 2.675000
   6   14   26 2.242857 3.757143
   2    2    9 0.366667 1.633333
   9   22   32 3.790476 5.209524
   5    8   23 1.285714 3.714286
   9   18   35 3.080952 5.919048
   1    0    6 0.000000 1.000000
   3    6   11 1.066667 1.933333
   3    4   13 0.685714 2.314286
   4    8   18 1.238095 2.761905
   4   10   14 1.719048 2.280952
   6    6   29 1.033333 4.966667
  20   74   44 12.652381 7.347619
  14   34   52 5.561905 8.438095
   2    2   12 0.291667 1.708333
  13   38   39 6.533333 6.466667
   1    0    6 0.000000 1.000000
   3    2   15 0.366667 2.633333
   8   18   31 2.995238 5.004762
   2    2   11 0.309524 1.690476
   5    6   25 1.042857 3.957143
   1    0    6 0.000000 1.000000
  11   32   34 5.404762 5.595238
   7   20   20 3.461905 3.538095
   1    0    6 0.000000 1.000000
   4    6   19 0.983333 3.016667
   1    0    5 0.000000 1.000000
   1    0    6 0.000000 1.000000
   6   10   25 1.785714 4.214286
  26   92   64 15.342857 10.657143
  15   24   64 4.171429 10.828571
   1    0    6 0.000000 1.000000
  10   30   32 4.780952 5.219048
   2    2   10 0.333333 1.666667
   6   10   25 1.733333 4.266667
   4    4   20 0.666667 3.333333
   1    0    7 0.000000 1.000000
  17   52   51 8.747619 8.252381
   6   18   20 2.880952 3.119048
   6   14   21 2.433333 3.566667
   1    0    6 0.000000 1.000000
   5    8   20 1.400000 3.600000
  28   90   78 14.895238 13.104762
  28   84   81 14.623810 13.376190
   6   12   23 2.033333 3.966667
   3    2   15 0.366667 2.633333
  10   24   37 4.004762 5.995238
  15   50   40 8.252381 6.747619
   2    0   14 0.000000 2.000000
   7   20   23 3.280952 3.719048
   1    0    7 0.000000 1.000000
  13   28   51 4.595238 8.404762
  46  190   84 32.067857 13.932143
  11   34   33 5.661905 5.338095
   1    0    6 0.000000 1.000000
   9   18   35 3.061905 5.938095
  10   26   33 4.433333 5.566667
   1    0    6 0.000000 1.000000
   8   14   36 2.247619 5.752381
   1    0    6 0.000000 1.000000
   9   24   29 4.123810 4.876190
  37  148   76 24.651190 12.348810
  10   36   27 5.907143 4.092857
  12   32   39 5.395238 6.604762
  14   30   53 5.042857 8.957143
   2    2    8 0.416667 1.583333
  11   40   25 6.885714 4.114286
   5   12   19 2.028571 2.971429
  13   38   39 6.527381 6.472619
  40  180   61 30.104762 9.895238
  14   52   32 8.647619 5.352381
   9   24   33 3.795238 5.204762
  14   36   45 6.328571 7.671429
   7   14   29 2.303571 4.696429
   3    4   13 0.700000 2.300000
  16   46   47 7.850000 8.150000
  37  148   73 24.967857 12.032143
  18   58   52 9.853571 8.146429
   4    4   17 0.766667 3.233333
  13   34   47 5.547619 7.452381
  10   22   40 3.648810 6.351190
   2    2   10 0.333333 1.666667
   8   22   27 3.623810 4.376190
  43  180   75 30.442857 12.557143
  13   40   39 6.510714 6.489286
   6    8   30 1.261905 4.738095
  12   28   39 4.914286 7.085714
  13   34   47 5.696429 7.303571
   5    8   23 1.328571 3.671429
  11   32   33 5.421429 5.578571
  42  178   73 30.116667 11.883333
   9   16   40 2.592857 6.407143
   8   12   34 2.125000 5.875000
  21   72   55 11.920238 9.079762
   7   16   27 2.638095 4.361905
   2    0   12 0.000000 2.000000
   9   32   23 5.395238 3.604762
  45  174   89 29.671429 15.328571
  12   28   44 4.752381 7.247619
   6    8   29 1.352381 4.647619
  13   32   48 5.285714 7.714286
  15   54   39 8.892857 6.107143
   9   18   35 3.057143 5.942857
  49  206   87 34.500000 14.500000
   8   20   28 3.314286 4.685714
   4    6   18 1.019048 2.980952
  17   50   53 8.295238 8.704762
  13   38   41 6.311905 6.688095
   8   12   36 2.057143 5.942857
  47  190   93 31.648810 15.351190
   4    4   18 0.700000 3.300000
   7   12   28 2.104762 4.895238
  20   72   50 12.059524 7.940476
  14   30   55 5.223810 8.776190
   3    4   15 0.642857 2.357143
  48  208   78 34.940476 13.059524
   6   18   18 3.004762 2.995238
   8   20   30 3.328571 4.671429
  16   46   49 7.914286 8.085714
  19   46   68 7.623810 11.376190
   6   14   22 2.338095 3.661905
  45  184   82 30.925000 14.075000
   4    6   17 1.076190 2.923810
   8   20   31 3.142857 4.857143
  22   76   55 12.673810 9.326190
  15   30   63 4.828571 10.171429
  10   26   34 4.338095 5.661905
  29   88   87 14.633333 14.366667
   4    6   16 1.066667 2.933333
  15   46   42 7.921429 7.078571
  15   34   57 5.854762 9.145238
  27   70   94 11.759524 15.240476
  16   56   39 9.540476 6.459524
  25   72   75 12.466667 12.533333
   7   14   29 2.300000 4.700000
  12   28   43 4.823810 7.176190
  16   32   62 5.485714 10.514286
  24   68   82 11.023810 12.976190
   6    8   29 1.295238 4.704762
  28   76   89 12.766667 15.233333
  11   32   32 5.463095 5.536905
  17   52   49 8.766667 8.233333
  22   58   73 9.728571 12.271429
  16   42   60 6.695238 9.304762
   8   16   32 2.652381 5.347619
  26   88   68 14.823810 11.176190
  10   20   39 3.476190 6.523810
  17   48   53 8.023810 8.976190
  24   86   59 14.292857 9.707143
  15   34   57 5.642857 9.357143
   5   10   21 1.666667 3.333333
  29   90   88 15.016667 13.983333
  18   62   44 10.376190 7.623810
  15   42   50 6.979762 8.020238
  22   88   43 14.671429 7.328571
  11   16   46 2.833333 8.166667
   1    0    5 0.000000 1.000000
  25   90   65 14.716667 10.283333
  18   70   35 11.883333 6.116667
  16   52   45 8.771429 7.228571
  21   72   54 12.238095 8.761905
  19   50   62 8.597619 10.402381
   5    8   21 1.495238 3.504762
  30  122   58 20.365476 9.634524
  31  128   61 21.347619 9.652381
   8   22   28 3.533333 4.466667
  13   32   46 5.447619 7.552381
  13   18   56 3.252381 9.747619
   6   18   18 3.009524 2.990476
  25   92   60 15.385714 9.614286
  32  130   63 21.660714 10.339286
  11   34   30 5.933333 5.066667
  13   32   48 5.216667 7.783333
  13   26   49 4.519048 8.480952
  11   30   37 4.928571 6.071429
  16   44   54 7.323810 8.676190
  26  104   51 17.600000 8.400000
   9   28   25 4.802381 4.197619
  15   28   60 5.009524 9.990476
  23   72   67 12.095238 10.904762
  10   18   44 2.942857 7.057143
  18   46   61 7.914286 10.085714
  21   64   66 10.557143 10.442857
  18   62   44 10.580952 7.419048
  12   36   35 6.060714 5.939286
  21   58   66 9.785714 11.214286
  14   28   53 4.723810 9.276190
  21   64   66 10.408333 10.591667
  11   24   43 4.000000 7.000000
  15   44   47 7.392857 7.607143
  18   64   41 10.842857 7.157143
  21   54   72 9.152381 11.847619
  13   22   56 3.704762 9.295238
  21   50   77 8.511905 12.488095
   8    8   42 1.226190 6.773810
   9   14   41 2.328571 6.671429
  16   52   40 9.052381 6.947619
  33  102   96 17.128571 15.871429
  20   52   67 8.695238 11.304762
  15   32   59 5.414286 9.585714
   7    4   43 0.577381 6.422619
   9   12   43 1.953571 7.046429
  18   68   39 11.407143 6.592857
  31   86   95 14.696429 16.303571
  18   46   61 7.713095 10.286905
  10   28   30 4.814286 5.185714
   6    4   33 0.733333 5.266667
   6    6   30 1.009524 4.990476
  30  122   55 20.703571 9.296429
  30   88   97 14.401190 15.598810
  22   74   58 12.422619 9.577381
   6   12   24 2.042857 3.957143
   3    2   17 0.285714 2.714286
  10   28   31 4.860714 5.139286
  26   90   68 15.051190 10.948810
  33   94  102 15.980952 17.019048
  17   48   54 8.076190 8.923810
   6   18   18 3.033333 2.966667
   3    2   16 0.342857 2.657143
  13   30   49 4.857143 8.142857
  26   92   62 15.638095 10.361905
  35  122   89 20.391667 14.608333
  16   42   53 7.111905 8.888095
   6   18   17 3.128571 2.871429
   3    2   16 0.366667 2.633333
  28  100   66 17.071429 10.928571
  20   50   70 8.261905 11.738095
  27   86   80 14.171429 12.828571
  15   40   50 6.752381 8.247619
  10   28   32 4.714286 5.285714
   4    6   16 1.100000 2.900000
  28   98   70 16.566667 11.433333
  14   30   56 5.044048 8.955952
  29   78   96 13.142857 15.857143
  23   80   58 13.554762 9.445238
   8   24   25 4.084524 3.915476
   1    0    6 0.000000 1.000000
  26  100   56 16.823810 9.176190
  18   56   50 9.416667 8.583333
  24   68   77 11.328571 12.671429
  24   64   78 10.875000 13.125000
  11   38   28 6.390476 4.609524
   2    2    8 0.400000 1.600000
  23   78   63 12.947619 10.052381
  18   52   55 8.771429 9.228571
  22   52   82 8.663095 13.336905
  19   48   66 8.071429 10.928571
  15   50   41 8.346429 6.653571
   1    0    6 0.000000 1.000000
  12   22   50 3.690476 8.309524
  28  114   53 19.385714 8.614286
  25   76   74 12.619048 12.380952
  24   76   65 12.966667 11.033333
  16   54   41 9.180952 6.819048
  11   24   43 3.995238 7.004762
  29  114   59 19.138095 9.861905
  20   60   64 10.167857 9.832143
  23   68   75 11.269048 11.730952
  19   62   53 10.319048 8.680952
  19   50   58 8.729762 10.270238
  22   58   72 9.964286 12.035714
  17   38   66 6.223810 10.776190
  27   92   69 15.609524 11.390476
  27  100   60 17.176190 9.823810
  10   18   42 3.090476 6.909524
  25   90   60 15.111905 9.888095
  11   26   43 4.161905 6.838095
  14   32   52 5.400000 8.600000
  38  132   95 22.142857 15.857143
  11   20   46 3.395238 7.604762
  25   98   54 16.185714 8.814286
  12   24   47 4.090476 7.909524
  21   48   84 7.814286 13.185714
  33  112   80 19.211905 13.788095
   8   10   41 1.595238 6.404762
  19   62   49 10.633333 8.366667
  19   60   54 10.221429 8.778571
  27   76   84 12.876190 14.123810
  34  104   98 17.686905 16.313095
  11   20   48 3.451190 7.548810
   9   20   36 3.238095 5.761905
  19   48   66 8.076190 10.923810
  16   46   48 7.804762 8.195238
  40  132  107 22.351190 17.648810
   5    6   22 1.052381 3.947619
  15   42   53 6.804762 8.195238
  24   76   68 12.890476 11.109524
  15   38   53 6.361905 8.638095
  39  120  113 20.116667 18.883333
   3    2   17 0.342857 2.657143
  12   32   40 5.335714 6.664286
  31  112   73 18.807143 12.192857
  21   54   68 9.188095 11.811905
  40  118  127 19.307143 20.692857
   2    2   10 0.342857 1.657143
   6   10   24 1.766667 4.233333
  31  120   67 20.066667 10.933333
  25   80   65 13.609524 11.390476
  29   92   83 15.557143 13.442857
   1    0    5 0.000000 1.000000
   5    6   23 1.076190 3.923810
  40  170   76 28.173810 11.826190
   9   10   41 1.766667 7.233333
  33  106   93 17.833333 15.166667
   1    0    6 0.000000 1.000000
   7   12   31 2.019048 4.980952
  50  194  107 32.648810 17.351190
   9   16   37 2.761905 6.238095
  31   96   89 16.414286 14.585714
   1    0    6 0.000000 1.000000
   8   16   30 2.800000 5.200000
  51  194  116 32.542857 18.457143
  10   22   37 3.836905 6.163095
  25   68   85 11.242857 13.757143
   1    0    5 0.000000 1.000000
   9   24   32 3.911905 5.088095
  55  204  123 34.603571 20.396429
  11   18   49 2.966667 8.033333
  23   60   76 10.140476 12.859524
   8   18   29 3.084524 4.915476
  58  252   98 42.184524 15.815476
  23   68   63 11.838095 11.161905
  17   36   68 6.114286 10.885714
   5    4   26 0.700000 4.300000
  55  236   99 39.109524 15.890476
  26   96   57 16.028571 9.971429
  18   44   62 7.595238 10.404762
   4    2   23 0.333333 3.666667
  52  218   98 36.136905 15.863095
  20   60   63 9.884524 10.115476
  28   88   80 14.910714 13.089286
   1    0    7 0.000000 1.000000
  51  200  102 33.686905 17.313095
  16   44   55 7.252381 8.747619
  44  170   97 28.382143 15.617857
  40  136   98 23.310714 16.689286
  10   20   42 3.314286 6.685714
  51  210  101 34.826190 16.173810
  39  128   99 22.086905 16.913095
   6    6   32 0.985714 5.014286
  44  156  106 26.205952 17.794048
  50  196  104 33.000000 17.000000
   8   14   32 2.433333 5.566667
  34  108   94 18.591667 15.408333
  58  254   98 42.345238 15.654762
   2    2   12 0.285714 1.714286
  48  206   86 34.092460 13.907540
  50  204   90 34.461905 15.538095
   1    0    7 0.000000 1.000000
  51  238   66 39.747619 11.252381
  48  222   67 36.923810 11.076190
  57  286   59 47.376190 9.623810
  43  196   59 32.923810 10.076190
  41  194   50 32.714286 8.285714
  59  306   50 50.947619 8.052381
  43  194   63 32.523810 10.476190
  57  280   63 46.689286 10.310714
  55  264   66 44.090476 10.909524
  45  204   66 34.071429 10.928571
  59  280   75 46.604762 12.395238
  41  170   75 28.458333 12.541667
  55  232   97 38.833333 16.166667
  45  174   97 28.880952 16.119048
  44  166   96 27.944048 16.055952
  56  242   96 40.270238 15.729762
  40  144   98 24.076190 15.923810
  60  260   98 43.850000 16.150000
  51  222   87 36.940476 14.059524
  49  204   87 34.114286 14.885714
  62  290   80 48.661905 13.338095
  38  150   80 24.985714 13.014286
  59  268   88 44.778571 14.221429
  41  156   88 26.383333 14.616667
  53  216  102 36.200000 16.800000
  47  180  102 30.125000 16.875000
  52  208  104 34.864286 17.135714
  48  184  104 30.660714 17.339286
  61  290   78 48.404762 12.595238
  39  154   78 26.016667 12.983333
  76  384   69 64.365476 11.634524
  24   78   69 12.976190 11.023810
  74  368   73 61.761905 12.238095
  26   86   73 14.314286 11.685714
  60  280   82 46.595238 13.404762
  40  156   82 26.347619 13.652381
  60  262   98 43.919048 16.080952
  40  142   98 24.296429 15.703571
  66  290  102 48.733333 17.266667
  34  106  102 17.451190 16.548810
  61  250  114 42.067857 18.932143
  39  122  114 20.458333 18.541667
  62  270  100 45.350000 16.650000
  38  130  100 21.746032 16.253968
  60  266   87 45.226190 14.773810
  40  160   87 26.235714 13.764286
  77  390   73 65.085714 11.914286
  23   64   73 10.804762 12.195238
  80  418   62 69.929762 10.070238
  20   58   62 9.742857 10.257143
  79  396   80 65.748810 13.251190
  21   44   80 7.450000 13.550000
  83  432   65 72.219048 10.780952
  17   38   65 6.238095 10.761905
  83  410   80 68.938492 14.061508
  17   30   80 4.739286 12.260714
  79  398   75 66.638095 12.361905
  21   52   75 8.661905 12.338095
  75  390   62 64.782143 10.217857
  25   86   62 14.588095 10.411905
  79  418   54 69.791667 9.208333
  21   74   54 12.238095 8.761905
  75  384   66 63.948810 11.051190
  25   84   66 13.995238 11.004762
  80  432   49 72.188095 7.811905
  20   70   49 12.008333 7.991667
  85  464   46 77.448810 7.551190
  15   44   46 7.547619 7.452381
  90  516   28 85.590476 4.409524
  10   28   28 4.957143 5.042857
  88  492   37 81.990476 6.009524
  12   34   37 5.892857 6.107143
  88  488   36 81.819048 6.180952
  12   40   36 6.472619 5.527381
  97  564   18 94.020238 2.979762
   3    0   18 0.000000 3.000000
  93  538   23 89.510714 3.489286
   7   16   23 2.919048 4.080952
  91  522   23 87.147619 3.852381
   9   32   23 5.341667 3.658333
  91  510   33 85.242857 5.757143
   9   24   33 3.883333 5.116667
  93  536   21 89.428571 3.571429
   7   22   21 3.609524 3.390476
  95  550   18 91.916667 3.083333
   5   14   18 2.238095 2.761905
  98  576   11 96.180952 1.819048
   2    2   11 0.309524 1.690476
  96  556   18 92.857143 3.142857
   4    8   18 1.238095 2.761905
  98  576   12 96.004762 1.995238
   2    0   12 0.000000 2.000000
 100  600    0 100.000000 0.000000
