   3    6   12 1.019048 1.980952
   1    0    6 0.000000 1.000000
   4   10   13 1.785714 2.214286
   4   10   15 1.595238 2.404762
   4   10   12 1.866667 2.133333
   1    0    8 0.000000 1.000000
   1    0    6 0.000000 1.000000
   1    0    7 0.000000 1.000000
   2    2   10 0.342857 1.657143
   1    0    6 0.000000 1.000000
   3    2   15 0.333333 2.666667
   2    2    9 0.366667 1.633333
   4    6   15 1.133333 2.866667
   1    0    6 0.000000 1.000000
   1    0    6 0.000000 1.000000
   1    0    6 0.000000 1.000000
   1    0    6 0.000000 1.000000
   1    0    6 0.000000 1.000000
   2    2    9 0.366667 1.633333
   1    0    7 0.000000 1.000000
   1    0    6 0.000000 1.000000
   2    2   10 0.333333 1.666667
   1    0    6 0.000000 1.000000
   1    0    6 0.000000 1.000000
   1    0    8 0.000000 1.000000
   2    2   10 0.342857 1.657143
   2    2   11 0.309524 1.690476
   1    0    7 0.000000 1.000000
   1    0    7 0.000000 1.000000
   1    0    6 0.000000 1.000000
   1    0    8 0.000000 1.000000
   2    2   10 0.333333 1.666667
   2    2   11 0.309524 1.690476
   1    0    6 0.000000 1.000000
   3    4   13 0.733333 2.266667
   7   16   24 2.766667 4.233333
   1    0    6 0.000000 1.000000
   1    0    6 0.000000 1.000000
   2    0   12 0.000000 2.000000
   5   12   17 2.066667 2.933333
   2    2   12 0.291667 1.708333
   4   10   13 1.761905 2.238095
   2    2   11 0.309524 1.690476
   1    0    6 0.000000 1.000000
   3    6   12 1.000000 2.000000
   2    2   10 0.342857 1.657143
   3    6   10 1.185714 1.814286
   1    0    7 0.000000 1.000000
   1    0    7 0.000000 1.000000
   1    0    6 0.000000 1.000000
   2    2    8 0.400000 1.600000
   1    0    6 0.000000 1.000000
   5   10   19 1.719048 3.280952
   2    2   10 0.333333 1.666667
   4    8   17 1.309524 2.690476
   1    0    6 0.000000 1.000000
   1    0    7 0.000000 1.000000
   1    0    7 0.000000 1.000000
   1    0    7 0.000000 1.000000
  10   24   34 4.138095 5.861905
   4    6   20 0.977381 3.022619
   3    2   16 0.309524 2.690476
   1    0    7 0.000000 1.000000
   1    0    7 0.000000 1.000000
   3    4   13 0.742857 2.257143
   5    6   23 1.042857 3.957143
   4   10   13 1.761905 2.238095
   2    2   11 0.309524 1.690476
   3    4   13 0.733333 2.266667
   8   20   27 3.442857 4.557143
   3    2   15 0.366667 2.633333
   1    0    6 0.000000 1.000000
   7   12   28 2.152381 4.847619
   1    0    6 0.000000 1.000000
   4    8   15 1.433333 2.566667
   1    0    7 0.000000 1.000000
   1    0    5 0.000000 1.000000
   1    0    7 0.000000 1.000000
   3    2   17 0.309524 2.690476
   1    0    6 0.000000 1.000000
   3    2   16 0.333333 2.666667
   2    2   10 0.333333 1.666667
  10   34   27 5.700000 4.300000
   2    0   11 0.000000 2.000000
   1    0    7 0.000000 1.000000
   3    4   15 0.642857 2.357143
   3    6   12 1.000000 2.000000
   9   28   24 4.814286 4.185714
   1    0    6 0.000000 1.000000
   3    6   11 1.066667 1.933333
   2    2   10 0.342857 1.657143
   5    6   28 0.910714 4.089286
   5   10   22 1.595238 3.404762
   2    0   13 0.000000 2.000000
   2    2    9 0.366667 1.633333
   2    2   12 0.285714 1.714286
   3    2   14 0.400000 2.600000
   6   16   21 2.652381 3.347619
   5   12   15 2.200000 2.800000
   5    8   22 1.395238 3.604762
   6    8   25 1.466667 4.533333
   1    0    6 0.000000 1.000000
   1    0    6 0.000000 1.000000
   6   14   21 2.338095 3.661905
   4    8   17 1.241667 2.758333
   1    0    7 0.000000 1.000000
   2    2    8 0.400000 1.600000
   1    0    6 0.000000 1.000000
   6   14   21 2.471429 3.528571
   5   12   16 2.138095 2.861905
  11   40   31 6.310714 4.689286
   4    8   17 1.261905 2.738095
   2    2   10 0.333333 1.666667
   3    4   14 0.676190 2.323810
   1    0    7 0.000000 1.000000
   9   30   20 5.290476 3.709524
   1    0    5 0.000000 1.000000
   2    0   14 0.000000 2.000000
  11   40   26 6.676190 4.323810
   2    0   13 0.000000 2.000000
   2    2   12 0.291667 1.708333
   4    4   19 0.700000 3.300000
  11   38   27 6.528571 4.471429
   7   12   32 1.836905 5.163095
   3    2   17 0.309524 2.690476
   7   10   31 1.745238 5.254762
   1    0    7 0.000000 1.000000
   5    4   26 0.666667 4.333333
   4    8   14 1.433333 2.566667
   1    0    5 0.000000 1.000000
   2    2    9 0.366667 1.633333
   1    0    7 0.000000 1.000000
   1    0    6 0.000000 1.000000
   7   22   18 3.833333 3.166667
   9   28   28 4.471429 4.528571
   3    6   13 0.971429 2.028571
   1    0    6 0.000000 1.000000
   1    0    7 0.000000 1.000000
   1    0    6 0.000000 1.000000
   7   18   26 2.923810 4.076190
   3    6   11 1.085714 1.914286
   4    4   20 0.700000 3.300000
  12   36   34 6.080952 5.919048
   1    0    6 0.000000 1.000000
   2    2   10 0.333333 1.666667
   1    0    6 0.000000 1.000000
   5    6   24 1.009524 3.990476
  13   38   40 6.504762 6.495238
   8   22   25 3.733333 4.266667
   4    6   17 1.052381 2.947619
   5   12   18 1.975000 3.025000
   5   12   18 1.971429 3.028571
   4    8   16 1.352381 2.647619
  12   40   31 6.738095 5.261905
   8   18   32 2.908333 5.091667
   7   14   28 2.308333 4.691667
   2    2    9 0.366667 1.633333
   5   10   20 1.685714 3.314286
  13   42   37 6.869048 6.130952
   1    0    6 0.000000 1.000000
  11   36   28 6.161905 4.838095
   7   14   29 2.447619 4.552381
   1    0    5 0.000000 1.000000
   3    4   12 0.766667 2.233333
   6    8   29 1.285714 4.714286
  16   54   45 8.935714 7.064286
   2    2   11 0.309524 1.690476
   3    6   12 1.000000 2.000000
   3    4   14 0.676190 2.323810
   2    0   11 0.000000 2.000000
   1    0    6 0.000000 1.000000
  11   26   42 4.276190 6.723810
   6    4   30 0.766667 5.233333
  12   36   32 6.328571 5.671429
   2    2   10 0.333333 1.666667
   3    4   13 0.733333 2.266667
   6    8   29 1.328571 4.671429
   4    8   16 1.416667 2.583333
  17   62   38 10.585714 6.414286
   4    8   18 1.261905 2.738095
   5   14   14 2.533333 2.466667
   6   12   23 2.119048 3.880952
  21   64   62 10.695238 10.304762
   2    2   10 0.333333 1.666667
   3    6   14 0.904762 2.095238
  10   30   33 4.970238 5.029762
   5    6   26 0.928571 4.071429
   6   14   21 2.485714 3.514286
   3    4   14 0.709524 2.290476
   1    0    5 0.000000 1.000000
   7   18   24 3.104762 3.895238
   2    2   10 0.333333 1.666667
  21   84   43 13.980952 7.019048
   2    0   11 0.000000 2.000000
   5   12   18 2.004762 2.995238
   6   14   21 2.404762 3.595238
  23   76   63 12.695238 10.304762
   4   10   13 1.761905 2.238095
   5   12   20 1.852381 3.147619
  10   26   35 4.400000 5.600000
   5    8   22 1.376190 3.623810
   8   26   21 4.473810 3.526190
   4   10   14 1.666667 2.333333
   9   18   39 2.947619 6.052381
   1    0    6 0.000000 1.000000
  25   94   56 15.940476 9.059524
   1    0    7 0.000000 1.000000
   5   10   21 1.547619 3.452381
   3    2   15 0.366667 2.633333
  15   32   58 5.328571 9.671429
   3    4   13 0.733333 2.266667
   8   20   28 3.352381 4.647619
  11   32   32 5.461905 5.538095
   7   16   26 2.680952 4.319048
   1    0    6 0.000000 1.000000
   4    6   20 0.928571 3.071429
  11   32   34 5.385714 5.614286
   3    4   12 0.766667 2.233333
  25   92   55 15.847619 9.152381
   1    0    7 0.000000 1.000000
   5    8   22 1.338095 3.661905
   3    6   12 1.019048 1.980952
  14   34   53 5.585714 8.414286
  10   32   30 5.314286 4.685714
   6   14   20 2.519048 3.480952
  16   56   40 9.376190 6.623810
   1    0    5 0.000000 1.000000
   2    2    9 0.366667 1.633333
   2    0   14 0.000000 2.000000
   7   10   34 1.571429 5.428571
   4   10   13 1.766667 2.233333
  12   32   43 5.207143 6.792857
   6   18   18 2.990476 3.009524
   1    0    6 0.000000 1.000000
  19   48   64 8.138095 10.861905
   8   14   36 2.280952 5.719048
   5   10   19 1.828571 3.171429
  34  142   58 24.252381 9.747619
   3    6   14 0.904762 2.095238
   2    2   12 0.291667 1.708333
   3    2   15 0.366667 2.633333
   1    0    5 0.000000 1.000000
  17   50   50 8.450000 8.550000
   3    6   13 0.952381 2.047619
  30  116   58 19.679762 10.320238
   9   20   38 3.166667 5.833333
   1    0    7 0.000000 1.000000
  31  120   66 20.009524 10.990476
   1    0    7 0.000000 1.000000
   6   14   20 2.438095 3.561905
   1    0    6 0.000000 1.000000
  14   50   33 8.538095 5.461905
   7   24   18 4.028571 2.971429
  35  136   75 22.848810 12.151190
   5    8   21 1.428571 3.571429
   2    0   12 0.000000 2.000000
  29  102   74 16.928571 12.071429
   4   10   14 1.666667 2.333333
   2    2   10 0.342857 1.657143
  12   28   44 4.642857 7.357143
   3    6   12 1.000000 2.000000
  43  176   82 29.538095 13.461905
   2    0   12 0.000000 2.000000
   3    2   16 0.342857 2.657143
  31  104   82 17.607143 13.392857
   9   24   31 3.971429 5.028571
   3    4   15 0.628571 2.371429
  11   28   40 4.690476 6.309524
  41  156   86 26.392857 14.607143
   1    0    7 0.000000 1.000000
   6    6   30 1.042857 4.957143
  29   98   75 16.461905 12.538095
  10   26   34 4.342857 5.657143
   3    2   16 0.366667 2.633333
  11   22   44 3.695238 7.304762
  46  194   82 32.482143 13.517857
   2    0   12 0.000000 2.000000
  28  102   66 17.123810 10.876190
   7   20   20 3.500000 3.500000
   2    2   11 0.309524 1.690476
  13   28   52 4.700000 8.300000
  44  178   87 30.010714 13.989286
   2    2   10 0.333333 1.666667
  32  116   74 19.964286 12.035714
  11   32   33 5.371429 5.628571
  10   20   43 3.244048 6.755952
  42  150  104 24.891667 17.108333
  37  130   88 22.025000 14.975000
   9   16   43 2.494048 6.505952
  21   74   51 12.472619 8.527381
  35  106  100 18.014286 16.985714
  35  116   94 19.342857 15.657143
  24   78   58 13.597619 10.402381
  14   22   64 3.633333 10.366667
  25   64   92 10.566667 14.433333
  37  120  102 20.029762 16.970238
  21   62   70 9.961905 11.038095
  18   28   76 4.852381 13.147619
  24   72   71 12.267857 11.732143
  37  126   95 21.200000 15.800000
  30   86   91 14.791667 15.208333
  14   16   66 2.777381 11.222619
  24   56   95 9.072619 14.927381
  32  110   80 18.425000 13.575000
  34   92  114 15.464286 18.535714
  30   80   97 13.642857 16.357143
  18   48   60 8.007143 9.992857
  18   52   57 8.547619 9.452381
  37  118  104 19.784524 17.215476
  35  112  101 18.745238 16.254762
  15   30   57 5.204762 9.795238
  13   22   56 3.657143 9.342857
  35  122   88 20.314286 14.685714
  32   86  105 14.466667 17.533333
  14   36   51 5.876190 8.123810
  19   64   48 11.009524 7.990476
  37  164   58 27.595238 9.404762
  28   72   94 12.347619 15.652381
   6   12   24 2.200794 3.799206
  29  112   64 18.615476 10.384524
  28  112   58 18.732143 9.267857
  40  154   87 25.763095 14.236905
   6   10   26 1.647619 4.352381
  26  102   51 17.342857 8.657143
  30  122   56 20.469048 9.530952
  37  130   95 21.736905 15.263095
   6    8   26 1.508333 4.491667
  27   98   65 16.354762 10.645238
  17   40   60 6.780952 10.219048
  38  128  103 21.444048 16.555952
   9   22   33 3.666667 5.333333
  36  136   78 22.946429 13.053571
  19   48   65 8.297619 10.702381
  28   74   98 12.319048 15.680952
   7    8   33 1.295238 5.704762
  46  194   80 32.671429 13.328571
  15   46   42 7.823810 7.176190
  28   88   77 15.178571 12.821429
  16   48   48 8.057143 7.942857
  41  154   97 25.471429 15.528571
  24   82   58 13.957143 10.042857
  28  100   70 16.680952 11.319048
  16   48   52 8.013095 7.986905
  32  118   72 19.934524 12.065476
  18   44   63 7.476190 10.523810
  30  102   80 16.991667 13.008333
  20   68   51 11.461905 8.538095
  32  116   76 19.471429 12.528571
  19   42   77 6.790476 12.209524
  36  112   98 19.129762 16.870238
   6   12   24 1.980952 4.019048
  39  134  101 22.352381 16.647619
  23   64   71 11.070238 11.929762
  33  102   96 16.948810 16.051190
   5   10   21 1.735714 3.264286
  39  138   98 23.014286 15.985714
  18   44   65 7.416667 10.583333
  31  106   77 18.114286 12.885714
   6   10   27 1.833333 4.166667
  45  184   87 30.900000 14.100000
  21   62   68 10.080952 10.919048
  19   50   64 8.397619 10.602381
   8   12   37 2.014286 5.985714
  52  222   85 37.600000 14.400000
  25   72   83 11.934524 13.065476
  18   54   54 9.147619 8.852381
  12   26   45 4.397619 7.602381
  45  172   94 29.147619 15.852381
  29   92   80 15.738095 13.261905
  19   60   54 10.185714 8.814286
  22   66   64 11.385714 10.614286
  30   76  108 12.665476 17.334524
  20   56   65 9.309524 10.690476
  17   56   51 9.215476 7.784524
  28   88   77 15.002381 12.997619
  35  118   89 20.000000 15.000000
  27   96   66 16.052381 10.947619
  11   24   40 4.119048 6.880952
  27  100   67 16.352381 10.647619
  35  126   81 21.295238 13.704762
  35  130   78 21.919048 13.080952
  12   28   45 4.733333 7.266667
  27   98   64 16.507143 10.492857
  26   76   81 12.671429 13.328571
  38  130  101 21.752381 16.247619
   6   10   24 1.833333 4.166667
  29  108   66 17.995238 11.004762
  27   68   93 11.347619 15.652381
  37  134   96 22.159524 14.840476
   5    6   26 0.928571 4.071429
  31  100   76 17.676190 13.323810
  27   76   86 12.777381 14.222619
  45  188   81 31.471429 13.528571
   9   28   24 4.838095 4.161905
  27  100   63 16.685714 10.314286
  19   44   72 7.171429 11.828571
  42  182   72 30.427381 11.572619
   5   14   16 2.338095 2.661905
  24   86   59 14.310714 9.689286
  29  102   69 17.435714 11.564286
  50  212   90 35.250000 14.750000
   6    6   29 1.019048 4.980952
  17   36   70 5.948810 11.051190
  27   86   71 14.733333 12.266667
  55  228  103 38.090476 16.909524
   2    0   14 0.000000 2.000000
  17   54   48 9.057143 7.942857
  26   86   67 14.610714 11.389286
  59  268   87 44.594048 14.405952
   5    8   21 1.366667 3.633333
  13   36   42 6.085714 6.914286
  23   70   68 11.734524 11.265476
  53  222   98 37.127381 15.872619
   5    6   24 1.019048 3.980952
  17   52   48 8.914286 8.085714
  25   82   68 13.811905 11.188095
  53  216  100 36.230952 16.769048
   5    6   26 0.967857 4.032143
  20   64   53 10.907143 9.092857
  22   74   61 12.248810 9.751190
  55  214  112 36.080952 18.919048
   6    8   28 1.319048 4.680952
  22   80   52 13.459524 8.540476
  17   40   66 6.428571 10.571429
  54  212  111 35.585714 18.414286
   6    6   29 1.000000 5.000000
  16   40   54 6.966667 9.033333
  24   88   60 14.276190 9.723810
  58  242  109 40.289286 17.710714
   3    2   16 0.333333 2.666667
  16   38   56 6.519048 9.480952
  23   76   61 12.938095 10.061905
  58  260   91 43.177381 14.822619
   1    0    7 0.000000 1.000000
  14   36   45 6.491667 7.508333
  27   98   63 16.528571 10.471429
  60  280   81 46.657143 13.342857
  22   68   64 11.425000 10.575000
  18   52   55 8.900000 9.100000
  64  294   86 49.466667 14.533333
  27   94   72 15.611905 11.388095
   9   12   42 2.039286 6.960714
  58  262   83 43.947619 14.052381
  28   98   76 16.257143 11.742857
  14   34   47 5.823810 8.176190
  70  324   96 54.204762 15.795238
  25   72   77 12.171429 12.828571
   5    6   25 0.928571 4.071429
  76  360   98 60.088095 15.911905
  20   38   83 6.490476 13.509524
   4    2   19 0.400000 3.600000
  67  292  110 48.690476 18.309524
  25   62   88 10.627381 14.372619
   8   18   30 3.152381 4.847619
  76  380   76 63.519048 12.480952
  19   48   65 8.211905 10.788095
   5    6   25 0.976190 4.023810
  83  434   62 72.671429 10.328571
  13   34   47 5.466667 7.533333
   4    4   19 0.700000 3.300000
  84  450   54 75.057143 8.942857
  14   40   44 6.704762 7.295238
   2    0   12 0.000000 2.000000
  82  436   57 72.613095 9.386905
  14   40   43 6.814286 7.185714
   4   10   14 1.695238 2.304762
  78  412   59 68.467857 9.532143
  12   36   33 6.261905 5.738095
  10   34   26 5.742857 4.257143
  72  350   86 58.109524 13.890476
  16   42   51 7.083333 8.916667
  12   36   35 6.048810 5.951190
  68  308  106 50.835714 17.164286
  23   58   80 9.700000 13.300000
   9   22   26 4.066667 4.933333
  60  246  111 41.153571 18.846429
  29   94   83 15.464286 13.535714
  11   36   30 6.107143 4.892857
  58  260   90 43.338095 14.661905
  31  116   69 19.423810 11.576190
  11   32   33 5.483333 5.516667
  62  284   86 47.595238 14.404762
  32  124   70 20.584524 11.415476
   6   12   24 2.028571 3.971429
  57  254   86 42.770238 14.229762
  41  170   78 28.546429 12.453571
   2    0   12 0.000000 2.000000
  60  278   82 46.459524 13.540476
  39  158   76 26.657143 12.342857
   1    0    6 0.000000 1.000000
  61  286   81 47.642857 13.357143
  39  152   81 25.392857 13.607143
  47  192   97 31.526190 15.473810
  53  214   97 36.502381 16.497619
  54  216  104 36.725000 17.275000
  46  176  104 29.435714 16.564286
  47  190   91 31.757143 15.242857
  53  228   91 38.064286 14.935714
  52  236   76 39.392857 12.607143
  48  212   76 35.514286 12.485714
  49  208   87 34.626190 14.373810
  51  218   87 36.519048 14.480952
  48  192   93 32.638095 15.361905
  52  222   93 36.823810 15.176190
  37  132   91 22.047619 14.952381
  63  286   91 47.909524 15.090476
  36  118   97 20.102381 15.897619
  64  288   97 48.064286 15.935714
  44  154  107 26.000000 18.000000
  56  232  107 38.879762 17.120238
  36  110  103 18.457143 17.542857
  64  284  103 47.077381 16.922619
  33  102   97 17.000000 16.000000
  67  304   97 50.865476 16.134524
  35  140   75 23.252381 11.747619
  65  310   75 52.241667 12.758333
  34  130   75 21.777381 12.222619
  66  320   75 53.689286 12.310714
  31  120   66 20.133333 10.866667
  69  348   66 58.204762 10.795238
  32  118   76 19.485714 12.514286
  68  330   76 55.173810 12.826190
  30  104   80 17.090476 12.909524
  70  336   80 56.314286 13.685714
  32  118   74 19.952381 12.047619
  68  334   74 55.959524 12.040476
  22   70   63 11.671429 10.328571
  78  404   63 67.511905 10.488095
  23   60   76 10.264286 12.735714
  77  388   76 64.685714 12.314286
  20   60   61 10.010714 9.989286
  80  418   61 69.919048 10.080952
  20   64   57 10.815476 9.184524
  80  422   57 70.329762 9.670238
  20   60   62 9.926190 10.073810
  80  416   62 69.609524 10.390476
  15   50   37 8.833333 6.166667
  85  476   37 79.090476 5.909524
   9   22   34 3.533333 5.466667
  91  510   34 85.229762 5.770238
   5    6   24 1.009524 3.990476
  95  546   24 91.080952 3.919048
   2    2   11 0.309524 1.690476
  98  576   11 96.123810 1.876190
   1    0    6 0.000000 1.000000
  99  588    6 98.071429 0.928571
   4    6   17 1.076190 2.923810
  96  560   17 93.346429 2.653571
   2    2   10 0.333333 1.666667
  98  578   10 96.298810 1.701190
   1    0    6 0.000000 1.000000
  99  588    6 97.990476 1.009524
   2    2   12 0.285714 1.714286
  98  574   12 95.904762 2.095238
   1    0    7 0.000000 1.000000
  99  586    7 97.814286 1.185714
   1    0    7 0.000000 1.000000
  99  586    7 97.780952 1.219048
   4    8   14 1.485714 2.514286
  96  564   14 93.833333 2.166667
  10   34   26 5.657143 4.342857
  90  514   26 85.613095 4.386905
  12   34   36 5.871429 6.128571
  88  494   36 82.228571 5.771429
  18   64   43 10.732143 7.267857
  82  450   43 74.766667 7.233333
   8   18   34 3.007143 4.992857
  92  514   34 86.233333 5.766667
   5    6   23 0.985714 4.014286
  95  548   23 91.200000 3.800000
   2    0   13 0.000000 2.000000
  98  574   13 95.771429 2.228571
   1    0    6 0.000000 1.000000
  99  588    6 97.965476 1.034524
   1    0    7 0.000000 1.000000
  99  586    7 97.804762 1.195238
 100  600    0 100.000000 0.000000
