   1    0    6 0.000000 1.000000
   2    0   11 0.000000 2.000000
   5   14   12 2.666667 2.333333
   1    0    7 0.000000 1.000000
   1    0    6 0.000000 1.000000
   2    2   11 0.309524 1.690476
   1    0    6 0.000000 1.000000
   2    2   12 0.285714 1.714286
   1    0    5 0.000000 1.000000
   1    0    7 0.000000 1.000000
   1    0    6 0.000000 1.000000
   1    0    6 0.000000 1.000000
   2    2    9 0.366667 1.633333
   2    2    9 0.366667 1.633333
   1    0    6 0.000000 1.000000
   2    2   12 0.285714 1.714286
   4   10   13 1.733333 2.266667
   1    0    6 0.000000 1.000000
   4    6   19 0.938095 3.061905
   1    0    6 0.000000 1.000000
   1    0    7 0.000000 1.000000
   1    0    6 0.000000 1.000000
   1    0    7 0.000000 1.000000
   1    0    7 0.000000 1.000000
   2    2   10 0.333333 1.666667
   3    6   12 1.019048 1.980952
   3    4   14 0.709524 2.290476
   1    0    6 0.000000 1.000000
   2    2   10 0.333333 1.666667
   1    0    6 0.000000 1.000000
   1    0    6 0.000000 1.000000
   1    0    6 0.000000 1.000000
   2    2    8 0.400000 1.600000
   2    0   11 0.000000 2.000000
   1    0    5 0.000000 1.000000
   1    0    8 0.000000 1.000000
   1    0    6 0.000000 1.000000
   3    4   12 0.766667 2.233333
   1    0    6 0.000000 1.000000
   1    0    6 0.000000 1.000000
   2    2   10 0.333333 1.666667
   1    0    6 0.000000 1.000000
   3    4   13 0.700000 2.300000
   1    0    6 0.000000 1.000000
   2    2   11 0.309524 1.690476
   1    0    6 0.000000 1.000000
   3    4   13 0.733333 2.266667
   1    0    7 0.000000 1.000000
   1    0    7 0.000000 1.000000
   3    4   13 0.733333 2.266667
   4    8   15 1.385714 2.614286
   1    0    6 0.000000 1.000000
   1    0    7 0.000000 1.000000
   1    0    7 0.000000 1.000000
   1    0    7 0.000000 1.000000
   2    2   10 0.333333 1.666667
   2    2    9 0.366667 1.633333
   3    4   14 0.676190 2.323810
   1    0    7 0.000000 1.000000
   2    2   10 0.342857 1.657143
   5   12   16 2.166667 2.833333
   2    2    9 0.366667 1.633333
   2    2   10 0.333333 1.666667
   2    2    8 0.400000 1.600000
   3    4   15 0.642857 2.357143
   3    6   11 1.066667 1.933333
   3    6   10 1.133333 1.866667
   4   10   16 1.594048 2.405952
   2    2   10 0.333333 1.666667
   3    4   13 0.733333 2.266667
   6    8   30 1.259524 4.740476
   2    2   11 0.309524 1.690476
   3    6   12 1.050000 1.950000
   2    2   11 0.309524 1.690476
   4    6   18 1.019048 2.980952
   2    2    8 0.400000 1.600000
   1    0    6 0.000000 1.000000
   2    2   10 0.342857 1.657143
   1    0    6 0.000000 1.000000
   2    2    8 0.400000 1.600000
   1    0    6 0.000000 1.000000
   2    2    8 0.400000 1.600000
   2    2   10 0.333333 1.666667
   8   28   20 4.790476 3.209524
   3    4   17 0.571429 2.428571
   2    2   10 0.342857 1.657143
   1    0    6 0.000000 1.000000
   1    0    7 0.000000 1.000000
   1    0    5 0.000000 1.000000
   5    8   22 1.376190 3.623810
   2    2   10 0.342857 1.657143
   1    0    7 0.000000 1.000000
   2    2   10 0.342857 1.657143
   2    2   12 0.285714 1.714286
   1    0    6 0.000000 1.000000
   1    0    6 0.000000 1.000000
   1    0    6 0.000000 1.000000
   2    0   13 0.000000 2.000000
   6   12   25 1.971429 4.028571
   1    0    7 0.000000 1.000000
   2    2   10 0.333333 1.666667
   5   14   16 2.338095 2.661905
   3    4   13 0.742857 2.257143
   5   12   17 2.061905 2.938095
   2    2   11 0.309524 1.690476
   1    0    6 0.000000 1.000000
   6   12   24 1.966667 4.033333
   2    2   10 0.333333 1.666667
   1    0    6 0.000000 1.000000
   2    2   11 0.309524 1.690476
   1    0    6 0.000000 1.000000
   2    0   13 0.000000 2.000000
   3    4   14 0.676190 2.323810
   5    8   23 1.304762 3.695238
   1    0    6 0.000000 1.000000
   1    0    7 0.000000 1.000000
   5   14   14 2.533333 2.466667
   3    4   13 0.733333 2.266667
   6   10   27 1.661905 4.338095
   9   20   31 3.528571 5.471429
   1    0    5 0.000000 1.000000
   4    4   19 0.676190 3.323810
   5    8   24 1.410714 3.589286
   3    2   15 0.366667 2.633333
   1    0    6 0.000000 1.000000
   2    2   11 0.309524 1.690476
   8   16   31 2.751190 5.248810
   2    2   11 0.309524 1.690476
   1    0    6 0.000000 1.000000
   7   10   33 1.685714 5.314286
   2    2   10 0.333333 1.666667
   2    2   10 0.333333 1.666667
   7   14   27 2.452381 4.547619
   6   14   25 2.242857 3.757143
   4    4   18 0.766667 3.233333
   1    0    6 0.000000 1.000000
   2    2   10 0.342857 1.657143
   1    0    6 0.000000 1.000000
   7   14   25 2.538095 4.461905
   2    0   13 0.000000 2.000000
   4   10   16 1.571429 2.428571
   3    6   10 1.133333 1.866667
   2    2    9 0.366667 1.633333
   6   14   22 2.333333 3.666667
   1    0    6 0.000000 1.000000
   6   10   25 1.700000 4.300000
   5    8   25 1.263095 3.736905
   4    6   19 0.952381 3.047619
  10   22   38 3.619048 6.380952
   3    2   16 0.333333 2.666667
   6   10   27 1.647619 4.352381
   3    2   15 0.366667 2.633333
   3    4   13 0.700000 2.300000
  10   26   35 4.276190 5.723810
   2    2   10 0.333333 1.666667
   2    2    9 0.366667 1.633333
   4    4   17 0.733333 3.266667
   8   14   34 2.419048 5.580952
   1    0    7 0.000000 1.000000
   8   20   30 3.152381 4.847619
   4   10   14 1.714286 2.285714
   6   12   25 1.923810 4.076190
   2    0   12 0.000000 2.000000
   2    2   10 0.333333 1.666667
   1    0    7 0.000000 1.000000
   9   20   33 3.397619 5.602381
   4    6   18 1.019048 2.980952
   1    0    6 0.000000 1.000000
   6    6   32 0.938095 5.061905
  11   28   40 4.619048 6.380952
   4    8   13 1.533333 2.466667
   6    6   29 1.000000 5.000000
   7   18   23 3.171429 3.828571
   1    0    6 0.000000 1.000000
  11   26   41 4.314286 6.685714
   6   18   16 3.228571 2.771429
   2    2   11 0.325000 1.675000
   2    2   10 0.342857 1.657143
   4    2   21 0.366667 3.633333
   7   20   21 3.523810 3.476190
   3    2   18 0.267857 2.732143
   5   14   15 2.530952 2.469048
  19   56   56 9.680952 9.319048
   4    6   19 0.952381 3.047619
   1    0    7 0.000000 1.000000
   7   10   32 1.695238 5.304762
   9   18   35 3.161905 5.838095
   5    6   25 1.019048 3.980952
   8   16   32 2.704762 5.295238
   5    8   21 1.400000 3.600000
   2    2   11 0.309524 1.690476
  11   14   54 2.323810 8.676190
   5   14   16 2.338095 2.661905
   6   16   19 2.795238 3.204762
   6   16   18 2.885714 3.114286
   4    8   16 1.371429 2.628571
   1    0    5 0.000000 1.000000
  10   30   31 5.071429 4.928571
  15   44   46 7.438095 7.561905
  10   26   37 4.166667 5.833333
   2    2   11 0.309524 1.690476
   5    2   28 0.333333 4.666667
  10   28   32 4.690476 5.309524
   4    8   15 1.366667 2.633333
   6    6   31 0.952381 5.047619
   6   12   25 1.976190 4.023810
  10   14   44 2.552381 7.447619
   8   26   23 4.266667 3.733333
   6   18   19 2.961905 3.038095
   7   16   24 2.852381 4.147619
  15   56   32 9.738095 5.261905
   7   18   26 2.809524 4.190476
   7    6   34 1.109524 5.890476
   9   24   29 4.028571 4.971429
   4    4   19 0.700000 3.300000
   8   10   42 1.605952 6.394048
   1    0    7 0.000000 1.000000
  13   30   50 4.930952 8.069048
  10   26   33 4.457143 5.542857
   5    4   24 0.766667 4.233333
  12   34   40 5.555952 6.444048
   3    4   15 0.619048 2.380952
   4    2   24 0.285714 3.714286
  11   40   27 6.602381 4.397619
   2    2   11 0.309524 1.690476
   5    8   20 1.466667 3.533333
  10   22   36 3.757143 6.242857
  10   34   24 5.823810 4.176190
  16   52   45 8.652381 7.347619
  11   22   43 3.708333 7.291667
   9   12   42 2.100000 6.900000
   7   16   25 2.867857 4.132143
  20   80   38 13.433333 6.566667
   1    0    7 0.000000 1.000000
   8   20   31 3.142857 4.857143
   2    2    9 0.366667 1.633333
   7   22   21 3.633333 3.366667
  11   30   35 5.058333 5.941667
   7   18   24 3.085714 3.914286
  17   48   53 8.014286 8.985714
  13   42   35 6.980952 6.019048
   7    8   35 1.309524 5.690476
   7   14   28 2.352381 4.647619
  12   34   40 5.601190 6.398810
   2    2   10 0.333333 1.666667
   4    6   19 0.952381 3.047619
   1    0    5 0.000000 1.000000
  12   50   22 8.542857 3.457143
  21   78   46 13.373810 7.626190
  10   34   28 5.647619 4.352381
  14   44   40 7.344048 6.655952
  16   62   34 10.364286 5.635714
   4    6   17 1.076190 2.923810
   4    6   17 1.133333 2.866667
  14   30   55 5.052381 8.947619
   6   12   25 1.961905 4.038095
   5    8   19 1.566667 3.433333
   9   20   34 3.471429 5.528571
  22   72   59 12.230952 9.769048
  13   48   34 7.880952 5.119048
  13   22   51 4.004762 8.995238
  16   58   40 9.760714 6.239286
   1    0    6 0.000000 1.000000
   1    0    7 0.000000 1.000000
  13   34   44 5.823810 7.176190
   6   12   24 2.104762 3.895238
   3    6   13 0.952381 2.047619
   8   20   28 3.433333 4.566667
  22   62   70 10.485714 11.514286
  18   62   43 10.642857 7.357143
   6    2   36 0.309524 5.690476
  21   76   48 12.885714 8.114286
   1    0    6 0.000000 1.000000
   2    2   12 0.285714 1.714286
   9   24   32 3.985714 5.014286
   7   18   24 3.004762 3.995238
   1    0    7 0.000000 1.000000
   6   10   26 1.666667 4.333333
  28   84   82 14.383333 13.616667
  14   42   43 6.828571 7.171429
  10   18   39 3.161905 6.838095
  21   70   57 11.459524 9.540476
   3    6   12 1.050000 1.950000
   1    0    6 0.000000 1.000000
  11   38   28 6.383333 4.616667
   2    2    9 0.366667 1.633333
   3    2   17 0.309524 2.690476
  32  108   80 18.523810 13.476190
  13   48   29 8.128571 4.871429
  13   38   40 6.352381 6.647619
  23   90   51 14.852381 8.147619
   2    2   11 0.309524 1.690476
   1    0    7 0.000000 1.000000
  14   48   34 8.252381 5.747619
   4   10   15 1.619048 2.380952
   4   10   14 1.666667 2.333333
  22   76   56 12.934524 9.065476
  15   56   34 9.450000 5.550000
  14   36   50 6.148810 7.851190
  23   86   51 14.533333 8.466667
   4   10   14 1.708333 2.291667
  12   26   45 4.516667 7.483333
   6   16   21 2.729762 3.270238
  11   42   23 7.161905 3.838095
  17   58   47 9.371429 7.628571
  12   32   42 5.171429 6.828571
  14   32   49 5.466667 8.533333
  22   78   54 13.057143 8.942857
   6   18   17 3.047619 2.952381
  16   44   47 7.666667 8.333333
   6   16   18 2.800000 3.200000
  12   36   35 6.042857 5.957143
  23   90   50 14.876190 8.123810
  14   42   43 6.895238 7.104762
  11   18   51 2.947619 8.052381
  13   36   43 6.033333 6.966667
   5   14   17 2.314286 2.685714
  11   26   41 4.195238 6.804762
   7   16   25 2.766667 4.233333
  20   64   56 10.771429 9.228571
  17   48   54 8.150000 8.850000
  10   12   48 2.014286 7.985714
  15   36   54 6.038095 8.961905
  15   50   41 8.319048 6.680952
   5   12   17 2.004762 2.995238
   8   10   36 1.776190 6.223810
  10   36   24 6.214286 3.785714
  16   42   52 7.142857 8.857143
  17   36   70 5.811905 11.188095
   5    6   25 1.000000 4.000000
  24   66   76 11.276190 12.723810
  12   38   35 6.311905 5.688095
   8   28   20 4.700000 3.300000
  13   32   47 5.380952 7.619048
   6   16   22 2.576190 3.423810
  10   28   31 4.861905 5.138095
  13   22   54 3.833333 9.166667
   3    2   16 0.309524 2.690476
  25   78   74 12.876190 12.123810
  20   76   42 13.066667 6.933333
  10   32   28 5.333333 4.666667
   8   12   38 1.952381 6.047619
   5    6   24 1.019048 3.980952
   5   10   21 1.657143 3.342857
  13   18   56 3.328571 9.671429
   2    0   12 0.000000 2.000000
  31  118   67 19.980952 11.019048
  23   92   48 15.321429 7.678571
  13   48   30 8.152381 4.847619
   5    8   21 1.400000 3.600000
   4    4   19 0.733333 3.266667
   7   10   32 1.676190 5.323810
   7    8   35 1.376190 5.623810
  36  136   78 22.847619 13.152381
  27   92   73 15.161905 11.838095
  14   40   44 6.647619 7.352381
   8   16   35 2.693651 5.306349
   1    0    8 0.000000 1.000000
   6   12   25 1.995238 4.004762
   4    4   20 0.666667 3.333333
  31  128   56 21.600000 9.400000
  35  140   73 23.394048 11.605952
  15   36   47 6.490476 8.509524
  12   42   31 7.016667 4.983333
   6    8   25 1.466667 4.533333
  25   98   54 16.242857 8.757143
  47  210   70 35.038095 11.961905
  10   28   34 4.552381 5.447619
  10   30   29 5.045238 4.954762
   8   12   36 2.092857 5.907143
  30  116   65 19.361905 10.638095
  47  186   97 31.135714 15.864286
   5    8   21 1.409524 3.590476
  12   44   29 7.219048 4.780952
   5    2   28 0.309524 4.690476
  36  140   72 23.921429 12.078571
  39  158   77 26.526190 12.473810
   8   20   30 3.285714 4.714286
  10   34   26 5.823810 4.176190
   3    0   18 0.000000 3.000000
  42  174   80 28.976190 13.023810
  35  132   76 22.310714 12.689286
  10   32   28 5.490476 4.509524
   7   18   25 3.047619 3.952381
   2    0   14 0.000000 2.000000
  42  168   80 28.388095 13.611905
  41  166   82 27.860714 13.139286
   8   16   31 2.719048 5.280952
   8   20   26 3.485714 4.514286
   3    2   15 0.366667 2.633333
  47  206   72 34.632143 12.367857
  29  104   77 17.094048 11.905952
  13   34   44 5.661905 7.338095
   8   16   34 2.569048 5.430952
   6   10   26 1.671429 4.328571
  41  162   86 26.995238 14.004762
  28   88   77 14.800000 13.200000
  17   52   49 8.933333 8.066667
   4    4   20 0.676190 3.323810
   4    6   19 0.950000 3.050000
  35  130   84 21.575000 13.425000
  39  138   94 23.160714 15.839286
  18   56   49 9.500000 8.500000
   2    2   10 0.333333 1.666667
   4    4   19 0.700000 3.300000
  37  138   88 23.059524 13.940476
  44  160   98 27.458333 16.541667
  13   30   51 4.989286 8.010714
   1    0    6 0.000000 1.000000
   8   10   34 1.858333 6.141667
  38  142   83 24.176190 13.823810
  41  168   83 27.880952 13.119048
  12   26   48 4.480952 7.519048
  10   16   44 2.666667 7.333333
  37  118  103 19.838095 17.161905
  38  136   96 22.469048 15.530952
  15   42   45 7.366667 7.633333
   9   18   35 3.104762 5.895238
  38  122  110 20.223810 17.776190
  33  116   79 19.622619 13.377381
  20   56   64 9.323810 10.676190
  14   32   50 5.478571 8.521429
  39  134  104 22.242857 16.757143
  29   92   79 15.966667 13.033333
  18   46   63 7.707143 10.292857
  16   38   57 6.376190 9.623810
  36  124   92 20.828571 15.171429
  19   54   60 9.171429 9.828571
  29   96   79 16.023810 12.976190
  17   42   58 7.280952 9.719048
  32   88  108 14.585714 17.414286
  19   42   75 7.092857 11.907143
  32  102   85 17.419048 14.580952
   9   14   42 2.252381 6.747619
  37  144   75 24.414286 12.585714
  29  120   52 20.403571 8.596429
  25   58   95 9.586905 15.413095
   5    8   23 1.285714 3.714286
  42  172   81 28.658333 13.341667
  26   86   68 14.463095 11.536905
  27   66   96 11.114286 15.885714
   6   12   25 1.978571 4.021429
  38  148   79 24.896429 13.103571
  30  114   66 19.136905 10.863095
  26   74   82 12.477381 13.522619
   6   10   26 1.761905 4.238095
  38  142   87 23.680952 14.319048
  19   62   47 10.669048 8.330952
  37  134   92 22.122619 14.877381
  12   32   38 5.604762 6.395238
  32   98   97 16.305952 15.694048
  18   46   66 7.494048 10.505952
  38  134   89 22.845238 15.154762
   8   18   29 3.152381 4.847619
  45  168  105 27.733333 17.266667
  16   32   61 5.500000 10.500000
  31  104   83 17.408333 13.591667
   5    4   27 0.616667 4.383333
  41  158   91 26.319048 14.680952
  35  128   74 21.944048 13.055952
  19   50   68 8.235714 10.764286
   3    2   17 0.309524 2.690476
  38  140   89 23.216667 14.783333
  38  152   75 25.517857 12.482143
  21   58   67 9.757143 11.242857
   1    0    5 0.000000 1.000000
  43  164   93 27.576190 15.423810
  38  134   98 22.232143 15.767857
  18   36   70 6.142857 11.857143
   1    0    6 0.000000 1.000000
  36  114   99 19.346032 16.653968
  50  198  104 32.973810 17.026190
  13   20   59 3.395238 9.604762
  49  210   86 35.117857 13.882143
  44  168   92 28.486905 15.513095
   7    4   40 0.619048 6.380952
  41  154   93 25.747619 15.252381
  47  184   97 30.750000 16.250000
  12   26   46 4.538095 7.461905
  42  150  102 25.371429 16.628571
  51  198  105 33.380952 17.619048
   7    4   41 0.642857 6.357143
  30   92   90 15.228571 14.771429
  58  248   99 41.547619 16.452381
  12   30   41 5.100000 6.900000
  27   84   81 13.916667 13.083333
  67  306   93 51.263095 15.736905
   6   10   26 1.666667 4.333333
  24   72   69 12.560714 11.439286
  67  324   81 53.967857 13.032143
   9   32   22 5.304762 3.695238
  19   58   57 9.571429 9.428571
  72  360   70 60.446429 11.553571
   9   30   25 5.116667 3.883333
  19   60   57 9.829762 9.170238
  75  372   75 62.252381 12.747619
   6   14   22 2.304762 3.695238
  26   90   68 15.028571 10.971429
  70  342   78 57.223810 12.776190
   4    8   14 1.428571 2.571429
  30  104   72 17.633333 12.366667
  60  276   89 45.647619 14.352381
  10   30   29 5.109524 4.890476
  36  132   80 22.461905 13.538095
  48  196   97 32.347619 15.652381
  16   56   39 9.559524 6.440476
  33  108   84 18.576190 14.423810
  45  170  107 27.679762 17.320238
  22   80   51 13.276190 8.723810
  26   86   72 14.180952 11.819048
  44  164   99 27.616667 16.383333
  30  120   59 20.158333 9.841667
  14   34   52 5.621429 8.378571
  54  222  103 37.166667 16.833333
  32  110   79 18.742857 13.257143
  22   70   61 11.619048 10.380952
  38  136   95 22.602381 15.397619
  40  164   74 27.769048 12.230952
  14   34   50 5.609524 8.390476
  42  166   82 28.009524 13.990476
  44  194   74 32.248810 11.751190
  16   40   60 6.622619 9.377381
  46  202   74 33.916667 12.083333
  38  136   88 23.228571 14.771429
  18   48   58 8.176190 9.823810
  54  254   69 42.842857 11.157143
  28   96   75 15.942857 12.057143
  10   18   41 3.021429 6.978571
  58  272   78 45.215476 12.784524
  32  122   69 20.523810 11.476190
   9   12   45 1.971429 7.028571
  67  318   83 53.367857 13.632143
  24   84   58 14.142857 9.857143
   6    6   29 1.042857 4.957143
  67  310   89 51.975000 15.025000
  27   92   74 15.219048 11.780952
  76  386   72 64.328571 11.671429
  24   70   72 11.888095 12.111905
  64  296   86 49.592857 14.407143
  36  132   86 22.119048 13.880952
  65  298   87 50.211905 14.788095
  35  128   87 21.045238 13.954762
  75  368   81 61.547619 13.452381
  25   70   81 11.913095 13.086905
  65  304   89 50.433333 14.566667
  35  118   89 20.123810 14.876190
  54  226   97 38.077381 15.922619
  46  180   97 30.128571 15.871429
  61  258  108 43.135714 17.864286
  39  126  108 21.134524 17.865476
  67  296  104 49.725000 17.275000
  33   96  104 15.785714 17.214286
  69  308  105 51.547619 17.452381
  31   82  105 13.709524 17.290476
  63  286   88 48.100000 14.900000
  37  138   88 22.836905 14.163095
  65  302   86 50.580952 14.419048
  35  126   86 21.023810 13.976190
  59  252   97 42.588095 16.411905
  41  154   97 25.503571 15.496429
  58  244  103 40.854762 17.145238
  42  150  103 24.903571 17.096429
  65  298   93 49.804762 15.195238
  35  116   93 19.464286 15.535714
  62  294   79 49.119048 12.880952
  38  148   79 24.800000 13.200000
  47  200   80 33.619048 13.380952
  53  240   80 39.927381 13.072619
  53  220   96 36.948810 16.051190
  47  188   96 31.319048 15.680952
  53  246   74 40.934524 12.065476
  47  206   74 34.547619 12.452381
  62  308   62 51.708333 10.291667
  38  168   62 28.016667 9.983333
  76  384   71 64.105952 11.894048
  24   74   71 12.435714 11.564286
  77  396   62 66.634524 10.365476
  23   80   62 13.176190 9.823810
  71  356   71 59.052381 11.947619
  29  102   71 16.933333 12.066667
  65  314   76 52.454762 12.545238
  35  134   76 22.347619 12.652381
  68  310   98 51.975000 16.025000
  32   94   98 15.723810 16.276190
  67  290  106 49.117857 17.882143
  33   98  106 16.386905 16.613095
  76  384   75 63.883333 12.116667
  24   66   75 11.261905 12.738095
  71  344   84 57.480952 13.519048
  29   88   84 14.814286 14.185714
  64  298   86 49.734524 14.265476
  36  130   86 21.732143 14.267857
  74  366   75 61.280952 12.719048
  26   84   75 13.809524 12.190476
  80  414   66 69.144048 10.855952
  20   54   66 9.030952 10.969048
  77  368   88 61.933333 15.066667
  23   56   88 9.016667 13.983333
  73  348   86 58.296429 14.703571
  27   80   86 13.229762 13.770238
  77  384   77 64.178571 12.821429
  23   62   77 10.161905 12.838095
  85  444   62 74.508333 10.491667
  15   32   62 5.238095 9.761905
  88  484   42 80.894048 7.105952
  12   32   42 5.458333 6.541667
  93  532   28 88.447619 4.552381
   7   12   28 2.138095 4.861905
  90  506   35 84.219048 5.780952
  10   24   35 4.169048 5.830952
  89  490   44 81.790476 7.209524
  11   22   44 3.666667 7.333333
  90  508   35 84.516667 5.483333
  10   22   35 3.919048 6.080952
  88  486   42 81.048810 6.951190
  12   30   42 5.080952 6.919048
  86  462   58 76.671429 9.328571
  14   22   58 3.871429 10.128571
  93  520   37 86.807143 6.192857
   7    6   37 1.042857 5.957143
  93  528   30 88.045238 4.954762
   7   12   30 2.028571 4.971429
  89  500   38 82.965476 6.034524
  11   24   38 4.180952 6.819048
  92  518   32 86.798413 5.201587
   8   18   32 2.992857 5.007143
  89  498   34 83.180952 5.819048
  11   34   34 5.623810 5.376190
  88  494   34 82.332143 5.667857
  12   38   34 6.325000 5.675000
  89  502   34 83.575000 5.425000
  11   30   34 5.233333 5.766667
  86  476   39 79.547619 6.452381
  14   46   39 7.690476 6.309524
  91  520   28 86.539286 4.460714
   9   24   28 4.223810 4.776190
  89  492   41 82.085714 6.914286
  11   26   41 4.342857 6.657143
  94  536   28 89.240476 4.759524
   6    8   28 1.419048 4.580952
  99  586    7 97.757143 1.242857
   1    0    7 0.000000 1.000000
 100  600    0 100.000000 0.000000
