   1    0    6 0.000000 1.000000
   1    0    6 0.000000 1.000000
   3    4   13 0.733333 2.266667
   2    2   10 0.333333 1.666667
   1    0    6 0.000000 1.000000
   3    4   13 0.733333 2.266667
   2    2    8 0.400000 1.600000
   2    2   12 0.285714 1.714286
   3    6   12 1.019048 1.980952
   1    0    7 0.000000 1.000000
   1    0    6 0.000000 1.000000
   1    0    6 0.000000 1.000000
   2    2   11 0.309524 1.690476
   2    2    8 0.400000 1.600000
   2    2   11 0.309524 1.690476
   2    0   14 0.000000 2.000000
   1    0    7 0.000000 1.000000
   1    0    7 0.000000 1.000000
   1    0    5 0.000000 1.000000
   1    0    7 0.000000 1.000000
   1    0    5 0.000000 1.000000
   1    0    6 0.000000 1.000000
   5   14   18 2.335714 2.664286
   2    2   12 0.285714 1.714286
   1    0    6 0.000000 1.000000
   2    2    8 0.400000 1.600000
   2    2    9 0.366667 1.633333
   1    0    6 0.000000 1.000000
   8   18   29 3.019048 4.980952
   2    2    9 0.366667 1.633333
   2    2    9 0.366667 1.633333
   5   14   19 2.246429 2.753571
   1    0    6 0.000000 1.000000
   1    0    5 0.000000 1.000000
   1    0    5 0.000000 1.000000
   3    4   12 0.766667 2.233333
   1    0    7 0.000000 1.000000
   1    0    7 0.000000 1.000000
   2    2   10 0.342857 1.657143
   1    0    7 0.000000 1.000000
   2    2   11 0.309524 1.690476
   1    0    6 0.000000 1.000000
   2    2    9 0.366667 1.633333
   1    0    6 0.000000 1.000000
   3    4   13 0.700000 2.300000
   3    4   12 0.766667 2.233333
   1    0    5 0.000000 1.000000
   1    0    6 0.000000 1.000000
   2    2   10 0.342857 1.657143
   1    0    8 0.000000 1.000000
   1    0    8 0.000000 1.000000
   1    0    6 0.000000 1.000000
   2    2    9 0.366667 1.633333
   2    2   10 0.333333 1.666667
   1    0    5 0.000000 1.000000
   2    2    8 0.400000 1.600000
   7   18   22 3.195238 3.804762
   3    2   17 0.309524 2.690476
   2    2   11 0.309524 1.690476
   1    0    6 0.000000 1.000000
   4    4   20 0.652381 3.347619
   1    0    6 0.000000 1.000000
   2    2    9 0.366667 1.633333
   4    8   17 1.328571 2.671429
   2    0   12 0.000000 2.000000
   2    2   10 0.333333 1.666667
   1    0    7 0.000000 1.000000
  10   34   27 5.709524 4.290476
   3    4   14 0.666667 2.333333
   5   14   15 2.466667 2.533333
   1    0    6 0.000000 1.000000
   1    0    6 0.000000 1.000000
   1    0    7 0.000000 1.000000
   6   12   24 2.009524 3.990476
   1    0    7 0.000000 1.000000
   2    2   10 0.333333 1.666667
   9   22   29 3.900000 5.100000
   2    2    9 0.366667 1.633333
   5   14   15 2.371429 2.628571
   7   16   26 2.671429 4.328571
   1    0    6 0.000000 1.000000
   2    0   12 0.000000 2.000000
   1    0    6 0.000000 1.000000
   1    0    7 0.000000 1.000000
   1    0    7 0.000000 1.000000
   3    4   14 0.666667 2.333333
   4   10   15 1.595238 2.404762
   1    0    7 0.000000 1.000000
   1    0    6 0.000000 1.000000
   1    0    6 0.000000 1.000000
   6   14   22 2.390476 3.609524
   2    2   12 0.285714 1.714286
   2    2    9 0.366667 1.633333
   1    0    6 0.000000 1.000000
   9   16   36 2.704762 6.295238
   2    2    8 0.400000 1.600000
   3    4   14 0.666667 2.333333
   3    4   13 0.733333 2.266667
   1    0    7 0.000000 1.000000
  11   40   25 6.700000 4.300000
   3    4   16 0.583333 2.416667
   5    6   25 0.961905 4.038095
   3    6   12 1.019048 1.980952
   3    4   11 0.816667 2.183333
   5   10   21 1.642857 3.357143
   5    8   24 1.292857 3.707143
   6    8   28 1.304762 4.695238
   1    0    6 0.000000 1.000000
   5   10   21 1.614286 3.385714
   6   14   22 2.295238 3.704762
   3    2   16 0.333333 2.666667
   4   10   14 1.685714 2.314286
   6   18   18 2.976190 3.023810
   5   12   18 2.028571 2.971429
   8   24   24 3.973810 4.026190
   1    0    7 0.000000 1.000000
   1    0    7 0.000000 1.000000
   2    2   12 0.285714 1.714286
  10   24   37 3.942857 6.057143
   2    2    8 0.400000 1.600000
   2    2   11 0.309524 1.690476
   1    0    6 0.000000 1.000000
  16   54   39 9.195238 6.804762
   8   20   29 3.322619 4.677381
   2    2   10 0.333333 1.666667
   1    0    7 0.000000 1.000000
   4    8   15 1.442857 2.557143
   6   14   22 2.361905 3.638095
   7   16   27 2.590476 4.409524
   3    4   13 0.700000 2.300000
   6   16   20 2.657143 3.342857
   5   12   19 1.980952 3.019048
   3    2   16 0.333333 2.666667
   2    2    9 0.366667 1.633333
   3    4   13 0.700000 2.300000
   7   18   23 3.038095 3.961905
  10   36   22 6.180952 3.819048
   1    0    6 0.000000 1.000000
   5   14   18 2.208333 2.791667
  20   68   50 11.420238 8.579762
   7   10   29 1.833333 5.166667
   4    6   19 0.961905 3.038095
  12   32   42 5.138095 6.861905
   3    2   19 0.291667 2.708333
   3    4   13 0.700000 2.300000
   4    8   16 1.328571 2.671429
  12   40   29 6.919048 5.080952
   3    6   12 1.019048 1.980952
   1    0    6 0.000000 1.000000
   5    8   21 1.328571 3.671429
   1    0    7 0.000000 1.000000
   3    2   16 0.366667 2.633333
   2    2   11 0.309524 1.690476
   4    6   20 0.928571 3.071429
  21   82   46 13.525000 7.475000
   3    2   16 0.333333 2.666667
  12   14   61 2.314286 9.685714
   4    2   21 0.333333 3.666667
   4    2   22 0.366667 3.633333
  13   26   52 4.376190 8.623810
   1    0    6 0.000000 1.000000
   1    0    7 0.000000 1.000000
   8   20   24 3.633333 4.366667
   9   30   24 5.019048 3.980952
   6   16   20 2.747619 3.252381
   6   12   22 2.066667 3.933333
   1    0    7 0.000000 1.000000
   7   22   20 3.663095 3.336905
   4    6   18 0.985714 3.014286
  18   54   54 9.028571 8.971429
   5    4   27 0.642857 4.357143
  14   32   51 5.523810 8.476190
  16   36   63 5.861905 10.138095
  15   50   38 8.509524 6.490476
   9   24   29 4.014286 4.985714
   9   30   24 5.057143 3.942857
   4    6   18 1.019048 2.980952
   1    0    7 0.000000 1.000000
   7   22   18 3.954762 3.045238
   2    2   11 0.309524 1.690476
  19   60   56 10.023810 8.976190
   2    2   10 0.333333 1.666667
  18   56   53 9.489286 8.510714
  21   58   64 10.066667 10.933333
  11   40   26 6.671429 4.328571
   8   18   28 3.133333 4.866667
   7   12   28 2.133333 4.866667
   4    6   19 0.971429 3.028571
   7   20   25 3.257143 3.742857
   3    4   15 0.642857 2.357143
  11   30   34 5.076190 5.923810
   5   14   17 2.347619 2.652381
  25   86   65 14.228571 10.771429
  26   96   61 16.050000 9.950000
  13   34   45 5.565476 7.434524
   2    0   12 0.000000 2.000000
   5    6   21 1.166667 3.833333
   2    0   14 0.000000 2.000000
   6    8   29 1.352381 4.647619
   5    8   20 1.450000 3.550000
  17   50   49 8.602381 8.397619
   6   10   29 1.559524 4.440476
  18   46   64 7.519048 10.480952
  36  148   67 24.798810 11.201190
   8   18   26 3.300000 4.700000
   1    0    7 0.000000 1.000000
   1    0    6 0.000000 1.000000
  10   32   28 5.392857 4.607143
   3    2   18 0.309524 2.690476
  17   46   55 7.919048 9.080952
  12   32   42 5.152381 6.847619
  20   36   83 6.110714 13.889286
  20   68   55 11.071429 8.928571
  12   34   39 5.692857 6.307143
  14   42   41 7.021429 6.978571
   5    6   21 1.133333 3.866667
  20   74   49 12.095238 7.904762
   9   22   29 3.795238 5.204762
  28   76   91 13.064286 14.935714
  13   22   55 3.785714 9.214286
  10   26   34 4.266667 5.733333
  13   34   46 5.600000 7.400000
   7   22   20 3.728571 3.271429
  29  116   55 19.663095 9.336905
   5    8   21 1.385714 3.614286
  26   76   85 12.369048 13.630952
  15   36   54 6.128571 8.871429
   7   12   31 2.128571 4.871429
   9   26   27 4.602381 4.397619
   9   20   33 3.495238 5.504762
  30  132   49 22.038095 7.961905
  12   38   33 6.688095 5.311905
  32  120   73 20.034524 11.965476
   9   18   35 3.047619 5.952381
   2    2   11 0.309524 1.690476
   8   20   28 3.333333 4.666667
   7   10   31 1.733333 5.266667
  48  228   58 38.357143 9.642857
  10   22   37 3.670238 6.329762
  19   52   66 8.595238 10.404762
   9   22   32 3.713095 5.286905
   2    2   10 0.333333 1.666667
   9   22   32 3.742857 5.257143
   3    2   15 0.366667 2.633333
  52  240   70 40.395238 11.604762
   7   12   29 2.066667 4.933333
  14   24   67 3.781746 10.218254
   9   18   33 3.157143 5.842857
   3    2   17 0.291667 2.708333
   9   16   36 2.714286 6.285714
   6   16   20 2.700000 3.300000
  56  264   72 44.101190 11.898810
  12   38   35 6.375000 5.625000
  13   26   49 4.457143 8.542857
   7   16   28 2.671429 4.328571
   1    0    6 0.000000 1.000000
   4    2   23 0.309524 3.690476
   7   16   25 2.671429 4.328571
  48  210   75 35.398810 12.601190
  10   26   35 4.409524 5.590476
  14   26   58 4.400000 9.600000
  11   38   30 6.190476 4.809524
   6   16   19 2.714286 3.285714
   4    2   22 0.333333 3.666667
   7   16   27 2.747619 4.252381
  50  218   85 36.103571 13.896429
   8   24   23 4.047619 3.952381
  11   16   49 2.680952 8.319048
  13   46   31 7.704762 5.295238
   3    6   11 1.085714 1.914286
   5    2   30 0.333333 4.666667
  10   20   39 3.414286 6.585714
  57  270   73 44.973016 12.026984
   6   12   26 1.953571 4.046429
   8   10   38 1.742857 6.257143
  17   58   44 9.728571 7.271429
   1    0    5 0.000000 1.000000
  11   26   38 4.461905 6.538095
  50  192  104 32.421429 17.578571
   8   14   35 2.328571 5.671429
   8   14   39 2.214286 5.785714
  23   74   60 12.747619 10.252381
  11   32   36 5.352381 5.647619
  48  194   91 32.528571 15.471429
  10   26   36 4.266667 5.733333
   5    8   21 1.385714 3.614286
  13   40   40 6.535714 6.464286
  24   94   50 15.827381 8.172619
  53  244   74 41.054762 11.945238
  12   40   30 6.861905 5.138095
   4    8   15 1.395238 2.604762
  19   74   40 12.435714 6.564286
  12   34   41 5.395238 6.604762
  58  260   91 43.191667 14.808333
  16   60   37 9.996429 6.003571
   7   22   20 3.692063 3.307937
  12   28   39 4.947619 7.052381
   7   10   33 1.685714 5.314286
  62  270  100 45.141667 16.858333
  20   72   49 12.035714 7.964286
  11   34   34 5.466667 5.533333
   5    4   27 0.642857 4.357143
   2    2    8 0.416667 1.583333
  56  234   98 39.438095 16.561905
  27  110   56 18.128571 8.871429
   9   24   30 4.023810 4.976190
   5    4   26 0.700000 4.300000
   3    4   14 0.676190 2.323810
  55  240   92 40.067857 14.932143
  34  126   72 21.519048 12.480952
   6   14   25 2.185714 3.814286
   2    2   11 0.309524 1.690476
   3    6   12 1.019048 1.980952
  54  232   88 39.107143 14.892857
  40  158   90 25.902381 14.097619
   4    6   16 1.066667 2.933333
   2    2    8 0.400000 1.600000
  62  292   73 49.504762 12.495238
  35  154   61 25.445238 9.554762
   2    2   10 0.333333 1.666667
   1    0    8 0.000000 1.000000
  66  324   72 54.330952 11.669048
  34  132   72 22.092857 11.907143
  69  338   76 56.334524 12.665476
  31  110   76 18.526190 12.473810
  66  304   96 50.540476 15.459524
  34  104   96 17.840476 16.159524
  68  326   81 54.523810 13.476190
  32  112   81 18.634524 13.365476
  68  322   87 53.867857 14.132143
  32  104   87 17.590476 14.409524
  72  346   84 57.973413 14.026587
  28   86   84 14.528571 13.471429
  71  314  106 53.157143 17.842857
  29   74  106 12.276190 16.723810
  74  342   98 57.767857 16.232143
  26   62   98 10.333333 15.666667
  71  336   89 56.248810 14.751190
  29   86   89 14.296429 14.703571
  71  332   95 55.184524 15.815476
  29   78   95 13.161905 15.838095
  81  396   87 66.334524 14.665476
  19   30   87 4.901190 14.098810
  86  448   67 74.866667 11.133333
  14   18   67 3.038095 10.961905
  85  446   61 74.881746 10.118254
  15   32   61 5.190476 9.809524
  79  428   46 71.271429 7.728571
  21   80   46 13.565476 7.434524
  78  414   52 69.275000 8.725000
  22   82   52 13.599206 8.400794
  70  364   58 60.538095 9.461905
  30  120   58 20.190476 9.809524
  71  348   78 57.989286 13.010714
  29   96   78 15.914286 13.085714
  71  352   68 59.164286 11.835714
  29  112   68 18.341270 10.658730
  65  304   87 50.757937 14.242063
  35  122   87 20.471429 14.528571
  79  392   80 65.700000 13.300000
  21   48   80 7.928571 13.071429
  73  348   89 58.086905 14.913095
  27   74   89 12.323810 14.676190
  70  334   90 55.514286 14.485714
  30   86   90 14.809524 15.190476
  61  262  101 43.823810 17.176190
  39  136  101 22.440476 16.559524
  47  198   89 32.803571 14.196429
  53  224   89 38.007143 14.992857
  50  226   72 37.888095 12.111905
  50  230   72 38.425000 11.575000
  53  220   93 37.273810 15.726190
  47  194   93 32.309524 14.690476
  65  302   91 50.261905 14.738095
  35  116   91 19.714286 15.285714
  63  282   96 47.377381 15.622619
  37  126   96 21.240476 15.759524
  66  312   80 52.495238 13.504762
  34  128   80 21.315476 12.684524
  55  242   88 40.294048 14.705952
  45  182   88 30.385714 14.614286
  56  224  101 38.395238 17.604762
  44  174  101 28.516667 15.483333
  61  292   75 48.580952 12.419048
  39  158   75 26.321429 12.678571
  74  360   83 60.307143 13.692857
  26   74   83 12.228571 13.771429
  76  382   77 63.613095 12.386905
  24   64   77 10.934524 13.065476
  64  298   91 49.440476 14.559524
  36  120   91 20.410714 15.589286
  58  248   95 41.930952 16.069048
  42  162   95 26.800000 15.200000
  70  332   82 56.096429 13.903571
  30  104   82 17.133333 12.866667
  73  356   83 59.422619 13.577381
  27   78   83 13.085714 13.914286
  79  410   67 68.140476 10.859524
  21   56   67 9.471429 11.528571
  88  482   47 80.301190 7.698810
  12   24   47 4.152381 7.847619
  94  536   27 89.417857 4.582143
   6   10   27 1.595238 4.404762
  99  590    5 98.204762 0.795238
   1    0    5 0.000000 1.000000
  99  586    7 97.838095 1.161905
   1    0    7 0.000000 1.000000
 100  600    0 100.000000 0.000000
