   1    0    6 0.000000 1.000000
   2    2    8 0.400000 1.600000
   1    0    6 0.000000 1.000000
   7   18   23 3.090476 3.909524
   3    6   13 0.952381 2.047619
   2    2    9 0.366667 1.633333
   1    0    7 0.000000 1.000000
   3    4   13 0.700000 2.300000
   1    0    6 0.000000 1.000000
   2    2   11 0.309524 1.690476
   1    0    6 0.000000 1.000000
   1    0    6 0.000000 1.000000
   1    0    7 0.000000 1.000000
   2    2   11 0.309524 1.690476
   2    2   11 0.309524 1.690476
   1    0    6 0.000000 1.000000
   1    0    7 0.000000 1.000000
   2    2    7 0.450000 1.550000
   2    2    9 0.366667 1.633333
   1    0    8 0.000000 1.000000
   1    0    7 0.000000 1.000000
   1    0    6 0.000000 1.000000
   4    6   17 1.076190 2.923810
   1    0    6 0.000000 1.000000
   2    2    9 0.366667 1.633333
   2    2   11 0.309524 1.690476
   1    0    6 0.000000 1.000000
   1    0    6 0.000000 1.000000
  11   32   30 5.638095 5.361905
   1    0    5 0.000000 1.000000
   1    0    5 0.000000 1.000000
   3    6   15 0.869048 2.130952
   1    0    6 0.000000 1.000000
   1    0    7 0.000000 1.000000
   1    0    7 0.000000 1.000000
   1    0    6 0.000000 1.000000
   2    2    9 0.366667 1.633333
   1    0    6 0.000000 1.000000
   4   10   13 1.785714 2.214286
   1    0    6 0.000000 1.000000
   1    0    5 0.000000 1.000000
   1    0    7 0.000000 1.000000
   1    0    7 0.000000 1.000000
   1    0    5 0.000000 1.000000
   2    2    8 0.400000 1.600000
   1    0    7 0.000000 1.000000
   1    0    5 0.000000 1.000000
   1    0    6 0.000000 1.000000
   1    0    6 0.000000 1.000000
   1    0    6 0.000000 1.000000
   2    2    8 0.400000 1.600000
   1    0    7 0.000000 1.000000
   1    0    6 0.000000 1.000000
   1    0    7 0.000000 1.000000
   1    0    7 0.000000 1.000000
   1    0    8 0.000000 1.000000
   1    0    7 0.000000 1.000000
   1    0    7 0.000000 1.000000
   2    2   10 0.333333 1.666667
   4   10   13 1.728571 2.271429
   2    2    9 0.366667 1.633333
   2    0   13 0.000000 2.000000
   7   22   20 3.776190 3.223810
   4    8   15 1.361905 2.638095
   1    0    6 0.000000 1.000000
   2    2   11 0.309524 1.690476
   4    6   15 1.133333 2.866667
   3    6   11 1.119048 1.880952
   4    6   16 1.100000 2.900000
   3    6   12 1.019048 1.980952
   1    0    6 0.000000 1.000000
   5   10   20 1.666667 3.333333
   2    2   10 0.333333 1.666667
   2    0   13 0.000000 2.000000
   5   12   18 2.000000 3.000000
   1    0    5 0.000000 1.000000
   5   10   18 1.785714 3.214286
  10   20   42 3.298810 6.701190
   1    0    6 0.000000 1.000000
   1    0    6 0.000000 1.000000
   3    4   16 0.625000 2.375000
   1    0    6 0.000000 1.000000
   7   22   20 3.719048 3.280952
   1    0    8 0.000000 1.000000
   5   10   17 1.833333 3.166667
   1    0    8 0.000000 1.000000
   1    0    7 0.000000 1.000000
   1    0    6 0.000000 1.000000
   1    0    6 0.000000 1.000000
   2    2    9 0.366667 1.633333
   1    0    8 0.000000 1.000000
   1    0    7 0.000000 1.000000
   5   14   17 2.257143 2.742857
   1    0    6 0.000000 1.000000
   3    6   13 0.952381 2.047619
   6   12   26 1.970238 4.029762
   2    2    8 0.400000 1.600000
   9   30   23 5.172619 3.827381
   9   24   30 4.033333 4.966667
   1    0    7 0.000000 1.000000
   4    6   18 1.009524 2.990476
   5   14   16 2.338095 2.661905
   3    2   16 0.333333 2.666667
   4    8   19 1.190476 2.809524
   1    0    6 0.000000 1.000000
   8   24   23 4.104762 3.895238
   3    4   12 0.733333 2.266667
   7   22   20 3.752381 3.247619
  13   28   51 4.795238 8.204762
   2    2    9 0.366667 1.633333
   1    0    6 0.000000 1.000000
   1    0    7 0.000000 1.000000
   9   26   25 4.490476 4.509524
   2    2   11 0.309524 1.690476
   1    0    6 0.000000 1.000000
   6   16   20 2.652381 3.347619
  16   62   34 10.452381 5.547619
   3    6   13 0.952381 2.047619
   7   20   24 3.214286 3.785714
   5    4   25 0.733333 4.266667
   6   16   21 2.623810 3.376190
  10   30   32 4.895238 5.104762
   2    2   10 0.333333 1.666667
   5   14   17 2.347619 2.652381
   2    2    8 0.400000 1.600000
   5   12   18 2.117857 2.882143
   2    0   12 0.000000 2.000000
   6   18   20 2.809524 3.190476
   5    2   30 0.309524 4.690476
   1    0    6 0.000000 1.000000
   1    0    5 0.000000 1.000000
   1    0    6 0.000000 1.000000
  12   36   33 6.276190 5.723810
   4    8   14 1.433333 2.566667
   7   18   22 3.295238 3.704762
  22   92   38 15.519048 6.480952
   3    2   16 0.342857 2.657143
   9   26   28 4.361905 4.638095
   2    2   10 0.333333 1.666667
   8   20   29 3.219048 4.780952
   6   10   26 1.716667 4.283333
   1    0    6 0.000000 1.000000
   9   30   23 5.233333 3.766667
   2    2    8 0.400000 1.600000
   4    6   17 1.066667 2.933333
   2    2   11 0.309524 1.690476
   3    2   15 0.366667 2.633333
   1    0    8 0.000000 1.000000
  17   60   46 9.829762 7.170238
   4   10   15 1.595238 2.404762
   7   14   26 2.466667 4.533333
  18   64   46 10.721825 7.278175
   5   12   19 1.938095 3.061905
  23   84   50 14.490476 8.509524
   5    8   23 1.416667 3.583333
   2    2   10 0.333333 1.666667
  10   30   29 5.208333 4.791667
   1    0    6 0.000000 1.000000
   5    8   22 1.350000 3.650000
   1    0    6 0.000000 1.000000
   5    8   23 1.285714 3.714286
  22   78   54 13.104762 8.895238
   3    6   12 1.000000 2.000000
  11   30   34 5.264286 5.735714
   2    0   12 0.000000 2.000000
  18   50   59 8.290476 9.709524
   8   20   29 3.400000 4.600000
   3    4   14 0.666667 2.333333
  10   36   23 6.111905 3.888095
   3    6   12 1.000000 2.000000
   4    6   19 0.952381 3.047619
  11   28   39 4.664286 6.335714
  23   64   76 10.642857 12.357143
   7   18   21 3.188095 3.811905
  18   70   39 11.614286 6.385714
   2    2   11 0.309524 1.690476
  13   32   40 5.733333 7.266667
   2    2    9 0.366667 1.633333
  18   62   46 10.490476 7.509524
   2    2    9 0.366667 1.633333
   7   20   22 3.419048 3.580952
   8   18   30 3.033333 4.966667
  20   60   63 9.944048 10.055952
  10   28   35 4.534524 5.465476
  20   64   53 10.961905 9.038095
   2    0   14 0.000000 2.000000
  15   46   45 7.833333 7.166667
   1    0    7 0.000000 1.000000
  21   60   65 10.242857 10.757143
   1    0    7 0.000000 1.000000
  12   44   27 7.566667 4.433333
   3    6   12 1.019048 1.980952
  14   30   57 5.000000 9.000000
  11   26   37 4.614286 6.385714
  19   44   68 7.561905 11.438095
   2    2   10 0.333333 1.666667
  22   74   54 12.628571 9.371429
  26   94   66 15.585714 10.414286
   5    8   24 1.285714 3.714286
   1    0    5 0.000000 1.000000
  10   20   39 3.361905 6.638095
  15   50   42 8.252381 6.747619
  16   36   60 6.039286 9.960714
   1    0    6 0.000000 1.000000
  33  142   53 23.873810 9.126190
  29   90   81 15.066667 13.933333
   5    0   27 0.000000 5.000000
   4    6   18 1.019048 2.980952
  12   36   45 5.555952 6.444048
  13   32   48 5.609524 7.390476
  36  144   72 24.275000 11.725000
  39  144   87 24.273810 14.726190
   3    6   13 0.952381 2.047619
   2    2   10 0.333333 1.666667
   7   14   28 2.352381 4.647619
  13   48   31 7.904762 5.095238
  37  132   88 22.357143 14.642857
  40  140  103 23.238095 16.761905
   1    0    6 0.000000 1.000000
   1    0    6 0.000000 1.000000
   8   26   20 4.571429 3.428571
  11   34   33 5.563095 5.436905
  51  208   99 34.866667 16.133333
  29   74   98 12.561905 16.438095
   9   34   20 5.790476 3.209524
  20   66   50 11.307143 8.692857
  34  136   72 22.366667 11.633333
  32   98   98 16.170238 15.829762
  14   46   34 7.875000 6.125000
  18   54   58 8.867857 9.132143
  31  112   71 18.955952 12.044048
  39  144   87 24.333333 14.666667
  12   34   40 5.661905 6.338095
  13   28   48 4.814286 8.185714
  35  130   82 21.798810 13.201190
  47  208   73 34.970238 12.029762
   5    8   23 1.328571 3.671429
   5    8   23 1.328571 3.671429
  36  136   81 22.723810 13.276190
  51  226   79 37.897619 13.102381
   8   18   29 3.123810 4.876190
   5    6   24 1.009524 3.990476
  27   80   85 13.052381 13.947619
  57  242   98 40.480952 16.519048
  11   30   35 5.090476 5.909524
   8   18   29 2.971429 5.028571
  40  136  100 23.165476 16.834524
  45  174   99 29.152381 15.847619
   7   16   28 2.600000 4.400000
  15   58   32 9.666667 5.333333
  33  110   87 18.552381 14.447619
  45  178   94 29.628571 15.371429
   7   18   23 3.028571 3.971429
  16   54   41 9.071429 6.928571
  33  120   81 19.909524 13.090476
  44  168   96 28.066667 15.933333
   7   14   26 2.433333 4.566667
  12   22   53 3.586905 8.413095
  33  108   88 18.040476 14.959524
  50  186  115 31.139286 18.860714
   5   10   18 1.766667 3.233333
   7    6   35 0.983333 6.016667
  40  158   80 26.485714 13.514286
  45  172  103 28.655952 16.344048
   8   14   32 2.433333 5.566667
  13   28   51 4.784524 8.215476
  40  136   98 23.297619 16.702381
  44  178   91 29.642857 14.357143
   3    2   16 0.342857 2.657143
  15   40   49 6.921429 8.078571
  41  152   95 25.303571 15.696429
  42  158   95 26.376190 15.623810
   2    2    9 0.366667 1.633333
  19   54   64 8.891667 10.108333
  26   70   87 11.647619 14.352381
  53  230   84 38.676190 14.323810
   2    2    9 0.366667 1.633333
  25   78   78 12.761905 12.238095
  25   80   67 13.588095 11.411905
  49  212   79 35.619048 13.380952
   1    0    6 0.000000 1.000000
  25   68   82 11.671429 13.328571
  25   90   65 14.723810 10.276190
  48  206   78 34.833333 13.166667
   2    2    9 0.366667 1.633333
  20   64   56 10.885714 9.114286
  42  176   76 29.627381 12.372619
  38  154   74 25.780952 12.219048
  18   52   56 8.585714 9.414286
  59  276   77 46.426190 12.573810
  23   82   57 13.513095 9.486905
  20   66   55 11.055952 8.944048
  66  330   67 55.030952 10.969048
  14   36   46 6.200000 7.800000
  21   66   62 11.082143 9.917857
  60  288   70 48.230952 11.769048
  19   60   54 10.095238 8.904762
  24   70   71 11.942857 12.057143
  60  290   72 48.304762 11.695238
  16   48   49 8.053571 7.946429
  21   74   54 12.190476 8.809524
  60  276   83 46.414286 13.585714
  19   42   71 7.042857 11.957143
  29  106   65 17.803571 11.196429
  45  174   94 29.273810 15.726190
  26   72   89 11.828968 14.171032
  23   66   72 11.190476 11.809524
  55  236   94 39.473810 15.526190
  22   62   70 10.509524 11.490476
  35  140   66 23.733333 11.266667
  44  186   82 30.929762 13.070238
  21   40   86 6.790476 14.209524
  31  108   77 18.207143 12.792857
  52  222   88 37.528571 14.471429
  17   46   59 7.534524 9.465476
  34  130   74 21.657143 12.342857
  54  244   76 41.190476 12.809524
  12   24   52 3.895238 8.104762
  31  108   85 17.723810 13.276190
  57  246   91 41.554762 15.445238
  12   34   36 5.871429 6.128571
  45  184   89 30.727381 14.272619
  44  172   88 28.808333 15.191667
  11   36   31 6.009524 4.990476
  34  108   92 18.253571 15.746429
  51  224   86 37.161905 13.838095
  15   54   36 9.000000 6.000000
  33  100   92 16.995238 16.004762
  53  226   95 37.504762 15.495238
  14   42   45 6.914286 7.085714
  44  158  105 26.915476 17.084524
  40  166   76 27.540476 12.459524
  16   44   51 7.600000 8.400000
  51  204  105 33.900000 17.100000
  34  124   80 20.898810 13.101190
  15   42   45 7.307143 7.692857
  45  154  120 25.408333 19.591667
  41  152   95 25.411905 15.588095
  14   30   49 5.288095 8.711905
  50  202  102 33.567857 16.432143
  41  160   85 26.883333 14.116667
   9   12   39 2.133333 6.866667
  56  242  101 39.763095 16.236905
  38  140   84 24.014286 13.985714
   6   10   23 1.885714 4.114286
  61  264  101 44.403571 16.596429
  36  130   85 21.980952 14.019048
   3    0   20 0.000000 3.000000
  57  236  109 39.192857 17.807143
  40  140   97 23.847619 16.152381
   3    2   16 0.366667 2.633333
  60  258   98 43.271429 16.728571
  39  142   96 23.376190 15.623810
   1    0    6 0.000000 1.000000
  54  234   93 38.921429 15.078571
  41  154   91 25.986905 15.013095
   5   14   14 2.528571 2.471429
  52  222   96 36.857143 15.142857
  40  142   93 24.385714 15.614286
   8   24   23 4.123810 3.876190
  53  212  108 35.548810 17.451190
  38  128   98 21.420238 16.579762
   9   26   28 4.390476 4.609524
  44  148  119 24.584524 19.415476
  48  174  112 29.572619 18.427381
   8   28   19 4.897619 3.102381
  42  136  111 23.021429 18.978571
  52  208  108 34.228175 17.771825
   6   18   19 2.980952 3.019048
  36  122   97 20.213095 15.786905
  52  196  112 33.051190 18.948810
  12   44   29 7.271429 4.728571
  34  100  104 16.754762 17.245238
  54  222  104 36.966667 17.033333
  12   42   28 7.204762 4.795238
  28   78   90 13.223810 14.776190
  58  248  104 41.525000 16.475000
  14   44   36 7.659524 6.340476
  19   46   70 7.647619 11.352381
  69  324   86 54.528571 14.471429
  12   34   40 5.520238 6.479762
  22   66   69 11.152381 10.847619
  69  316   98 53.055952 15.944048
   9   16   35 2.908333 6.091667
  34  128   73 21.804762 12.195238
  57  238  104 39.873810 17.126190
   9   20   37 3.219048 5.780952
  37  164   62 27.072619 9.927381
  57  258   82 43.042857 13.957143
   6    4   30 0.733333 5.266667
  34  134   71 22.290476 11.709524
  61  288   77 48.395238 12.604762
   5   10   20 1.719048 3.280952
  45  198   74 33.169048 11.830952
  46  206   66 34.875000 11.125000
   9   32   24 5.238095 3.761905
  46  194   77 32.928571 13.071429
  45  204   69 33.889286 11.110714
   9   28   28 4.538095 4.461905
  45  188   80 31.595238 13.404762
  46  200   78 33.341667 12.658333
   9   18   36 3.142857 5.857143
  55  254   74 42.560714 12.439286
  39  170   67 28.172619 10.827381
   6    8   27 1.409524 4.590476
  57  250   91 41.758333 15.241667
  39  140   92 23.566667 15.433333
   4    4   23 0.691667 3.308333
  66  306   90 51.271429 14.728571
  32  100   91 17.009524 14.990476
   2    2   11 0.309524 1.690476
  72  342   94 56.744048 15.255952
  28   70   94 11.942857 16.057143
  64  288   92 48.662698 15.337302
  36  128   92 21.310714 14.689286
  64  298   89 49.570238 14.429762
  36  124   89 21.136905 14.863095
  67  316   79 53.228571 13.771429
  33  126   79 20.748810 12.251190
  67  310   87 52.038095 14.961905
  33  116   87 19.008333 13.991667
  54  242   83 40.300000 13.700000
  46  192   83 32.347619 13.652381
  51  224   80 37.611905 13.388095
  49  216   80 35.946429 13.053571
  54  236   86 39.639286 14.360714
  46  192   86 32.109524 13.890476
  41  162   86 26.947619 14.052381
  59  266   86 44.845238 14.154762
  47  186  101 30.630952 16.369048
  53  212  101 35.723810 17.276190
  47  196   89 32.502381 14.497619
  53  226   89 38.009524 14.990476
  42  160   95 26.676190 15.323810
  58  250   95 42.091667 15.908333
  51  204   96 34.585714 16.414286
  49  204   96 33.589286 15.410714
  60  272   90 45.446429 14.553571
  40  148   90 24.995238 15.004762
  45  182   90 30.373810 14.626190
  55  238   90 39.961905 15.038095
  32  102   89 16.969048 15.030952
  68  320   89 53.200000 14.800000
  38  130  101 21.721429 16.278571
  62  268  101 45.165476 16.834524
  46  160  113 26.638095 19.361905
  54  214  113 35.561905 18.438095
  38  138   88 23.297619 14.702381
  62  286   88 47.815476 14.184524
  38  122  107 20.314286 17.685714
  62  264  107 44.259524 17.740476
  32   84  111 14.144048 17.855952
  68  294  111 49.690476 18.309524
  25   64   82 10.852381 14.147619
  75  372   82 61.616667 13.383333
  33   90  104 15.566667 17.433333
  67  302  104 50.167857 16.832143
  35  100  108 16.795238 18.204762
  65  284  108 47.123810 17.876190
  42  150  103 25.261905 16.738095
  58  244  103 40.897619 17.102381
  40  134  113 21.978571 18.021429
  60  240  113 40.544048 19.455952
  45  170   96 28.929762 16.070238
  55  238   96 39.471429 15.528571
  54  238   91 39.420238 14.579762
  46  180   91 30.604762 15.395238
  48  184  102 30.895238 17.104762
  52  212  102 35.223810 16.776190
  50  200   97 33.628571 16.371429
  50  206   97 34.116667 15.883333
  46  182   96 30.442857 15.557143
  54  226   96 38.190476 15.809524
  39  146   90 24.366667 14.633333
  61  274   90 46.061905 14.938095
  41  160   88 26.564286 14.435714
  59  264   88 44.122619 14.877381
  35  132   79 22.221429 12.778571
  65  310   79 51.963095 13.036905
  27   96   65 16.066667 10.933333
  73  374   65 62.466667 10.533333
  25   80   69 13.361905 11.638095
  75  382   69 63.776190 11.223810
  27   82   73 14.180952 12.819048
  73  372   73 61.707143 11.292857
  29   92   83 15.313095 13.686905
  71  342   83 57.194048 13.805952
  43  138  116 23.338095 19.661905
  57  230  116 38.304762 18.695238
  56  228  108 38.057143 17.942857
  44  156  108 26.123810 17.876190
  46  196   78 33.066667 12.933333
  54  248   78 41.328571 12.671429
  40  154   83 26.104762 13.895238
  60  280   83 46.607143 13.392857
  42  158   96 26.328571 15.671429
  58  250   96 41.757143 16.242857
  39  148   87 24.816667 14.183333
  61  278   87 46.461905 14.538095
  34  114   93 19.142857 14.857143
  66  300   93 50.378571 15.621429
  34  120   86 19.952381 14.047619
  66  308   86 51.684524 14.315476
  25   86   67 14.477381 10.522619
  75  380   67 63.797619 11.202381
  28  100   61 17.452381 10.547619
  72  378   61 62.665476 9.334524
  25   78   73 12.933333 12.066667
  75  376   73 62.861905 12.138095
  30   82   93 14.179762 15.820238
  70  332   93 55.083333 14.916667
  31  100   85 16.852381 14.147619
  69  330   85 54.914286 14.085714
  35  120   85 20.397619 14.602381
  65  310   85 51.180952 13.819048
  40  172   72 28.535714 11.464286
  60  284   72 47.926190 12.073810
  33  128   72 21.234524 11.765476
  67  328   72 54.955556 12.044444
  30   96   82 16.076190 13.923810
  70  340   82 56.450000 13.550000
  39  138   92 23.497619 15.502381
  61  278   92 45.986905 15.013095
  38  130   99 21.744048 16.255952
  62  272   99 45.554762 16.445238
  41  136  103 23.215476 17.784524
  59  258  103 42.459524 16.540476
  43  166   95 27.409524 15.590476
  57  244   95 40.879762 16.120238
  46  182   91 30.590476 15.409524
  54  236   91 39.485714 14.514286
  45  170   99 28.323810 16.676190
  55  232   99 38.641667 16.358333
  49  194   97 32.814286 16.185714
  51  212   97 35.504762 15.495238
  48  174  115 29.041667 18.958333
  52  196  115 32.997619 19.002381
  39  130  102 21.915476 17.084524
  61  266  102 44.242857 16.757143
  34  106  100 17.796429 16.203571
  66  294  100 49.453571 16.546429
  30  110   67 18.667857 11.332143
  70  356   67 58.991667 11.008333
  32  122   76 19.967857 12.032143
  68  326   76 54.857143 13.142857
  35  146   64 24.608333 10.391667
  65  326   64 54.485714 10.514286
  42  180   68 30.289286 11.710714
  58  284   68 47.042857 10.957143
  47  208   76 34.671429 12.328571
  53  240   76 40.161905 12.838095
  56  250   86 41.832143 14.167857
  44  178   86 29.719048 14.280952
  51  228   78 38.263095 12.736905
  49  216   78 36.185714 12.814286
  44  178   88 29.804762 14.195238
  56  246   88 41.325000 14.675000
  48  210   79 35.098810 12.901190
  52  232   79 38.935714 13.064286
  43  176   85 29.128571 13.871429
  57  254   85 42.604365 14.395635
  47  196   82 33.266667 13.733333
  53  240   82 39.869048 13.130952
  46  168  115 27.625000 18.375000
  54  202  115 34.180952 19.819048
  52  218   99 36.211905 15.788095
  48  184   99 31.241667 16.758333
  47  192   96 31.560714 15.439286
  53  216   96 36.636905 16.363095
  50  206   97 34.284524 15.715476
  50  200   97 33.579762 16.420238
  52  214  103 35.409524 16.590476
  48  180  103 30.552381 17.447619
  51  216   90 36.119048 14.880952
  49  204   90 33.938095 15.061905
  63  306   73 51.153571 11.846429
  37  148   73 24.836905 12.163095
  70  362   59 60.504762 9.495238
  30  120   59 20.261905 9.738095
  79  424   50 70.932143 8.067857
  21   76   50 12.966667 8.033333
  82  442   48 73.697619 8.302381
  18   62   48 10.354762 7.645238
  70  350   66 58.621429 11.378571
  30  118   66 19.370238 10.629762
  70  346   74 57.942857 12.057143
  30  106   74 17.867857 12.132143
  65  318   71 53.392857 11.607143
  35  140   71 23.388095 11.611905
  73  386   55 64.250000 8.750000
  27  104   55 17.542857 9.457143
  84  454   50 75.652381 8.347619
  16   46   50 7.790476 8.209524
  88  492   35 82.214286 5.785714
  12   38   35 6.409524 5.590476
  84  450   49 75.591667 8.408333
  16   52   49 8.436508 7.563492
  88  482   43 80.638095 7.361905
  12   32   43 5.275000 6.725000
  90  504   38 84.026190 5.973810
  10   20   38 3.519048 6.480952
  89  494   41 82.303571 6.696429
  11   24   41 4.100000 6.900000
  83  442   53 73.889286 9.110714
  17   52   53 8.609524 8.390476
  80  426   56 70.971429 9.028571
  20   62   56 10.379762 9.620238
  87  492   28 82.383333 4.616667
  13   52   28 8.576190 4.423810
  88  486   42 81.166667 6.833333
  12   30   42 5.176190 6.823810
  80  428   55 71.082143 8.917857
  20   62   55 10.419048 9.580952
  73  382   60 63.234524 9.765476
  27   98   60 16.817857 10.182143
  70  354   65 59.338095 10.661905
  30  116   65 19.266667 10.733333
  74  380   61 63.727381 10.272619
  26   98   61 16.223810 9.776190
  80  426   51 71.419048 8.580952
  20   72   51 11.980952 8.019048
  82  436   52 73.083333 8.916667
  18   60   52 9.854762 8.145238
  80  418   62 69.709524 10.290476
  20   58   62 9.652381 10.347619
  81  430   54 71.860714 9.139286
  19   62   54 10.261905 8.738095
  79  402   74 66.940476 12.059524
  21   50   74 8.490476 12.509524
  78  398   74 66.038095 11.961905
  22   54   74 9.545238 12.454762
  80  414   68 68.880952 11.119048
  20   50   68 8.492857 11.507143
  73  366   71 61.244048 11.755952
  27   92   71 15.466667 11.533333
  76  376   78 62.930952 13.069048
  24   68   78 11.257143 12.742857
  62  294   80 48.914286 13.085714
  38  146   80 24.678571 13.321429
  65  318   73 52.780952 12.219048
  35  136   73 22.733333 12.266667
  54  242   80 40.525000 13.475000
  46  198   80 32.934524 13.065476
  57  276   74 45.604762 11.395238
  43  176   74 29.792857 13.207143
  52  234   84 38.798016 13.201984
  48  198   84 33.784524 14.215476
  55  236   92 39.466667 15.533333
  45  180   92 30.005952 14.994048
  56  236  100 39.508333 16.491667
  44  164  100 27.515476 16.484524
  54  220  108 36.535714 17.464286
  46  164  108 27.692857 18.307143
  60  268   88 45.064286 14.935714
  40  156   88 25.902381 14.097619
  70  336   79 56.627381 13.372619
  30  106   79 17.598810 12.401190
  75  386   63 64.685714 10.314286
  25   88   63 14.604762 10.395238
  80  418   61 70.102381 9.897619
  20   60   61 10.400000 9.600000
  74  384   62 63.748810 10.251190
  26   92   62 15.571429 10.428571
  71  336   87 56.277381 14.722619
  29   90   87 15.038095 13.961905
  71  342   80 57.569048 13.430952
  29   98   80 16.384524 12.615476
  71  342   84 57.030952 13.969048
  29   90   84 15.290476 13.709524
  74  360   83 60.468254 13.531746
  26   74   83 12.484524 13.515476
  75  368   78 61.814286 13.185714
  25   76   78 12.450000 12.550000
  67  316   86 52.805952 14.194048
  33  112   86 18.776190 14.223810
  65  310   77 51.884524 13.115476
  35  136   77 22.653571 12.346429
  69  346   70 57.490476 11.509524
  31  114   70 19.252381 11.747619
  60  288   72 48.125000 11.875000
  40  168   72 28.257143 11.742857
  65  312   80 52.002381 12.997619
  35  128   80 21.525000 13.475000
  75  394   57 65.711905 9.288095
  25   92   57 15.427381 9.572619
  84  452   50 75.588095 8.411905
  16   48   50 8.105952 7.894048
  77  390   72 65.147619 11.852381
  23   66   72 11.119048 11.880952
  84  436   66 72.847619 11.152381
  16   32   66 5.360714 10.639286
  74  364   81 60.433333 13.566667
  26   74   81 12.376190 13.623810
  78  384   82 64.061905 13.938095
  22   52   82 8.617857 13.382143
  74  370   74 61.841667 12.158333
  26   82   74 13.890476 12.109524
  73  352   84 59.086905 13.913095
  27   80   84 13.414286 13.585714
  77  384   76 64.300000 12.700000
  23   64   76 10.676190 12.323810
  75  372   72 62.611905 12.388095
  25   84   72 13.752381 11.247619
  71  342   81 57.222619 13.777381
  29   96   81 16.057143 12.942857
  83  430   67 71.842857 11.157143
  17   36   67 6.085714 10.914286
  79  414   62 69.122619 9.877381
  21   62   62 10.528571 10.471429
  85  446   63 74.603571 10.396429
  15   28   63 4.633333 10.366667
  86  454   61 75.885714 10.114286
  14   24   61 4.009524 9.990476
  82  434   54 72.697619 9.302381
  18   58   54 9.504762 8.495238
  81  426   62 70.966667 10.033333
  19   50   62 8.364286 10.635714
  75  386   63 64.401190 10.598810
  25   88   63 14.738095 10.261905
  83  454   46 75.671429 7.328571
  17   54   46 9.190476 7.809524
  82  436   52 73.257143 8.742857
  18   60   52 9.971429 8.028571
  77  404   63 67.054762 9.945238
  23   70   63 11.938095 11.061905
  75  400   53 66.517857 8.482143
  25   94   53 15.904762 9.095238
  57  290   57 47.886905 9.113095
  43  196   57 33.276190 9.723810
  62  312   61 51.861905 10.138095
  38  166   61 27.717857 10.282143
  68  338   68 56.711905 11.288095
  32  126   68 21.019048 10.980952
  68  340   67 56.816667 11.183333
  32  126   67 20.905952 11.094048
  72  364   71 60.472619 11.527381
  28   94   71 15.995238 12.004762
  59  286   69 47.677381 11.322619
  41  176   69 29.338095 11.661905
  65  310   79 52.103571 12.896429
  35  132   79 22.042857 12.957143
  67  316   86 52.742857 14.257143
  33  112   86 18.980952 14.019048
  62  266  100 45.135714 16.864286
  38  134  100 22.317857 15.682143
  62  290   84 48.130952 13.869048
  38  142   84 24.060714 13.939286
  48  202   92 33.428571 14.571429
  52  214   92 36.183333 15.816667
  53  222   98 36.988095 16.011905
  47  182   98 30.377381 16.622619
  59  258   94 43.376190 15.623810
  41  154   94 25.688095 15.311905
  68  316   96 52.500000 15.500000
  32   92   96 15.761905 16.238095
  61  260  104 43.495238 17.504762
  39  132  104 21.857143 17.142857
  60  254  108 42.403968 17.596032
  40  130  108 21.961905 18.038095
  62  272  106 44.910714 17.089286
  38  116  106 19.869048 18.130952
  61  264  105 44.167857 16.832143
  39  126  105 21.504762 17.495238
  54  236   85 39.740476 14.259524
  46  194   85 32.216667 13.783333
  61  288   79 48.031349 12.968651
  39  154   79 25.700000 13.300000
  59  272   79 45.633333 13.366667
  41  170   79 28.355952 12.644048
  42  166   88 27.386905 14.613095
  58  258   88 43.219048 14.780952
  35  124   90 20.405952 14.594048
  65  296   90 49.627381 15.372619
  41  154   93 25.804762 15.195238
  59  260   93 43.522619 15.477381
  43  174   81 29.376587 13.623413
  57  264   81 43.780952 13.219048
  48  206   78 34.850000 13.150000
  52  238   78 39.361905 12.638095
  47  190   98 31.364286 15.635714
  53  214   98 36.325000 16.675000
  54  228   96 38.164286 15.835714
  46  180   96 30.213095 15.786905
  51  214   91 35.852381 15.147619
  49  204   91 34.160714 14.839286
  47  216   68 35.985714 11.014286
  53  248   68 41.503571 11.496429
  43  192   66 32.122619 10.877381
  57  276   66 46.352381 10.647619
  47  216   65 36.272619 10.727381
  53  254   65 42.413095 10.586905
  44  198   68 32.932143 11.067857
  56  266   68 44.675000 11.325000
  56  268   65 45.078571 10.921429
  44  202   65 33.440476 10.559524
  52  246   66 41.192857 10.807143
  48  222   66 37.221429 10.778571
  55  244   85 40.901190 14.098810
  45  186   85 30.855952 14.144048
  59  260   95 43.520238 15.479762
  41  150   95 25.095238 15.904762
  39  136  101 22.552381 16.447619
  61  262  101 44.161905 16.838095
  47  198   83 33.171429 13.828571
  53  236   83 39.444048 13.555952
  50  204   96 34.177381 15.822619
  50  204   96 34.116667 15.883333
  52  212  103 35.210714 16.789286
  48  182  103 30.761905 17.238095
  50  192  105 32.317857 17.682143
  50  198  105 32.828571 17.171429
  55  236   95 39.426190 15.573810
  45  174   95 29.292857 15.707143
  59  248  104 41.822619 17.177381
  41  144  104 24.288095 16.711905
  63  280   98 46.747619 16.252381
  37  124   98 20.711905 16.288095
  69  306  109 50.742857 18.257143
  31   76  109 12.804762 18.195238
  65  288  106 47.909524 17.090476
  35  100  106 17.245238 17.754762
  66  304   91 50.880952 15.119048
  34  114   91 19.064286 14.935714
  76  382   71 64.030952 11.969048
  24   76   71 12.609524 11.390476
  74  370   77 61.511905 12.488095
  26   76   77 12.980952 13.019048
  85  452   53 75.916667 9.083333
  15   42   53 6.792857 8.207143
  87  486   37 81.092857 5.907143
  13   40   37 6.879762 6.120238
  87  484   43 80.347619 6.652381
  13   30   43 5.366667 7.633333
  81  432   56 72.116667 8.883333
  19   56   56 9.778571 9.221429
  85  452   56 75.766667 9.233333
  15   36   56 6.023810 8.976190
  80  422   59 70.414286 9.585714
  20   60   59 10.280952 9.719048
  74  382   62 63.609524 10.390476
  26   94   62 15.595238 10.404762
  76  392   65 65.425000 10.575000
  24   78   65 13.140476 10.859524
  75  384   69 63.955952 11.044048
  25   78   69 13.315476 11.684524
  78  408   59 68.260714 9.739286
  22   74   59 12.338095 9.661905
  79  434   44 72.140476 6.859524
  21   78   44 13.257143 7.742857
  76  410   48 68.342857 7.657143
  24   94   48 16.070238 7.929762
  79  420   54 70.028571 8.971429
  21   72   54 12.086905 8.913095
  80  422   61 70.044048 9.955952
  20   56   61 9.438095 10.561905
  85  456   51 76.173810 8.826190
  15   42   51 6.891667 8.108333
  72  374   64 61.713095 10.286905
  28   98   64 16.841667 11.158333
  64  306   80 51.045238 12.954762
  36  134   80 22.576190 13.423810
  64  288   97 47.926190 16.073810
  36  118   97 19.741667 16.258333
  58  254   97 42.342857 15.657143
  42  152   97 25.502381 16.497619
  51  210   99 34.623810 16.376190
  49  192   99 32.259524 16.740476
  40  162   82 26.764286 13.235714
  60  274   82 45.980952 14.019048
  27   90   79 14.528571 12.471429
  73  352   79 59.576190 13.423810
  29   90   81 15.409524 13.590476
  71  348   81 58.092063 12.907937
  25   78   72 13.263095 11.736905
  75  378   72 63.169048 11.830952
  16   38   56 6.571429 9.428571
  84  450   56 75.171429 8.828571
  23   92   47 15.180952 7.819048
  77  414   47 69.061905 7.938095
  32  126   66 21.069048 10.930952
  68  342   66 57.040476 10.959524
  37  134   86 22.595238 14.404762
  63  294   86 49.051190 13.948810
  27   76   90 12.476190 14.523810
  73  344   90 57.739286 15.260714
  22   68   64 11.444048 10.555952
  78  404   64 67.505159 10.494841
  18   58   50 9.819048 8.180952
  82  442   50 73.886905 8.113095
  27  104   59 17.373016 9.626984
  73  378   59 63.111905 9.888095
  43  188   67 31.641667 11.358333
  57  278   67 46.428571 10.571429
  45  186   88 30.815476 14.184524
  55  238   88 40.107143 14.892857
  53  238   84 39.467857 13.532143
  47  194   84 32.519048 14.480952
  52  238   79 39.414286 12.585714
  48  204   79 34.655952 13.344048
  52  230   83 38.288095 13.711905
  48  204   83 34.163095 13.836905
  54  256   69 42.592857 11.407143
  46  206   69 34.498810 11.501190
  64  328   54 55.048810 8.951190
  36  164   54 27.461905 8.538095
  67  336   69 55.880952 11.119048
  33  126   69 21.323810 11.676190
  68  322   87 53.670238 14.329762
  32  104   87 17.461905 14.538095
  72  356   76 59.441667 12.558333
  28   92   76 15.242857 12.757143
  77  396   63 66.257143 10.742857
  23   78   63 12.852381 10.147619
  78  412   58 68.585714 9.414286
  22   72   58 12.209524 9.790476
  73  374   66 62.209921 10.790079
  27   94   66 15.978571 11.021429
  69  344   74 57.013095 11.986905
  31  108   74 18.476190 12.523810
  67  332   69 55.271429 11.728571
  33  130   69 21.471429 11.528571
  79  396   74 66.516667 12.483333
  21   56   74 9.200000 11.800000
  73  356   82 59.353571 13.646429
  27   80   82 13.500000 13.500000
  70  340   83 56.470238 13.529762
  30   94   83 16.057143 13.942857
  57  240  101 40.021429 16.978571
  43  158  101 26.300000 16.700000
  44  184   81 30.945238 13.054762
  56  254   81 42.552381 13.447619
  48  196   91 32.694048 15.305952
  52  222   91 37.004762 14.995238
  50  198   97 33.636905 16.363095
  50  208   97 34.476190 15.523810
  56  254   85 42.352381 13.647619
  44  176   85 29.776190 14.223810
  59  274   77 45.942857 13.057143
  41  172   77 28.520238 12.479762
  54  242   83 40.219048 13.780952
  46  192   83 32.297619 13.702381
  48  194  100 32.009524 15.990476
  52  206  100 34.917857 17.082143
  49  206   88 34.509524 14.490476
  51  218   88 36.597619 14.402381
  47  174  106 29.077381 17.922619
  53  214  106 35.602381 17.397619
  46  190   88 31.565476 14.434524
  54  234   88 39.021429 14.978571
  67  316   85 52.927381 14.072619
  33  114   85 18.985714 14.014286
  68  320   88 53.404762 14.595238
  32  104   88 17.320238 14.679762
  65  304   89 50.511905 14.488095
  35  118   89 19.933333 15.066667
  66  296  100 49.645238 16.354762
  34  104  100 17.607143 16.392857
  71  338   89 56.430952 14.569048
  29   84   89 14.234524 14.765476
  66  306   91 50.785714 15.214286
  34  112   91 18.923810 15.076190
  67  308   96 51.285714 15.714286
  33  100   96 16.880952 16.119048
  67  310   95 51.545238 15.454762
  33  100   95 16.994048 16.005952
  65  294   96 49.196429 15.803571
  35  114   96 19.104762 15.895238
  66  304   98 50.391667 15.608333
  34  100   98 17.305952 16.694048
  69  318   97 53.117857 15.882143
  31   88   97 14.814286 16.185714
  78  394   75 65.635714 12.364286
  22   56   75 9.460714 12.539286
  72  348   84 58.055952 13.944048
  28   84   84 14.066667 13.933333
  69  330   82 55.345238 13.654762
  31  106   82 17.642857 13.357143
  66  320   76 53.295238 12.704762
  34  128   76 21.567857 12.432143
  75  366   82 61.413095 13.586905
  25   70   82 11.733333 13.266667
  82  430   60 71.908333 10.091667
  18   50   60 8.284524 9.715476
  90  490   49 81.770238 8.229762
  10   12   49 2.052381 7.947619
  91  504   43 83.914286 7.085714
   9   10   43 1.709524 7.290476
  90  490   48 81.951190 8.048810
  10   14   48 2.292857 7.707143
  97  568   14 94.714286 2.285714
   3    4   14 0.666667 2.333333
  99  590    5 98.204762 0.795238
   1    0    5 0.000000 1.000000
  97  572   12 95.109524 1.890476
   3    4   12 0.750000 2.250000
  95  552   18 92.000000 3.000000
   5   12   18 2.000000 3.000000
  96  562   15 93.609524 2.390476
   4    8   15 1.361905 2.638095
  93  540   20 89.694048 3.305952
   7   20   20 3.466667 3.533333
  92  524   26 87.566667 4.433333
   8   24   26 3.919048 4.080952
  91  520   27 86.607143 4.392857
   9   26   27 4.419048 4.580952
  93  538   23 89.296429 3.703571
   7   16   23 2.975000 4.025000
  92  530   24 88.047619 3.952381
   8   22   24 3.804762 4.195238
  95  548   20 91.495238 3.504762
   5   12   20 1.951190 3.048810
  93  524   32 87.580952 5.419048
   7   12   32 1.914286 5.085714
  93  528   28 88.235714 4.764286
   7   16   28 2.638095 4.361905
  90  504   34 84.100000 5.900000
  10   28   34 4.452381 5.547619
  91  512   35 85.209524 5.790476
   9   18   35 3.100000 5.900000
  89  486   44 81.357143 7.642857
  11   26   44 4.123810 6.876190
  92  518   32 86.542857 5.457143
   8   18   32 2.952381 5.047619
  99  588    6 98.065476 0.934524
   1    0    6 0.000000 1.000000
  99  590    5 98.214286 0.785714
   1    0    5 0.000000 1.000000
  99  586    7 97.838095 1.161905
   1    0    7 0.000000 1.000000
  99  586    7 97.757143 1.242857
   1    0    7 0.000000 1.000000
  99  588    6 98.000000 1.000000
   1    0    6 0.000000 1.000000
 100  600    0 100.000000 0.000000
