   1    0    7 0.000000 1.000000
   2    2   10 0.342857 1.657143
   1    0    5 0.000000 1.000000
   1    0    6 0.000000 1.000000
   1    0    7 0.000000 1.000000
   1    0    6 0.000000 1.000000
   2    2    8 0.400000 1.600000
   1    0    8 0.000000 1.000000
   1    0    6 0.000000 1.000000
   1    0    6 0.000000 1.000000
   1    0    7 0.000000 1.000000
   4    4   20 0.676190 3.323810
   2    2   11 0.309524 1.690476
   1    0    7 0.000000 1.000000
   3    6   13 0.983333 2.016667
   1    0    7 0.000000 1.000000
   1    0    6 0.000000 1.000000
   1    0    5 0.000000 1.000000
   4    8   15 1.419048 2.580952
   1    0    7 0.000000 1.000000
   3    4   14 0.676190 2.323810
   3    4   11 0.816667 2.183333
   4    8   14 1.433333 2.566667
   1    0    7 0.000000 1.000000
   4   10   12 1.935714 2.064286
   3    6   13 0.952381 2.047619
   1    0    7 0.000000 1.000000
   5   10   19 1.728571 3.271429
   3    6   11 1.066667 1.933333
   4    8   14 1.428571 2.571429
   1    0    6 0.000000 1.000000
   1    0    6 0.000000 1.000000
   1    0    7 0.000000 1.000000
   1    0    7 0.000000 1.000000
   4    8   17 1.304762 2.695238
   1    0    5 0.000000 1.000000
   1    0    5 0.000000 1.000000
   4   10   15 1.671429 2.328571
   2    2   11 0.309524 1.690476
   4    8   16 1.333333 2.666667
   1    0    5 0.000000 1.000000
   1    0    7 0.000000 1.000000
   2    2    9 0.366667 1.633333
   1    0    7 0.000000 1.000000
   1    0    6 0.000000 1.000000
   1    0    6 0.000000 1.000000
   2    2   10 0.333333 1.666667
   1    0    6 0.000000 1.000000
   1    0    7 0.000000 1.000000
   2    2    9 0.366667 1.633333
   1    0    6 0.000000 1.000000
   1    0    5 0.000000 1.000000
   1    0    6 0.000000 1.000000
   1    0    7 0.000000 1.000000
   1    0    6 0.000000 1.000000
   3    6   13 0.952381 2.047619
   2    0   13 0.000000 2.000000
   1    0    5 0.000000 1.000000
   1    0    7 0.000000 1.000000
   4   10   12 1.866667 2.133333
   3    4   14 0.709524 2.290476
   5    8   22 1.352381 3.647619
   1    0    7 0.000000 1.000000
   1    0    6 0.000000 1.000000
   2    2   10 0.333333 1.666667
   2    2   10 0.333333 1.666667
   3    2   18 0.267857 2.732143
   3    4   15 0.619048 2.380952
   7   22   21 3.619048 3.380952
   2    2   11 0.309524 1.690476
   6    6   29 1.066667 4.933333
   1    0    5 0.000000 1.000000
   2    2    9 0.366667 1.633333
   2    2   11 0.309524 1.690476
   4    6   19 0.976190 3.023810
  12   44   29 7.373810 4.626190
   1    0    7 0.000000 1.000000
   6   16   19 2.850000 3.150000
   1    0    6 0.000000 1.000000
   4    8   16 1.376190 2.623810
   1    0    8 0.000000 1.000000
   8   22   24 3.871429 4.128571
   5    8   19 1.485714 3.514286
   3    4   14 0.652381 2.347619
   1    0    5 0.000000 1.000000
   1    0    5 0.000000 1.000000
   2    2    9 0.366667 1.633333
   6   14   20 2.576190 3.423810
   1    0    6 0.000000 1.000000
   2    2    9 0.366667 1.633333
   5   14   16 2.357143 2.642857
   3    2   14 0.366667 2.633333
   2    0   12 0.000000 2.000000
   4    6   20 0.928571 3.071429
   4    8   18 1.214286 2.785714
   1    0    6 0.000000 1.000000
   5    4   29 0.601190 4.398810
   5   12   17 2.038095 2.961905
   1    0    8 0.000000 1.000000
   6   18   17 3.042857 2.957143
   4    8   18 1.238095 2.761905
   9   20   33 3.442857 5.557143
   1    0    6 0.000000 1.000000
   2    2    9 0.366667 1.633333
   3    2   18 0.309524 2.690476
  11   34   31 5.728571 5.271429
   7   12   30 2.028571 4.971429
  11   28   34 4.809524 6.190476
   1    0    6 0.000000 1.000000
   1    0    7 0.000000 1.000000
   5    8   22 1.319048 3.680952
   5    6   26 0.952381 4.047619
   4    4   17 0.842857 3.157143
   2    2    8 0.400000 1.600000
   7   12   28 2.028571 4.971429
   2    2   11 0.309524 1.690476
   5    6   27 0.904762 4.095238
   5    8   19 1.485714 3.514286
   5   12   20 1.921429 3.078571
   7   14   25 2.528571 4.471429
  20   66   55 10.929762 9.070238
   2    2    9 0.366667 1.633333
   7   22   18 3.814286 3.185714
  11   36   32 5.838095 5.161905
   5   10   21 1.733333 3.266667
   4    8   17 1.328571 2.671429
   1    0    6 0.000000 1.000000
   8   14   37 2.226190 5.773810
   7   10   31 1.742857 5.257143
   7   22   20 3.666667 3.333333
   6   16   20 2.661905 3.338095
   2    0   13 0.000000 2.000000
   1    0    7 0.000000 1.000000
   7   16   25 2.752381 4.247619
   3    2   17 0.309524 2.690476
   5   14   16 2.414286 2.585714
   8   28   20 4.776190 3.223810
  20   68   56 11.104762 8.895238
   8   22   27 3.555952 4.444048
  12   36   34 6.157143 5.842857
   4    4   19 0.700000 3.300000
   2    2    8 0.400000 1.600000
   1    0    8 0.000000 1.000000
   7    8   31 1.433333 5.566667
  14   54   29 9.271429 4.728571
   8   26   23 4.380952 3.619048
   3    4   15 0.619048 2.380952
   7   20   24 3.272619 3.727381
   1    0    6 0.000000 1.000000
  12   34   35 5.914286 6.085714
   9   20   32 3.469048 5.530952
   5   14   16 2.333333 2.666667
   4   10   13 1.766667 2.233333
  18   66   40 11.204762 6.795238
   5   10   21 1.638095 3.361905
   6   10   28 1.611905 4.388095
   2    0   13 0.000000 2.000000
   1    0    7 0.000000 1.000000
   5   10   20 1.680952 3.319048
  14   56   30 9.252381 4.747619
   6   14   22 2.435714 3.564286
  12   34   35 6.071429 5.928571
   8   14   32 2.452381 5.547619
   9   20   34 3.428571 5.571429
   9   34   19 6.000000 3.000000
   3    6   12 1.019048 1.980952
  19   76   40 12.680952 6.319048
   7   10   31 1.842857 5.157143
   3    2   18 0.309524 2.690476
   5    8   22 1.328571 3.671429
   5   10   21 1.750000 3.250000
   5    6   21 1.066667 3.933333
   4    6   19 1.019048 2.980952
  14   30   55 4.838095 9.161905
  15   52   38 8.700000 6.300000
  10   20   40 3.414286 6.585714
  13   44   35 7.347619 5.652381
   2    2   11 0.309524 1.690476
  22   80   53 13.426190 8.573810
   3    6   12 1.000000 2.000000
   7   22   20 3.788095 3.211905
   5    6   22 1.100000 3.900000
   8   14   34 2.366667 5.633333
   5   10   19 1.797619 3.202381
   8    8   43 1.261905 6.738095
  20   74   46 12.400000 7.600000
  15   42   45 7.171429 7.828571
   5    0   32 0.000000 5.000000
   1    0    5 0.000000 1.000000
  22   78   55 12.861905 9.138095
   4    6   17 1.052381 2.947619
   9   26   27 4.395238 4.604762
   3    2   17 0.342857 2.657143
  11   28   35 4.900000 6.100000
  11   28   37 4.757143 6.242857
   4    2   23 0.366667 3.633333
  18   58   49 9.814286 8.185714
  17   40   64 6.709524 10.290476
   7   10   31 1.828571 5.171429
   1    0    6 0.000000 1.000000
  23   72   68 12.014286 10.985714
   1    0    6 0.000000 1.000000
   5    6   25 1.085714 3.914286
   2    2   10 0.333333 1.666667
   6   18   18 3.028571 2.971429
   6   12   26 1.880952 4.119048
   2    2    9 0.366667 1.633333
  23   72   66 12.190476 10.809524
  16   42   58 6.890476 9.109524
   5    4   23 0.800000 4.200000
   1    0    6 0.000000 1.000000
  32   96   94 16.386905 15.613095
   5   10   21 1.661905 3.338095
   4    8   15 1.366667 2.633333
   4    6   18 1.028571 2.971429
   8   18   32 2.970238 5.029762
  30  106   75 17.538095 12.461905
  13   30   50 5.014286 7.985714
   7   14   25 2.528571 4.471429
   2    0   13 0.000000 2.000000
  27   84   75 14.336905 12.663095
   4    6   18 1.019048 2.980952
   5   10   20 1.819048 3.180952
   1    0    6 0.000000 1.000000
   8   14   36 2.190476 5.809524
  20   60   61 9.904762 10.095238
  13   32   45 5.726190 7.273810
  17   54   48 9.023810 7.976190
   5   10   20 1.719048 3.280952
  25   80   69 13.385714 11.614286
   3    4   15 0.642857 2.357143
   8   14   32 2.476190 5.523810
   8   14   34 2.338095 5.661905
  25   80   68 13.547619 11.452381
  17   62   41 10.527381 6.472619
  14   36   48 6.036905 7.963095
   7    8   34 1.319048 5.680952
  20   56   65 9.347619 10.652381
   3    4   14 0.676190 2.323810
   6   10   26 1.666667 4.333333
   9   22   34 3.500000 5.500000
  22   68   63 11.347619 10.652381
  17   56   44 9.502381 7.497619
  14   30   57 4.985714 9.014286
   5    8   24 1.352381 3.647619
  18   38   67 6.658333 11.341667
  15   52   37 8.861905 6.138095
  16   46   51 7.639286 8.360714
  19   48   66 8.047619 10.952381
  10   14   46 2.485714 7.514286
  20   54   61 9.314286 10.685714
   6   12   26 1.916667 4.083333
  16   38   59 6.376190 9.623810
  13   48   31 8.052381 4.947619
  16   32   65 5.463095 10.536905
  23   70   71 11.780952 11.219048
   7   22   18 3.904762 3.095238
  27   90   71 15.142857 11.857143
   6    6   27 1.133333 4.866667
  10   16   46 2.604762 7.395238
  11   40   26 6.704762 4.295238
  13   26   49 4.576190 8.423810
  44  168   99 28.150000 15.850000
   4   10   14 1.714286 2.285714
  19   48   63 8.204762 10.795238
   5    4   27 0.658333 4.341667
   4    6   18 1.000000 3.000000
  11   36   32 5.866667 5.133333
  16   46   52 7.750000 8.250000
  43  160   98 26.873810 16.126190
   6   14   24 2.236905 3.763095
  14   22   61 3.810714 10.189286
   6    6   26 1.166667 4.833333
  12   36   37 6.076190 5.923810
   3    4   14 0.709524 2.290476
  19   64   53 10.520238 8.479762
  37  124   97 21.066667 15.933333
   4    4   17 0.766667 3.233333
  14   42   40 7.189286 6.810714
   3    6   13 0.952381 2.047619
  21   80   46 13.490476 7.509524
   2    2   12 0.291667 1.708333
  36  152   65 25.478571 10.521429
  28   78   90 13.180952 14.819048
   2    0   13 0.000000 2.000000
  12   32   39 5.480952 6.519048
  18   58   48 9.927381 8.072619
   4    8   17 1.275000 2.725000
  36  146   65 24.633333 11.366667
  15   24   69 3.923810 11.076190
   7   18   24 3.071429 3.928571
  13   40   39 6.619048 6.380952
  25   78   71 13.233333 11.766667
   4    4   22 0.619048 3.380952
  38  152   75 25.453571 12.546429
  13   16   62 2.658333 10.341667
  14   46   35 8.007143 5.992857
   9   20   37 3.190476 5.809524
  16   32   69 5.214286 10.785714
  10   14   42 2.428571 7.571429
  43  174   78 29.701190 13.298810
  10   16   45 2.795238 7.204762
  10   30   32 4.871429 5.128571
   7   12   32 2.077381 4.922619
  20   60   62 9.867857 10.132143
  10   22   37 3.733333 6.266667
  41  166   82 27.633333 13.366667
   6   12   25 1.900000 4.100000
  13   42   33 7.359524 5.640476
   6   10   23 1.795238 4.204762
  25   88   64 14.682143 10.317857
   9   24   31 4.009524 4.990476
  46  190   88 31.509524 14.490476
   4    4   21 0.642857 3.357143
  17   56   46 9.380952 7.619048
   8   12   36 1.985714 6.014286
  16   40   55 6.814286 9.185714
   9   14   38 2.454762 6.545238
  48  208   82 34.570238 13.429762
   8   20   27 3.414286 4.585714
  17   50   55 8.242857 8.757143
   4    4   16 0.816667 3.183333
  17   42   63 6.915476 10.084524
   6    6   27 1.133333 4.866667
  36  130   79 22.154762 13.845238
   7   14   27 2.490476 4.509524
  35  148   64 24.675000 10.325000
  20   52   73 8.558333 11.441667
   2    2   11 0.309524 1.690476
  37  140   87 23.422619 13.577381
   6   14   23 2.261905 3.738095
  36  130   85 21.984524 14.015476
  19   56   54 9.850000 9.150000
   2    0   11 0.000000 2.000000
  41  164   79 27.678571 13.321429
   1    0    6 0.000000 1.000000
  23   70   73 11.321429 11.678571
  32  134   57 22.388095 9.611905
   3    2   15 0.400000 2.600000
  49  222   74 36.909524 12.090476
   1    0    7 0.000000 1.000000
  15   42   44 7.253571 7.746429
  31  118   70 19.542857 11.457143
   4    6   17 1.033333 2.966667
  49  202   91 34.057143 14.942857
   2    2   11 0.309524 1.690476
  13   34   43 5.830952 7.169048
  35  142   69 23.785714 11.214286
   1    0    6 0.000000 1.000000
  46  198   83 33.030952 12.969048
   1    0    7 0.000000 1.000000
   9   24   27 4.238095 4.761905
  42  168   82 28.469048 13.530952
   2    2    9 0.366667 1.633333
  53  232   85 38.985317 14.014683
   7   16   27 2.638095 4.361905
  40  150   90 25.289286 14.710714
  60  270   88 45.421429 14.578571
  11   34   34 5.728571 5.271429
  29   80   94 13.528571 15.471429
  59  260   93 43.439286 15.560714
   5    8   23 1.295238 3.704762
  36  122   94 20.896429 15.103571
  51  206   98 34.833333 16.166667
   3    6   12 1.050000 1.950000
  46  172  106 28.726190 17.273810
  39  136   91 23.471429 15.528571
   3    6   10 1.185714 1.814286
  58  260   97 42.896429 15.103571
  43  154  101 26.009524 16.990476
   5   14   15 2.395238 2.604762
  52  204  112 33.907143 18.092857
  42  168   88 27.777381 14.222619
   6   12   25 2.004762 3.995238
  52  204  103 34.517857 17.482143
  39  174   57 29.230952 9.769048
   5   10   18 1.785714 3.214286
  56  266   75 44.138095 11.861905
  48  218   69 36.453571 11.546429
   6   14   22 2.508333 3.491667
  46  194   83 32.158333 13.841667
  50  212   87 35.554762 14.445238
   2    2   10 0.342857 1.657143
  48  204   85 34.095238 13.904762
  49  188  106 31.657143 17.342857
   2    2   11 0.309524 1.690476
  49  192  101 31.990476 17.009524
  39  118  120 19.195238 19.804762
   7   12   29 2.128571 4.871429
  54  198  123 33.405952 20.594048
  39  126  101 21.361905 17.638095
   6   10   30 1.642857 4.357143
  55  226  107 37.594048 17.405952
  39  136   98 22.705952 16.294048
   4    6   18 1.019048 2.980952
  57  238  104 39.941667 17.058333
  40  160   82 26.785714 13.214286
  60  276   82 46.232143 13.767857
  32  120   79 19.800000 12.200000
  68  322   79 54.359524 13.640476
  27   96   67 15.914286 11.085714
  73  370   67 61.663095 11.336905
  31  120   69 19.761905 11.238095
  69  342   69 57.389286 11.610714
  28  110   61 18.248810 9.751190
  72  368   61 61.726190 10.273810
  34  144   59 24.338095 9.661905
  66  338   59 56.335714 9.664286
  32  108   84 18.200000 13.800000
  68  324   84 54.240476 13.759524
  26   92   66 15.213095 10.786905
  74  376   66 62.761905 11.238095
  17   60   41 10.095238 6.904762
  83  458   41 76.300000 6.700000
  22   94   41 15.547619 6.452381
  78  424   41 71.111905 6.888095
  18   70   40 11.576190 6.423810
  82  450   40 75.226190 6.773810
  23   94   43 15.992857 7.007143
  77  420   43 70.033333 6.966667
  38  170   58 28.578571 9.421429
  62  314   58 52.509524 9.490476
  31  116   72 19.304762 11.695238
  69  340   72 56.829762 12.170238
  33  144   54 24.227381 8.772619
  67  348   54 58.204762 8.795238
  24   90   55 14.955952 9.044048
  76  400   55 66.833333 9.166667
  23   76   64 12.534524 10.465476
  77  396   64 66.360714 10.639286
  27   88   71 15.145238 11.854762
  73  370   71 61.851190 11.148810
  33  120   79 19.838095 13.161905
  67  322   79 53.633333 13.366667
  38  148   79 25.009524 12.990476
  62  294   79 49.383333 12.616667
  37  144   76 24.428571 12.571429
  63  304   76 50.789286 12.210714
  37  134   86 22.619048 14.380952
  63  294   86 49.063095 13.936905
  44  184   83 30.680952 13.319048
  56  250   83 42.096429 13.903571
  54  232   98 38.697619 15.302381
  46  172   98 29.419048 16.580952
  68  312   95 52.294048 15.705952
  32   98   95 16.447619 15.552381
  72  344   89 57.197619 14.802381
  28   78   89 13.057143 14.942857
  79  394   76 66.240476 12.759524
  21   54   76 8.880952 12.119048
  86  444   69 74.346429 11.653571
  14   18   69 2.977381 11.022619
  92  514   37 85.747619 6.252381
   8   12   37 2.020238 5.979762
  92  518   33 86.433333 5.566667
   8   16   33 2.747619 5.252381
  92  518   35 86.266667 5.733333
   8   12   35 2.058333 5.941667
  83  450   45 75.247619 7.752381
  17   60   45 9.961905 7.038095
  81  434   49 72.692857 8.307143
  19   68   49 11.284524 7.715476
  80  440   43 73.223810 6.776190
  20   74   43 12.652381 7.347619
  85  456   55 76.157143 8.842857
  15   34   55 5.785714 9.214286
  88  486   45 80.572619 7.427381
  12   24   45 4.004762 7.995238
  85  464   47 77.320238 7.679762
  15   42   47 7.138095 7.861905
  90  504   36 84.114286 5.885714
  10   24   36 4.033333 5.966667
  89  490   46 81.438095 7.561905
  11   18   46 3.028571 7.971429
  90  504   37 83.846429 6.153571
  10   22   37 3.704762 6.295238
  94  536   28 89.402381 4.597619
   6    8   28 1.366667 4.633333
  93  524   33 87.454762 5.545238
   7   10   33 1.619048 5.380952
  96  556   20 92.650000 3.350000
   4    4   20 0.742857 3.257143
  96  558   19 93.015476 2.984524
   4    4   19 0.709524 3.290476
  98  576   12 95.971429 2.028571
   2    0   12 0.000000 2.000000
  99  590    5 98.214286 0.785714
   1    0    5 0.000000 1.000000
  98  580    9 96.532143 1.467857
   2    2    9 0.366667 1.633333
  94  544   20 90.659524 3.340476
   6   16   20 2.728571 3.271429
  94  538   25 89.800000 4.200000
   6   12   25 1.928571 4.071429
  94  542   25 90.071429 3.928571
   6    8   25 1.452381 4.547619
  98  578   10 96.323810 1.676190
   2    2   10 0.333333 1.666667
  92  524   26 87.676190 4.323810
   8   24   26 4.044048 3.955952
  96  558   18 93.057143 2.942857
   4    6   18 1.085714 2.914286
  97  566   14 94.580952 2.419048
   3    6   14 0.904762 2.095238
  95  550   21 91.611905 3.388095
   5    8   21 1.400000 3.600000
  98  574   12 95.914286 2.085714
   2    2   12 0.285714 1.714286
  96  560   18 93.119048 2.880952
   4    4   18 0.733333 3.266667
  90  510   31 84.804762 5.195238
  10   28   31 4.888095 5.111905
  91  502   43 83.928571 7.071429
   9   12   43 2.052381 6.947619
  89  504   31 83.945238 5.054762
  11   34   31 5.876190 5.123810
  88  492   39 81.770238 6.229762
  12   30   39 5.200000 6.800000
  91  508   37 84.771429 6.228571
   9   18   37 2.971429 6.028571
  87  472   50 78.561905 8.438095
  13   28   50 4.772619 8.227381
  80  412   69 68.822619 11.177381
  20   50   69 8.600000 11.400000
  88  492   37 82.034524 5.965476
  12   34   37 5.719048 6.280952
  86  476   39 79.440476 6.559524
  14   46   39 7.685714 6.314286
  78  420   44 70.433333 7.566667
  22   92   44 15.300000 6.700000
  74  390   55 65.047619 8.952381
  26  100   55 16.966667 9.033333
  87  470   52 78.350000 8.650000
  13   26   52 4.342857 8.657143
  90  492   47 82.345238 7.654762
  10   14   47 2.371429 7.628571
  94  526   33 88.345238 5.654762
   6    8   33 1.138889 4.861111
  98  578   11 96.161905 1.838095
   2    0   11 0.000000 2.000000
  97  568   14 94.704762 2.295238
   3    4   14 0.709524 2.290476
  99  586    7 97.790476 1.209524
   1    0    7 0.000000 1.000000
  99  586    7 97.847619 1.152381
   1    0    7 0.000000 1.000000
 100  600    0 100.000000 0.000000
