   3    4   13 0.700000 2.300000
   1    0    6 0.000000 1.000000
   1    0    6 0.000000 1.000000
   1    0    5 0.000000 1.000000
   3    6   10 1.133333 1.866667
   3    6   14 0.916667 2.083333
   3    4   13 0.700000 2.300000
   1    0    6 0.000000 1.000000
   1    0    6 0.000000 1.000000
   2    2   10 0.342857 1.657143
   2    2   10 0.333333 1.666667
   2    2    9 0.366667 1.633333
   1    0    6 0.000000 1.000000
   5   14   16 2.390476 2.609524
   3    6   11 1.066667 1.933333
   1    0    6 0.000000 1.000000
   1    0    7 0.000000 1.000000
   1    0    7 0.000000 1.000000
   2    2    9 0.366667 1.633333
   3    4   14 0.709524 2.290476
   1    0    7 0.000000 1.000000
   2    2   10 0.333333 1.666667
   1    0    6 0.000000 1.000000
   3    4   13 0.733333 2.266667
   2    2   11 0.309524 1.690476
   2    2    9 0.366667 1.633333
   2    2   10 0.333333 1.666667
   1    0    6 0.000000 1.000000
   3    6   12 1.019048 1.980952
   1    0    6 0.000000 1.000000
   4   10   16 1.611905 2.388095
   2    2   10 0.333333 1.666667
   2    2   10 0.333333 1.666667
   2    2   10 0.342857 1.657143
   1    0    7 0.000000 1.000000
   5   10   22 1.595238 3.404762
   1    0    6 0.000000 1.000000
   2    2   11 0.309524 1.690476
   1    0    7 0.000000 1.000000
   3    4   12 0.733333 2.266667
   1    0    7 0.000000 1.000000
   4    4   20 0.676190 3.323810
   1    0    6 0.000000 1.000000
   3    6   12 1.019048 1.980952
   2    2    9 0.366667 1.633333
   1    0    6 0.000000 1.000000
   2    2   10 0.333333 1.666667
   2    2   10 0.333333 1.666667
   1    0    6 0.000000 1.000000
   1    0    5 0.000000 1.000000
   1    0    6 0.000000 1.000000
   4    8   16 1.376190 2.623810
   1    0    6 0.000000 1.000000
   3    4   14 0.666667 2.333333
   5   10   20 1.704762 3.295238
  10   28   30 4.823810 5.176190
   2    2   11 0.309524 1.690476
   1    0    7 0.000000 1.000000
   2    2   11 0.309524 1.690476
   2    2   10 0.333333 1.666667
   1    0    6 0.000000 1.000000
   7   18   25 3.066667 3.933333
  12   40   32 6.719048 5.280952
   2    2    9 0.366667 1.633333
   1    0    7 0.000000 1.000000
   5   12   16 2.104762 2.895238
   4    6   18 0.985714 3.014286
   1    0    6 0.000000 1.000000
   3    6   12 1.019048 1.980952
   2    2    9 0.366667 1.633333
   5    8   22 1.350000 3.650000
   1    0    6 0.000000 1.000000
   1    0    6 0.000000 1.000000
   3    6   12 1.019048 1.980952
   6   16   23 2.504762 3.495238
   2    2   11 0.309524 1.690476
   1    0    6 0.000000 1.000000
   3    4   14 0.666667 2.333333
   1    0    5 0.000000 1.000000
   5    6   22 1.100000 3.900000
   1    0    7 0.000000 1.000000
   1    0    5 0.000000 1.000000
   1    0    6 0.000000 1.000000
   1    0    6 0.000000 1.000000
   1    0    6 0.000000 1.000000
   4    6   16 1.085714 2.914286
   4    6   17 1.066667 2.933333
  14   44   39 7.414286 6.585714
   1    0    8 0.000000 1.000000
   2    2   11 0.309524 1.690476
   2    2    8 0.400000 1.600000
   8   22   22 4.121429 3.878571
  11   38   34 6.028571 4.971429
   1    0    7 0.000000 1.000000
   4    6   16 1.100000 2.900000
   4    8   17 1.285714 2.714286
   3    6   12 1.050000 1.950000
   2    2   11 0.325000 1.675000
   4    6   17 1.052381 2.947619
   2    2   11 0.309524 1.690476
   7   18   25 2.990476 4.009524
   3    2   16 0.366667 2.633333
   7   16   28 2.571429 4.428571
   8   16   32 2.716667 5.283333
   5   14   14 2.554762 2.445238
   3    6   11 1.066667 1.933333
   8   16   32 2.809524 5.190476
   1    0    5 0.000000 1.000000
  17   58   41 9.878571 7.121429
   1    0    8 0.000000 1.000000
   5   10   18 1.800000 3.200000
   6   18   18 3.085714 2.914286
   8   18   31 2.966667 5.033333
   1    0    6 0.000000 1.000000
   4    4   23 0.610714 3.389286
   2    0   12 0.000000 2.000000
   3    4   15 0.619048 2.380952
   1    0    6 0.000000 1.000000
   4    8   17 1.261905 2.738095
   8   14   33 2.428571 5.571429
   5    6   26 0.952381 4.047619
   4   10   13 1.761905 2.238095
  12   38   34 6.242857 5.757143
   7   22   18 3.866667 3.133333
   3    4   14 0.676190 2.323810
   7   16   26 2.661905 4.338095
  23   92   45 15.491667 7.508333
   5   10   18 1.828571 3.171429
   9   22   30 3.773810 5.226190
   5   12   17 2.033333 2.966667
   6   10   30 1.511905 4.488095
   2    0   12 0.000000 2.000000
   1    0    6 0.000000 1.000000
   3    4   17 0.559524 2.440476
   1    0    6 0.000000 1.000000
   4    6   19 0.976190 3.023810
   4    4   19 0.700000 3.300000
   4    4   20 0.700000 3.300000
   3    6   12 1.019048 1.980952
  11   30   38 4.916667 6.083333
   9   24   29 4.076190 4.923810
   3    2   14 0.366667 2.633333
   9   24   27 4.321429 4.678571
  28  110   56 18.625000 9.375000
   1    0    6 0.000000 1.000000
   6   14   23 2.283333 3.716667
   4    8   16 1.328571 2.671429
   6    8   30 1.285714 4.714286
   1    0    6 0.000000 1.000000
   4   10   14 1.695238 2.304762
  11   38   28 6.314286 4.685714
   1    0    6 0.000000 1.000000
   1    0    6 0.000000 1.000000
   3    2   15 0.366667 2.633333
   3    4   16 0.595238 2.404762
   1    0    6 0.000000 1.000000
  10   26   36 4.425000 5.575000
   7   22   22 3.658333 3.341667
   4    8   13 1.566667 2.433333
  10   28   32 4.709524 5.290476
  29  122   52 20.582143 8.417857
   2    2    8 0.400000 1.600000
   4   10   14 1.661905 2.338095
   3    6   12 1.019048 1.980952
   8   28   19 4.914286 3.085714
   2    2   10 0.333333 1.666667
  11   34   31 5.685714 5.314286
   2    2   11 0.309524 1.690476
   4    2   23 0.309524 3.690476
   6   14   23 2.314286 3.685714
  11   22   44 3.785714 7.214286
   4    8   17 1.271429 2.728571
   4    6   18 1.000000 3.000000
  11   32   31 5.571429 5.428571
  40  178   60 29.876190 10.123810
   2    2   10 0.333333 1.666667
   4   10   16 1.547619 2.452381
   1    0    7 0.000000 1.000000
  13   36   41 6.107143 6.892857
   1    0    6 0.000000 1.000000
  10   30   30 5.085714 4.914286
   2    2    8 0.400000 1.600000
   2    0   11 0.000000 2.000000
   9   30   28 4.883333 4.116667
   2    0   14 0.000000 2.000000
   3    2   16 0.333333 2.666667
  15   34   56 5.661905 9.338095
  34  128   72 21.771429 12.228571
   3    6   12 1.000000 2.000000
  17   44   56 7.508333 9.491667
   1    0    6 0.000000 1.000000
   9   30   27 4.833333 4.166667
   2    0   13 0.000000 2.000000
  12   42   30 7.138095 4.861905
   2    2   11 0.309524 1.690476
   5    6   25 0.952381 4.047619
  11   16   53 2.566667 8.433333
  27  108   56 18.035714 8.964286
   5   14   15 2.461905 2.538095
  33  126   69 21.434524 11.565476
   2    2   10 0.333333 1.666667
   5    4   25 0.700000 4.300000
   2    0   11 0.000000 2.000000
  11   28   40 4.673810 6.326190
   4    8   15 1.400000 2.600000
  23   76   57 12.966667 10.033333
  19   58   58 9.667857 9.332143
   7   18   25 2.928571 4.071429
  23   70   67 11.645238 11.354762
   8   12   37 1.971429 6.028571
   1    0    6 0.000000 1.000000
  18   58   51 9.542857 8.457143
   1    0    7 0.000000 1.000000
  18   48   62 7.979762 10.020238
  15   38   50 6.576190 8.423810
   4   10   12 1.833333 2.166667
  37  138   83 23.319048 13.680952
   1    0    6 0.000000 1.000000
   1    0    7 0.000000 1.000000
  17   50   53 8.463095 8.536905
   7   24   19 4.028571 2.971429
  23   72   68 12.039286 10.960714
  33  126   68 21.533333 11.466667
   3    6   13 0.952381 2.047619
  18   46   66 7.473810 10.526190
  13   40   37 6.728571 6.271429
  10   36   22 6.133333 3.866667
  22   50   85 8.282143 13.717857
  40  156   79 26.614286 13.385714
   6   10   28 1.595238 4.404762
   9   24   31 4.061905 4.938095
  13   42   36 7.225000 5.775000
  10   28   31 4.857143 5.142857
  26   60   92 10.398810 15.601190
  27   90   74 14.780952 12.219048
   9   24   31 3.965476 5.034524
  12   42   33 6.863095 5.136905
  11   26   41 4.304762 6.695238
  15   38   49 6.595238 8.404762
  18   46   62 8.004762 9.995238
  27  102   63 16.920238 10.079762
  18   68   39 11.507143 6.492857
  13   32   45 5.582143 7.417857
   7   16   27 2.636905 4.363095
  17   42   58 7.527381 9.472619
  19   52   61 8.786905 10.213095
  25   82   70 13.633333 11.366667
  25   96   54 16.023810 8.976190
  13   32   46 5.285714 7.714286
   6    6   31 0.976190 5.023810
  12   32   38 5.533333 6.466667
  18   50   58 8.319048 9.680952
  13   50   28 8.261905 4.738095
  32  134   52 22.764286 9.235714
  14   48   38 7.809524 6.190476
  16   56   42 9.230952 6.769048
   7   14   30 2.304762 4.695238
   9   12   40 2.066667 6.933333
  15   48   42 8.023810 6.976190
  46  206   71 34.390476 11.609524
  13   36   44 5.919048 7.080952
   7   14   28 2.404762 4.595238
  10   30   29 5.133333 4.866667
   8    8   38 1.385714 6.614286
  11   20   48 3.317857 7.682143
  55  232   92 39.364286 15.635714
   6    4   32 0.676190 5.323810
   9   26   33 4.190476 4.809524
  11   30   37 5.023810 5.976190
   5    0   32 0.000000 5.000000
  12   22   50 3.757143 8.242857
  54  240   83 40.109524 13.890476
   7   10   31 1.833333 5.166667
   8   26   23 4.328571 3.671429
  14   46   37 7.780952 6.219048
   2    2   11 0.325000 1.675000
  15   48   40 8.214286 6.785714
  49  220   74 37.104762 11.895238
   1    0    7 0.000000 1.000000
  10   30   29 5.014286 4.985714
  23   96   43 15.880952 7.119048
   3    4   13 0.700000 2.300000
  11   28   39 4.704762 6.295238
  62  282   89 47.245238 14.754762
   2    0   11 0.000000 2.000000
  22   82   52 13.883333 8.116667
   3    6   14 0.916667 2.083333
   7   16   24 2.823810 4.176190
  61  286   81 47.796429 13.203571
   4    8   15 1.400000 2.600000
  25   90   60 15.100000 9.900000
   8   20   25 3.538095 4.461905
   3    2   17 0.309524 2.690476
  60  262   98 43.626190 16.373810
   2    2   12 0.285714 1.714286
  27   96   66 16.222619 10.777381
   7   14   30 2.327381 4.672619
   9   18   34 3.269048 5.730952
  64  290   92 48.523810 15.476190
   4    4   20 0.709524 3.290476
  16   48   50 8.009524 7.990476
   6   12   25 2.071429 3.928571
  14   40   46 6.659524 7.340476
  50  226   72 38.001190 11.998810
   5    6   22 1.116667 3.883333
  25   88   63 14.813095 10.186905
   1    0    6 0.000000 1.000000
  15   48   39 8.261905 6.738095
  57  286   62 47.321429 9.678571
   1    0    6 0.000000 1.000000
  26   98   55 16.592857 9.407143
  10   32   29 5.266667 4.733333
  72  380   52 63.514286 8.485714
  18   64   43 10.846429 7.153571
  12   28   41 4.800000 7.200000
  77  410   55 68.000000 9.000000
  11   38   28 6.209524 4.790476
  15   34   53 5.950000 9.050000
  72  378   56 63.078571 8.921429
  13   50   29 8.280952 4.719048
  14   34   53 5.585714 8.414286
  81  436   47 72.970238 8.029762
   5   14   16 2.333333 2.666667
  12   26   43 4.590476 7.409524
  85  466   47 77.652381 7.347619
   3    2   16 0.333333 2.666667
  10   18   45 2.900000 7.100000
  85  450   57 75.344048 9.655952
   5    6   24 1.058333 3.941667
   7   12   32 1.904762 5.095238
  84  462   43 76.915476 7.084524
   9   20   31 3.523810 5.476190
   8   18   29 3.000000 5.000000
  84  454   49 75.795238 8.204762
   8   16   34 2.542857 5.457143
  13   20   57 3.380952 9.619048
  79  408   69 67.859524 11.140476
   8   16   30 2.842857 5.157143
  10   26   32 4.416667 5.583333
  81  432   56 71.938095 9.061905
   9   18   36 2.942857 6.057143
  10   32   30 5.300000 4.700000
  79  416   58 69.433333 9.566667
  11   32   32 5.538095 5.461905
  10   34   28 5.547619 4.452381
  79  420   52 70.214286 8.785714
  11   36   30 6.090476 4.909524
  10   32   27 5.471429 4.528571
  76  406   53 67.480952 8.519048
  14   44   38 7.616667 6.383333
   7   20   22 3.385714 3.614286
  75  394   54 65.750000 9.250000
  18   66   44 10.890476 7.109524
   7   16   26 2.661905 4.338095
  79  410   59 68.952381 10.047619
  14   38   51 5.980952 8.019048
   5    8   20 1.433333 3.566667
  88  492   37 81.903571 6.096429
   7   18   25 3.040476 3.959524
  10   22   36 3.938095 6.061905
  87  480   45 79.728571 7.271429
   3    2   15 0.366667 2.633333
  12   28   44 4.657143 7.342857
  87  478   45 79.620635 7.379365
   1    0    5 0.000000 1.000000
  10   30   27 5.304762 4.695238
  89  504   32 83.947619 5.052381
   1    0    7 0.000000 1.000000
   8   30   19 5.095238 2.904762
  91  522   23 87.161905 3.838095
   1    0    6 0.000000 1.000000
   8   28   18 4.891667 3.108333
  90  512   29 85.247619 4.752381
   2    2   11 0.309524 1.690476
  14   56   30 9.404762 4.595238
  84  464   39 77.450000 6.550000
   2    2    9 0.366667 1.633333
   9   26   29 4.390476 4.609524
  90  510   29 85.233333 4.766667
   1    0    6 0.000000 1.000000
  12   48   24 8.100000 3.900000
  84  476   29 79.301190 4.698810
   4    6   17 1.076190 2.923810
  14   50   34 8.355556 5.644444
  84  470   36 78.276190 5.723810
   2    2    8 0.400000 1.600000
  10   20   38 3.466667 6.533333
  89  496   40 82.571429 6.428571
   1    0    6 0.000000 1.000000
   9   18   38 2.936905 6.063095
  91  506   38 84.585714 6.414286
   5    8   24 1.238095 3.761905
  95  544   24 90.917857 4.082143
   7    8   35 1.319048 5.680952
  93  522   35 87.061905 5.938095
   8   10   38 1.728571 6.271429
  92  514   38 85.823810 6.176190
  10   14   46 2.426190 7.573810
  90  494   46 82.355952 7.644048
  10   30   28 5.292857 4.707143
  90  514   28 85.579762 4.420238
  10   32   28 5.476190 4.523810
  90  512   28 85.461905 4.538095
   5    6   24 1.000000 4.000000
  95  546   24 91.013095 3.986905
   4    4   19 0.700000 3.300000
  96  558   19 92.994048 3.005952
   1    0    6 0.000000 1.000000
  99  588    6 97.998810 1.001190
 100  600    0 100.000000 0.000000
