   3    6    9 1.233333 1.766667
   1    0    7 0.000000 1.000000
   1    0    6 0.000000 1.000000
   2    2   10 0.333333 1.666667
   2    2    9 0.366667 1.633333
   5   14   15 2.461905 2.538095
   2    2    9 0.366667 1.633333
   2    2    8 0.400000 1.600000
   7   14   28 2.395238 4.604762
   3    4   16 0.619048 2.380952
   2    2    9 0.366667 1.633333
   1    0    7 0.000000 1.000000
   1    0    6 0.000000 1.000000
   3    4   14 0.676190 2.323810
   1    0    7 0.000000 1.000000
   1    0    6 0.000000 1.000000
   1    0    7 0.000000 1.000000
   1    0    6 0.000000 1.000000
   3    4   14 0.725000 2.275000
   1    0    6 0.000000 1.000000
   2    2   11 0.309524 1.690476
   1    0    6 0.000000 1.000000
   1    0    6 0.000000 1.000000
   2    2   10 0.333333 1.666667
   3    4   12 0.766667 2.233333
   1    0    7 0.000000 1.000000
   2    2   11 0.309524 1.690476
   2    0   13 0.000000 2.000000
   1    0    6 0.000000 1.000000
   2    2   10 0.333333 1.666667
   3    6   13 0.952381 2.047619
   3    4   11 0.783333 2.216667
   1    0    6 0.000000 1.000000
   1    0    7 0.000000 1.000000
   1    0    6 0.000000 1.000000
   4    8   14 1.433333 2.566667
   1    0    6 0.000000 1.000000
   1    0    6 0.000000 1.000000
   2    2   10 0.333333 1.666667
   1    0    6 0.000000 1.000000
   2    2    9 0.366667 1.633333
   2    2   11 0.309524 1.690476
   1    0    6 0.000000 1.000000
   1    0    6 0.000000 1.000000
   3    4   15 0.642857 2.357143
   1    0    7 0.000000 1.000000
   1    0    7 0.000000 1.000000
   4   10   14 1.714286 2.285714
   1    0    6 0.000000 1.000000
   3    6   13 0.952381 2.047619
   1    0    6 0.000000 1.000000
   1    0    7 0.000000 1.000000
   1    0    5 0.000000 1.000000
   1    0    5 0.000000 1.000000
   1    0    7 0.000000 1.000000
   3    4   14 0.666667 2.333333
   4   10   13 1.766667 2.233333
   6   14   20 2.611905 3.388095
   9   24   29 4.052381 4.947619
   5   12   18 2.075000 2.925000
   1    0    7 0.000000 1.000000
   1    0    7 0.000000 1.000000
   3    4   13 0.733333 2.266667
   3    6   10 1.185714 1.814286
   1    0    6 0.000000 1.000000
   1    0    6 0.000000 1.000000
   1    0    7 0.000000 1.000000
   1    0    7 0.000000 1.000000
   5    8   21 1.433333 3.566667
   1    0    6 0.000000 1.000000
   2    0   13 0.000000 2.000000
   2    2   10 0.333333 1.666667
   8   18   32 2.955952 5.044048
   1    0    6 0.000000 1.000000
   2    0   11 0.000000 2.000000
   1    0    6 0.000000 1.000000
   1    0    5 0.000000 1.000000
   2    2   10 0.333333 1.666667
   6   18   18 3.033333 2.966667
   2    2   10 0.333333 1.666667
  11   42   23 7.190476 3.809524
   9   26   26 4.495238 4.504762
   1    0    8 0.000000 1.000000
   3    4   17 0.559524 2.440476
   2    2   11 0.309524 1.690476
   4   10   14 1.695238 2.304762
   1    0    8 0.000000 1.000000
   2    0   13 0.000000 2.000000
   2    2    9 0.366667 1.633333
   3    4   13 0.742857 2.257143
   3    0   18 0.000000 3.000000
   8   22   25 3.766667 4.233333
  10   34   23 5.890476 4.109524
   3    6   12 1.019048 1.980952
   2    2   10 0.333333 1.666667
   2    2    9 0.366667 1.633333
   1    0    6 0.000000 1.000000
   1    0    6 0.000000 1.000000
   2    2   10 0.333333 1.666667
   5   10   21 1.619048 3.380952
   1    0    6 0.000000 1.000000
   1    0    5 0.000000 1.000000
   4   10   16 1.594048 2.405952
   5   12   17 2.085714 2.914286
   4    6   17 1.066667 2.933333
   1    0    6 0.000000 1.000000
  13   50   28 8.366667 4.633333
  14   48   42 7.595238 6.404762
   6    8   25 1.400000 4.600000
   2    0   13 0.000000 2.000000
   6   18   19 3.008333 2.991667
   1    0    7 0.000000 1.000000
   1    0    5 0.000000 1.000000
   1    0    6 0.000000 1.000000
   6   16   22 2.657143 3.342857
   9   28   26 4.728571 4.271429
   2    2   11 0.309524 1.690476
   3    4   13 0.742857 2.257143
   1    0    6 0.000000 1.000000
   1    0    6 0.000000 1.000000
   3    2   17 0.342857 2.657143
   3    2   16 0.333333 2.666667
   1    0    6 0.000000 1.000000
   2    2   10 0.333333 1.666667
   5    8   19 1.433333 3.566667
   7   18   24 3.000000 4.000000
   1    0    6 0.000000 1.000000
   3    6   12 1.050000 1.950000
  19   74   40 12.333333 6.666667
  19   66   46 11.257143 7.742857
   5   10   22 1.583333 3.416667
   1    0    5 0.000000 1.000000
   3    6   12 1.000000 2.000000
   2    2   11 0.309524 1.690476
   6    6   30 0.983333 5.016667
   4   10   14 1.661905 2.338095
   2    2   10 0.333333 1.666667
   7   16   26 2.619048 4.380952
   5   12   17 2.061905 2.938095
   3    4   14 0.676190 2.323810
  10   30   32 4.977381 5.022619
  19   62   51 10.402381 8.597619
  27  106   55 17.911905 9.088095
   9   30   23 5.208333 3.791667
   3    6   13 0.983333 2.016667
   5    6   24 1.052381 3.947619
   4   10   12 1.828571 2.171429
   6   10   28 1.614286 4.385714
   2    2   10 0.333333 1.666667
  15   52   35 8.773810 6.226190
   2    0   13 0.000000 2.000000
   4    8   17 1.309524 2.690476
   5   10   20 1.704762 3.295238
  22   86   46 14.397619 7.602381
  29  116   58 19.584127 9.415873
   5   12   19 1.890476 3.109524
   1    0    6 0.000000 1.000000
   1    0    6 0.000000 1.000000
   3    6   13 0.983333 2.016667
   6    8   26 1.400000 4.600000
   2    2    8 0.400000 1.600000
  11   20   51 3.066667 7.933333
   6   10   25 1.685714 4.314286
   3    4   14 0.666667 2.333333
   5   10   23 1.523810 3.476190
  18   58   50 9.725000 8.275000
  32  126   65 21.164286 10.835714
   7   16   24 2.842857 4.157143
   6   12   23 2.033333 3.966667
   4    6   18 0.985714 3.014286
   7   18   21 3.238095 3.761905
   7   20   24 3.171429 3.828571
   2    2   10 0.333333 1.666667
   9   16   38 2.680952 6.319048
   3    4   14 0.666667 2.333333
   3    2   17 0.333333 2.666667
  12   28   48 4.540476 7.459524
  39  166   66 28.061905 10.938095
   6   12   23 2.004762 3.995238
   8   26   21 4.404762 3.595238
   4    8   18 1.261905 2.738095
  10   24   32 4.319048 5.680952
   3    6   11 1.066667 1.933333
   9   14   41 2.271429 6.728571
   2    2   11 0.309524 1.690476
   8   20   27 3.395238 4.604762
  12   36   35 6.057143 5.942857
  35  140   74 23.114286 11.885714
   6   16   19 2.709524 3.290476
  11   38   28 6.400000 4.600000
   2    2   10 0.333333 1.666667
  11   24   43 3.971429 7.028571
   2    2   11 0.309524 1.690476
  10   16   44 2.814286 7.185714
   1    0    5 0.000000 1.000000
   9   32   22 5.433333 3.566667
   7   14   30 2.347619 4.652381
  32  124   68 20.795238 11.204762
  17   66   33 11.338095 5.661905
   9   18   36 3.000000 6.000000
   3    4   13 0.742857 2.257143
  10   18   42 3.044048 6.955952
   1    0    6 0.000000 1.000000
   8    6   45 0.985714 7.014286
   6   14   21 2.400000 3.600000
   6   14   22 2.390476 3.609524
  33  142   61 23.314286 9.685714
  17   58   43 9.742857 7.257143
  16   46   45 8.076190 7.923810
   4   10   13 1.766667 2.233333
  14   46   40 7.740476 6.259524
   7    8   35 1.395238 5.604762
   5    8   23 1.304762 3.695238
   7   12   28 2.138095 4.861905
  22   70   62 11.782143 10.217857
  17   58   44 9.876190 7.123810
  24  102   41 17.321429 6.678571
   4    4   20 0.676190 3.323810
  14   42   45 6.741667 7.258333
   6    4   33 0.652381 5.347619
   8   18   26 3.266667 4.733333
   3    6   12 1.019048 1.980952
  32  102   87 17.345238 14.654762
  15   56   35 9.376190 5.623810
  18   66   44 10.988095 7.011905
   7   12   30 2.086905 4.913095
  23   88   48 14.994048 8.005952
  10   22   39 3.576190 6.423810
   4    2   23 0.309524 3.690476
   6   18   17 3.091667 2.908333
  28   84   83 14.276190 13.723810
  11   26   41 4.278571 6.721429
  11   42   25 7.052381 3.947619
   6   10   27 1.604762 4.395238
  17   52   48 8.738095 8.261905
  12   38   35 6.338095 5.661905
   2    2    8 0.400000 1.600000
   9   20   34 3.366667 5.633333
  35  120   94 19.809524 15.190476
  11   22   43 3.719048 7.280952
   8   14   33 2.325000 5.675000
   2    2   11 0.309524 1.690476
  19   60   51 10.280952 8.719048
  12   36   33 6.271429 5.728571
   2    2   11 0.309524 1.690476
   2    0   14 0.000000 2.000000
  34  114   88 19.116667 14.883333
  21   72   59 12.016667 8.983333
   8   20   27 3.357143 4.642857
  28  112   58 18.709524 9.290476
  15   42   46 7.128571 7.871429
  32  116   78 19.550000 12.450000
  14   50   32 8.538095 5.461905
  11   40   26 6.761905 4.238095
  23   70   72 11.542857 11.457143
  17   54   49 9.042857 7.957143
  45  176   95 29.323810 15.676190
   7   16   23 3.021429 3.978571
   8   20   25 3.504762 4.495238
  23   66   65 11.600000 11.400000
  18   56   51 9.795238 8.204762
  41  160   90 26.617857 14.382143
   3    2   18 0.285714 2.714286
  15   50   42 8.200000 6.800000
  19   50   63 8.376190 10.623810
  14   42   41 7.071429 6.928571
  42  168   87 28.090476 13.909524
   2    2   10 0.333333 1.666667
  23   82   55 13.971429 9.028571
  16   56   42 9.366667 6.633333
  12   32   41 5.338095 6.661905
  47  182   98 30.642857 16.357143
   4    6   19 0.976190 3.023810
  21   64   60 10.838095 10.161905
  20   66   55 11.033333 8.966667
  11   14   49 2.561905 8.438095
  38  132   98 21.922619 16.077381
   2    0   14 0.000000 2.000000
  29  106   66 17.719048 11.280952
  18   44   68 7.233333 10.766667
  14   32   50 5.485714 8.514286
  38  150   74 25.411905 12.588095
   1    0    6 0.000000 1.000000
  29  116   60 19.600000 9.400000
  23   66   71 10.971429 12.028571
   6    6   32 0.961905 5.038095
  34  134   71 22.514286 11.485714
  37  140   80 23.676190 13.323810
  15   28   62 4.755952 10.244048
   2    0   11 0.000000 2.000000
  43  180   80 29.992857 13.007143
  40  160   79 26.842857 13.157143
  13   24   54 4.061905 8.938095
   5    8   20 1.476190 3.523810
  49  206   86 34.680952 14.319048
  33  126   76 20.700000 12.300000
  12   22   51 3.671429 8.328571
   3    4   15 0.642857 2.357143
  47  200   83 33.519048 13.480952
  38  146   79 24.657143 13.342857
  12   24   47 4.147619 7.852381
   1    0    6 0.000000 1.000000
  52  238   72 39.774603 12.225397
  35  124   89 20.614286 14.385714
   5    6   24 1.000000 4.000000
   1    0    7 0.000000 1.000000
  52  216   90 36.488095 15.511905
  42  164   93 27.266667 14.733333
   6   16   20 2.690476 3.309524
  42  144  109 24.102381 17.897619
  52  204  107 34.176190 17.823810
   4   10   14 1.666667 2.333333
  46  160  114 27.171429 18.828571
  50  188  114 31.080952 18.919048
   6   16   22 2.602381 3.397619
  52  212  101 35.270238 16.729762
  42  146  103 24.921429 17.078571
   6   12   25 2.028571 3.971429
  60  280   84 46.708333 13.291667
  34  116   83 19.819048 14.180952
   1    0    6 0.000000 1.000000
  61  286   79 47.984524 13.015476
  38  154   75 25.721429 12.278571
  67  326   79 54.297619 12.702381
  33  116   79 19.733333 13.266667
  72  356   75 59.666667 12.333333
  28   94   75 15.747619 12.252381
  64  310   75 51.761905 12.238095
  36  140   75 23.608333 12.391667
  70  338   83 56.246429 13.753571
  30   96   83 16.111905 13.888095
  64  292   87 49.235714 14.764286
  36  134   87 22.257143 13.742857
  60  272   93 45.084524 14.915476
  40  142   93 24.207143 15.792857
  61  260  106 43.613095 17.386905
  39  128  106 21.285714 17.714286
  59  242  115 40.522222 18.477778
  41  128  115 21.728571 19.271429
  48  188   96 31.719048 16.280952
  52  220   96 36.403571 15.596429
  48  214   74 35.776190 12.223810
  52  238   74 39.814286 12.185714
  59  280   80 46.295238 12.704762
  41  160   80 27.130952 13.869048
  46  184   95 30.579762 15.420238
  54  226   95 37.883333 16.116667
  44  162   99 27.557143 16.442857
  56  240   99 40.069048 15.930952
  48  198   91 33.194048 14.805952
  52  220   91 36.825000 15.175000
  30   82   99 13.661905 16.338095
  70  320   99 53.605952 16.394048
  29   90   88 14.847619 14.152381
  71  334   88 56.323810 14.676190
  23   62   76 10.438095 12.561905
  77  386   76 64.444048 12.555952
  30   92   82 16.125397 13.874603
  70  344   82 57.139286 12.860714
  31  102   85 17.109524 13.890476
  69  328   85 54.945238 14.054762
  27   84   80 13.957143 13.042857
  73  356   80 59.897619 13.102381
  15   42   51 6.889286 8.110714
  85  456   51 76.383333 8.616667
  13   30   48 5.083333 7.916667
  87  474   48 79.221429 7.778571
   9   20   35 3.400000 5.600000
  91  510   35 85.228571 5.771429
   5    6   25 1.042857 3.957143
  95  544   25 90.800000 4.200000
   2    2   10 0.333333 1.666667
  98  578   10 96.442857 1.557143
   4    8   12 1.550000 2.450000
  96  568   12 94.258333 1.741667
   5   14   17 2.290476 2.709524
  95  552   17 92.038095 2.961905
   1    0    6 0.000000 1.000000
  99  588    6 98.004762 0.995238
   1    0    6 0.000000 1.000000
  99  588    6 98.047619 0.952381
 100  600    0 100.000000 0.000000
