   5   14   16 2.395238 2.604762
   3    6   10 1.133333 1.866667
   1    0    7 0.000000 1.000000
   3    4   13 0.700000 2.300000
   1    0    5 0.000000 1.000000
   4   10   17 1.494048 2.505952
   1    0    6 0.000000 1.000000
   1    0    6 0.000000 1.000000
   7   20   23 3.280952 3.719048
   5   14   16 2.385714 2.614286
   1    0    6 0.000000 1.000000
   2    2   12 0.285714 1.714286
   3    6   10 1.185714 1.814286
   1    0    7 0.000000 1.000000
   1    0    7 0.000000 1.000000
   1    0    7 0.000000 1.000000
   2    2    8 0.400000 1.600000
   4   10   15 1.595238 2.404762
   1    0    7 0.000000 1.000000
   3    4   14 0.709524 2.290476
   1    0    5 0.000000 1.000000
   2    2   12 0.291667 1.708333
   3    6   11 1.085714 1.914286
   1    0    6 0.000000 1.000000
   2    2    9 0.366667 1.633333
   2    2   10 0.342857 1.657143
   1    0    6 0.000000 1.000000
   3    6   12 1.000000 2.000000
   1    0    6 0.000000 1.000000
   1    0    6 0.000000 1.000000
   1    0    6 0.000000 1.000000
   1    0    6 0.000000 1.000000
   1    0    7 0.000000 1.000000
   3    4   13 0.733333 2.266667
   2    2   10 0.333333 1.666667
   2    2   10 0.333333 1.666667
   2    2    8 0.400000 1.600000
   3    4   13 0.700000 2.300000
   1    0    5 0.000000 1.000000
   1    0    6 0.000000 1.000000
   2    2   10 0.342857 1.657143
   2    2    8 0.400000 1.600000
   8   26   23 4.257143 3.742857
   1    0    7 0.000000 1.000000
   1    0    6 0.000000 1.000000
   1    0    7 0.000000 1.000000
   1    0    6 0.000000 1.000000
   9   26   25 4.514286 4.485714
   1    0    7 0.000000 1.000000
   2    2    9 0.366667 1.633333
   8   18   29 3.057143 4.942857
   3    2   15 0.333333 2.666667
   2    2   12 0.291667 1.708333
   9   24   30 4.057143 4.942857
   4    8   19 1.239286 2.760714
   3    6   12 1.000000 2.000000
   4   10   15 1.619048 2.380952
   1    0    6 0.000000 1.000000
   1    0    5 0.000000 1.000000
   1    0    6 0.000000 1.000000
   2    2   10 0.333333 1.666667
   2    0   12 0.000000 2.000000
   2    2   10 0.342857 1.657143
   1    0    6 0.000000 1.000000
   6   18   20 2.942857 3.057143
   1    0    7 0.000000 1.000000
   3    4   16 0.619048 2.380952
   3    4   14 0.666667 2.333333
   3    6    9 1.233333 1.766667
   3    4   14 0.709524 2.290476
   1    0    6 0.000000 1.000000
   5   14   14 2.471429 2.528571
   3    4   13 0.700000 2.300000
   3    2   15 0.400000 2.600000
   3    6   12 1.050000 1.950000
   2    2    8 0.400000 1.600000
   8   20   32 3.071429 4.928571
   1    0    6 0.000000 1.000000
  12   44   30 7.295238 4.704762
   5    8   21 1.352381 3.647619
   8   16   31 2.785714 5.214286
   3    2   17 0.309524 2.690476
   2    2    9 0.366667 1.633333
   7   14   30 2.280952 4.719048
   2    2    8 0.400000 1.600000
   4   10   16 1.547619 2.452381
   4    4   18 0.766667 3.233333
   2    2   10 0.342857 1.657143
   1    0    5 0.000000 1.000000
   4    6   18 1.042857 2.957143
   1    0    8 0.000000 1.000000
   6   16   22 2.576190 3.423810
   1    0    6 0.000000 1.000000
   7   18   24 3.080952 3.919048
   1    0    6 0.000000 1.000000
   5   14   17 2.285714 2.714286
   1    0    7 0.000000 1.000000
   3    6   11 1.066667 1.933333
   3    2   13 0.450000 2.550000
   2    2    9 0.366667 1.633333
   3    6   12 1.019048 1.980952
   3    4   12 0.766667 2.233333
   9   22   33 3.632143 5.367857
   1    0    7 0.000000 1.000000
  11   36   31 5.853571 5.146429
   4    6   19 0.961905 3.038095
  14   42   41 7.100000 6.900000
   3    6   13 0.983333 2.016667
   6    8   31 1.265079 4.734921
   3    4   13 0.742857 2.257143
   1    0    7 0.000000 1.000000
   1    0    5 0.000000 1.000000
   2    0   12 0.000000 2.000000
   4    4   21 0.619048 3.380952
   2    2    8 0.400000 1.600000
   6   14   21 2.452381 3.547619
   1    0    7 0.000000 1.000000
   6   12   23 2.033333 3.966667
   3    4   14 0.676190 2.323810
   1    0    7 0.000000 1.000000
   9   32   23 5.428571 3.571429
   6    6   29 1.033333 4.966667
   3    2   17 0.309524 2.690476
  14   48   32 8.545238 5.454762
  15   48   43 8.052381 6.947619
   2    2   11 0.309524 1.690476
  14   42   41 7.061905 6.938095
   2    2    9 0.366667 1.633333
   4    6   16 1.066667 2.933333
   3    6   12 1.000000 2.000000
   2    2   10 0.333333 1.666667
   3    6   11 1.085714 1.914286
   1    0    7 0.000000 1.000000
   5   12   18 2.000000 3.000000
   6   12   27 1.967857 4.032143
   3    6   11 1.066667 1.933333
   5    4   27 0.709524 4.290476
   3    2   15 0.366667 2.633333
   3    4   14 0.666667 2.333333
   8   26   24 4.252381 3.747619
   5   10   19 1.733333 3.266667
  16   54   41 8.887302 7.112698
  25   82   62 14.185714 10.814286
   2    2   12 0.285714 1.714286
   9   14   44 2.166667 6.833333
   1    0    7 0.000000 1.000000
   4   10   15 1.647619 2.352381
   1    0    6 0.000000 1.000000
   1    0    6 0.000000 1.000000
   8   22   26 3.666667 4.333333
   3    2   17 0.333333 2.666667
   3    0   20 0.000000 3.000000
   2    2    9 0.366667 1.633333
   4    6   19 1.019048 2.980952
   4    8   14 1.552381 2.447619
   2    2    9 0.366667 1.633333
  12   46   26 7.738095 4.261905
   7   22   20 3.766667 3.233333
  12   32   38 5.580952 6.419048
  30  116   65 19.564286 10.435714
   3    2   17 0.309524 2.690476
   4   10   15 1.619048 2.380952
   6   18   17 3.100000 2.900000
   2    2    8 0.400000 1.600000
   7    8   33 1.385714 5.614286
   5   10   20 1.666667 3.333333
   4    6   17 1.066667 2.933333
   3    4   14 0.652381 2.347619
   5    8   22 1.261905 3.738095
   6   18   19 2.980952 3.019048
   1    0    6 0.000000 1.000000
   4    6   20 0.916667 3.083333
   8   24   23 4.133333 3.866667
  12   32   40 5.333333 6.666667
  31  124   63 20.633333 10.366667
   5   14   17 2.323810 2.676190
   1    0    6 0.000000 1.000000
   9   28   26 4.705952 4.294048
   4    4   22 0.592857 3.407143
   8   12   35 2.052381 5.947619
   1    0    7 0.000000 1.000000
   1    0    7 0.000000 1.000000
   2    0   13 0.000000 2.000000
   5    6   24 1.052381 3.947619
   3    2   14 0.366667 2.633333
   7   10   30 1.776190 5.223810
  13   42   35 7.195238 5.804762
  10   26   33 4.427381 5.572619
  35  144   68 23.828571 11.171429
   1    0    5 0.000000 1.000000
  11   38   27 6.377381 4.622619
   5    8   22 1.361905 3.638095
   9   20   34 3.333333 5.666667
   3    4   12 0.766667 2.233333
   1    0    7 0.000000 1.000000
   2    2   11 0.309524 1.690476
   4    4   19 0.709524 3.290476
   4    4   19 0.700000 3.300000
   7   14   30 2.200000 4.800000
  11   28   38 4.623810 6.376190
   7   16   26 2.791667 4.208333
  33  126   70 21.204762 11.795238
  11   24   46 3.780952 7.219048
   6   12   22 2.142857 3.857143
  10   18   40 3.261905 6.738095
   3    4   13 0.700000 2.300000
   1    0    8 0.000000 1.000000
   7   14   28 2.341667 4.658333
   1    0    6 0.000000 1.000000
   2    0   14 0.000000 2.000000
   5    4   26 0.642857 4.357143
   9   22   35 3.495238 5.504762
  12   28   40 5.069048 6.930952
  37  138   82 23.228571 13.771429
   3    0   20 0.000000 3.000000
  11   40   24 6.900000 4.100000
   5    4   26 0.666667 4.333333
   4    8   15 1.366667 2.633333
   2    2   10 0.333333 1.666667
  11   32   33 5.419048 5.580952
   2    2   11 0.309524 1.690476
   3    4   16 0.677778 2.322222
   6   10   28 1.695238 4.304762
   6   10   29 1.707937 4.292063
  10   28   28 4.914286 5.085714
  39  162   72 27.115476 11.884524
   2    0   17 0.000000 2.000000
  12   38   33 6.457143 5.542857
   3    0   17 0.000000 3.000000
   3    2   16 0.333333 2.666667
   1    0    6 0.000000 1.000000
  12   32   41 5.275000 6.725000
   3    2   17 0.309524 2.690476
  17   56   44 9.628571 7.371429
   5    6   21 1.185714 3.814286
   3    0   18 0.000000 3.000000
  39  154   81 25.700000 13.300000
  14   48   35 8.038095 5.961905
   3    6   11 1.085714 1.914286
   3    6   11 1.150000 1.850000
   6    4   35 0.619048 5.380952
   2    0   13 0.000000 2.000000
  21   70   53 11.859524 9.140476
  11   26   41 4.376190 6.623810
   1    0    6 0.000000 1.000000
  28   78   84 13.519048 14.480952
  17   46   58 7.609524 9.390476
   2    0   12 0.000000 2.000000
   1    0    7 0.000000 1.000000
   1    0    7 0.000000 1.000000
   5   10   21 1.614286 3.385714
  20   60   63 9.855952 10.144048
  25   92   55 15.742857 9.257143
   1    0    7 0.000000 1.000000
  34  114   93 18.923810 15.076190
  13   22   53 3.880952 9.119048
   2    2    9 0.366667 1.633333
   4    4   18 0.766667 3.233333
  16   36   62 5.851190 10.148810
  31  110   77 18.385714 12.614286
  38  130   98 21.819048 16.180952
  12   20   56 3.194048 8.805952
   5   14   15 2.495238 2.504762
  11   18   46 3.138095 7.861905
  34  150   53 25.184524 8.815476
  35  116   89 19.761905 15.238095
  15   30   57 5.309524 9.690476
   5   10   19 1.785714 3.214286
  10   18   45 3.071429 6.928571
  35  146   70 23.997619 11.002381
  38  146   83 24.404762 13.595238
  12   18   54 3.071429 8.928571
   6   14   22 2.361905 3.638095
   4    6   20 0.904762 3.095238
  40  174   63 29.295238 10.704762
  37  150   75 24.994048 12.005952
  21   58   66 9.804762 11.195238
   5    6   21 1.133333 3.866667
   3    2   16 0.333333 2.666667
  34  148   58 24.538095 9.461905
  39  152   84 25.484524 13.515476
  17   34   65 6.041667 10.958333
   7   18   27 2.942857 4.057143
   4    6   18 1.009524 2.990476
  33  134   62 22.566667 10.433333
  48  196   94 32.780952 15.219048
  15   38   52 6.650000 8.350000
   5   10   20 1.666667 3.333333
  13   48   29 8.008333 4.991667
  19   52   61 8.904762 10.095238
  46  170  105 28.296429 17.703571
  17   52   48 8.957143 8.042857
   2    0   12 0.000000 2.000000
  11   30   39 4.709524 6.290476
  24   74   70 12.416667 11.583333
  48  206   82 34.580952 13.419048
  16   44   51 7.533333 8.466667
   4    8   19 1.214286 2.785714
   9   26   27 4.423810 4.576190
  23   82   55 13.809524 9.190476
  35  116   94 19.485714 15.514286
  14   48   39 7.852381 6.147619
  12   46   26 7.780952 4.219048
   9   22   32 3.790476 5.209524
  30  106   71 18.095238 11.904762
  35  110   97 19.005952 15.994048
  10   32   30 5.152381 4.847619
   8   24   25 3.980952 4.019048
   9   14   40 2.419048 6.580952
  38  136   92 22.759524 15.240476
  36  110  103 18.728571 17.271429
   8   20   28 3.550000 4.450000
   5    6   25 1.000000 4.000000
  16   52   46 8.585714 7.414286
  35   98  112 16.555952 18.444048
  45  158  111 26.429762 18.570238
   4    4   20 0.666667 3.333333
   3    6   13 0.952381 2.047619
  20   68   49 11.628571 8.371429
  28   66  105 10.938095 17.061905
  41  120  121 20.521429 20.478571
   5    8   22 1.319048 3.680952
   2    2    8 0.400000 1.600000
  22   58   73 9.871429 12.128571
  30   80  108 13.073810 16.926190
  46  160  115 26.997619 19.002381
   2    2   11 0.309524 1.690476
  20   68   51 11.528571 8.471429
  32   98   95 16.413095 15.586905
  45  182   94 29.985714 15.014286
   2    2    9 0.366667 1.633333
  20   66   53 11.102381 8.897619
  33   94  100 16.033333 16.966667
  43  166   97 27.567857 15.432143
   5    6   23 1.052381 3.947619
  17   64   35 10.990476 6.009524
  35  102  107 17.116667 17.883333
  38  144   89 23.704762 14.295238
  17   54   51 8.828571 8.171429
  20   74   42 12.714286 7.285714
  25   50   96 8.890476 16.109524
  37  132   87 22.329762 14.670238
  20   56   68 9.177381 10.822619
  17   64   39 10.590476 6.409524
  26   64   90 10.795238 15.204762
  37  116  103 19.460714 17.539286
  28   82   86 13.845238 14.154762
   7   10   33 1.619048 5.380952
  28   70  100 11.901190 16.098810
  29   86   90 14.323810 14.676190
  31   98   87 16.361905 14.638095
   8   20   29 3.353571 4.646429
  32   90  100 15.253571 16.746429
  28   90   78 15.146429 12.853571
  33  122   77 20.361905 12.638095
   6    4   30 0.733333 5.266667
  33  114   85 19.204762 13.795238
  26   84   67 14.328571 11.671429
  24   74   72 12.242857 11.757143
   6   12   22 2.128571 3.871429
  44  174   95 29.060714 14.939286
  40  172   68 28.917857 11.082143
  14   30   53 5.191667 8.808333
   4    8   15 1.442857 2.557143
  42  174   80 28.909524 13.090476
  36  144   77 23.803571 12.196429
  17   26   72 4.552381 12.447619
   2    2    9 0.366667 1.633333
  45  190   80 31.571429 13.428571
  34  132   69 22.552381 11.447619
  15   32   60 5.515476 9.484524
  51  214   93 35.638095 15.361905
  47  206   74 34.644048 12.355952
  15   28   66 4.547619 10.452381
  38  138   88 23.233333 14.766667
  41  178   72 29.483333 11.516667
  12   26   45 4.385714 7.614286
  47  178  101 30.122619 16.877381
  31  116   75 19.140476 11.859524
  25   88   58 15.052381 9.947619
  44  150  113 25.047619 18.952381
  22   58   73 9.938095 12.061905
  25   82   67 13.847619 11.152381
  53  198  122 33.141270 19.858730
  19   64   49 10.880952 8.119048
  12   20   54 3.342857 8.657143
  69  310  103 52.111905 16.888095
  15   42   53 6.790476 8.209524
  12   28   46 4.633333 7.366667
  73  338   93 57.258333 15.741667
  17   54   51 8.776190 8.223810
   6    6   30 1.076190 4.923810
  77  384   75 64.383333 12.616667
  11   20   47 3.285714 7.714286
   2    0   13 0.000000 2.000000
  87  462   58 77.271429 9.728571
   9   10   46 1.571429 7.428571
   2    2   10 0.333333 1.666667
  89  476   56 79.692857 9.307143
   3    0   19 0.000000 3.000000
   2    2   10 0.333333 1.666667
  95  540   29 90.171429 4.828571
   2    2   11 0.309524 1.690476
   2    2    9 0.366667 1.633333
  96  556   20 92.557143 3.442857
   4   10   14 1.771429 2.228571
   6   12   24 2.045238 3.954762
  90  502   38 83.711905 6.288095
   4    6   20 0.952381 3.047619
   3    4   16 0.619048 2.380952
  93  518   36 86.827381 6.172619
   7   16   28 2.647619 4.352381
   4   10   16 1.547619 2.452381
  89  490   40 82.078571 6.921429
   8   24   27 3.714286 4.285714
   3    4   14 0.709524 2.290476
  89  498   33 83.371429 5.628571
   2    2   10 0.333333 1.666667
   7   16   23 2.976190 4.023810
  91  522   27 86.878571 4.121429
   1    0    7 0.000000 1.000000
   9   24   29 4.128571 4.871429
  90  510   30 84.923810 5.076190
   6   14   23 2.420238 3.579762
  94  540   23 90.209524 3.790476
   5   12   18 2.052381 2.947619
  95  552   18 92.123810 2.876190
   6   16   20 2.695238 3.304762
  94  544   20 90.652381 3.347619
   3    4   14 0.676190 2.323810
  97  568   14 94.704762 2.295238
   1    0    6 0.000000 1.000000
  99  588    6 98.055952 0.944048
 100  600    0 100.000000 0.000000
