   2    2    8 0.400000 1.600000
   2    2    9 0.366667 1.633333
   2    2   10 0.333333 1.666667
   4    8   14 1.542857 2.457143
   1    0    6 0.000000 1.000000
   1    0    7 0.000000 1.000000
   2    2   10 0.333333 1.666667
   2    2    9 0.366667 1.633333
   2    2   10 0.333333 1.666667
   2    2   11 0.309524 1.690476
   2    2   11 0.309524 1.690476
   1    0    6 0.000000 1.000000
   3    4   12 0.766667 2.233333
   1    0    7 0.000000 1.000000
   1    0    7 0.000000 1.000000
   1    0    6 0.000000 1.000000
   1    0    7 0.000000 1.000000
   1    0    6 0.000000 1.000000
   4   10   13 1.733333 2.266667
   1    0    6 0.000000 1.000000
   1    0    7 0.000000 1.000000
   1    0    6 0.000000 1.000000
   2    2   11 0.309524 1.690476
   3    4   14 0.709524 2.290476
   2    2    9 0.366667 1.633333
   1    0    7 0.000000 1.000000
   1    0    6 0.000000 1.000000
   3    6   12 1.000000 2.000000
   4   10   17 1.500000 2.500000
   1    0    7 0.000000 1.000000
   1    0    6 0.000000 1.000000
   1    0    6 0.000000 1.000000
   1    0    7 0.000000 1.000000
   3    6   12 1.019048 1.980952
   2    2   11 0.309524 1.690476
   1    0    6 0.000000 1.000000
   2    2   10 0.333333 1.666667
   1    0    5 0.000000 1.000000
   1    0    5 0.000000 1.000000
   1    0    7 0.000000 1.000000
   1    0    7 0.000000 1.000000
   5   12   16 2.138095 2.861905
   3    4   12 0.766667 2.233333
   1    0    6 0.000000 1.000000
   2    2    9 0.366667 1.633333
   1    0    6 0.000000 1.000000
   4    8   16 1.383333 2.616667
   1    0    6 0.000000 1.000000
   1    0    6 0.000000 1.000000
   3    2   14 0.366667 2.633333
   4    8   16 1.319048 2.680952
   1    0    7 0.000000 1.000000
   1    0    7 0.000000 1.000000
   1    0    6 0.000000 1.000000
   2    2   10 0.333333 1.666667
   1    0    6 0.000000 1.000000
   2    2   11 0.309524 1.690476
   8   24   23 4.066667 3.933333
   9   26   28 4.295238 4.704762
   1    0    6 0.000000 1.000000
   1    0    6 0.000000 1.000000
   1    0    6 0.000000 1.000000
   1    0    6 0.000000 1.000000
   3    6   10 1.185714 1.814286
   2    2    9 0.366667 1.633333
   1    0    6 0.000000 1.000000
   2    2   10 0.342857 1.657143
   2    2    9 0.366667 1.633333
   1    0    6 0.000000 1.000000
   4    4   21 0.619048 3.380952
   1    0    6 0.000000 1.000000
   1    0    8 0.000000 1.000000
   5    6   25 0.976190 4.023810
   1    0    6 0.000000 1.000000
   1    0    7 0.000000 1.000000
   1    0    6 0.000000 1.000000
   6   16   18 2.771429 3.228571
   6   10   27 1.704762 4.295238
   1    0    6 0.000000 1.000000
   4    8   16 1.314286 2.685714
   3    6   12 1.019048 1.980952
   2    2    9 0.366667 1.633333
   1    0    7 0.000000 1.000000
   1    0    6 0.000000 1.000000
   3    2   17 0.309524 2.690476
   4    8   16 1.376190 2.623810
   1    0    7 0.000000 1.000000
   1    0    6 0.000000 1.000000
   4   10   12 1.861905 2.138095
   2    2   12 0.285714 1.714286
   6   16   19 2.738095 3.261905
   2    0   12 0.000000 2.000000
   4   10   13 1.728571 2.271429
   8   22   25 3.876190 4.123810
   4    8   17 1.285714 2.714286
   7   14   29 2.323810 4.676190
   1    0    7 0.000000 1.000000
   2    2   10 0.333333 1.666667
   1    0    5 0.000000 1.000000
   1    0    6 0.000000 1.000000
   2    2   10 0.333333 1.666667
   3    6   11 1.066667 1.933333
   3    4   14 0.666667 2.333333
   1    0    6 0.000000 1.000000
   8   16   31 2.747619 5.252381
   1    0    6 0.000000 1.000000
   6    8   28 1.352381 4.647619
   6   10   24 1.733333 4.266667
   3    4   13 0.700000 2.300000
   4   10   14 1.685714 2.314286
   6   12   23 2.119048 3.880952
   1    0    7 0.000000 1.000000
   3    2   17 0.333333 2.666667
   4    6   19 1.025000 2.975000
   1    0    6 0.000000 1.000000
   5   10   20 1.685714 3.314286
   4    4   20 0.709524 3.290476
   8   20   28 3.380952 4.619048
   7   20   24 3.214286 3.785714
   5    6   26 0.952381 4.047619
   6   18   20 3.002381 2.997619
   1    0    6 0.000000 1.000000
   3    6   11 1.066667 1.933333
   3    4   14 0.676190 2.323810
   1    0    7 0.000000 1.000000
   4    8   15 1.400000 2.600000
   4    4   21 0.666667 3.333333
   5    6   20 1.150000 3.850000
  10   20   40 3.323810 6.676190
   9   14   36 2.488095 6.511905
   3    6   13 0.952381 2.047619
   3    4   15 0.628571 2.371429
   3    2   14 0.400000 2.600000
   4    6   19 0.971429 3.028571
   5   14   17 2.280952 2.719048
  13   38   42 6.309524 6.690476
   7   12   29 2.042857 4.957143
   3    0   21 0.000000 3.000000
   5    6   23 1.019048 3.980952
   3    6   11 1.085714 1.914286
   3    4   14 0.666667 2.333333
   9   20   34 3.538095 5.461905
   1    0    7 0.000000 1.000000
   4    4   20 0.725000 3.275000
   6   14   26 2.346429 3.653571
   5    6   24 0.985714 4.014286
   9   32   22 5.328571 3.671429
  10   18   44 2.971429 7.028571
   1    0    7 0.000000 1.000000
   8   24   24 4.161905 3.838095
   5   12   19 1.975000 3.025000
   5    8   20 1.419048 3.580952
  16   42   49 7.347619 8.652381
   8   14   31 2.519048 5.480952
   5   12   19 1.975000 3.025000
   1    0    7 0.000000 1.000000
   4    6   17 1.033333 2.966667
   5   12   15 2.266667 2.733333
  11   26   40 4.290476 6.709524
   3    4   15 0.642857 2.357143
   1    0    6 0.000000 1.000000
   5   10   22 1.566667 3.433333
   6   10   24 1.800000 4.200000
  10   18   42 3.071429 6.928571
   1    0    6 0.000000 1.000000
  11   32   35 5.280952 5.719048
   2    2   11 0.309524 1.690476
   3    2   17 0.309524 2.690476
  18   44   63 7.523810 10.476190
   8   16   35 2.552381 5.447619
   6   10   25 1.761905 4.238095
  10   30   28 5.254762 4.745238
   3    4   12 0.766667 2.233333
   4    6   20 0.904762 3.095238
   3    4   15 0.642857 2.357143
  20   64   58 10.785714 9.214286
   8   20   31 3.202381 4.797619
   5    6   24 1.052381 3.947619
  13   36   41 6.061905 6.938095
   2    0   12 0.000000 2.000000
  23   70   66 11.825000 11.175000
   5    8   22 1.352381 3.647619
   5   14   15 2.400000 2.600000
   9   20   32 3.528571 5.471429
   1    0    6 0.000000 1.000000
   2    2   10 0.333333 1.666667
   7   14   25 2.500000 4.500000
  21   46   79 7.842857 13.157143
   6   10   25 1.776190 4.223810
   2    2   10 0.333333 1.666667
   8   16   33 2.780952 5.219048
   2    2   11 0.325000 1.675000
  40  154   88 25.715873 14.284127
  11   32   35 5.301587 5.698413
   9   18   33 3.242857 5.757143
  10   28   32 4.814286 5.185714
  23   64   77 10.608333 12.391667
   6   10   27 1.619048 4.380952
   1    0    7 0.000000 1.000000
   8   20   27 3.361905 4.638095
   3    2   17 0.342857 2.657143
  33   94   99 16.089286 16.910714
   7   14   31 2.219048 4.780952
   9   14   38 2.419048 6.580952
  10   24   36 3.976190 6.023810
  22   54   77 8.923810 13.076190
  12   42   31 7.195238 4.804762
  10   22   37 3.838095 6.161905
   2    0   12 0.000000 2.000000
  30   96   85 15.971429 14.028571
   5   12   20 1.928571 3.071429
  10   18   39 3.166667 6.833333
   4    4   22 0.634524 3.365476
  23   72   66 12.329762 10.670238
  10   34   26 5.728571 4.271429
  17   56   46 9.347619 7.652381
   4    4   20 0.666667 3.333333
  25   96   55 16.008333 8.991667
   7   22   20 3.623810 3.376190
  17   60   40 10.114286 6.885714
   3    4   12 0.733333 2.266667
  19   56   61 9.383333 9.616667
  13   42   36 7.223810 5.776190
  18   52   51 8.947619 9.052381
   2    2   10 0.342857 1.657143
  24   86   63 14.015476 9.984524
   4    8   17 1.261905 2.738095
  15   54   37 9.053571 5.946429
   1    0    5 0.000000 1.000000
  10   26   36 4.347619 5.652381
  12   42   33 7.097619 4.902381
  28  108   57 18.361905 9.638095
   2    2    8 0.400000 1.600000
  31  128   58 21.616667 9.383333
   1    0    6 0.000000 1.000000
  10   28   33 4.595238 5.404762
  11   34   32 5.757143 5.242857
  16   44   52 7.361905 8.638095
  31  108   76 18.345238 12.654762
   2    2   11 0.309524 1.690476
  29  106   67 17.714286 11.285714
   1    0    7 0.000000 1.000000
   4    2   25 0.291667 3.708333
  17   50   49 8.415476 8.584524
  14   46   36 8.021429 5.978571
  29   96   81 15.907143 13.092857
   1    0    7 0.000000 1.000000
  31   94   89 15.935714 15.064286
   4    8   17 1.285714 2.714286
   2    2   10 0.342857 1.657143
  12   40   34 6.771429 5.228571
  20   74   49 12.028571 7.971429
  25   82   67 13.697619 11.302381
  39  146   84 24.576190 14.423810
   2    0   12 0.000000 2.000000
   2    2   11 0.309524 1.690476
  10   34   26 5.704762 4.295238
  27   92   70 15.385714 11.614286
  17   44   62 7.228571 9.771429
  44  162   97 27.504762 16.495238
   4    8   15 1.385714 2.614286
  12   40   30 6.866667 5.133333
  19   52   66 8.395238 10.604762
  25   84   64 14.471429 10.528571
  40  144   97 24.436905 15.563095
   4    8   16 1.333333 2.666667
  15   50   39 8.433333 6.566667
  16   42   49 7.400000 8.600000
  15   40   54 6.314286 8.685714
  50  210   92 34.929762 15.070238
   3    2   19 0.285714 2.714286
  15   42   47 7.009524 7.990476
  18   44   65 7.496429 10.503571
  18   50   59 8.354762 9.645238
  46  174   98 29.684524 16.315476
   3    2   15 0.366667 2.633333
  10   16   46 2.728571 7.271429
  17   34   67 5.678571 11.321429
  18   46   57 8.119048 9.880952
  52  208  109 34.489286 17.510714
   2    2   10 0.333333 1.666667
  11   22   43 3.723810 7.276190
  22   44   85 7.502381 14.497619
  17   34   69 5.752381 11.247619
  48  166  125 27.442857 20.557143
   3    6   12 1.050000 1.950000
  14   32   52 5.361905 8.638095
  22   56   78 9.352381 12.647619
  11   24   43 4.019048 6.980952
  50  202   95 33.951190 16.048810
   2    2   10 0.333333 1.666667
  13   32   46 5.461905 7.538095
  21   48   79 7.919048 13.080952
   6   14   22 2.338095 3.661905
  58  246  101 41.290476 16.709524
   3    6   11 1.085714 1.914286
   7   16   25 2.852381 4.147619
  26   86   75 14.161905 11.838095
   2    2    9 0.366667 1.633333
  62  282   88 47.400000 14.600000
   4    4   18 0.733333 3.266667
   8   24   25 4.180952 3.819048
  31   90   96 15.071429 15.928571
  57  248   95 41.255952 15.744048
   5    8   22 1.395238 3.604762
   3    6   14 0.904762 2.095238
  26   74   85 12.519048 13.480952
  66  290  101 49.133333 16.866667
   4    4   22 0.595238 3.404762
   2    2   10 0.333333 1.666667
  16   46   50 7.728571 8.271429
  78  390   76 65.352381 12.647619
   3    2   17 0.333333 2.666667
   2    2   11 0.309524 1.690476
  27  100   64 16.732143 10.267857
  68  322   82 54.100000 13.900000
   3    2   16 0.366667 2.633333
   5   14   16 2.338095 2.661905
  22   76   61 12.576190 9.423810
  70  332   83 55.776190 14.223810
   5   10   19 1.728571 3.271429
   3    6   13 0.952381 2.047619
  27   92   70 15.404762 11.595238
  65  312   78 52.032143 12.967857
   4    4   20 0.709524 3.290476
   3    0   18 0.000000 3.000000
  33  114   83 19.209524 13.790476
  60  282   79 46.990476 13.009524
   1    0    6 0.000000 1.000000
   5   10   23 1.629762 3.370238
  35  126   83 21.228571 13.771429
  59  270   82 45.453571 13.546429
   1    0    6 0.000000 1.000000
   3    2   18 0.309524 2.690476
  36  156   59 26.195238 9.804762
  60  300   59 50.342857 9.657143
   2    2    9 0.366667 1.633333
  30  114   67 18.990476 11.009524
  68  348   60 58.378571 9.621429
   2    2   10 0.333333 1.666667
  27   98   64 16.352381 10.647619
  71  362   64 60.527381 10.472619
   2    2   10 0.333333 1.666667
  22   76   54 12.789286 9.210714
  76  404   54 67.395238 8.604762
  12   30   43 5.033333 6.966667
  88  484   43 80.857143 7.142857
  23   58   77 9.826190 13.173810
  77  388   77 64.371429 12.628571
  12   12   59 2.019048 9.980952
  88  470   59 78.321429 9.678571
  13   24   56 4.085714 8.914286
  87  464   56 77.610714 9.389286
  14   26   58 4.448810 9.551190
  86  458   58 76.465476 9.534524
  13   38   39 6.419048 6.580952
  87  484   39 80.576190 6.423810
  16   64   32 10.759524 5.240476
  84  472   32 78.671429 5.328571
  18   64   48 10.646429 7.353571
  82  440   48 73.703571 8.296429
  22   86   44 14.497619 7.502381
  78  426   44 70.852381 7.147619
  15   42   47 7.190476 7.809524
  85  464   47 77.386905 7.613095
  15   50   41 8.238095 6.761905
  85  468   41 78.023810 6.976190
  16   56   36 9.647619 6.352381
  84  472   36 78.420238 5.579762
  30  110   71 18.371429 11.628571
  70  348   71 58.133333 11.866667
  26   84   74 14.050000 11.950000
  74  368   74 61.553571 12.446429
  29   90   85 14.995238 14.004762
  71  340   85 56.619048 14.380952
  20   50   67 8.647619 11.352381
  80  416   67 69.288095 10.711905
   8   14   33 2.419048 5.580952
  92  520   33 86.570238 5.429762
  11   26   35 4.700000 6.300000
  89  504   35 83.728571 5.271429
   7   12   31 1.969048 5.030952
  93  526   31 87.847619 5.152381
   2    0   12 0.000000 2.000000
  98  576   12 96.014286 1.985714
 100  600    0 100.000000 0.000000
