   2    2   11 0.309524 1.690476
   1    0    6 0.000000 1.000000
   2    2    9 0.366667 1.633333
   1    0    6 0.000000 1.000000
   1    0    6 0.000000 1.000000
   1    0    6 0.000000 1.000000
   1    0    7 0.000000 1.000000
   1    0    6 0.000000 1.000000
   3    4   12 0.766667 2.233333
   2    2    9 0.366667 1.633333
   2    2   10 0.342857 1.657143
   1    0    6 0.000000 1.000000
   1    0    7 0.000000 1.000000
   2    2   11 0.309524 1.690476
   4   10   13 1.761905 2.238095
   3    2   16 0.333333 2.666667
   1    0    7 0.000000 1.000000
   1    0    6 0.000000 1.000000
   2    2   11 0.309524 1.690476
   1    0    6 0.000000 1.000000
   3    4   14 0.709524 2.290476
   1    0    6 0.000000 1.000000
   3    6   12 1.050000 1.950000
   1    0    6 0.000000 1.000000
   1    0    6 0.000000 1.000000
   1    0    7 0.000000 1.000000
   1    0    6 0.000000 1.000000
   3    6   10 1.133333 1.866667
   1    0    6 0.000000 1.000000
   2    2   10 0.342857 1.657143
   2    2   12 0.285714 1.714286
   1    0    8 0.000000 1.000000
   2    2    9 0.366667 1.633333
   1    0    6 0.000000 1.000000
   1    0    5 0.000000 1.000000
   1    0    6 0.000000 1.000000
   2    2   10 0.333333 1.666667
   3    4   12 0.733333 2.266667
   1    0    6 0.000000 1.000000
   1    0    6 0.000000 1.000000
   1    0    6 0.000000 1.000000
   1    0    6 0.000000 1.000000
   4    6   16 1.066667 2.933333
   2    2   11 0.309524 1.690476
   1    0    7 0.000000 1.000000
   1    0    6 0.000000 1.000000
   2    2   11 0.309524 1.690476
   2    2   11 0.309524 1.690476
   5   10   21 1.695238 3.304762
   1    0    6 0.000000 1.000000
   2    0   12 0.000000 2.000000
   1    0    6 0.000000 1.000000
   1    0    5 0.000000 1.000000
   2    2    8 0.400000 1.600000
   1    0    6 0.000000 1.000000
   1    0    6 0.000000 1.000000
   1    0    6 0.000000 1.000000
   6   18   18 3.038095 2.961905
   4    6   17 1.066667 2.933333
   2    2   11 0.309524 1.690476
   6   12   24 1.995238 4.004762
   1    0    5 0.000000 1.000000
   2    2   11 0.309524 1.690476
   5    8   19 1.500000 3.500000
   4    8   17 1.338095 2.661905
   1    0    6 0.000000 1.000000
   2    2   11 0.309524 1.690476
   2    2   12 0.285714 1.714286
   5   10   19 1.809524 3.190476
   2    2   10 0.342857 1.657143
   2    2   11 0.309524 1.690476
   2    2    9 0.366667 1.633333
   1    0    7 0.000000 1.000000
   5   14   17 2.314286 2.685714
   3    4   12 0.766667 2.233333
   1    0    6 0.000000 1.000000
   3    6   13 0.952381 2.047619
   2    2   11 0.325000 1.675000
   1    0    7 0.000000 1.000000
   2    2   11 0.309524 1.690476
   1    0    5 0.000000 1.000000
   2    2   10 0.333333 1.666667
   5   14   15 2.400000 2.600000
   6   12   24 2.014286 3.985714
   3    6   10 1.133333 1.866667
   1    0    6 0.000000 1.000000
   2    2    9 0.366667 1.633333
   1    0    7 0.000000 1.000000
   2    2   11 0.309524 1.690476
   3    6   12 1.000000 2.000000
   3    2   20 0.285714 2.714286
   2    2    8 0.400000 1.600000
   2    2   10 0.333333 1.666667
   1    0    7 0.000000 1.000000
   3    4   14 0.666667 2.333333
   1    0    6 0.000000 1.000000
   4    4   16 0.783333 3.216667
   4    6   16 1.066667 2.933333
   3    6   14 0.916667 2.083333
   2    2   13 0.267857 1.732143
   6   16   21 2.695238 3.304762
   5    8   22 1.319048 3.680952
   4    4   18 0.733333 3.266667
   1    0    6 0.000000 1.000000
   2    2   10 0.333333 1.666667
   3    4   14 0.666667 2.333333
   6   18   17 3.100000 2.900000
   1    0    7 0.000000 1.000000
   5   14   17 2.347619 2.652381
   4    8   18 1.238095 2.761905
   1    0    6 0.000000 1.000000
   2    2    9 0.366667 1.633333
   4    6   17 1.066667 2.933333
   2    2   11 0.309524 1.690476
   2    2    9 0.366667 1.633333
   6   12   24 1.990476 4.009524
   2    2   10 0.333333 1.666667
   5   10   21 1.671429 3.328571
   4    8   15 1.366667 2.633333
   2    2   10 0.342857 1.657143
   5   14   16 2.304762 2.695238
   4   10   15 1.735714 2.264286
   4   10   15 1.678571 2.321429
   1    0    5 0.000000 1.000000
   1    0    5 0.000000 1.000000
   2    2    7 0.450000 1.550000
   7   14   28 2.371429 4.628571
   2    2   10 0.333333 1.666667
   3    4   16 0.595238 2.404762
  10   36   24 6.100000 3.900000
   8   24   25 3.966667 4.033333
   2    2   10 0.333333 1.666667
   2    2   11 0.309524 1.690476
   3    4   14 0.666667 2.333333
   1    0    6 0.000000 1.000000
   5   10   21 1.614286 3.385714
   6   16   19 2.900000 3.100000
   1    0    5 0.000000 1.000000
   5    8   23 1.328571 3.671429
   2    2   10 0.333333 1.666667
   6   18   18 3.009524 2.990476
   7   10   30 1.783333 5.216667
   1    0    6 0.000000 1.000000
   2    2   10 0.333333 1.666667
   7   22   20 3.666667 3.333333
   3    4   13 0.733333 2.266667
   4    6   16 1.100000 2.900000
   1    0    6 0.000000 1.000000
   7   20   23 3.285714 3.714286
   2    2   10 0.342857 1.657143
   5   14   15 2.433333 2.566667
   5   14   17 2.290476 2.709524
   1    0    6 0.000000 1.000000
   5    6   21 1.185714 3.814286
  10   26   32 4.333333 5.666667
   6   14   20 2.533333 3.466667
   1    0    8 0.000000 1.000000
   1    0    7 0.000000 1.000000
   2    0   14 0.000000 2.000000
   1    0    7 0.000000 1.000000
   8   14   35 2.347619 5.652381
   5   10   19 1.733333 3.266667
   1    0    7 0.000000 1.000000
   2    2   11 0.309524 1.690476
   6    8   25 1.466667 4.533333
   3    4   14 0.709524 2.290476
   5    2   30 0.333333 4.666667
   2    2   10 0.333333 1.666667
   4    4   21 0.642857 3.357143
   2    2   10 0.342857 1.657143
  14   52   30 8.923810 5.076190
   3    4   13 0.733333 2.266667
   8   26   24 4.244048 3.755952
   1    0    6 0.000000 1.000000
   7   18   25 2.966667 4.033333
   2    2    9 0.366667 1.633333
   3    2   18 0.291667 2.708333
   7   22   19 3.795238 3.204762
   1    0    6 0.000000 1.000000
   1    0    6 0.000000 1.000000
   2    0   12 0.000000 2.000000
  15   48   44 7.933333 7.066667
   4    8   16 1.385714 2.614286
   1    0    7 0.000000 1.000000
   4   10   12 1.875000 2.125000
   5    8   22 1.261905 3.738095
   1    0    7 0.000000 1.000000
   6    6   29 1.100000 4.900000
   1    0    6 0.000000 1.000000
   1    0    7 0.000000 1.000000
  23   86   48 14.666667 8.333333
   3    4   14 0.709524 2.290476
  12   44   27 7.623810 4.376190
   7   20   23 3.285714 3.714286
   3    4   15 0.619048 2.380952
   4    8   16 1.385714 2.614286
   2    2   10 0.333333 1.666667
   5   12   15 2.183333 2.816667
   2    2   12 0.285714 1.714286
  18   74   34 12.466667 5.533333
   1    0    6 0.000000 1.000000
   2    2   10 0.342857 1.657143
   6    6   29 1.009524 4.990476
   3    6   13 0.952381 2.047619
   3    6   12 1.019048 1.980952
   4    2   23 0.309524 3.690476
  24   84   58 14.190476 9.809524
   7    8   37 1.190476 5.809524
   9   28   26 4.680952 4.319048
   7   22   20 3.633333 3.366667
   3    4   13 0.742857 2.257143
   2    2   11 0.325000 1.675000
   1    0    6 0.000000 1.000000
  10   28   31 4.776190 5.223810
   2    2   11 0.309524 1.690476
  15   52   36 8.780952 6.219048
   3    4   15 0.642857 2.357143
   2    2    9 0.366667 1.633333
   1    0    8 0.000000 1.000000
   9   22   31 3.761905 5.238095
  27   94   68 15.814286 11.185714
  11   22   41 3.733333 7.266667
   7   16   27 2.525000 4.475000
   4    8   16 1.333333 2.666667
   6   14   24 2.245238 3.754762
   4    6   21 0.910714 3.089286
  17   64   36 10.857143 6.142857
   1    0    5 0.000000 1.000000
  11   32   33 5.438095 5.561905
   3    4   16 0.595238 2.404762
   8   20   30 3.252381 4.747619
  31  122   64 20.245238 10.754762
   6    6   29 0.995238 5.004762
  13   40   35 6.959524 6.040476
   3    6   12 1.019048 1.980952
   3    6   13 0.983333 2.016667
   1    0    7 0.000000 1.000000
  19   64   47 10.814286 8.185714
   3    4   14 0.666667 2.333333
  11   22   42 3.833333 7.166667
   6   14   21 2.404762 3.595238
   6   12   25 1.941667 4.058333
  33  126   78 20.700000 12.300000
   7    8   31 1.466667 5.533333
  11   30   37 4.966667 6.033333
   2    2    9 0.366667 1.633333
   1    0    7 0.000000 1.000000
  25   86   59 14.745238 10.254762
   1    0    7 0.000000 1.000000
  11   26   42 4.353571 6.646429
   6   12   25 2.052381 3.947619
   4    2   19 0.450000 3.550000
  38  136   92 22.693651 15.306349
   2    0   13 0.000000 2.000000
   8   18   32 2.945238 5.054762
   5   10   21 1.666667 3.333333
  32  122   68 20.796429 11.203571
  11   28   43 4.452381 6.547619
  10   34   25 5.776190 4.223810
   5    6   28 0.880952 4.119048
  28   92   73 15.527381 12.472619
   1    0    6 0.000000 1.000000
   8   22   25 3.738095 4.261905
   5   10   18 1.833333 3.166667
  35  138   72 23.066667 11.933333
   7   16   27 2.557143 4.442857
  16   60   33 10.300000 5.700000
   1    0    6 0.000000 1.000000
  26   86   66 14.485714 11.514286
   2    2   12 0.285714 1.714286
   9   22   34 3.565476 5.434524
   4    6   20 0.971429 3.028571
  32  126   62 21.308333 10.691667
  10   30   30 5.019048 4.980952
  11   36   30 5.971429 5.028571
  32  116   77 19.321429 12.678571
   1    0    7 0.000000 1.000000
  13   38   42 6.309524 6.690476
   1    0    6 0.000000 1.000000
  31  112   73 18.945238 12.054762
   8   18   31 3.004762 4.995238
  14   42   43 6.909524 7.090476
  37  142   80 24.004762 12.995238
   1    0    6 0.000000 1.000000
   9   30   23 5.066667 3.933333
  31  126   58 21.319048 9.680952
   7   16   26 2.633333 4.366667
  17   62   39 10.419048 6.580952
  37  148   79 24.361905 12.638095
   1    0    7 0.000000 1.000000
   7   16   23 2.895238 4.104762
  30  130   53 21.489286 8.510714
   7   10   29 1.800000 5.200000
  12   26   47 4.361905 7.638095
  35  144   67 24.142857 10.857143
  16   62   32 10.442857 5.557143
  29  106   66 17.854762 11.145238
   7   14   25 2.495238 4.504762
  13   26   58 4.105952 8.894048
  34  144   58 24.126190 9.873810
  17   66   37 11.014286 5.985714
  23   70   68 11.790476 11.209524
   6   14   23 2.270238 3.729762
  23   76   64 12.695238 10.304762
  28   86   82 14.448810 13.551190
  20   70   47 11.938095 8.061905
  29  112   60 18.916667 10.083333
   6   16   22 2.571429 3.428571
  18   56   58 8.936905 9.063095
  30   98   79 16.595238 13.404762
  17   52   47 9.042857 7.957143
  35  140   68 23.538095 11.461905
   5   10   21 1.570238 3.429762
  12   22   51 3.779762 8.220238
  27   86   76 14.242857 12.757143
  21   84   42 14.264286 6.735714
  38  162   71 26.676190 11.323810
   1    0    7 0.000000 1.000000
   9   10   43 1.661905 7.338095
  29  118   55 19.895238 9.104762
  23   88   46 15.023810 7.976190
  23   68   71 11.433333 11.566667
   1    0    5 0.000000 1.000000
  15   32   59 5.314286 9.685714
  36  146   65 24.978571 11.021429
  25   90   64 14.876190 10.123810
  19   48   62 8.461905 10.538095
  19   56   63 9.246429 9.753571
  38  162   66 27.233333 10.766667
  24   82   61 13.866667 10.133333
  15   32   59 5.457143 9.542857
  27   80   81 13.609524 13.390476
  28  100   72 16.466667 11.533333
  30  114   62 19.190476 10.809524
  14   34   53 5.736905 8.263095
  28   94   73 15.853571 12.146429
  22   56   75 9.527381 12.472619
  36  160   55 26.886905 9.113095
  16   44   54 7.280952 8.719048
  24   68   78 11.713095 12.286905
  21   38   84 6.542857 14.457143
  39  166   68 27.928571 11.071429
  17   50   51 8.560714 8.439286
  30   78  100 13.152381 16.847619
  21   62   69 10.061905 10.938095
  32  124   66 20.766667 11.233333
  11   28   40 4.592857 6.407143
  26   70   88 11.580952 14.419048
  27   90   69 15.333333 11.666667
  36  142   73 23.832143 12.167857
   9   30   21 5.314286 3.685714
  18   64   43 10.879762 7.120238
  35  150   60 25.348810 9.651190
  38  166   66 27.773810 10.226190
   7   18   26 2.982143 4.017857
  18   46   59 7.913095 10.086905
  44  196   70 32.846429 11.153571
  31  122   63 20.461905 10.538095
   6   18   17 3.053571 2.946429
  21   70   58 11.495238 9.504762
  46  208   74 34.278571 11.721429
  27   80   75 13.751190 13.248810
   3    4   15 0.642857 2.357143
  24   58   88 9.734524 14.265476
  46  186   88 31.316667 14.683333
  27   82   79 13.460714 13.539286
   3    0   15 0.000000 3.000000
  12   18   55 3.128571 8.871429
  52  198  114 33.123810 18.876190
  33  100  100 16.852381 16.147619
   4    2   23 0.333333 3.666667
  17   38   70 6.105952 10.894048
  52  208   97 35.261905 16.738095
  27   90   72 15.228571 11.771429
   7   10   27 1.845238 5.154762
  18   44   67 7.252381 10.747619
  52  200  112 33.509524 18.490476
  23   76   64 12.633333 10.366667
   9   12   40 2.152381 6.847619
  17   40   61 6.719048 10.280952
  53  216  102 36.169048 16.830952
  21   68   61 11.238095 9.761905
   8    8   38 1.466667 6.533333
  16   38   57 6.395238 9.604762
  56  220  116 36.970238 19.029762
  20   54   69 8.928571 11.071429
   4    6   19 0.976190 3.023810
   7    4   34 0.766667 6.233333
  62  266  108 44.078968 17.921032
  27   86   77 14.323810 12.676190
   4    6   18 0.985714 3.014286
   3    0   19 0.000000 3.000000
  75  364   88 60.566667 14.433333
  18   34   71 5.904762 12.095238
   7   12   26 2.261905 4.738095
   1    0    7 0.000000 1.000000
  84  454   52 75.840476 8.159524
   8   14   35 2.414286 5.585714
   3    4   14 0.666667 2.333333
   1    0    6 0.000000 1.000000
  86  466   50 77.734524 8.265476
  10   22   38 3.709524 6.290476
   7   16   24 2.761905 4.238095
   2    2   10 0.333333 1.666667
  84  462   45 76.695238 7.304762
   7   10   31 1.716667 5.283333
  11   28   40 4.567857 6.432143
  85  456   51 76.550000 8.450000
   4    6   19 0.952381 3.047619
   5    4   23 0.733333 4.266667
  92  524   31 86.946429 5.053571
   3    6   12 1.000000 2.000000
   1    0    6 0.000000 1.000000
  93  530   30 88.166667 4.833333
   6    8   26 1.495238 4.504762
   1    0    7 0.000000 1.000000
  96  554   21 92.495238 3.504762
   3    4   14 0.666667 2.333333
   6   18   17 3.152381 2.847619
  92  520   31 86.786905 5.213095
   2    0   14 0.000000 2.000000
   1    0    7 0.000000 1.000000
  95  548   21 91.490476 3.509524
   4   10   14 1.666667 2.333333
  97  570   12 95.066667 1.933333
   3    6   12 1.019048 1.980952
  99  588    6 98.023810 0.976190
   1    0    6 0.000000 1.000000
  98  580    9 96.609524 1.390476
   2    2    9 0.366667 1.633333
  99  588    6 97.966667 1.033333
   1    0    6 0.000000 1.000000
 100  600    0 100.000000 0.000000
