   2    2    9 0.366667 1.633333
   1    0    6 0.000000 1.000000
   1    0    6 0.000000 1.000000
   2    2   10 0.333333 1.666667
   1    0    6 0.000000 1.000000
   1    0    6 0.000000 1.000000
   1    0    6 0.000000 1.000000
   3    4   12 0.766667 2.233333
   1    0    6 0.000000 1.000000
   1    0    7 0.000000 1.000000
   1    0    6 0.000000 1.000000
   1    0    7 0.000000 1.000000
   1    0    6 0.000000 1.000000
   2    2    9 0.366667 1.633333
   2    2    9 0.366667 1.633333
   1    0    5 0.000000 1.000000
   1    0    7 0.000000 1.000000
   2    2   11 0.309524 1.690476
   3    4   12 0.766667 2.233333
   8   22   24 3.838095 4.161905
   8   18   31 2.947619 5.052381
   1    0    6 0.000000 1.000000
   1    0    7 0.000000 1.000000
   2    2    9 0.366667 1.633333
   1    0    7 0.000000 1.000000
   1    0    5 0.000000 1.000000
   1    0    6 0.000000 1.000000
   1    0    6 0.000000 1.000000
   1    0    6 0.000000 1.000000
   2    2   10 0.342857 1.657143
   2    2   11 0.309524 1.690476
   2    2    9 0.366667 1.633333
   2    2   11 0.309524 1.690476
   2    2   11 0.309524 1.690476
   2    2   10 0.333333 1.666667
   3    6   11 1.066667 1.933333
   1    0    5 0.000000 1.000000
   1    0    6 0.000000 1.000000
   2    2   11 0.309524 1.690476
   1    0    6 0.000000 1.000000
   2    2    9 0.366667 1.633333
   1    0    6 0.000000 1.000000
   3    6   12 1.000000 2.000000
   1    0    6 0.000000 1.000000
   2    2   11 0.309524 1.690476
   1    0    6 0.000000 1.000000
   1    0    6 0.000000 1.000000
   1    0    5 0.000000 1.000000
   2    2   11 0.309524 1.690476
   1    0    7 0.000000 1.000000
   7   16   27 2.580952 4.419048
   1    0    6 0.000000 1.000000
   1    0    7 0.000000 1.000000
   1    0    6 0.000000 1.000000
   2    2   11 0.309524 1.690476
   2    2   12 0.291667 1.708333
   3    6   14 0.904762 2.095238
   5   14   16 2.352381 2.647619
   1    0    7 0.000000 1.000000
   2    2    9 0.366667 1.633333
   2    2    8 0.416667 1.583333
   1    0    6 0.000000 1.000000
   2    2   12 0.285714 1.714286
   8   22   24 3.804762 4.195238
   3    4   14 0.666667 2.333333
  10   34   24 5.861905 4.138095
   9   24   31 4.004762 4.995238
   1    0    6 0.000000 1.000000
   2    2   12 0.291667 1.708333
   1    0    6 0.000000 1.000000
   4   10   10 2.000000 2.000000
   2    2   10 0.333333 1.666667
   1    0    7 0.000000 1.000000
   2    2   11 0.309524 1.690476
   2    2    9 0.366667 1.633333
   1    0    7 0.000000 1.000000
   1    0    6 0.000000 1.000000
   3    4   14 0.652381 2.347619
   3    4   15 0.642857 2.357143
   2    2   10 0.333333 1.666667
   1    0    7 0.000000 1.000000
   4    8   16 1.333333 2.666667
   3    4   12 0.766667 2.233333
   5   12   19 1.976190 3.023810
   2    2   11 0.309524 1.690476
   2    2    9 0.366667 1.633333
   1    0    7 0.000000 1.000000
   6   14   20 2.461905 3.538095
   1    0    6 0.000000 1.000000
   2    2    9 0.366667 1.633333
   4   10   15 1.608333 2.391667
   5   12   19 1.928571 3.071429
   2    0   11 0.000000 2.000000
   1    0    7 0.000000 1.000000
   1    0    5 0.000000 1.000000
   1    0    6 0.000000 1.000000
   3    4   15 0.642857 2.357143
   2    2   10 0.333333 1.666667
  11   36   29 6.238095 4.761905
   7   20   22 3.409524 3.590476
  10   32   28 5.442857 4.557143
   3    2   16 0.333333 2.666667
   1    0    6 0.000000 1.000000
   1    0    7 0.000000 1.000000
   5   12   18 2.019048 2.980952
   1    0    6 0.000000 1.000000
   1    0    6 0.000000 1.000000
   1    0    7 0.000000 1.000000
   7   16   25 2.733333 4.266667
   3    4   14 0.676190 2.323810
   2    2   11 0.309524 1.690476
   1    0    6 0.000000 1.000000
   3    6   12 1.019048 1.980952
   6   16   19 2.733333 3.266667
   6   12   22 2.128571 3.871429
   3    4   14 0.676190 2.323810
   2    2   10 0.342857 1.657143
   2    2   11 0.309524 1.690476
   5   10   19 1.700000 3.300000
   2    2   10 0.333333 1.666667
   4    6   19 0.904762 3.095238
   5   12   18 1.995238 3.004762
   1    0    7 0.000000 1.000000
   3    4   15 0.642857 2.357143
   4   10   13 1.864286 2.135714
  11   34   32 5.642857 5.357143
   9   24   32 3.861905 5.138095
  11   30   37 5.028571 5.971429
   4    8   15 1.452381 2.547619
   1    0    7 0.000000 1.000000
   5   10   21 1.619048 3.380952
   2    2    9 0.366667 1.633333
   1    0    6 0.000000 1.000000
   6    8   24 1.500000 4.500000
   2    2    9 0.366667 1.633333
   1    0    6 0.000000 1.000000
   3    4   14 0.709524 2.290476
   2    2   10 0.333333 1.666667
   5   14   15 2.400000 2.600000
   6   14   23 2.238095 3.761905
   6   16   19 2.676190 3.323810
   2    2   10 0.333333 1.666667
   4    6   19 0.938095 3.061905
   4    6   17 1.066667 2.933333
   5   10   23 1.470238 3.529762
   3    6   11 1.085714 1.914286
   4    4   18 0.700000 3.300000
   2    2   11 0.309524 1.690476
  12   44   27 7.533333 4.466667
  12   26   45 4.471429 7.528571
  14   44   41 7.366667 6.633333
   3    4   15 0.642857 2.357143
   9   30   23 5.057143 3.942857
   1    0    6 0.000000 1.000000
   6   12   23 2.066667 3.933333
   2    2   11 0.309524 1.690476
   5   10   17 1.833333 3.166667
   1    0    7 0.000000 1.000000
   3    4   15 0.642857 2.357143
   4    8   17 1.285714 2.714286
   5    6   25 0.985714 4.014286
   4    4   20 0.742857 3.257143
   1    0    6 0.000000 1.000000
   2    2   11 0.309524 1.690476
   6    6   29 1.119048 4.880952
   3    6   13 0.952381 2.047619
   5    8   23 1.377381 3.622619
  15   50   40 8.466667 6.533333
  13   32   44 5.547619 7.452381
  12   34   39 5.594048 6.405952
   1    0    7 0.000000 1.000000
   7   10   32 1.661905 5.338095
   9   24   29 4.138095 4.861905
   1    0    5 0.000000 1.000000
   4    8   18 1.214286 2.785714
   3    4   13 0.733333 2.266667
   2    0   15 0.000000 2.000000
   5    8   19 1.500000 3.500000
   5    6   25 1.019048 3.980952
   7   20   20 3.600000 3.400000
   2    2    9 0.366667 1.633333
  15   46   45 7.719048 7.280952
   5   10   20 1.666667 3.333333
  12   42   30 7.090476 4.909524
  15   32   60 5.228571 9.771429
   8   14   32 2.476190 5.523810
   6   18   18 3.057143 2.942857
   8   12   32 2.233333 5.766667
   9   22   33 3.628571 5.371429
   2    0   11 0.000000 2.000000
   1    0    6 0.000000 1.000000
   3    4   16 0.625000 2.375000
   2    2   11 0.309524 1.690476
   5    4   27 0.619048 4.380952
   7   20   22 3.314286 3.685714
   2    2   10 0.333333 1.666667
   8   18   28 3.119048 4.880952
   7   16   26 2.742857 4.257143
   9   26   28 4.352381 4.647619
  24   80   67 13.285714 10.714286
  11   26   40 4.547619 6.452381
   5   12   17 2.057143 2.942857
   8   20   27 3.485714 4.514286
   8   16   33 2.580952 5.419048
   2    0   10 0.000000 2.000000
   1    0    7 0.000000 1.000000
   5   12   20 1.904762 3.095238
   5    6   23 1.033333 3.966667
   5   14   16 2.333333 2.666667
   2    2    9 0.366667 1.633333
   8   20   31 3.160714 4.839286
   5   10   22 1.541667 3.458333
   7   18   23 3.219048 3.780952
  27  102   61 17.145238 9.854762
  12   30   40 5.085714 6.914286
   5   12   17 2.114286 2.885714
   6   12   24 1.961905 4.038095
   7    8   34 1.395238 5.604762
   1    0    7 0.000000 1.000000
   7   14   24 2.600000 4.400000
  12   36   38 5.985714 6.014286
   1    0    6 0.000000 1.000000
   2    2   11 0.325000 1.675000
   7   20   22 3.361905 3.638095
   5   10   19 1.752381 3.247619
   2    2   10 0.342857 1.657143
  30  126   56 20.998810 9.001190
  15   44   46 7.442857 7.557143
  17   64   35 11.021429 5.978571
   7   16   26 2.727381 4.272619
   8   22   25 3.800000 4.200000
   3    2   16 0.342857 2.657143
   4   10   16 1.571429 2.428571
   3    6   13 0.952381 2.047619
   6   12   24 2.076190 3.923810
   3    6   12 1.019048 1.980952
   2    0   12 0.000000 2.000000
  19   56   53 9.852381 9.147619
  20   62   54 10.869048 9.130952
  16   60   39 9.809524 6.190476
   7   12   31 1.938095 5.061905
  14   40   44 6.819048 7.180952
   8   16   35 2.552381 5.447619
   2    2   11 0.309524 1.690476
   4    6   18 1.000000 3.000000
  11   30   33 5.200000 5.800000
   6   20   18 3.285714 2.714286
   1    0    7 0.000000 1.000000
  10   16   43 2.700000 7.300000
  15   36   55 6.004762 8.995238
  21   72   53 12.288095 8.711905
   5   10   21 1.595238 3.404762
  16   46   50 7.733333 8.266667
   8   12   37 2.004762 5.995238
   3    6   11 1.066667 1.933333
   1    0    7 0.000000 1.000000
   4    8   16 1.328571 2.671429
   9   30   25 4.861905 4.138095
  17   52   50 8.896429 8.103571
  13   44   35 7.628571 5.371429
  25   86   62 14.480952 10.519048
   5    8   22 1.319048 3.680952
   8   10   39 1.551190 6.448810
  17   44   57 7.423810 9.576190
   1    0    5 0.000000 1.000000
   5    8   19 1.600000 3.400000
   9   30   23 5.119048 3.880952
  10   18   42 3.104762 6.895238
  11   16   51 2.680952 8.319048
  16   32   69 5.192857 10.807143
   7   18   22 3.200000 3.800000
   9   16   37 2.794048 6.205952
  32  122   71 20.452381 11.547619
   1    0    6 0.000000 1.000000
  10   22   37 3.864286 6.135714
  13   36   41 6.152381 6.847619
  13   40   37 6.685714 6.314286
   6    8   26 1.400000 4.600000
  14   20   64 3.414286 10.585714
   9   26   29 4.295238 4.704762
  11   16   53 2.553571 8.446429
  24   70   75 11.695238 12.304762
   8   14   35 2.376190 5.623810
  16   52   40 9.290476 6.709524
  12   34   40 5.646429 6.353571
   4    4   21 0.642857 3.357143
  12   16   55 2.695238 9.304762
  19   46   66 7.928571 11.071429
  10   12   50 2.045238 7.954762
  19   42   73 7.129762 11.870238
   8   14   36 2.380952 5.619048
  17   50   51 8.595238 8.404762
  17   56   45 9.614286 7.385714
   1    0    7 0.000000 1.000000
  12   22   48 3.719048 8.280952
  16   26   69 4.352381 11.647619
   8   12   35 2.019048 5.980952
  21   82   47 13.707143 7.292857
  11   20   43 3.552381 7.447619
  18   54   59 9.028571 8.971429
   9   18   39 2.894048 6.105952
  17   48   54 8.085714 8.914286
  14   30   56 4.948810 9.051190
  10   22   35 3.895238 6.104762
  21   68   54 11.488095 9.511905
   5   10   23 1.476190 3.523810
  12   24   53 3.819048 8.180952
  11   26   40 4.366667 6.633333
  14   32   53 5.309524 8.690476
  15   32   54 5.633333 9.366667
  11   24   39 4.147619 6.852381
  32  112   78 18.766667 13.233333
   1    0    5 0.000000 1.000000
   7   12   34 1.904762 5.095238
  12   22   48 3.857143 8.142857
  23   74   65 12.438095 10.561905
  15   36   54 6.166667 8.833333
  13   36   37 6.259524 6.740476
  29   88   89 14.727381 14.272619
   3    4   13 0.700000 2.300000
   5    2   29 0.333333 4.666667
  36  140   77 23.470238 12.529762
  13   36   45 5.915476 7.084524
  21   58   63 10.014286 10.985714
  22   52   81 8.738095 13.261905
   4    2   23 0.309524 3.690476
  41  160   84 26.876190 14.123810
   9   16   36 2.853571 6.146429
  26   86   72 14.361905 11.638095
  20   72   49 12.014286 7.985714
   6    8   27 1.409524 4.590476
  31  124   63 20.738095 10.261905
  13   26   48 4.609524 8.390476
  18   50   62 8.410714 9.589286
  32  140   52 23.509524 8.490476
   6    8   31 1.238095 4.761905
  35  126   86 20.695238 14.304762
  15   34   57 5.647619 9.352381
   6    8   27 1.319048 4.680952
  38  164   59 27.707143 10.292857
  10   28   33 4.566667 5.433333
  37  152   73 25.295238 11.704762
  13   20   57 3.380952 9.619048
   3    2   13 0.450000 2.550000
  37  156   66 25.932143 11.067857
   8   16   31 2.728571 5.271429
  38  160   67 26.691667 11.308333
   3    0   17 0.000000 3.000000
   5    6   25 0.995238 4.004762
  46  192   86 31.951190 14.048810
  10   28   36 4.480952 5.519048
  41  184   63 30.554762 10.445238
   2    2   10 0.333333 1.666667
   9   14   38 2.447619 6.552381
  38  132   93 22.135714 15.864286
  20   72   47 12.157143 7.842857
  36  162   51 27.427381 8.572619
   3    6   11 1.085714 1.914286
   7   12   33 1.957143 5.042857
  34  120   86 19.991667 14.008333
  17   48   51 8.314286 8.685714
  38  174   56 28.985714 9.014286
   4    6   19 0.991667 3.008333
   7    6   37 0.976190 6.023810
  34  112   91 18.838095 15.161905
  16   42   55 7.104762 8.895238
  41  180   67 29.992857 11.007143
  11   38   26 6.523810 4.476190
   7   10   33 1.686905 5.313095
  25   76   73 12.958333 12.041667
  15   32   54 5.664286 9.335714
  45  176   91 29.578571 15.421429
   6    8   28 1.338095 4.661905
  15   44   48 7.357143 7.642857
  19   64   55 10.696429 8.303571
  20   54   64 9.297619 10.702381
  50  202   98 33.766667 16.233333
   4    4   18 0.742857 3.257143
  11   20   47 3.535714 7.464286
  15   30   63 4.842857 10.157143
  23   76   63 12.647619 10.352381
  39  154   78 26.157143 12.842857
   7   22   20 3.752381 3.247619
  23   88   51 14.733333 8.266667
   8   16   32 2.719048 5.280952
  34  122   85 20.326190 13.673810
  20   46   74 7.670238 12.329762
   2    2    9 0.366667 1.633333
  29  114   59 19.008333 9.991667
  15   46   43 7.838095 7.161905
  35  132   76 22.222619 12.777381
  23   62   75 10.485714 12.514286
  31  120   66 20.038095 10.961905
  11   32   37 5.233333 5.766667
  33  124   77 20.533333 12.466667
  17   44   56 7.495238 9.504762
  38  170   59 28.433333 9.566667
  12   30   40 5.233333 6.766667
  34  134   72 22.220238 11.779762
  10   16   44 2.783333 7.216667
  38  172   55 28.861905 9.138095
  18   66   41 11.254762 6.745238
  36  148   71 24.926190 11.073810
  11   20   46 3.357143 7.642857
  28  120   48 20.166667 7.833333
  25   86   61 14.495238 10.504762
  37  138   86 22.953571 14.046429
  15   34   57 5.727381 9.272619
  30  114   63 19.388095 10.611905
  18   42   66 7.098810 10.901190
  37  132   87 22.166667 14.833333
  18   36   74 5.933333 12.066667
  29  110   62 18.507143 10.492857
  16   26   73 4.248810 11.751190
  40  150   88 25.090476 14.909524
  14   24   58 4.114286 9.885714
  34  134   73 22.235714 11.764286
  12   30   43 4.909524 7.090476
  30  120   61 19.938095 10.061905
  14   28   57 4.647619 9.352381
  42  168   79 28.411111 13.588889
  14   40   47 6.572619 7.427381
  23   72   66 12.191667 10.808333
   4    2   23 0.400000 3.600000
  58  270   79 45.276190 12.723810
  15   26   62 4.600000 10.400000
  19   70   44 11.700000 7.300000
   7   12   29 2.085714 4.914286
  65  312   78 52.239286 12.760714
   9   20   35 3.290476 5.709524
  18   56   54 9.219048 8.780952
   7   10   36 1.595238 5.404762
  67  304   91 51.147619 15.852381
   8   16   33 2.686905 5.313095
  17   42   57 7.180952 9.819048
   9   28   27 4.663095 4.336905
  72  352   82 58.560714 13.439286
   2    0   12 0.000000 2.000000
  24   86   57 14.509524 9.490476
   4    0   26 0.000000 4.000000
  67  316   86 53.019048 13.980952
   5   14   15 2.466667 2.533333
  24   74   66 12.585714 11.414286
   5    2   29 0.333333 4.666667
  68  316   97 52.668651 15.331349
   3    4   12 0.766667 2.233333
  22   92   41 15.480952 6.519048
   2    2   11 0.309524 1.690476
  76  404   50 67.465476 8.534524
  25   86   63 14.550000 10.450000
  75  388   63 64.736905 10.263095
  26   94   64 15.842857 10.157143
  74  378   64 63.257143 10.742857
  23   72   67 11.966667 11.033333
  77  394   67 66.023810 10.976190
  16   40   53 6.880952 9.119048
  84  454   53 75.563095 8.436905
  14   34   51 5.577381 8.422619
  86  464   51 77.279762 8.720238
  14   32   57 5.041667 8.958333
  86  454   57 76.057143 9.942857
  17   62   39 10.504762 6.495238
  83  460   39 76.675000 6.325000
  17   60   42 10.190476 6.809524
  83  456   42 76.080952 6.919048
  11   18   52 2.855952 8.144048
  89  478   52 80.009524 8.990476
  18   46   61 7.857143 10.142857
  82  432   61 71.839286 10.160714
  20   62   63 10.155159 9.844841
  80  412   63 69.230952 10.769048
  28   88   79 14.934524 13.065476
  72  354   79 59.078571 12.921429
  25   68   82 11.588095 13.411905
  75  368   82 61.413095 13.586905
  22   56   75 9.538095 12.461905
  78  394   75 65.665476 12.334524
  33  106   93 17.723810 15.276190
  67  308   93 51.734524 15.265476
  28   86   82 14.427381 13.572619
  72  350   82 58.752381 13.247619
  21   66   64 10.814286 10.185714
  79  406   64 68.104762 10.895238
  18   38   67 6.500000 11.500000
  82  428   67 71.036905 10.963095
  17   44   58 7.395238 9.604762
  83  440   58 73.523810 9.476190
  28   88   80 14.733333 13.266667
  72  352   80 58.823810 13.176190
  34  114   89 19.288095 14.711905
  66  308   89 51.247619 14.752381
  30  102   78 17.183333 12.816667
  70  342   78 57.340476 12.659524
  28   86   86 14.354762 13.645238
  72  342   86 57.366667 14.633333
  35  118   93 19.678968 15.321032
  65  296   93 49.309524 15.690476
  37  144   77 24.100000 12.900000
  63  302   77 50.471429 12.528571
  41  144   99 24.291667 16.708333
  59  258   99 42.654762 16.345238
  36  138   81 22.810714 13.189286
  64  300   81 50.357143 13.642857
  32  108   81 18.496429 13.503571
  68  330   81 55.126984 12.873016
  33  116   83 19.422619 13.577381
  67  318   83 53.198810 13.801190
  37  142   81 23.657143 13.342857
  63  296   81 49.602381 13.397619
  32  114   74 19.292857 12.707143
  68  338   74 56.032937 11.967063
  24   98   44 16.633333 7.366667
  76  414   44 68.928571 7.071429
  16   42   52 7.165476 8.834524
  84  454   52 75.633333 8.366667
  23   80   60 13.261905 9.738095
  77  400   60 66.936905 10.063095
  16   48   54 7.690476 8.309524
  84  444   54 74.661905 9.338095
   8   18   29 3.080952 4.919048
  92  524   29 87.521429 4.478571
   6   10   23 1.795238 4.204762
  94  544   23 90.373810 3.626190
   1    0    5 0.000000 1.000000
  99  590    5 98.180952 0.819048
   1    0    6 0.000000 1.000000
  99  588    6 98.000000 1.000000
 100  600    0 100.000000 0.000000
