   1    0    5 0.000000 1.000000
   2    2    8 0.400000 1.600000
   2    2   10 0.342857 1.657143
   1    0    6 0.000000 1.000000
   1    0    6 0.000000 1.000000
   2    2   10 0.333333 1.666667
   1    0    7 0.000000 1.000000
   1    0    6 0.000000 1.000000
   1    0    5 0.000000 1.000000
   3    4   13 0.700000 2.300000
   1    0    7 0.000000 1.000000
   1    0    6 0.000000 1.000000
   3    6   12 1.019048 1.980952
   1    0    7 0.000000 1.000000
   1    0    6 0.000000 1.000000
   1    0    7 0.000000 1.000000
   1    0    7 0.000000 1.000000
   2    2   11 0.309524 1.690476
   6   18   16 3.200000 2.800000
   1    0    6 0.000000 1.000000
   1    0    7 0.000000 1.000000
   7   20   21 3.478571 3.521429
   1    0    7 0.000000 1.000000
   2    2    9 0.366667 1.633333
   2    2   10 0.333333 1.666667
   3    6   12 1.000000 2.000000
   1    0    6 0.000000 1.000000
   2    2   10 0.333333 1.666667
   2    2   10 0.342857 1.657143
   1    0    6 0.000000 1.000000
   1    0    7 0.000000 1.000000
   1    0    6 0.000000 1.000000
   3    6   10 1.133333 1.866667
   1    0    6 0.000000 1.000000
   3    4   13 0.700000 2.300000
   1    0    6 0.000000 1.000000
   1    0    7 0.000000 1.000000
   1    0    6 0.000000 1.000000
   2    2    9 0.366667 1.633333
   1    0    5 0.000000 1.000000
   1    0    7 0.000000 1.000000
   2    2   10 0.333333 1.666667
   4    6   16 1.133333 2.866667
   2    2   11 0.325000 1.675000
   2    2   10 0.333333 1.666667
   2    2   10 0.333333 1.666667
   1    0    7 0.000000 1.000000
   2    2    9 0.366667 1.633333
   1    0    7 0.000000 1.000000
   1    0    7 0.000000 1.000000
   1    0    5 0.000000 1.000000
   1    0    8 0.000000 1.000000
   1    0    8 0.000000 1.000000
   2    2    9 0.366667 1.633333
   2    2   11 0.309524 1.690476
   2    2    8 0.400000 1.600000
   1    0    6 0.000000 1.000000
   2    2   11 0.309524 1.690476
   2    2   10 0.333333 1.666667
   2    2    8 0.400000 1.600000
   1    0    7 0.000000 1.000000
   2    0   14 0.000000 2.000000
   5   12   17 2.095238 2.904762
   2    2   11 0.309524 1.690476
   2    0   12 0.000000 2.000000
   1    0    5 0.000000 1.000000
   2    2   10 0.333333 1.666667
   1    0    6 0.000000 1.000000
   1    0    7 0.000000 1.000000
   2    2   10 0.333333 1.666667
   4    6   17 1.033333 2.966667
  10   34   26 5.704762 4.295238
   5   12   17 2.033333 2.966667
   1    0    6 0.000000 1.000000
   4    8   15 1.400000 2.600000
   2    2   11 0.309524 1.690476
   1    0    6 0.000000 1.000000
   2    2    9 0.366667 1.633333
   2    0   12 0.000000 2.000000
   2    2   11 0.309524 1.690476
   1    0    6 0.000000 1.000000
   3    4   15 0.691667 2.308333
   1    0    6 0.000000 1.000000
   1    0    6 0.000000 1.000000
   9   24   32 3.857143 5.142857
   4   10   14 1.661905 2.338095
   4    8   15 1.400000 2.600000
   5   12   18 1.995238 3.004762
   2    2    9 0.366667 1.633333
   3    2   17 0.309524 2.690476
   2    2   10 0.342857 1.657143
   1    0    6 0.000000 1.000000
   4   10   14 1.685714 2.314286
   4   10   13 1.864286 2.135714
   1    0    6 0.000000 1.000000
   4    6   17 1.066667 2.933333
  10   32   27 5.559524 4.440476
   4    6   17 1.066667 2.933333
   1    0    6 0.000000 1.000000
   1    0    6 0.000000 1.000000
   2    2   10 0.333333 1.666667
   4    4   23 0.667857 3.332143
   8   22   26 3.666667 4.333333
   4    6   17 1.033333 2.966667
   2    2    9 0.366667 1.633333
   2    2   10 0.333333 1.666667
   2    2   12 0.285714 1.714286
   3    6   11 1.085714 1.914286
   3    2   15 0.366667 2.633333
   1    0    6 0.000000 1.000000
  11   36   31 6.038095 4.961905
   3    4   15 0.642857 2.357143
   3    4   14 0.709524 2.290476
  10   36   22 6.158333 3.841667
   3    6   12 1.019048 1.980952
   2    2   12 0.285714 1.714286
   1    0    7 0.000000 1.000000
   3    4   14 0.666667 2.333333
   8   18   29 3.066667 4.933333
   2    2   10 0.333333 1.666667
   2    2   10 0.333333 1.666667
   4    8   16 1.308333 2.691667
   4    6   18 1.009524 2.990476
  14   54   29 9.268254 4.731746
   7   20   22 3.427381 3.572619
   3    4   15 0.642857 2.357143
   1    0    5 0.000000 1.000000
   6   10   25 1.776190 4.223810
  13   42   37 6.933333 6.066667
   3    4   14 0.666667 2.333333
   1    0    7 0.000000 1.000000
   6   18   18 3.022222 2.977778
   4    4   20 0.666667 3.333333
   3    2   15 0.366667 2.633333
   1    0    8 0.000000 1.000000
   1    0    7 0.000000 1.000000
  10   24   37 3.966667 6.033333
   1    0    6 0.000000 1.000000
   1    0    6 0.000000 1.000000
   4    4   20 0.676190 3.323810
   1    0    6 0.000000 1.000000
   6   10   24 1.752381 4.247619
   5   10   18 1.761905 3.238095
   1    0    7 0.000000 1.000000
   3    4   15 0.642857 2.357143
   3    6   13 0.971429 2.028571
   7   22   20 3.730952 3.269048
  13   36   42 6.000000 7.000000
   2    0   13 0.000000 2.000000
  14   42   42 7.133333 6.866667
  12   36   34 6.085714 5.914286
  13   38   42 6.404762 6.595238
   2    0   12 0.000000 2.000000
   4   10   14 1.695238 2.304762
  12   40   30 6.876190 5.123810
   3    4   13 0.700000 2.300000
   1    0    6 0.000000 1.000000
   1    0    6 0.000000 1.000000
   3    6   14 0.904762 2.095238
   2    2    9 0.366667 1.633333
   3    4   12 0.750000 2.250000
   2    2   11 0.309524 1.690476
   1    0    6 0.000000 1.000000
   1    0    6 0.000000 1.000000
   2    2   10 0.333333 1.666667
  13   42   37 6.958333 6.041667
   1    0    8 0.000000 1.000000
  22   92   39 15.528571 6.471429
  10   18   41 2.957143 7.042857
  17   62   41 10.386905 6.613095
   1    0    6 0.000000 1.000000
   2    2   11 0.309524 1.690476
   5   10   21 1.695238 3.304762
   6   18   17 3.133333 2.866667
   7   14   27 2.395238 4.604762
   2    2    9 0.366667 1.633333
   5    8   21 1.366667 3.633333
   3    4   15 0.642857 2.357143
   2    2    9 0.366667 1.633333
   1    0    6 0.000000 1.000000
  16   46   49 7.804762 8.195238
   1    0    6 0.000000 1.000000
  17   60   43 10.016667 6.983333
   3    2   16 0.366667 2.633333
  24  100   46 16.546429 7.453571
   4   10   13 1.785714 2.214286
   3    2   17 0.333333 2.666667
   2    2   10 0.333333 1.666667
   6   16   20 2.652381 3.347619
  14   36   44 6.357143 7.642857
   2    0   13 0.000000 2.000000
   1    0    6 0.000000 1.000000
   3    2   17 0.309524 2.690476
   3    4   14 0.676190 2.323810
  20   60   54 10.476190 9.523810
   3    4   14 0.725000 2.275000
  20   62   61 10.348810 9.651190
   6    8   30 1.261905 4.738095
  14   32   54 5.307143 8.692857
   7   18   26 2.985714 4.014286
   1    0    8 0.000000 1.000000
   3    6   11 1.066667 1.933333
   9   22   29 3.957143 5.042857
   6    8   30 1.280952 4.719048
   1    0    6 0.000000 1.000000
   3    2   17 0.333333 2.666667
   7   14   24 2.600000 4.400000
  21   64   62 11.004762 9.995238
   2    2   10 0.342857 1.657143
  23   72   66 12.123810 10.876190
   4    4   21 0.652381 3.347619
  17   58   44 9.773810 7.226190
  12   42   28 7.200000 4.800000
   1    0    6 0.000000 1.000000
   7   12   28 2.161905 4.838095
   4    4   19 0.700000 3.300000
   2    2   11 0.309524 1.690476
   1    0    6 0.000000 1.000000
   6   10   29 1.601190 4.398810
  18   42   64 7.161905 10.838095
   6   12   25 1.957143 4.042857
  20   44   79 7.314286 12.685714
   6    4   32 0.700000 5.300000
  13   44   36 7.276190 5.723810
  15   50   44 8.109524 6.890476
   6    6   26 1.133333 4.866667
   3    4   14 0.709524 2.290476
   1    0    5 0.000000 1.000000
  12   32   37 5.576190 6.423810
  20   44   74 7.509524 12.490476
   5    4   24 0.733333 4.266667
  15   30   60 5.011905 9.988095
   9   16   40 2.623810 6.376190
  14   40   48 6.595238 7.404762
   9   28   27 4.590476 4.409524
   7   14   29 2.261905 4.738095
   3    6   13 0.971429 2.028571
   3    4   13 0.700000 2.300000
  15   58   28 10.000000 5.000000
  20   50   69 8.476190 11.523810
   4    8   15 1.452381 2.547619
   7    6   37 1.042857 5.957143
  13   30   49 4.861905 8.138095
   6   18   19 2.952381 3.047619
  12   42   29 7.244048 4.755952
  13   36   41 6.222619 6.777381
   1    0    6 0.000000 1.000000
   5    8   23 1.309524 3.690476
  19   76   38 12.895238 6.104762
  21   56   68 9.580952 11.419048
   5   12   17 2.038095 2.961905
  10   26   36 4.278571 5.721429
  10   18   45 2.876190 7.123810
   8   20   27 3.514286 4.485714
  15   56   34 9.385714 5.614286
  12   30   44 4.900000 7.100000
   7   22   21 3.623810 3.376190
  12   36   32 6.371429 5.628571
  17   42   59 7.248810 9.751190
   2    2   10 0.342857 1.657143
  17   54   50 8.976190 8.023810
  11   24   39 4.171429 6.828571
   9   24   29 4.095238 4.904762
  13   42   36 7.042857 5.957143
  20   56   66 9.223810 10.776190
   7   18   24 3.100000 3.900000
   4    8   17 1.261905 2.738095
  16   48   49 8.132143 7.867857
   4    6   17 1.033333 2.966667
  14   38   49 6.197619 7.802381
  10   18   41 3.071429 6.928571
   7   10   33 1.685714 5.314286
  10   22   36 3.857143 6.142857
  26   82   73 13.880952 12.119048
   9   30   24 4.980952 4.019048
   4    8   16 1.333333 2.666667
  11   28   39 4.590476 6.409524
   5   10   23 1.517857 3.482143
  17   48   49 8.204762 8.795238
  14   28   56 4.880952 9.119048
   7    8   36 1.286905 5.713095
   6   12   22 2.095238 3.904762
  28   88   84 14.715476 13.284524
   8   26   19 4.638095 3.361905
   4    8   16 1.295238 2.704762
   7   10   34 1.539286 5.460714
   7   18   23 3.066667 3.933333
  14   36   47 6.047619 7.952381
  22   54   76 9.004762 12.995238
   3    4   16 0.619048 2.380952
   4    2   21 0.333333 3.666667
  31  118   66 19.770238 11.229762
   7   16   27 2.752381 4.247619
   5    8   24 1.328571 3.671429
   8   14   35 2.333333 5.666667
   1    0    6 0.000000 1.000000
  22   54   79 9.021429 12.978571
  20   46   73 7.695238 12.304762
   3    6   12 1.000000 2.000000
   1    0    6 0.000000 1.000000
  27  100   62 16.757143 10.242857
   9   14   41 2.271429 6.728571
   9   24   28 4.100000 4.900000
  22   58   75 9.704762 12.295238
  22   62   68 10.680952 11.319048
   2    2   12 0.285714 1.714286
   1    0    7 0.000000 1.000000
  34  140   64 23.338095 10.661905
  11   26   41 4.323810 6.676190
   8   18   27 3.138095 4.861905
  20   48   74 8.040476 11.959524
  22   58   74 9.780952 12.219048
   5    8   19 1.500000 3.500000
   2    2   10 0.333333 1.666667
  36  140   78 23.209524 12.790476
   9   26   29 4.432143 4.567857
   6   12   22 2.157143 3.842857
  22   72   58 12.085714 9.914286
  19   46   70 7.714286 11.285714
   7   18   22 3.200000 3.800000
  30  114   71 18.909524 11.090476
  10   36   23 6.071429 3.928571
  12   36   34 6.109524 5.890476
  25   86   68 14.355952 10.644048
  20   48   73 8.238095 11.761905
  12   32   39 5.457143 6.542857
  26   98   57 16.511905 9.488095
   6   12   23 2.100000 3.900000
  11   24   40 4.285714 6.714286
  28   90   77 15.066667 12.933333
   9   16   38 2.590476 6.409524
  14   40   42 6.833333 7.166667
  32  110   82 18.480952 13.519048
  10   24   35 4.119048 5.880952
   7   12   34 1.785714 5.214286
  25   66   82 11.295238 13.704762
   5   10   22 1.623810 3.376190
  11   24   46 3.946429 7.053571
  34  122   83 20.328571 13.671429
  15   40   45 6.980952 8.019048
  10   14   46 2.342857 7.657143
  24   54   94 8.728571 15.271429
   4    4   19 0.766667 3.233333
  14   42   42 7.033333 6.966667
  47  166  114 27.963095 19.036905
   4    4   18 0.733333 3.266667
   7   12   31 2.052381 4.947619
  18   42   67 6.928571 11.071429
   1    0    7 0.000000 1.000000
  16   44   49 7.528571 8.471429
  44  160  104 26.616667 17.383333
  12   48   24 8.185714 3.814286
   9   22   33 3.690476 5.309524
  23   60   74 10.285714 12.714286
   2    0   13 0.000000 2.000000
  13   36   43 6.019048 6.980952
  38  152   77 25.432143 12.567857
  18   70   39 11.619048 6.380952
   6   12   24 2.028571 3.971429
  35  140   73 23.242857 11.757143
  14   42   41 7.071429 6.928571
  28   96   72 16.166667 11.833333
  19   68   46 11.471429 7.528571
   4    4   18 0.733333 3.266667
  31  110   79 18.388095 12.611905
  15   42   47 7.066667 7.933333
  24   88   57 14.619048 9.380952
  22   80   51 13.476190 8.523810
   8   26   20 4.566667 3.433333
  44  170   89 29.114286 14.885714
   4    8   15 1.385714 2.614286
  29  114   60 19.066667 9.933333
  19   68   50 11.089286 7.910714
   4    8   18 1.261905 2.738095
  48  182  111 30.033333 17.966667
   6   16   18 2.725000 3.275000
  23   64   76 10.666667 12.333333
  20   62   56 10.595238 9.404762
   3    6    9 1.233333 1.766667
  55  214  111 36.135714 18.864286
   5    8   23 1.285714 3.714286
  17   38   64 6.504762 10.495238
  22   70   66 11.504762 10.495238
   1    0    6 0.000000 1.000000
  52  206  107 34.464286 17.535714
   1    0    5 0.000000 1.000000
  30  106   72 17.879762 12.120238
  16   52   45 8.719048 7.280952
   1    0    7 0.000000 1.000000
  63  278   96 46.804762 16.195238
   3    2   18 0.309524 2.690476
  23   64   75 10.661905 12.338095
  11   30   37 4.919048 6.080952
  60  264   98 43.895238 16.104762
   1    0    6 0.000000 1.000000
  30   92   84 15.796429 14.203571
   9   22   34 3.628571 5.371429
  60  278   83 46.426190 13.573810
   2    2   10 0.342857 1.657143
  31  102   84 17.215476 13.784524
   7   14   27 2.400000 4.600000
  53  228   91 38.038095 14.961905
   2    2   10 0.333333 1.666667
  37  130   90 22.000000 15.000000
   8   22   27 3.641667 4.358333
  54  236   90 39.211905 14.788095
  32  106   85 17.569048 14.430952
  14   56   27 9.490476 4.509524
  62  284   83 47.715476 14.284524
  26   86   74 13.858333 12.141667
  12   40   33 6.658333 5.341667
  71  336   85 56.426190 14.573810
  21   54   78 8.728571 12.271429
   8   24   23 4.066667 3.933333
  71  346   77 57.942857 13.057143
  23   74   65 12.370238 10.629762
   6   18   20 2.880952 3.119048
  81  420   66 70.180952 10.819048
  16   36   59 6.076190 9.923810
   3    4   15 0.685714 2.314286
  77  382   77 63.852381 13.147619
  22   54   80 8.995238 13.004762
   1    0    7 0.000000 1.000000
  84  436   69 73.013095 10.986905
  15   24   65 4.138095 10.861905
   1    0    6 0.000000 1.000000
  89  482   53 80.360714 8.639286
  10   12   47 1.960714 8.039286
   1    0    6 0.000000 1.000000
  92  510   42 85.042460 6.957540
   8    6   42 1.000000 7.000000
  93  518   38 86.614286 6.385714
   7    6   38 0.961905 6.038095
  94  540   27 89.700000 4.300000
   6    6   27 1.066667 4.933333
  90  494   44 82.592857 7.407143
  10   18   44 2.905952 7.094048
  88  484   46 80.600000 7.400000
  12   24   46 4.104762 7.895238
  89  494   41 82.327381 6.672619
  11   24   41 4.128571 6.871429
  90  492   46 82.380952 7.619048
  10   16   46 2.638095 7.361905
  94  534   29 89.123810 4.876190
   6    8   29 1.435714 4.564286
  96  558   19 92.945238 3.054762
   4    4   19 0.666667 3.333333
  97  564   17 94.203571 2.796429
   3    2   17 0.342857 2.657143
  95  548   22 91.342857 3.657143
   5    8   22 1.395238 3.604762
  96  558   16 93.200000 2.800000
   4   10   16 1.541667 2.458333
  99  588    6 97.965476 1.034524
   1    0    6 0.000000 1.000000
  94  544   20 90.628571 3.371429
   6   16   20 2.628571 3.371429
  99  586    7 97.845238 1.154762
   1    0    7 0.000000 1.000000
  97  572   11 95.166667 1.833333
   3    6   11 1.066667 1.933333
  94  542   24 90.171429 3.828571
   6   10   24 1.809524 4.190476
  97  568   15 94.710714 2.289286
   3    2   15 0.366667 2.633333
  99  588    6 98.014286 0.985714
   1    0    6 0.000000 1.000000
  99  588    6 98.014286 0.985714
   1    0    6 0.000000 1.000000
  99  588    6 97.975000 1.025000
   1    0    6 0.000000 1.000000
  99  586    7 97.790476 1.209524
   1    0    7 0.000000 1.000000
  98  578   10 96.371429 1.628571
   2    2   10 0.333333 1.666667
  99  586    7 97.757143 1.242857
   1    0    7 0.000000 1.000000
 100  600    0 100.000000 0.000000
