   2    2   12 0.291667 1.708333
   1    0    6 0.000000 1.000000
   1    0    5 0.000000 1.000000
   2    2    9 0.366667 1.633333
   1    0    8 0.000000 1.000000
   2    2    9 0.366667 1.633333
   1    0    6 0.000000 1.000000
   1    0    7 0.000000 1.000000
   2    2   11 0.309524 1.690476
   1    0    8 0.000000 1.000000
   1    0    6 0.000000 1.000000
   3    4   14 0.676190 2.323810
   1    0    6 0.000000 1.000000
   1    0    6 0.000000 1.000000
   1    0    6 0.000000 1.000000
   1    0    6 0.000000 1.000000
   1    0    7 0.000000 1.000000
   1    0    7 0.000000 1.000000
   1    0    7 0.000000 1.000000
   5   14   15 2.519048 2.480952
   1    0    6 0.000000 1.000000
   2    2   10 0.333333 1.666667
   1    0    7 0.000000 1.000000
   2    2    8 0.400000 1.600000
   2    2   11 0.309524 1.690476
   1    0    6 0.000000 1.000000
   1    0    7 0.000000 1.000000
   2    2   11 0.325000 1.675000
   1    0    6 0.000000 1.000000
   2    2    9 0.366667 1.633333
   1    0    5 0.000000 1.000000
   3    6   10 1.133333 1.866667
   2    2    8 0.400000 1.600000
   4    8   15 1.395238 2.604762
   1    0    6 0.000000 1.000000
   1    0    6 0.000000 1.000000
   6   18   17 3.100000 2.900000
   3    2   15 0.366667 2.633333
   1    0    6 0.000000 1.000000
   1    0    6 0.000000 1.000000
   2    2   10 0.333333 1.666667
   3    4   15 0.642857 2.357143
   1    0    6 0.000000 1.000000
   1    0    7 0.000000 1.000000
   1    0    6 0.000000 1.000000
   2    2   11 0.309524 1.690476
   2    2    9 0.366667 1.633333
   4   10   13 1.733333 2.266667
   2    2    9 0.366667 1.633333
   1    0    6 0.000000 1.000000
   4   10   13 1.761905 2.238095
   2    2    9 0.366667 1.633333
   1    0    7 0.000000 1.000000
   1    0    6 0.000000 1.000000
   2    2   11 0.309524 1.690476
   2    2    9 0.366667 1.633333
   1    0    7 0.000000 1.000000
   3    4   13 0.700000 2.300000
   2    2    8 0.400000 1.600000
   3    4   12 0.766667 2.233333
   1    0    6 0.000000 1.000000
   2    2   11 0.309524 1.690476
   1    0    6 0.000000 1.000000
   1    0    6 0.000000 1.000000
   1    0    6 0.000000 1.000000
   4    8   13 1.500000 2.500000
   4    6   18 1.000000 3.000000
   2    2   12 0.285714 1.714286
   1    0    6 0.000000 1.000000
   4    8   17 1.285714 2.714286
   1    0    6 0.000000 1.000000
   4   10   14 1.666667 2.333333
   1    0    6 0.000000 1.000000
   5   14   16 2.338095 2.661905
   4   10   15 1.595238 2.404762
   2    2   10 0.342857 1.657143
   1    0    6 0.000000 1.000000
   1    0    7 0.000000 1.000000
   1    0    5 0.000000 1.000000
   1    0    7 0.000000 1.000000
   2    2   10 0.342857 1.657143
   3    4   16 0.595238 2.404762
   7   16   22 2.911905 4.088095
   2    2   10 0.333333 1.666667
   2    2   12 0.285714 1.714286
   1    0    6 0.000000 1.000000
   2    2    9 0.366667 1.633333
   8   26   23 4.385714 3.614286
   3    6   12 1.000000 2.000000
   3    4   14 0.666667 2.333333
   3    6   12 1.019048 1.980952
   5   10   19 1.733333 3.266667
   2    2    9 0.366667 1.633333
   1    0    6 0.000000 1.000000
   2    2    9 0.366667 1.633333
   1    0    7 0.000000 1.000000
   1    0    7 0.000000 1.000000
   1    0    8 0.000000 1.000000
   1    0    7 0.000000 1.000000
   3    4   14 0.666667 2.333333
   4    8   15 1.400000 2.600000
   3    4   13 0.700000 2.300000
   1    0    6 0.000000 1.000000
   5   10   21 1.638095 3.361905
  13   48   32 7.852381 5.147619
   4   10   15 1.595238 2.404762
   5   10   18 1.866667 3.133333
   3    2   16 0.342857 2.657143
   4    4   21 0.642857 3.357143
   1    0    6 0.000000 1.000000
   2    2   11 0.325000 1.675000
   5   14   17 2.261905 2.738095
   1    0    5 0.000000 1.000000
   4    8   14 1.500000 2.500000
   2    2   10 0.333333 1.666667
   2    2   10 0.333333 1.666667
   3    4   14 0.666667 2.333333
   3    6   12 1.000000 2.000000
   1    0    5 0.000000 1.000000
   6   12   25 1.938095 4.061905
   9   22   31 3.823810 5.176190
   8   28   20 4.695238 3.304762
   2    2   10 0.333333 1.666667
   1    0    7 0.000000 1.000000
   1    0    6 0.000000 1.000000
   3    6   12 1.019048 1.980952
   1    0    6 0.000000 1.000000
   6   20   16 3.457143 2.542857
   1    0    6 0.000000 1.000000
   1    0    6 0.000000 1.000000
   4   10   15 1.641667 2.358333
  16   60   35 10.095238 5.904762
   4   10   14 1.695238 2.304762
   4    8   17 1.280952 2.719048
   3    6   14 0.904762 2.095238
   8   18   26 3.407143 4.592857
   1    0    6 0.000000 1.000000
   5   12   17 2.095238 2.904762
   1    0    7 0.000000 1.000000
   4    8   15 1.366667 2.633333
   4    6   19 0.952381 3.047619
   1    0    7 0.000000 1.000000
   1    0    7 0.000000 1.000000
   3    6   13 0.952381 2.047619
  11   42   24 7.000000 4.000000
   8   14   35 2.323810 5.676190
   8   18   27 3.204762 4.795238
   1    0    7 0.000000 1.000000
   1    0    5 0.000000 1.000000
   2    2   10 0.333333 1.666667
   2    0   12 0.000000 2.000000
   8   24   23 4.157143 3.842857
   1    0    7 0.000000 1.000000
   7   14   29 2.314286 4.685714
   3    6   13 0.952381 2.047619
   6   14   24 2.217857 3.782143
   2    0   13 0.000000 2.000000
   5    6   24 1.009524 3.990476
   6   16   19 2.809524 3.190476
   4   10   13 1.864286 2.135714
   1    0    7 0.000000 1.000000
   1    0    7 0.000000 1.000000
   4    8   14 1.500000 2.500000
   1    0    6 0.000000 1.000000
   3    6   13 0.952381 2.047619
  19   78   33 13.233333 5.766667
  14   38   49 6.371429 7.628571
  11   28   34 4.966667 6.033333
   1    0    7 0.000000 1.000000
   3    6   11 1.150000 1.850000
   6    8   28 1.385714 4.614286
   2    2   10 0.333333 1.666667
   8   22   25 3.761905 4.238095
   4    6   20 0.928571 3.071429
   1    0    6 0.000000 1.000000
   8   12   34 2.228571 5.771429
  11   38   25 6.709524 4.290476
   3    4   15 0.642857 2.357143
   3    4   15 0.642857 2.357143
   5   14   17 2.285714 2.714286
   2    2   10 0.333333 1.666667
   3    4   15 0.619048 2.380952
  19   70   44 11.792857 7.207143
   2    0   14 0.000000 2.000000
  15   54   36 9.100000 5.900000
   3    4   13 0.742857 2.257143
   5   12   17 2.061905 2.938095
   5    8   21 1.461905 3.538095
  10   36   23 6.109524 3.890476
   6   12   25 1.980952 4.019048
   9   18   36 3.010714 5.989286
   8   18   32 2.876190 5.123810
   1    0    6 0.000000 1.000000
   3    4   12 0.733333 2.266667
   7   16   27 2.623810 4.376190
   3    4   13 0.700000 2.300000
   5   10   22 1.557143 3.442857
  20   68   54 11.371429 8.628571
  22   76   54 12.871429 9.128571
   1    0    5 0.000000 1.000000
   8   22   25 3.790476 4.209524
  11   34   32 5.723810 5.276190
   4    8   15 1.419048 2.580952
   9   24   30 4.028571 4.971429
   5    6   27 0.934524 4.065476
   2    2   10 0.333333 1.666667
   6   14   23 2.280952 3.719048
  13   38   39 6.583333 6.416667
   5   10   20 1.761905 3.238095
   2    0   13 0.000000 2.000000
  21   66   59 11.013095 9.986905
  13   26   51 4.392857 8.607143
   1    0    6 0.000000 1.000000
   2    0   14 0.000000 2.000000
  18   64   45 10.695238 7.304762
   5   10   19 1.695238 3.304762
  13   42   38 7.052381 5.947619
   3    2   13 0.450000 2.550000
   1    0    5 0.000000 1.000000
  24   88   54 14.979762 9.020238
   1    0    7 0.000000 1.000000
   3    2   18 0.285714 2.714286
  13   38   42 6.242857 6.757143
  16   50   44 8.476190 7.523810
   1    0    5 0.000000 1.000000
   3    4   14 0.676190 2.323810
  29  104   66 17.814286 11.185714
   3    6    9 1.233333 1.766667
  12   42   31 6.928571 5.071429
   3    4   13 0.700000 2.300000
  27  110   52 18.395238 8.604762
   2    2   12 0.291667 1.708333
   6   16   21 2.647619 3.352381
   8   20   30 3.261905 4.738095
   7    4   40 0.619048 6.380952
   4    6   18 0.985714 3.014286
  28   94   75 15.609524 12.390476
   7   12   30 2.042857 4.957143
   2    2    7 0.450000 1.550000
  43  200   59 33.529762 9.470238
   6   16   20 2.666667 3.333333
   4    4   22 0.583333 3.416667
   6    6   29 1.033333 4.966667
   4    6   16 1.100000 2.900000
  29   96   82 15.638095 13.361905
   7    8   32 1.485714 5.514286
   1    0    7 0.000000 1.000000
  39  170   61 28.659127 10.340873
   8   22   27 3.688095 4.311905
   3    2   18 0.309524 2.690476
   9   14   39 2.452381 6.547619
   4    6   17 1.066667 2.933333
  30   78  101 13.282143 16.717857
   5   12   18 1.971429 3.028571
  34  140   63 23.297619 10.702381
   9   26   31 4.258333 4.741667
   3    2   18 0.285714 2.714286
  15   30   58 5.263095 9.736905
   2    0   12 0.000000 2.000000
  30   94   89 15.613095 14.386905
   8   16   29 2.892857 5.107143
  26   94   64 15.940476 10.059524
   9   14   39 2.338095 6.661905
   3    2   16 0.309524 2.690476
  22   74   57 12.509524 9.490476
   6    8   26 1.442857 4.557143
  16   38   59 6.290476 9.709524
   5    8   23 1.285714 3.714286
  21   60   69 9.976190 11.023810
  21   58   64 9.847619 11.152381
   8   18   33 2.910714 5.089286
  23   82   54 13.945238 9.054762
   5    6   22 1.133333 3.866667
   6    0   40 0.000000 6.000000
   1    0    6 0.000000 1.000000
  25   72   78 12.164286 12.835714
  32  122   69 20.813095 11.186905
  15   42   49 6.976190 8.023810
  16   44   50 7.663095 8.336905
   2    2    7 0.450000 1.550000
   2    0   12 0.000000 2.000000
  24   62   83 10.571429 13.428571
  38  142   87 23.666667 14.333333
  21   72   55 11.895238 9.104762
  13   34   44 5.742857 7.257143
   1    0    6 0.000000 1.000000
   2    2   10 0.333333 1.666667
  22   66   68 11.080952 10.919048
  45  178   91 30.132143 14.867857
  19   70   45 11.696429 7.303571
  11   26   38 4.573810 6.426190
   5   12   20 1.928571 3.071429
  20   64   58 10.519048 9.480952
  47  210   69 35.266667 11.733333
  15   50   40 8.357143 6.642857
  13   40   37 6.747619 6.252381
  11   30   36 5.183333 5.816667
  12   34   38 5.709524 6.290476
  49  220   73 36.833333 12.166667
  20   56   63 9.553571 10.446429
   8   16   34 2.552381 5.447619
   6   10   26 1.666667 4.333333
  16   46   51 7.666667 8.333333
  50  204   95 34.309524 15.690476
  20   72   47 12.257143 7.742857
   8   10   39 1.645238 6.354762
   4    6   19 0.976190 3.023810
  11   34   33 5.740476 5.259524
  43  184   72 30.938492 12.061508
  41  186   59 31.276190 9.723810
   1    0    7 0.000000 1.000000
   5   12   17 2.254762 2.745238
  11   22   45 3.723810 7.276190
  36  158   59 26.211905 9.788095
  47  214   66 35.920238 11.079762
   1    0    7 0.000000 1.000000
   2    2    9 0.366667 1.633333
  10   16   43 2.695238 7.304762
  39  174   66 28.604762 10.395238
  49  214   76 36.064286 12.935714
   8   16   33 2.709524 5.290476
  50  228   68 38.438095 11.561905
  42  176   79 29.102381 12.897619
   9   26   29 4.290476 4.709524
  45  202   71 33.755952 11.244048
  46  186   86 31.421429 14.578571
  14   56   29 9.304762 4.695238
  41  178   70 29.638095 11.361905
  45  194   73 32.623810 12.376190
  21   72   55 11.976190 9.023810
  38  168   62 27.908333 10.091667
  41  158   85 26.514286 14.485714
  25   82   69 13.671429 11.328571
  21   70   58 11.452381 9.547619
  54  216  105 36.254762 17.745238
  36  146   70 24.604762 11.395238
  17   64   38 10.861905 6.138095
  47  202   80 33.833333 13.166667
  33  132   69 21.929762 11.070238
  18   62   43 10.669048 7.330952
  49  228   66 38.094048 10.905952
  38  166   60 27.957143 10.042857
  15   44   50 7.339286 7.660714
  47  214   66 35.934524 11.065476
  46  196   79 32.801190 13.198810
   7   12   33 1.933333 5.066667
  47  200   80 33.475000 13.525000
  41  176   72 29.294048 11.705952
   9   14   38 2.516667 6.483333
  50  224   76 37.615476 12.384524
  39  156   76 26.411905 12.588095
   6    6   32 0.961905 5.038095
  55  240   90 40.197619 14.802381
  40  154   86 25.904762 14.095238
   4    6   19 0.952381 3.047619
  56  242   93 40.445238 15.554762
  41  162   83 27.223810 13.776190
   2    2   10 0.342857 1.657143
  57  254   89 42.405952 14.594048
  43  164   91 27.761905 15.238095
  57  254   91 42.377381 14.622619
  35  114   97 19.308333 15.691667
  65  292   97 48.804762 16.195238
  23   64   80 10.416667 12.583333
  77  376   80 63.348810 13.651190
  25   60   89 10.161905 14.838095
  75  362   89 60.164286 14.835714
  21   58   70 9.494048 11.505952
  79  402   70 67.147619 11.852381
  23   64   75 10.714286 12.285714
  77  386   75 64.628571 12.371429
  23   66   72 11.073810 11.926190
  77  390   72 64.969048 12.030952
  18   40   64 6.833333 11.166667
  82  432   64 71.503571 10.496429
  11   22   49 3.447619 7.552381
  89  480   49 80.560714 8.439286
   8   16   29 2.866667 5.133333
  92  526   29 87.311905 4.688095
   2    2   11 0.309524 1.690476
  98  576   11 96.114286 1.885714
   1    0    5 0.000000 1.000000
  99  590    5 98.198810 0.801190
   3    6   11 1.066667 1.933333
  97  572   11 95.195238 1.804762
   8   26   21 4.461905 3.538095
  92  532   21 88.690476 3.309524
  10   32   28 5.509524 4.490476
  90  512   28 85.438095 4.561905
  16   44   54 7.304762 8.695238
  84  448   54 74.857143 9.142857
  23   70   68 11.747619 11.252381
  77  394   68 65.586905 11.413095
  15   32   56 5.544444 9.455556
  85  456   56 76.075000 8.925000
  13   32   47 5.355952 7.644048
  87  474   47 79.071429 7.928571
  11   28   38 4.742857 6.257143
  89  496   38 82.727381 6.272619
  11   22   44 3.890476 7.109524
  89  490   44 81.811905 7.188095
   6    6   30 1.009524 4.990476
  94  534   30 89.152381 4.847619
  10   12   46 2.019048 7.980952
  90  496   46 82.423810 7.576190
  10   18   44 2.971429 7.028571
  90  494   44 82.635714 7.364286
  15   40   50 6.723810 8.276190
  85  460   50 76.691667 8.308333
  20   66   52 11.121429 8.878571
  80  430   52 71.638095 8.361905
  14   32   50 5.559524 8.440476
  86  468   50 77.851190 8.148810
  22   68   63 11.376190 10.623810
  78  406   63 67.701190 10.298810
  18   50   57 8.480952 9.519048
  82  436   57 72.704762 9.295238
  20   54   63 9.252381 10.747619
  80  420   63 69.975000 10.025000
  19   56   63 9.126190 9.873810
  81  418   63 70.208333 10.791667
  13   30   44 5.250000 7.750000
  87  482   44 79.895238 7.104762
  17   50   52 8.295238 8.704762
  83  446   52 74.401190 8.598810
  27   86   74 14.661905 12.338095
  73  366   74 60.817857 12.182143
  16   30   66 5.158333 10.841667
  84  438   66 73.157143 10.842857
  20   52   67 8.864286 11.135714
  80  414   67 68.871429 11.128571
  26   74   84 12.219048 13.780952
  74  358   84 60.013095 13.986905
  26   88   73 14.444048 11.555952
  74  366   73 61.400000 12.600000
  29  114   61 18.928571 10.071429
  71  364   61 60.676190 10.323810
  29  104   68 17.586905 11.413095
  71  360   68 59.733333 11.266667
  42  170   77 28.995238 13.004762
  58  276   77 45.575000 12.425000
  43  182   80 30.119048 12.880952
  57  258   80 43.352381 13.647619
  34  140   64 23.461905 10.538095
  66  332   64 55.504762 10.495238
  42  184   72 30.595238 11.404762
  58  272   72 46.022619 11.977381
  31  112   76 18.471429 12.528571
  69  336   76 56.352381 12.647619
  20   48   67 8.533333 11.466667
  80  418   67 69.536905 10.463095
  23   72   64 12.132143 10.867857
  77  400   64 66.445238 10.554762
  26   84   70 14.223810 11.776190
  74  376   70 62.446429 11.553571
  19   54   61 8.890476 10.109524
  81  424   61 70.996429 10.003571
  16   50   44 8.595238 7.404762
  84  462   44 76.757143 7.242857
  13   34   44 5.771429 7.228571
  87  478   44 79.888095 7.111905
  15   34   50 5.997619 9.002381
  85  466   50 77.321429 7.678571
  14   38   46 6.423810 7.576190
  86  470   46 78.352381 7.647619
  14   48   38 7.828571 6.171429
  86  476   38 79.632143 6.367857
   4    6   19 0.952381 3.047619
  96  556   19 92.752381 3.247619
   3    6   13 0.952381 2.047619
  97  568   13 94.757143 2.242857
   4    6   15 1.133333 2.866667
  96  564   15 93.710714 2.289286
  11   30   34 5.200000 5.800000
  89  502   34 83.521429 5.478571
  14   44   41 7.513095 6.486905
  86  474   41 79.214286 6.785714
  21   84   42 14.109524 6.890476
  79  432   42 72.233333 6.766667
  40  186   53 31.205952 8.794048
  60  308   53 51.221429 8.778571
  35  148   59 24.961905 10.038095
  65  334   59 55.348810 9.651190
  36  156   60 26.104762 9.895238
  64  324   60 53.990476 10.009524
  23   90   49 15.176190 7.823810
  77  412   49 68.827381 8.172619
  23   78   58 13.128571 9.871429
  77  406   58 67.570238 9.429762
  22   78   55 12.957143 9.042857
  78  412   55 68.909524 9.090476
  36  144   68 24.283333 11.716667
  64  320   68 53.213095 10.786905
  24   88   55 14.720238 9.279762
  76  402   55 66.966667 9.033333
  29  118   57 19.707143 9.292857
  71  368   57 61.325000 9.675000
  25   78   68 13.348810 11.651190
  75  386   68 64.052381 10.947619
  21   56   74 9.128571 11.871429
  79  396   74 66.423810 12.576190
  21   58   63 10.047619 10.952381
  79  416   63 68.922619 10.077381
  23   74   68 12.057143 10.942857
  77  390   68 65.505952 11.494048
  26   88   68 14.802381 11.197619
  74  376   68 62.885714 11.114286
  26   98   56 16.547619 9.452381
  74  390   56 64.920238 9.079762
  27   88   72 14.947619 12.052381
  73  368   72 61.536905 11.463095
  28  104   64 17.332143 10.667857
  72  368   64 61.433333 10.566667
  34  120   83 20.116667 13.883333
  66  314   83 52.607143 13.392857
  32   88  103 14.894048 17.105952
  68  306  103 50.866667 17.133333
  35  104   98 17.919048 17.080952
  65  300   98 49.104762 15.895238
  43  170   92 28.266667 14.733333
  57  246   92 41.600000 15.400000
  40  158   85 26.009524 13.990476
  60  272   85 45.619048 14.380952
  50  210   88 35.436905 14.563095
  50  214   88 35.776190 14.223810
  40  146   93 24.565476 15.434524
  60  268   93 44.565476 15.434524
  42  178   71 29.919048 12.080952
  58  280   71 46.316667 11.683333
  43  164   91 27.807143 15.192857
  57  254   91 42.197619 14.802381
  26   82   79 13.357143 12.642857
  74  360   79 60.275397 13.724603
  29   98   75 16.482143 12.517857
  71  352   75 58.880952 12.119048
  29   88   82 14.947619 14.052381
  71  348   82 57.955952 13.044048
  23   68   70 11.452381 11.547619
  77  392   70 65.288095 11.711905
  16   38   59 6.323810 9.676190
  84  444   59 74.139286 9.860714
   8   16   32 2.795238 5.204762
  92  520   32 86.789286 5.210714
   8   12   36 2.230952 5.769048
  92  516   36 86.011905 5.988095
   9   16   36 2.800000 6.200000
  91  512   36 85.189286 5.810714
   6    8   27 1.409524 4.590476
  94  538   27 89.683333 4.316667
   5   10   20 1.728571 3.271429
  95  550   20 91.619048 3.380952
   3    2   16 0.333333 2.666667
  97  566   16 94.441667 2.558333
   7   16   24 2.814286 4.185714
  93  536   24 89.211905 3.788095
   7   18   23 3.090476 3.909524
  93  536   23 89.238095 3.761905
   8   20   26 3.428571 4.571429
  92  528   26 87.866667 4.133333
   5    4   27 0.616667 4.383333
  95  542   27 90.500000 4.500000
   1    0    6 0.000000 1.000000
  99  588    6 98.014286 0.985714
 100  600    0 100.000000 0.000000
