   2    2    8 0.400000 1.600000
   2    2   11 0.309524 1.690476
   1    0    6 0.000000 1.000000
   1    0    5 0.000000 1.000000
   1    0    7 0.000000 1.000000
   1    0    6 0.000000 1.000000
   1    0    5 0.000000 1.000000
   1    0    8 0.000000 1.000000
   1    0    5 0.000000 1.000000
   1    0    7 0.000000 1.000000
   1    0    6 0.000000 1.000000
   1    0    6 0.000000 1.000000
   1    0    7 0.000000 1.000000
   1    0    7 0.000000 1.000000
   4    8   15 1.395238 2.604762
   1    0    7 0.000000 1.000000
   1    0    7 0.000000 1.000000
   1    0    5 0.000000 1.000000
   2    2   10 0.342857 1.657143
   1    0    6 0.000000 1.000000
   1    0    6 0.000000 1.000000
   1    0    6 0.000000 1.000000
   2    2   11 0.309524 1.690476
   1    0    7 0.000000 1.000000
   1    0    6 0.000000 1.000000
   1    0    6 0.000000 1.000000
   2    2   10 0.333333 1.666667
   1    0    6 0.000000 1.000000
   2    2   10 0.342857 1.657143
   3    6   13 0.983333 2.016667
   1    0    6 0.000000 1.000000
   1    0    7 0.000000 1.000000
   3    4   14 0.666667 2.333333
   4    4   19 0.766667 3.233333
   2    2   11 0.309524 1.690476
   1    0    6 0.000000 1.000000
   2    2   11 0.309524 1.690476
   4   10   13 1.785714 2.214286
   4    8   14 1.466667 2.533333
   1    0    7 0.000000 1.000000
   2    2   11 0.309524 1.690476
   4   10   13 1.921429 2.078571
   1    0    6 0.000000 1.000000
   4    8   14 1.428571 2.571429
   3    4   15 0.628571 2.371429
   3    6   11 1.066667 1.933333
   1    0    6 0.000000 1.000000
   2    2    9 0.366667 1.633333
   1    0    6 0.000000 1.000000
   1    0    6 0.000000 1.000000
   1    0    6 0.000000 1.000000
   5   10   19 1.776190 3.223810
   3    6   11 1.066667 1.933333
   1    0    7 0.000000 1.000000
   2    2    8 0.400000 1.600000
   1    0    7 0.000000 1.000000
   1    0    6 0.000000 1.000000
   2    2    8 0.400000 1.600000
   1    0    6 0.000000 1.000000
   1    0    6 0.000000 1.000000
   2    2   11 0.309524 1.690476
   2    2   10 0.333333 1.666667
   2    2   12 0.285714 1.714286
   2    2    9 0.366667 1.633333
   1    0    6 0.000000 1.000000
   3    4   11 0.800000 2.200000
   8   26   23 4.380952 3.619048
   3    6   12 1.000000 2.000000
   1    0    7 0.000000 1.000000
   2    2   10 0.342857 1.657143
   1    0    6 0.000000 1.000000
   3    6   13 0.952381 2.047619
   3    4   15 0.642857 2.357143
   1    0    6 0.000000 1.000000
   2    2   11 0.309524 1.690476
   1    0    7 0.000000 1.000000
   1    0    6 0.000000 1.000000
   4    8   14 1.433333 2.566667
   2    0   12 0.000000 2.000000
   1    0    6 0.000000 1.000000
   2    0   12 0.000000 2.000000
   5   14   17 2.238095 2.761905
   5   14   16 2.395238 2.604762
   2    2    9 0.366667 1.633333
   3    6   10 1.166667 1.833333
   2    2   10 0.333333 1.666667
   5    8   21 1.352381 3.647619
   1    0    6 0.000000 1.000000
   6   16   21 2.633333 3.366667
   5    6   22 1.066667 3.933333
   2    0   13 0.000000 2.000000
   1    0    7 0.000000 1.000000
   5   14   14 2.585714 2.414286
   4    6   19 0.976190 3.023810
   1    0    7 0.000000 1.000000
   1    0    6 0.000000 1.000000
   1    0    7 0.000000 1.000000
   5   12   16 2.245238 2.754762
   3    4   12 0.766667 2.233333
   2    2   11 0.309524 1.690476
   1    0    5 0.000000 1.000000
   5   10   20 1.738095 3.261905
   1    0    8 0.000000 1.000000
   2    0   13 0.000000 2.000000
  10   36   25 5.909524 4.090476
   4    8   17 1.241667 2.758333
   2    2   10 0.333333 1.666667
   1    0    7 0.000000 1.000000
   4    6   19 0.952381 3.047619
   7   20   21 3.542857 3.457143
   1    0    6 0.000000 1.000000
   1    0    6 0.000000 1.000000
   5   14   15 2.452381 2.547619
   3    6   12 1.050000 1.950000
   3    6   10 1.185714 1.814286
   1    0    5 0.000000 1.000000
   5    8   23 1.295238 3.704762
   1    0    6 0.000000 1.000000
   4    8   16 1.385714 2.614286
   6    8   27 1.409524 4.590476
   5   12   21 1.761905 3.238095
   2    0   12 0.000000 2.000000
   4    8   15 1.419048 2.580952
   3    6   13 0.952381 2.047619
   4    8   17 1.261905 2.738095
   2    2    9 0.366667 1.633333
   2    2    9 0.366667 1.633333
   1    0    6 0.000000 1.000000
   6   18   18 3.000000 3.000000
   7   18   23 3.000000 4.000000
   1    0    6 0.000000 1.000000
   2    2    9 0.366667 1.633333
  15   44   47 7.347619 7.652381
   4    6   18 0.952381 3.047619
   2    2   12 0.285714 1.714286
   3    4   13 0.733333 2.266667
   7   24   17 4.166667 2.833333
   1    0    6 0.000000 1.000000
   2    2   10 0.333333 1.666667
   4    8   15 1.442857 2.557143
   1    0    6 0.000000 1.000000
   3    6   13 0.952381 2.047619
   1    0    7 0.000000 1.000000
   4   10   14 1.666667 2.333333
   3    2   15 0.366667 2.633333
   7   16   25 2.719048 4.280952
  10   34   27 5.676190 4.323810
   2    2    8 0.400000 1.600000
   1    0    6 0.000000 1.000000
   5   12   19 1.960714 3.039286
   9   32   24 5.185714 3.814286
   2    2   13 0.267857 1.732143
   4    4   20 0.709524 3.290476
   1    0    6 0.000000 1.000000
   5   14   15 2.428571 2.571429
   7   16   26 2.742857 4.257143
   8   24   21 4.209524 3.790476
   2    2   11 0.309524 1.690476
   9   22   32 3.671429 5.328571
   3    4   13 0.742857 2.257143
   1    0    7 0.000000 1.000000
   8   18   30 2.966667 5.033333
   2    2   11 0.309524 1.690476
   4    6   16 1.066667 2.933333
   4    6   18 1.019048 2.980952
  18   64   45 10.642857 7.357143
   2    2   10 0.333333 1.666667
   3    6   12 1.019048 1.980952
  17   70   32 11.889286 5.110714
   1    0    7 0.000000 1.000000
   5    6   28 0.910714 4.089286
   6   16   22 2.565476 3.434524
   7    8   37 1.261905 5.738095
   6   14   22 2.385714 3.614286
   1    0    5 0.000000 1.000000
   6   14   20 2.435714 3.564286
   4    4   17 0.816667 3.183333
   7   12   29 2.166667 4.833333
   1    0    7 0.000000 1.000000
   2    2   11 0.325000 1.675000
  26  102   49 17.421429 8.578571
   2    2   10 0.342857 1.657143
   1    0    7 0.000000 1.000000
  25   96   53 16.135714 8.864286
   4    6   20 0.916667 3.083333
   5    8   24 1.250000 3.750000
   3    2   18 0.285714 2.714286
   7   20   22 3.366667 3.633333
   1    0    5 0.000000 1.000000
   9   20   34 3.252381 5.747619
   6   18   19 2.933333 3.066667
   2    2    9 0.366667 1.633333
   2    2   12 0.285714 1.714286
   1    0    6 0.000000 1.000000
  22   76   53 13.021429 8.978571
  38  172   52 28.923810 9.076190
   1    0    6 0.000000 1.000000
   4    4   21 0.625000 3.375000
   3    6   12 1.000000 2.000000
   6   12   25 2.058333 3.941667
   4    8   14 1.466667 2.533333
   5    6   26 0.944048 4.055952
  14   44   38 7.550000 6.450000
   1    0    7 0.000000 1.000000
   1    0    6 0.000000 1.000000
  22   74   53 12.904762 9.095238
  39  182   56 30.171429 8.828571
   2    2   10 0.333333 1.666667
  16   56   41 9.390476 6.609524
   5    6   25 0.952381 4.047619
   5   10   21 1.650000 3.350000
   5    2   29 0.366667 4.633333
  20   74   45 12.470238 7.529762
  15   36   50 6.285714 8.714286
  32  136   57 22.719048 9.280952
   3    4   15 0.628571 2.371429
  17   64   41 10.595238 6.404762
   5    6   23 1.076190 3.923810
   5   10   22 1.583333 3.416667
   5    4   25 0.700000 4.300000
  20   56   62 9.476190 10.523810
  13   26   53 4.402381 8.597619
  32  132   57 22.542857 9.457143
   1    0    6 0.000000 1.000000
  18   48   59 8.238095 9.761905
   1    0    6 0.000000 1.000000
   3    2   17 0.309524 2.690476
   6    8   27 1.352381 4.647619
  15   30   61 5.014286 9.985714
  20   56   61 9.792857 10.207143
  36  150   69 24.878571 11.121429
  18   52   55 8.985714 9.014286
   2    2    9 0.366667 1.633333
   6    8   26 1.466667 4.533333
   3    6   14 0.955556 2.044444
  15   34   62 5.333333 9.666667
  16   48   47 8.010714 7.989286
  40  160   77 26.947619 13.052381
  21   68   59 11.107143 9.892857
   9   16   38 2.704762 6.295238
   4    8   17 1.304762 2.695238
  14   34   47 5.952381 8.047619
   9   26   31 4.241667 4.758333
  43  184   72 30.870238 12.129762
  25   72   82 11.873810 13.126190
   8   14   34 2.390476 5.609524
   6   18   18 3.066667 2.933333
  12   32   35 5.797619 6.202381
   8   18   34 2.747619 5.252381
  41  170   73 28.613095 12.386905
  22   58   73 9.792857 12.207143
   4    6   17 1.066667 2.933333
  13   48   29 8.014286 4.985714
   9   20   34 3.429762 5.570238
  10   28   33 4.580952 5.419048
  42  182   72 30.251190 11.748810
  24   58   83 9.816667 14.183333
   7   16   25 2.733333 4.266667
   5   10   20 1.683333 3.316667
  17   56   48 9.171429 7.828571
   4    2   23 0.309524 3.690476
  43  158  101 26.346429 16.653571
  34  116   88 19.552381 14.447619
   7   10   29 1.800000 5.200000
   5   10   20 1.628571 3.371429
  16   48   43 8.309524 7.690476
   1    0    6 0.000000 1.000000
  37  128  102 21.003571 15.996429
  42  170   83 28.219048 13.780952
   4    4   22 0.642857 3.357143
   4    4   22 0.634524 3.365476
  10   22   38 3.657143 6.342857
   3    6   10 1.133333 1.866667
  37  134   85 22.533333 14.466667
  51  210   93 35.438095 15.561905
   3    2   17 0.333333 2.666667
   6    6   29 1.052381 4.947619
   9   16   41 2.547619 6.452381
   6   14   22 2.375000 3.625000
  25   64   86 10.792857 14.207143
  59  254  101 42.176190 16.823810
   2    0   12 0.000000 2.000000
   9   22   34 3.641667 5.358333
  11   26   38 4.500000 6.500000
   2    0   12 0.000000 2.000000
  17   28   73 4.671429 12.328571
  70  330   86 55.104762 14.895238
   3    4   15 0.642857 2.357143
  11   20   47 3.361905 7.638095
   6    8   28 1.361905 4.638095
  10   16   46 2.657143 7.342857
  62  292   79 48.995238 13.004762
   5    6   22 1.066667 3.933333
  17   46   58 7.661905 9.338095
   3    4   12 0.766667 2.233333
  13   26   55 4.414286 8.585714
  61  288   78 48.223810 12.776190
   3    2   16 0.333333 2.666667
  22   82   50 13.683333 8.316667
   1    0    7 0.000000 1.000000
  13   22   55 3.838095 9.161905
  69  354   64 58.919048 10.080952
  15   48   40 8.033333 6.966667
  16   42   52 7.260714 8.739286
  62  304   68 50.941667 11.058333
  20   66   54 11.054762 8.945238
  18   58   50 9.809524 8.190476
  62  302   72 50.023810 11.976190
  14   34   45 5.833333 8.166667
  24   86   61 14.116667 9.883333
  58  268   82 44.536905 13.463095
  15   38   50 6.597619 8.402381
  27  104   58 17.361905 9.638095
  71  358   67 59.922619 11.077381
  14   44   39 7.528571 6.471429
  15   42   50 6.914286 8.085714
  74  374   69 62.198810 11.801190
  10   28   31 4.757143 5.242857
  16   50   48 8.171429 7.828571
  63  294   85 49.066667 13.933333
  11   34   32 5.880952 5.119048
  26   88   67 14.875000 11.125000
  77  406   55 67.771429 9.228571
   3    6   13 0.971429 2.028571
  20   66   54 11.138095 8.861905
  74  384   58 64.204762 9.795238
   2    2   10 0.333333 1.666667
  24   88   58 14.511905 9.488095
  83  452   45 75.396429 7.603571
   1    0    6 0.000000 1.000000
  16   52   45 8.642857 7.357143
  83  454   44 75.854762 7.145238
   1    0    7 0.000000 1.000000
  16   52   43 8.757143 7.242857
  76  404   53 67.404762 8.595238
  24   90   53 15.180952 8.819048
  74  382   64 63.545238 10.454762
  26   90   64 15.185714 10.814286
  78  406   62 67.652381 10.347619
  22   70   62 11.754762 10.245238
  87  480   41 80.103571 6.896429
  13   38   41 6.397619 6.602381
  84  462   41 77.246429 6.753571
  16   56   41 9.295238 6.704762
  85  476   36 79.297619 5.702381
  15   52   36 8.761905 6.238095
  96  560   15 93.476190 2.523810
   4   10   15 1.647619 2.352381
  92  526   24 87.903175 4.096825
   8   26   24 4.195238 3.804762
  90  510   32 84.952381 5.047619
  10   26   32 4.716667 5.283333
  88  506   24 84.190476 3.809524
  12   46   24 7.928571 4.071429
  94  542   21 90.570238 3.429762
   6   16   21 2.619048 3.380952
  98  576   12 96.028571 1.971429
   2    0   12 0.000000 2.000000
 100  600    0 100.000000 0.000000
