   2    2   10 0.342857 1.657143
   2    2    9 0.366667 1.633333
   3    4   12 0.766667 2.233333
   1    0    7 0.000000 1.000000
   1    0    6 0.000000 1.000000
   2    2   12 0.285714 1.714286
   3    6   12 1.000000 2.000000
   1    0    7 0.000000 1.000000
   2    2    9 0.366667 1.633333
   5   10   20 1.685714 3.314286
   1    0    6 0.000000 1.000000
   2    2   10 0.342857 1.657143
   2    2   11 0.309524 1.690476
   2    2   11 0.309524 1.690476
   1    0    5 0.000000 1.000000
   1    0    7 0.000000 1.000000
   1    0    6 0.000000 1.000000
   3    4   15 0.619048 2.380952
   1    0    6 0.000000 1.000000
   1    0    7 0.000000 1.000000
   2    2    9 0.366667 1.633333
   2    0   11 0.000000 2.000000
   1    0    7 0.000000 1.000000
   1    0    7 0.000000 1.000000
   1    0    6 0.000000 1.000000
   1    0    7 0.000000 1.000000
   1    0    6 0.000000 1.000000
   2    2    8 0.400000 1.600000
   1    0    6 0.000000 1.000000
   1    0    5 0.000000 1.000000
   1    0    6 0.000000 1.000000
   2    2    8 0.400000 1.600000
   2    2   10 0.333333 1.666667
   5   12   17 2.128571 2.871429
   2    0   12 0.000000 2.000000
   1    0    6 0.000000 1.000000
   1    0    6 0.000000 1.000000
   2    2   10 0.333333 1.666667
   2    2   11 0.309524 1.690476
   2    0   12 0.000000 2.000000
   1    0    7 0.000000 1.000000
   2    2   10 0.333333 1.666667
   3    4   14 0.666667 2.333333
   1    0    6 0.000000 1.000000
   1    0    7 0.000000 1.000000
   1    0    6 0.000000 1.000000
   3    4   14 0.666667 2.333333
   4    8   15 1.419048 2.580952
   1    0    6 0.000000 1.000000
   2    2    9 0.366667 1.633333
   1    0    6 0.000000 1.000000
   1    0    6 0.000000 1.000000
   1    0    7 0.000000 1.000000
   3    6   11 1.066667 1.933333
   1    0    7 0.000000 1.000000
   2    2    9 0.366667 1.633333
   1    0    6 0.000000 1.000000
   1    0    6 0.000000 1.000000
   6   18   18 3.004762 2.995238
   2    2    9 0.366667 1.633333
   5   14   16 2.438095 2.561905
   2    2   10 0.333333 1.666667
   1    0    5 0.000000 1.000000
   4    8   17 1.316667 2.683333
   1    0    7 0.000000 1.000000
   4    6   17 1.019048 2.980952
   3    4   18 0.587302 2.412698
   3    4   11 0.816667 2.183333
   1    0    5 0.000000 1.000000
   2    0   13 0.000000 2.000000
   3    2   18 0.309524 2.690476
   3    2   17 0.333333 2.666667
   3    4   14 0.666667 2.333333
   2    2   10 0.342857 1.657143
   2    2    9 0.366667 1.633333
   8   24   25 3.980952 4.019048
   7   22   17 3.857143 3.142857
   2    2   11 0.325000 1.675000
   1    0    7 0.000000 1.000000
   2    2   10 0.333333 1.666667
   1    0    7 0.000000 1.000000
   4   10   13 1.761905 2.238095
   2    2   10 0.342857 1.657143
   1    0    6 0.000000 1.000000
   2    2    9 0.366667 1.633333
   1    0    7 0.000000 1.000000
  10   22   35 3.928571 6.071429
   2    2    9 0.366667 1.633333
   1    0    7 0.000000 1.000000
   1    0    5 0.000000 1.000000
   2    2   11 0.309524 1.690476
   2    0   11 0.000000 2.000000
   1    0    7 0.000000 1.000000
   2    2   10 0.333333 1.666667
   1    0    7 0.000000 1.000000
   4    6   17 1.066667 2.933333
   1    0    6 0.000000 1.000000
   3    4   15 0.685714 2.314286
   1    0    7 0.000000 1.000000
   1    0    5 0.000000 1.000000
   3    2   17 0.342857 2.657143
   7   14   26 2.519048 4.480952
   4    6   17 1.076190 2.923810
   3    6   10 1.133333 1.866667
   1    0    6 0.000000 1.000000
   1    0    7 0.000000 1.000000
   3    6   13 0.952381 2.047619
   3    2   18 0.309524 2.690476
   3    4   14 0.709524 2.290476
   4    6   19 0.995238 3.004762
   9   28   25 4.714286 4.285714
   3    6   15 0.857143 2.142857
   1    0    6 0.000000 1.000000
   2    2   10 0.333333 1.666667
   2    2    8 0.400000 1.600000
   3    6   12 1.019048 1.980952
   3    4   14 0.666667 2.333333
   1    0    6 0.000000 1.000000
  24   96   46 16.223810 7.776190
   3    4   12 0.766667 2.233333
   1    0    6 0.000000 1.000000
   2    2   12 0.285714 1.714286
   1    0    6 0.000000 1.000000
   1    0    6 0.000000 1.000000
   2    2   11 0.309524 1.690476
   3    4   13 0.700000 2.300000
   3    4   14 0.709524 2.290476
   2    0   11 0.000000 2.000000
   2    2    9 0.366667 1.633333
   4    2   23 0.333333 3.666667
   5   10   22 1.600000 3.400000
   1    0    7 0.000000 1.000000
   3    4   14 0.676190 2.323810
   2    2   11 0.309524 1.690476
   2    0   12 0.000000 2.000000
   1    0    6 0.000000 1.000000
   5    8   22 1.319048 3.680952
   6   12   24 2.052381 3.947619
   8   24   22 4.300000 3.700000
   4   10   14 1.666667 2.333333
   2    2    9 0.366667 1.633333
   2    2   12 0.285714 1.714286
   2    2    9 0.366667 1.633333
   2    2   11 0.309524 1.690476
  34  138   63 23.288095 10.711905
   1    0    7 0.000000 1.000000
   4    6   19 0.995238 3.004762
   2    2   10 0.333333 1.666667
   1    0    5 0.000000 1.000000
   1    0    7 0.000000 1.000000
   1    0    6 0.000000 1.000000
   5    6   24 1.009524 3.990476
   2    2    8 0.400000 1.600000
   3    2   16 0.325000 2.675000
   5   12   16 2.166667 2.833333
   3    6   10 1.133333 1.866667
   3    0   20 0.000000 3.000000
   1    0    6 0.000000 1.000000
   2    2   10 0.333333 1.666667
   3    4   14 0.676190 2.323810
   5   12   19 2.051190 2.948810
   6   16   18 2.861905 3.138095
   8   18   30 3.045238 4.954762
   5    8   23 1.261905 3.738095
   5   14   16 2.450000 2.550000
   2    0   14 0.000000 2.000000
  37  146   79 24.360714 12.639286
   1    0    5 0.000000 1.000000
   1    0    6 0.000000 1.000000
   1    0    5 0.000000 1.000000
   1    0    6 0.000000 1.000000
   5    8   24 1.261905 3.738095
   4    6   19 0.992857 3.007143
   2    2   11 0.309524 1.690476
   3    2   16 0.342857 2.657143
   5   10   18 1.800000 3.200000
   1    0    7 0.000000 1.000000
   4    4   18 0.733333 3.266667
   3    4   14 0.676190 2.323810
   3    2   18 0.309524 2.690476
   8   24   23 4.154762 3.845238
  13   40   36 6.835714 6.164286
   2    2   11 0.309524 1.690476
   2    2   10 0.333333 1.666667
   6   14   22 2.285714 3.714286
  32  114   76 19.157143 12.842857
   5   14   18 2.250000 2.750000
   1    0    6 0.000000 1.000000
   3    4   12 0.766667 2.233333
   9   24   30 4.047619 4.952381
   5    8   19 1.552381 3.447619
   2    2   10 0.333333 1.666667
   6   14   25 2.266667 3.733333
   3    6   12 1.000000 2.000000
   1    0    6 0.000000 1.000000
   4    8   16 1.328571 2.671429
   2    2   10 0.342857 1.657143
   2    2    9 0.366667 1.633333
   6   12   23 2.033333 3.966667
  10   16   44 2.623810 7.376190
   1    0    7 0.000000 1.000000
   1    0    6 0.000000 1.000000
   1    0    8 0.000000 1.000000
  31  100   87 16.788095 14.211905
  12   38   34 6.392857 5.607143
   2    2    9 0.366667 1.633333
   1    0    5 0.000000 1.000000
   3    2   16 0.333333 2.666667
   9   22   31 3.741667 5.258333
   2    2   11 0.309524 1.690476
   4    8   18 1.250000 2.750000
   6    6   28 1.033333 4.966667
   5   14   18 2.214286 2.785714
   2    2   12 0.285714 1.714286
   6   14   21 2.538095 3.461905
   6   10   26 1.666667 4.333333
   2    0   13 0.000000 2.000000
  35  132   78 22.238095 12.761905
  17   62   38 10.504762 6.495238
   1    0    8 0.000000 1.000000
   9   20   32 3.620238 5.379762
   4   10   15 1.608333 2.391667
   5   14   14 2.495238 2.504762
  13   44   33 7.671429 5.328571
   9   24   31 3.976190 5.023810
   5   14   16 2.419048 2.580952
   1    0    6 0.000000 1.000000
   6   18   20 2.971429 3.028571
  34  134   72 22.485714 11.514286
  13   38   37 6.666667 6.333333
   5    4   27 0.666667 4.333333
   1    0    6 0.000000 1.000000
   4    4   18 0.766667 3.233333
  16   54   39 9.216667 6.783333
   4   10   14 1.685714 2.314286
   7   20   22 3.371429 3.628571
   4    8   16 1.333333 2.666667
   2    2   10 0.333333 1.666667
  53  224   97 37.384524 15.615476
   4    4   21 0.595238 3.404762
   7   10   32 1.704762 5.295238
  12   36   33 6.121429 5.878571
  22   80   52 13.466667 8.533333
   2    2    9 0.366667 1.633333
   5   12   19 2.004762 2.995238
   1    0    5 0.000000 1.000000
  46  192   86 32.313889 13.686111
   5    6   26 0.952381 4.047619
   5   10   22 1.611905 3.388095
  15   50   38 8.300000 6.700000
  20   80   43 13.257143 6.742857
   4    6   18 1.000000 3.000000
   3    2   16 0.342857 2.657143
  49  216   74 36.657143 12.342857
   4   10   15 1.647619 2.352381
   3    2   16 0.366667 2.633333
  16   40   53 6.957143 9.042857
  18   66   46 10.809524 7.190476
   3    2   16 0.333333 2.666667
  46  180   95 30.505952 15.494048
  14   54   30 9.090476 4.909524
   3    4   13 0.700000 2.300000
  15   42   50 6.880952 8.119048
  14   42   44 6.900000 7.100000
   5   12   18 2.071429 2.928571
  55  238   89 40.128571 14.871429
   8   24   24 4.028571 3.971429
   4    2   23 0.309524 3.690476
  11   32   32 5.535714 5.464286
  15   38   54 6.316667 8.683333
   3    4   17 0.577381 2.422619
  59  262   87 44.095238 14.904762
   8   24   25 3.995238 4.004762
   7   16   28 2.727381 4.272619
   8   20   28 3.247619 4.752381
  17   34   65 5.957143 11.042857
   5   14   16 2.395238 2.604762
  61  270   97 44.908333 16.091667
   2    2   10 0.333333 1.666667
   5    8   22 1.376190 3.623810
  25   92   56 15.548810 9.451190
  18   44   62 7.585714 10.414286
   4   10   14 1.719048 2.280952
  45  160  113 26.603571 18.396429
   3    2   17 0.333333 2.666667
   7   16   26 2.685714 4.314286
  26  106   51 17.880952 8.119048
  14   50   34 8.376190 5.623810
   7   18   24 3.109524 3.890476
  43  154  103 25.920238 17.079762
   3    6   12 1.000000 2.000000
   7   10   29 1.819048 5.180952
  38  166   62 28.158333 9.841667
  10   32   28 5.328571 4.671429
  11   30   35 5.080952 5.919048
  33  104   98 17.203571 15.796429
   1    0    6 0.000000 1.000000
   9   16   37 2.828571 6.171429
  43  166   91 27.785714 15.214286
  10    8   54 1.330159 8.669841
  10   26   34 4.442857 5.557143
  25   64   87 10.721429 14.278571
   3    4   13 0.700000 2.300000
  15   38   54 6.396429 8.603571
  51  200  104 33.773810 17.226190
   4    4   19 0.700000 3.300000
  10   18   45 2.900000 7.100000
  19   44   67 7.403571 11.596429
   1    0    7 0.000000 1.000000
  15   38   53 6.430952 8.569048
  54  232   89 39.166667 14.833333
   3    2   15 0.366667 2.633333
   7    4   39 0.709524 6.290476
  21   60   68 9.809524 11.190476
  10   24   35 4.071429 5.928571
  58  246  101 41.113095 16.886905
   8   20   30 3.302381 4.697619
   9   16   38 2.576190 6.423810
  15   30   60 5.100000 9.900000
  13   40   36 6.809524 6.190476
  63  288   92 47.952381 15.047619
   6   10   24 1.795238 4.204762
   9   10   45 1.719048 7.280952
   9   18   37 3.044048 5.955952
  10   16   42 2.761905 7.238095
  59  250  104 41.904762 17.095238
   3    4   14 0.676190 2.323810
  17   52   55 8.402381 8.597619
  11   20   43 3.547619 7.452381
   7    8   35 1.325000 5.675000
  67  300   99 50.498810 16.501190
   6   14   21 2.409524 3.590476
  15   32   59 5.314286 9.685714
   5    4   28 0.619048 4.380952
   2    2   10 0.333333 1.666667
  73  340   94 57.282143 15.717857
   6   14   21 2.461905 3.538095
  15   28   64 4.750000 10.250000
   4    8   19 1.190476 2.809524
   5   12   20 1.904762 3.095238
  73  356   86 58.914286 14.085714
   4    4   19 0.700000 3.300000
  15   32   56 5.471429 9.528571
   3    2   13 0.400000 2.600000
   3    4   16 0.595238 2.404762
  72  308  117 51.948810 20.051190
   4    8   15 1.400000 2.600000
  18   30   82 4.959524 13.040476
   3    2   18 0.285714 2.714286
   9   26   29 4.407143 4.592857
  69  306  108 51.135714 17.864286
   5   14   16 2.408333 2.591667
  15   32   58 5.409524 9.590476
   2    2    9 0.366667 1.633333
   1    0    6 0.000000 1.000000
  65  304   89 50.567857 14.432143
   7   18   24 3.019048 3.980952
  25   98   50 16.757143 8.242857
   2    2    9 0.366667 1.633333
  47  190   89 32.041667 14.958333
  13   50   28 8.514286 4.485714
  40  182   61 30.309524 9.690476
  51  218   89 36.566667 14.433333
   9   20   34 3.466667 5.533333
  40  168   71 28.180952 11.819048
  48  220   71 36.619048 11.380952
   9   18   35 3.114286 5.885714
  43  180   76 30.230952 12.769048
  47  204   73 34.371429 12.628571
  11   34   33 5.576190 5.423810
  42  178   78 29.342857 12.657143
  37  148   76 24.680952 12.319048
  12   26   49 4.203571 7.796429
  51  214   87 36.054762 14.945238
  43  182   75 30.771429 12.228571
  17   56   49 9.200000 7.800000
  40  164   74 27.685714 12.314286
  48  194   95 32.572619 15.427381
  16   44   53 7.533333 8.466667
  36  126   88 21.333333 14.666667
  55  238   93 39.777381 15.222619
  17   46   50 7.957143 9.042857
  28   80   93 13.033333 14.966667
  52  194  116 32.764286 19.235714
  22   64   69 10.709524 11.290476
  26   78   79 13.233333 12.766667
  47  166  113 27.952381 19.047619
  15   36   55 6.052381 8.947619
  38  134   96 22.447619 15.552381
  46  176  102 29.522619 16.477381
  13   26   51 4.342857 8.657143
  41  152   93 25.532143 15.467857
  42  174   79 29.133333 12.866667
  15   38   51 6.497619 8.502381
  43  172   86 28.780952 14.219048
  42  166   83 28.167857 13.832143
  16   48   45 8.233333 7.766667
  42  176   82 29.142857 12.857143
  33  134   63 22.504762 10.495238
  29  104   75 17.157143 11.842857
  38  152   72 25.603571 12.396429
  35  148   63 24.413095 10.586905
  20   64   55 10.884524 9.115476
  45  196   74 32.577381 12.422619
  35  142   64 24.128571 10.871429
  12   24   50 3.838095 8.161905
  53  248   72 41.284524 11.715476
  44  198   67 33.104762 10.895238
  14   32   52 5.395238 8.604762
  42  164   87 27.642857 14.357143
  41  180   65 30.133333 10.866667
   7    8   32 1.416667 5.583333
  52  236   79 39.317857 12.682143
  45  186   86 31.071429 13.928571
   7   16   21 3.066667 3.933333
  48  192   99 31.945238 16.054762
  48  196   96 32.734524 15.265476
   7   14   29 2.280952 4.719048
  45  150  115 25.557143 19.442857
  33  104   84 18.009524 14.990476
  13   38   39 6.428571 6.571429
  54  238   97 38.938095 15.061905
  34  130   75 21.923810 12.076190
  16   38   59 6.471429 9.528571
  50  208   90 34.795238 15.204762
  43  176   81 29.738095 13.261905
   6   10   28 1.619048 4.380952
  51  204  101 34.333333 16.666667
  41  156   87 26.342857 14.657143
  11   28   40 4.700000 6.300000
  48  182  107 30.348810 17.651190
  46  176   99 29.529762 16.470238
  10   30   30 5.071429 4.928571
  44  166   99 27.822619 16.177381
  38  126  104 21.216667 16.783333
  10   24   35 4.114286 5.885714
  52  194  117 32.590476 19.409524
  39  144   97 23.858333 15.141667
   8   22   27 3.742857 4.257143
  53  202  108 34.202381 18.797619
  29  102   78 16.546429 12.453571
  20   78   40 13.164286 6.835714
  51  200  102 33.708333 17.291667
  30   96   75 16.590476 13.409524
  19   68   47 11.266667 7.733333
  51  216   98 35.529762 15.470238
  20   58   66 9.425000 10.575000
  13   38   39 6.266667 6.733333
  67  322   77 54.057143 12.942857
  26   88   69 14.750000 11.250000
  11   26   42 4.180952 6.819048
  63  292   83 49.004762 13.995238
  29  104   69 17.600000 11.400000
  10   22   40 3.571429 6.428571
  61  280   85 46.978571 14.021429
  30  128   54 21.278571 8.721429
   1    0    6 0.000000 1.000000
  69  354   58 59.446429 9.553571
  36  150   66 24.959524 11.040476
  64  318   66 53.107143 10.892857
  34  134   71 22.561905 11.438095
  66  324   71 54.180952 11.819048
  32  102   92 16.876190 15.123810
  68  314   92 52.550000 15.450000
  24   54   87 9.142857 14.857143
  76  372   87 61.738095 14.261905
  17   32   69 5.454762 11.545238
  83  430   69 71.714286 11.285714
  27  100   61 16.838095 10.161905
  73  378   61 62.995238 10.004762
  22   86   49 14.242857 7.757143
  78  416   49 69.769048 8.230952
  14   34   50 5.742857 8.257143
  86  466   50 77.916667 8.083333
  16   44   49 7.651190 8.348810
  84  458   49 76.178571 7.821429
  17   50   53 8.304762 8.695238
  83  444   53 74.102381 8.897619
  24  102   44 16.990476 7.009524
  76  410   44 68.676190 7.323810
  30  130   51 21.803571 8.196429
  70  368   51 61.609524 8.390476
  33  126   69 21.280952 11.719048
  67  336   69 55.838095 11.161905
  38  156   73 26.052381 11.947619
  62  298   73 49.911905 12.088095
  35  140   70 23.566667 11.433333
  65  320   70 53.589286 11.410714
  41  176   70 29.452381 11.547619
  59  284   70 47.619048 11.380952
  44  192   67 32.378571 11.621429
  56  274   67 45.355952 10.644048
  39  142   96 23.382143 15.617857
  61  266   96 44.801190 16.198810
  39  142   91 23.830952 15.169048
  61  276   91 46.226190 14.773810
  37  148   77 24.788095 12.211905
  63  298   77 50.257143 12.742857
  43  164   89 27.927381 15.072619
  57  258   89 42.776190 14.223810
  42  164   90 27.446032 14.553968
  58  256   90 43.023810 14.976190
  43  158  101 26.200000 16.800000
  57  240  101 40.228571 16.771429
  42  152   98 25.616667 16.383333
  58  252   98 42.058333 15.941667
  47  200   89 32.828571 14.171429
  53  222   89 37.576190 15.423810
  41  150   95 25.247619 15.752381
  59  260   95 43.569048 15.430952
  44  148  113 25.019048 18.980952
  56  226  113 37.652381 18.347619
  35  126   85 20.923810 14.076190
  65  304   85 50.909524 14.090476
  40  162   76 27.257143 12.742857
  60  286   76 47.772619 12.227381
  38  138   89 23.142857 14.857143
  62  284   89 47.346429 14.653571
  41  164   80 27.719048 13.280952
  59  276   80 45.838095 13.161905
  48  192   96 32.117857 15.882143
  52  216   96 35.976190 16.023810
  40  144   95 24.304762 15.695238
  60  266   95 44.519048 15.480952
  40  150   87 25.379762 14.620238
  60  276   87 45.854762 14.145238
  35  124   91 20.500000 14.500000
  65  294   91 49.485714 15.514286
  36  134   83 22.461905 13.538095
  64  300   83 50.178571 13.821429
  33  116   75 19.794048 13.205952
  67  334   75 55.316667 11.683333
  34  132   76 21.853571 12.146429
  66  316   76 53.246429 12.753571
  27   80   79 13.523810 13.476190
  73  362   79 60.009524 12.990476
  33  130   67 22.004762 10.995238
  67  336   67 56.030952 10.969048
  31  114   74 19.111905 11.888095
  69  338   74 56.680952 12.319048
  20   48   76 7.890476 12.109524
  80  400   76 67.371429 12.628571
  26   82   73 14.019048 11.980952
  74  372   73 62.123016 11.876984
  25   80   68 13.561905 11.438095
  75  384   68 64.002381 10.997619
  17   38   65 6.361905 10.638095
  83  432   65 72.194048 10.805952
  19   58   55 9.927381 9.072619
  81  432   55 72.155952 8.844048
  18   54   53 9.157143 8.842857
  82  440   53 73.369048 8.630952
  28  102   64 17.278571 10.721429
  72  370   64 61.554762 10.445238
  32  132   62 21.890476 10.109524
  68  344   62 57.465476 10.534524
  36  152   64 25.561905 10.438095
  64  320   64 53.604762 10.395238
  40  172   67 28.961905 11.038095
  60  294   67 48.954762 11.045238
  56  262   73 43.809524 12.190476
  44  192   73 31.992857 12.007143
  57  258   83 43.101190 13.898810
  43  176   83 29.283333 13.716667
  56  254   78 42.638095 13.361905
  44  190   78 31.328571 12.671429
  58  256   91 42.732143 15.267857
  42  162   91 27.059524 14.940476
  69  320   91 53.826190 15.173810
  31   98   91 16.380952 14.619048
  67  316   84 53.077381 13.922619
  33  116   84 19.426190 13.573810
  62  270   99 45.023810 16.976190
  38  132   99 21.866667 16.133333
  67  312   88 52.369048 14.630952
  33  112   88 18.682143 14.317857
  76  378   83 62.626190 13.373810
  24   56   83 9.704762 14.295238
  88  480   48 80.100000 7.900000
  12   24   48 4.090476 7.909524
  85  470   47 77.795238 7.204762
  15   36   47 6.530952 8.469048
  83  450   49 75.069048 7.930952
  17   52   49 8.761905 8.238095
  90  492   44 82.420238 7.579762
  10   20   44 3.233333 6.766667
  96  562   14 93.680952 2.319048
   4   10   14 1.695238 2.304762
  94  540   22 90.359524 3.640476
   6   16   22 2.651190 3.348810
  84  462   43 76.984524 7.015476
  16   52   43 8.795238 7.204762
  83  454   44 75.795238 7.204762
  17   58   44 9.814286 7.185714
  81  442   46 73.619048 7.380952
  19   66   46 11.204762 7.795238
  86  476   39 79.641667 6.358333
  14   46   39 7.685714 6.314286
  88  500   28 83.352381 4.647619
  12   44   28 7.283333 4.716667
  85  478   31 79.809524 5.190476
  15   60   31 10.020238 4.979762
  81  444   40 74.233333 6.766667
  19   76   40 12.490476 6.509524
  91  514   31 85.778571 5.221429
   9   24   31 4.004762 4.995238
  95  552   21 91.760714 3.239286
   5    6   21 1.142857 3.857143
  94  542   23 90.366667 3.633333
   6   12   23 2.119048 3.880952
  95  550   19 91.638095 3.361905
   5   12   19 2.000000 3.000000
  96  562   17 93.448810 2.551190
   4    4   17 0.766667 3.233333
  97  564   16 94.223810 2.776190
   3    4   16 0.619048 2.380952
  94  536   26 89.583333 4.416667
   6   12   26 1.928571 4.071429
  94  538   26 89.638095 4.361905
   6   10   26 1.678571 4.321429
  87  478   42 79.926190 7.073810
  13   38   42 6.353571 6.646429
  92  522   30 87.103571 4.896429
   8   18   30 3.004762 4.995238
  85  478   38 79.308333 5.691667
  15   46   38 8.216667 6.783333
  89  500   34 83.366667 5.633333
  11   32   34 5.361905 5.638095
  89  488   44 81.602381 7.397619
  11   24   44 3.923810 7.076190
  92  514   37 85.833333 6.166667
   8   12   37 1.961905 6.038095
  94  538   29 89.427381 4.572619
   6    4   29 0.742857 5.257143
  96  554   22 92.414286 3.585714
   4    2   22 0.333333 3.666667
  89  510   27 84.726190 4.273810
  11   36   27 6.278571 4.721429
  89  498   35 83.100000 5.900000
  11   32   35 5.220238 5.779762
  93  534   25 88.947619 4.052381
   7   16   25 2.761905 4.238095
  97  564   17 94.138095 2.861905
   3    2   17 0.309524 2.690476
  96  562   14 93.692857 2.307143
   4   10   14 1.685714 2.314286
  97  568   14 94.719048 2.280952
   3    4   14 0.676190 2.323810
  97  568   15 94.633333 2.366667
   3    2   15 0.366667 2.633333
  98  574   13 95.855952 2.144048
   2    0   13 0.000000 2.000000
 100  600    0 100.000000 0.000000
