   1    0    5 0.000000 1.000000
   2    2   10 0.342857 1.657143
   2    2   11 0.309524 1.690476
   1    0    6 0.000000 1.000000
   2    2    9 0.366667 1.633333
   1    0    7 0.000000 1.000000
   1    0    7 0.000000 1.000000
   5   12   17 2.033333 2.966667
   1    0    6 0.000000 1.000000
   1    0    6 0.000000 1.000000
   1    0    7 0.000000 1.000000
   3    6   13 0.952381 2.047619
   2    2    8 0.400000 1.600000
   1    0    5 0.000000 1.000000
   3    6   14 0.904762 2.095238
   1    0    6 0.000000 1.000000
   1    0    7 0.000000 1.000000
   1    0    7 0.000000 1.000000
   4    8   15 1.476190 2.523810
   1    0    6 0.000000 1.000000
   1    0    6 0.000000 1.000000
   3    2   15 0.366667 2.633333
   1    0    6 0.000000 1.000000
   5    8   21 1.366667 3.633333
   1    0    6 0.000000 1.000000
   1    0    6 0.000000 1.000000
   1    0    6 0.000000 1.000000
   2    2   11 0.309524 1.690476
   2    2   10 0.342857 1.657143
   1    0    6 0.000000 1.000000
   1    0    7 0.000000 1.000000
   1    0    6 0.000000 1.000000
   1    0    6 0.000000 1.000000
   1    0    7 0.000000 1.000000
   1    0    6 0.000000 1.000000
   4    4   17 0.766667 3.233333
   2    2   10 0.333333 1.666667
   2    0   11 0.000000 2.000000
   2    2    9 0.366667 1.633333
   2    2   10 0.342857 1.657143
   1    0    5 0.000000 1.000000
   2    2    9 0.366667 1.633333
   3    4   14 0.709524 2.290476
   2    2   12 0.285714 1.714286
   1    0    6 0.000000 1.000000
   8   24   22 4.223810 3.776190
   2    2    9 0.366667 1.633333
   1    0    7 0.000000 1.000000
   2    2   11 0.309524 1.690476
   4    6   19 0.995238 3.004762
   2    2   11 0.309524 1.690476
   1    0    7 0.000000 1.000000
   1    0    6 0.000000 1.000000
   2    2   11 0.309524 1.690476
   3    4   15 0.691667 2.308333
   1    0    6 0.000000 1.000000
   5   12   17 2.033333 2.966667
   1    0    7 0.000000 1.000000
   2    2   10 0.342857 1.657143
   3    4   14 0.666667 2.333333
   3    6   11 1.066667 1.933333
   1    0    6 0.000000 1.000000
  11   28   37 4.833333 6.166667
   3    6   12 1.019048 1.980952
   6   10   24 1.785714 4.214286
   1    0    6 0.000000 1.000000
   1    0    5 0.000000 1.000000
   5    8   23 1.316667 3.683333
   3    4   14 0.676190 2.323810
   1    0    7 0.000000 1.000000
   1    0    6 0.000000 1.000000
   8   22   28 3.670238 4.329762
   2    2   11 0.309524 1.690476
   4    8   15 1.366667 2.633333
   2    0   11 0.000000 2.000000
   2    2    9 0.366667 1.633333
   4    6   17 1.076190 2.923810
   7   18   25 2.947619 4.052381
   2    2   10 0.333333 1.666667
   7    8   33 1.385714 5.614286
   2    2   10 0.333333 1.666667
   1    0    6 0.000000 1.000000
   1    0    8 0.000000 1.000000
   2    2   12 0.285714 1.714286
   3    6   10 1.166667 1.833333
   1    0    6 0.000000 1.000000
   1    0    7 0.000000 1.000000
   3    6   11 1.066667 1.933333
   1    0    6 0.000000 1.000000
   7   16   24 2.878571 4.121429
   2    2   11 0.309524 1.690476
   4    8   17 1.285714 2.714286
  15   46   45 7.680952 7.319048
   3    6   15 0.857143 2.142857
   1    0    8 0.000000 1.000000
   3    6   10 1.185714 1.814286
   6   12   23 2.085714 3.914286
   1    0    6 0.000000 1.000000
  16   66   30 11.147619 4.852381
   3    4   12 0.766667 2.233333
   3    2   17 0.366667 2.633333
   5   10   19 1.719048 3.280952
   8   22   27 3.676190 4.323810
   7   22   20 3.666667 3.333333
   2    2   10 0.342857 1.657143
   3    0   18 0.000000 3.000000
   2    2   10 0.342857 1.657143
   2    2    9 0.366667 1.633333
   1    0    5 0.000000 1.000000
   1    0    7 0.000000 1.000000
   6    8   24 1.533333 4.466667
   3    2   17 0.342857 2.657143
   3    4   16 0.625000 2.375000
  13   32   46 5.505952 7.494048
   3    4   15 0.642857 2.357143
   2    2    9 0.366667 1.633333
   3    4   14 0.709524 2.290476
  11   40   27 6.595238 4.404762
  24  104   39 17.642857 6.357143
   1    0    6 0.000000 1.000000
   6   16   21 2.571429 3.428571
   1    0    6 0.000000 1.000000
   9   22   31 3.700000 5.300000
   8   24   24 4.171429 3.828571
   3    4   14 0.666667 2.333333
   3    4   14 0.666667 2.333333
   5    6   26 0.938095 4.061905
   2    2   11 0.309524 1.690476
   9   22   31 3.790476 5.209524
  13   34   45 5.671429 7.328571
   1    0    7 0.000000 1.000000
   1    0    7 0.000000 1.000000
   1    0    6 0.000000 1.000000
  15   34   52 5.966667 9.033333
  19   68   46 11.371429 7.628571
   6   12   26 1.909524 4.090476
  12   38   32 6.678571 5.321429
  11   32   32 5.566667 5.433333
   4    6   18 1.019048 2.980952
   1    0    7 0.000000 1.000000
   5    6   25 0.976190 4.023810
   1    0    6 0.000000 1.000000
   6    6   30 1.076190 4.923810
  17   64   38 10.735714 6.264286
  10   30   28 5.110714 4.889286
  22   90   44 14.923810 7.076190
  10   34   27 5.642857 4.357143
  14   50   35 8.295238 5.704762
  10   14   43 2.452381 7.547619
   5    8   22 1.419048 3.580952
   5   10   20 1.738095 3.261905
   1    0    6 0.000000 1.000000
  18   48   60 8.200000 9.800000
  14   40   44 6.714286 7.285714
  26   92   66 15.505952 10.494048
   7   22   19 3.733333 3.266667
   6   12   26 1.917857 4.082143
  18   50   54 8.854762 9.145238
   5    6   25 0.976190 4.023810
   3    2   17 0.342857 2.657143
   1    0    6 0.000000 1.000000
  25   84   68 13.888095 11.111905
   9   32   20 5.633333 3.366667
  29  116   58 19.511905 9.488095
   4    6   18 0.985714 3.014286
   4    4   20 0.666667 3.333333
  24   78   64 13.409524 10.590476
   1    0    7 0.000000 1.000000
   3    2   17 0.309524 2.690476
   1    0    7 0.000000 1.000000
  22   72   57 12.095238 9.904762
   5    8   19 1.475000 3.525000
  25   90   63 15.029762 9.970238
   3    4   14 0.666667 2.333333
   6   10   26 1.661905 4.338095
  34  120   86 20.033333 13.966667
   1    0    5 0.000000 1.000000
   7   18   24 3.038095 3.961905
   2    2   10 0.342857 1.657143
  22   86   45 14.442857 7.557143
   1    0    7 0.000000 1.000000
  16   42   53 6.995238 9.004762
   5    8   23 1.328571 3.671429
  47  192   90 32.479762 14.520238
   5    8   20 1.433333 3.566667
   1    0    6 0.000000 1.000000
  31  130   57 21.719048 9.280952
   7   10   32 1.685714 5.314286
   4    4   19 0.676190 3.323810
  52  212  102 35.285714 16.714286
   3    4   14 0.652381 2.347619
  40  166   75 27.671429 12.328571
   3    2   16 0.333333 2.666667
   8   18   27 3.223810 4.776190
  46  178  100 29.759524 16.240476
   2    2   13 0.267857 1.732143
  23   68   67 11.590476 11.409524
   3    2   17 0.333333 2.666667
   7   20   21 3.433333 3.566667
  65  306   84 51.144048 13.855952
   1    0    7 0.000000 1.000000
  23   76   65 12.629762 10.370238
   2    2    8 0.400000 1.600000
  14   46   36 7.857143 6.142857
  60  288   72 48.007143 11.992857
   1    0    6 0.000000 1.000000
  20   64   55 10.729762 9.270238
  20   74   45 12.445238 7.554762
  59  290   66 48.385714 10.614286
  19   56   58 9.223810 9.776190
  27  106   53 18.014286 8.985714
  54  258   69 42.861905 11.138095
  26   84   73 14.026190 11.973810
  17   58   45 9.616667 7.383333
  57  272   68 45.534524 11.465476
  18   36   73 6.214286 11.785714
  19   62   54 10.294048 8.705952
  63  294   81 49.342857 13.657143
  16   42   53 7.171429 8.828571
  26   88   69 14.715476 11.284524
  58  270   78 44.971429 13.028571
   9   14   42 2.329762 6.670238
  25   88   61 14.647619 10.352381
  66  314   81 52.736905 13.263095
  13   34   44 5.741667 7.258333
  31  106   82 17.633333 13.366667
  56  256   78 42.904762 13.095238
  20   60   60 10.142857 9.857143
  36  134   80 22.738095 13.261905
  44  176   90 29.504762 14.495238
  13   28   50 4.804762 8.195238
  34  128   73 21.745238 12.254762
  53  242   79 40.426190 12.573810
  29  108   66 18.076190 10.923810
  32  114   80 18.928571 13.071429
  39  150   82 25.133333 13.866667
  33  142   55 23.804762 9.195238
  27   92   69 15.541667 11.458333
  40  158   84 26.413095 13.586905
  28  108   58 18.376190 9.623810
  30  118   65 19.597619 10.402381
  42  178   73 29.919048 12.080952
  20   72   46 12.222619 7.777381
  37  158   64 26.557143 10.442857
  43  178   82 29.795238 13.204762
  15   40   48 6.921429 8.078571
  45  198   75 32.988095 12.011905
  40  168   71 28.047619 11.952381
  19   58   55 9.632143 9.367857
  36  146   74 24.047619 11.952381
  45  186   81 31.200000 13.800000
  18   48   57 8.285714 9.714286
  34  138   68 22.852381 11.147619
  48  202   87 33.876190 14.123810
  16   44   50 7.397619 8.602381
  31  116   69 19.604762 11.395238
  53  230   91 38.309524 14.690476
  10   28   36 4.526190 5.473810
  25   90   57 15.461905 9.538095
  65  316   73 52.919048 12.080952
  16   42   56 6.880952 9.119048
  19   50   59 8.723810 10.276190
  65  296   97 49.348810 15.651190
  12   18   49 3.333333 8.666667
  14   36   50 5.973810 8.026190
  74  364   83 60.529762 13.470238
  14   36   44 6.304762 7.695238
   6   16   21 2.638095 3.361905
  80  424   59 70.485714 9.514286
  22   60   71 10.167857 11.832143
   7   16   29 2.452381 4.547619
  71  340   84 56.890476 14.109524
  22   70   62 11.814286 10.185714
  14   46   40 7.614286 6.385714
  64  314   68 52.683333 11.316667
  18   46   59 8.019048 9.980952
  17   60   43 10.157143 6.842857
  65  318   74 53.207143 11.792857
  16   50   47 8.371429 7.628571
   9   16   37 2.876190 6.123810
  75  378   72 63.170238 11.829762
  13   26   51 4.395238 8.604762
   6    4   28 0.800000 5.200000
  81  422   69 69.847619 11.152381
  14   28   59 4.671429 9.328571
  10   22   38 3.741667 6.258333
  76  376   77 63.070238 12.929762
  13   32   44 5.514286 7.485714
  11   32   34 5.323810 5.676190
  76  382   76 63.475000 12.525000
  12   32   41 5.280952 6.719048
  11   32   32 5.419048 5.580952
  77  392   71 65.501190 11.498810
  13   30   48 5.038095 7.961905
   9   32   24 5.309524 3.690476
  78  406   60 67.952381 10.047619
  11   22   45 3.844048 7.155952
  11   32   34 5.414286 5.585714
  78  400   67 66.838095 11.161905
   4    2   25 0.309524 3.690476
  15   46   43 7.780952 7.219048
  81  416   68 69.757143 11.242857
   4    2   21 0.366667 3.633333
  13   38   43 6.216667 6.783333
  83  440   56 73.561905 9.438095
   1    0    7 0.000000 1.000000
   8   16   33 2.619048 5.380952
  91  506   38 84.636905 6.363095
   4    8   14 1.485714 2.514286
   5    6   25 0.991667 4.008333
  91  508   39 84.746429 6.253571
   2    2   12 0.285714 1.714286
   5    6   24 0.985714 4.014286
  93  520   36 87.111905 5.888095
   4    6   19 0.995238 3.004762
   3    2   16 0.366667 2.633333
  93  522   35 87.172222 5.827778
   5   12   17 2.061905 2.938095
   2    2   10 0.333333 1.666667
  93  532   27 88.704762 4.295238
  10   22   34 3.942857 6.057143
   2    2   10 0.342857 1.657143
  88  488   44 80.871429 7.128571
   8   18   30 3.033333 4.966667
   2    2   10 0.342857 1.657143
  90  500   40 83.535714 6.464286
   9   18   32 3.314286 5.685714
   2    2    9 0.366667 1.633333
  89  498   41 82.648810 6.351190
   9   14   37 2.509524 6.490476
  91  512   37 85.126190 5.873810
   7   12   32 2.052381 4.947619
  93  524   32 87.592857 5.407143
   4    6   17 1.076190 2.923810
  96  560   17 93.240476 2.759524
   3    4   13 0.700000 2.300000
  97  570   13 94.966667 2.033333
   7   10   30 1.733333 5.266667
  93  530   30 88.236905 4.763095
   4    4   22 0.619048 3.380952
  96  552   22 92.289286 3.710714
   3    2   17 0.366667 2.633333
  97  564   17 94.104762 2.895238
   2    2    9 0.366667 1.633333
  98  580    9 96.538095 1.461905
 100  600    0 100.000000 0.000000
