   1    0    7 0.000000 1.000000
   2    2    9 0.366667 1.633333
   1    0    7 0.000000 1.000000
   2    2   10 0.333333 1.666667
   1    0    6 0.000000 1.000000
   1    0    7 0.000000 1.000000
   2    2   11 0.309524 1.690476
   2    2   10 0.333333 1.666667
   2    2   11 0.309524 1.690476
   1    0    5 0.000000 1.000000
   1    0    7 0.000000 1.000000
   2    2    9 0.366667 1.633333
   1    0    5 0.000000 1.000000
   6   12   20 2.266667 3.733333
   5   10   20 1.685714 3.314286
   1    0    6 0.000000 1.000000
   1    0    7 0.000000 1.000000
   1    0    7 0.000000 1.000000
   1    0    6 0.000000 1.000000
   1    0    6 0.000000 1.000000
   2    2   11 0.309524 1.690476
   1    0    6 0.000000 1.000000
   3    4   12 0.750000 2.250000
   1    0    6 0.000000 1.000000
   2    2   12 0.291667 1.708333
   1    0    5 0.000000 1.000000
   5   10   20 1.661905 3.338095
   1    0    7 0.000000 1.000000
   2    2   10 0.342857 1.657143
   1    0    5 0.000000 1.000000
   1    0    6 0.000000 1.000000
   4    8   16 1.352381 2.647619
   1    0    6 0.000000 1.000000
   4    8   16 1.352381 2.647619
   1    0    7 0.000000 1.000000
   1    0    7 0.000000 1.000000
   1    0    5 0.000000 1.000000
   1    0    7 0.000000 1.000000
   1    0    7 0.000000 1.000000
   2    2   11 0.309524 1.690476
   1    0    5 0.000000 1.000000
   5   10   22 1.566667 3.433333
   1    0    6 0.000000 1.000000
   2    2    8 0.400000 1.600000
   2    2   11 0.309524 1.690476
   4   10   13 1.785714 2.214286
   1    0    7 0.000000 1.000000
   3    6   10 1.133333 1.866667
   1    0    6 0.000000 1.000000
   5    8   21 1.409524 3.590476
   2    2    9 0.366667 1.633333
   2    2   10 0.333333 1.666667
   1    0    6 0.000000 1.000000
   4    2   22 0.333333 3.666667
   1    0    6 0.000000 1.000000
   2    2   10 0.333333 1.666667
   3    4   15 0.619048 2.380952
   7   24   18 4.000000 3.000000
   1    0    5 0.000000 1.000000
   2    2   10 0.342857 1.657143
   2    2   10 0.333333 1.666667
   4   10   12 1.800000 2.200000
   1    0    6 0.000000 1.000000
   4   10   13 1.761905 2.238095
   4   10   13 1.785714 2.214286
   2    0   12 0.000000 2.000000
   2    2    8 0.400000 1.600000
   3    4   16 0.619048 2.380952
   3    2   17 0.333333 2.666667
   2    2   11 0.309524 1.690476
   9   28   27 4.511905 4.488095
   1    0    7 0.000000 1.000000
   4   10   14 1.797619 2.202381
   1    0    7 0.000000 1.000000
   6   12   26 1.884524 4.115476
   6   18   17 3.100000 2.900000
   5   10   16 1.883333 3.116667
   3    4   16 0.619048 2.380952
   3    2   14 0.366667 2.633333
   5   14   16 2.421429 2.578571
   1    0    7 0.000000 1.000000
   2    2   11 0.309524 1.690476
   2    2   12 0.311111 1.688889
   3    4   11 0.800000 2.200000
   1    0    7 0.000000 1.000000
   5    8   24 1.247619 3.752381
   5   10   19 1.728571 3.271429
  11   28   37 4.790476 6.209524
   3    4   14 0.709524 2.290476
   1    0    7 0.000000 1.000000
   3    6   11 1.066667 1.933333
   6   12   23 2.085714 3.914286
   4    6   18 1.042857 2.957143
   3    4   13 0.733333 2.266667
   3    4   15 0.642857 2.357143
   5   10   20 1.661905 3.338095
   6   14   21 2.433333 3.566667
   8   24   26 3.947619 4.052381
   3    4   16 0.583333 2.416667
   2    2    9 0.366667 1.633333
  10   24   38 3.838095 6.161905
   4    8   15 1.375000 2.625000
   3    4   11 0.800000 2.200000
   6   18   18 2.995238 3.004762
   4    6   20 0.928571 3.071429
   4    4   19 0.733333 3.266667
   1    0    6 0.000000 1.000000
   6   12   21 2.166667 3.833333
  10   30   33 4.763095 5.236905
   1    0    6 0.000000 1.000000
   2    2   10 0.342857 1.657143
  16   62   35 10.228571 5.771429
  12   38   34 6.371429 5.628571
   5   14   15 2.495238 2.504762
   1    0    6 0.000000 1.000000
  11   36   28 6.007143 4.992857
   3    2   14 0.400000 2.600000
   1    0    6 0.000000 1.000000
   4    6   17 1.185714 2.814286
   3    6   12 1.019048 1.980952
   4    2   21 0.309524 3.690476
   6   18   21 2.738095 3.261905
   3    4   16 0.595238 2.404762
   2    0   13 0.000000 2.000000
   6   10   26 1.728571 4.271429
   3    2   16 0.333333 2.666667
   1    0    6 0.000000 1.000000
   4    6   18 0.985714 3.014286
   7   12   30 2.014286 4.985714
   2    2   11 0.309524 1.690476
   2    2   11 0.309524 1.690476
  18   60   49 10.040476 7.959524
  11   26   41 4.175000 6.825000
   3    2   16 0.342857 2.657143
   1    0    6 0.000000 1.000000
  12   40   33 6.755952 5.244048
   7   12   26 2.200000 4.800000
  10   26   32 4.473810 5.526190
   8   12   38 1.945238 6.054762
   4    8   17 1.285714 2.714286
   7   14   26 2.433333 4.566667
   4    8   16 1.376190 2.623810
   4    8   16 1.371429 2.628571
   5   12   17 2.004762 2.995238
   1    0    6 0.000000 1.000000
  34  134   72 22.269048 11.730952
  13   50   29 8.304762 4.695238
   3    2   16 0.309524 2.690476
   6   14   22 2.323810 3.676190
   5   14   15 2.461905 2.538095
   7   12   28 2.219048 4.780952
  11   28   38 4.675000 6.325000
   4    8   17 1.285714 2.714286
   5   10   18 1.766667 3.233333
   2    2   12 0.285714 1.714286
   6   18   18 3.047619 2.952381
  12   46   25 7.904762 4.095238
  31  122   58 20.957143 10.042857
  13   48   30 8.023810 4.976190
   3    2   15 0.366667 2.633333
   5   12   21 1.803571 3.196429
   3    4   14 0.709524 2.290476
   1    0    6 0.000000 1.000000
  13   40   41 6.577381 6.422619
   4    6   18 1.091667 2.908333
   7   20   23 3.347619 3.652381
   2    2   11 0.309524 1.690476
  10   26   32 4.519048 5.480952
   8   20   28 3.380952 4.619048
  21   66   59 10.957143 10.042857
  13   52   27 8.836905 4.163095
   4   10   13 1.733333 2.266667
  12   48   24 8.123810 3.876190
   5    8   24 1.334524 3.665476
   1    0    5 0.000000 1.000000
  11   24   43 3.938095 7.061905
   4    4   19 0.700000 3.300000
  11   38   30 6.257143 4.742857
  13   32   49 5.242857 7.757143
   1    0    5 0.000000 1.000000
  22   68   67 11.213095 10.786905
  17   62   38 10.642857 6.357143
   3    4   14 0.666667 2.333333
   6   10   25 1.761905 4.238095
   4    4   22 0.619048 3.380952
   3    6   11 1.066667 1.933333
  14   40   43 6.885714 7.114286
   4   10   13 1.761905 2.238095
  13   32   45 5.471429 7.528571
  11   20   47 3.380952 7.619048
  27   86   75 14.595238 12.404762
  14   36   53 5.767857 8.232143
   2    2   10 0.333333 1.666667
   7   10   29 1.850000 5.150000
   3    2   18 0.309524 2.690476
   4    8   15 1.395238 2.604762
  18   64   44 10.780952 7.219048
   5    8   18 1.500000 3.500000
   9   16   39 2.595238 6.404762
  14   22   63 3.623810 10.376190
  24   72   74 12.030952 11.969048
  11   30   38 5.000000 6.000000
   4   10   15 1.647619 2.352381
   2    2   10 0.333333 1.666667
   2    0   13 0.000000 2.000000
   2    2   10 0.333333 1.666667
  23   82   52 14.076190 8.923810
   2    2    9 0.366667 1.633333
  16   54   40 9.380952 6.619048
  14   26   57 4.558333 9.441667
  29   98   83 15.959524 13.040476
  11   24   40 4.161905 6.838095
   2    0   10 0.000000 2.000000
   5    8   20 1.433333 3.566667
   3    0   17 0.000000 3.000000
  18   70   42 11.457143 6.542857
  18   48   57 8.247619 9.752381
   9   14   42 2.309524 6.690476
  31  104   80 17.578571 13.421429
  12   30   43 4.961905 7.038095
   1    0    6 0.000000 1.000000
   5   10   20 1.666667 3.333333
  26  108   43 18.442857 7.557143
  16   46   54 7.513095 8.486905
  12   30   41 5.166667 6.833333
  45  184   87 30.628571 14.371429
   9   22   33 3.590476 5.409524
   5   12   19 1.976190 3.023810
  22   82   50 13.652381 8.347619
   7   18   22 3.240476 3.759524
   4    4   22 0.642857 3.357143
  40  160   83 26.623810 13.376190
  10   24   35 4.119048 5.880952
   8   18   30 3.128571 4.871429
  28  116   50 19.690476 8.309524
  10   30   28 5.095238 4.904762
   2    2   11 0.309524 1.690476
  42  152   98 25.886905 16.113095
  14   28   59 4.557143 9.442857
   5    6   22 1.066667 3.933333
  33  126   71 21.071429 11.928571
   4    6   19 0.952381 3.047619
   6   14   23 2.308333 3.691667
  40  124  113 21.211905 18.788095
  10   18   42 2.957143 7.042857
   4    2   25 0.309524 3.690476
  39  132  102 22.230952 16.769048
   1    0    5 0.000000 1.000000
   7   20   22 3.338095 3.661905
  33   98  102 16.775000 16.225000
  18   56   52 9.476190 8.523810
   2    0   13 0.000000 2.000000
  38  124  102 20.928571 17.071429
   2    2    9 0.366667 1.633333
   6   18   17 3.095238 2.904762
  36  134   83 22.294048 13.705952
  21   70   56 11.663095 9.336905
   1    0    6 0.000000 1.000000
  35  120   90 19.973810 15.026190
   1    0    6 0.000000 1.000000
   3    6   11 1.066667 1.933333
  42  166   86 27.725000 14.275000
  18   56   54 9.352381 8.647619
   1    0    5 0.000000 1.000000
  30   92   88 15.740476 14.259524
   6   14   22 2.352381 3.647619
   2    2    9 0.366667 1.633333
  47  200   82 33.553571 13.446429
  17   50   52 8.480952 8.519048
   1    0    5 0.000000 1.000000
  27   88   75 14.614286 12.385714
   6    8   29 1.366667 4.633333
  53  208  111 34.880952 18.119048
  13   30   45 5.242857 7.757143
  29   84   90 14.340476 14.659524
   5    4   28 0.619048 4.380952
  57  250   94 41.725000 15.275000
  20   58   61 9.821429 10.178571
  21   60   64 10.257143 10.742857
   2    0   13 0.000000 2.000000
  67  314   85 52.569048 14.430952
   8   16   33 2.628571 5.371429
  25   88   64 14.615476 10.384524
  69  318   94 53.429762 15.570238
  11   28   39 4.811905 6.188095
  20   50   71 8.176190 11.823810
  62  274   96 45.807143 16.192857
  16   44   53 7.355952 8.644048
  22   76   57 12.561905 9.438095
  68  340   70 56.800000 11.200000
  16   44   49 7.647619 8.352381
  16   60   37 10.047619 5.952381
  75  370   76 62.036905 12.963095
   9   14   39 2.371429 6.628571
  16   50   51 8.125000 7.875000
  75  356   89 59.701190 15.298810
   8   12   41 1.785714 6.214286
  17   42   60 7.028571 9.971429
  68  342   69 56.795238 11.204762
  17   62   38 10.544048 6.455952
  15   40   49 6.895238 8.104762
  78  400   66 67.102381 10.897619
  10   20   40 3.419048 6.580952
  12   22   52 3.720238 8.279762
  83  442   56 73.790476 9.209524
   6   18   18 3.000000 3.000000
  11   20   46 3.554762 7.445238
  87  474   48 79.176190 7.823810
   4    6   17 1.116667 2.883333
   9   20   35 3.371429 5.628571
  93  526   32 87.789286 5.210714
   2    2   12 0.285714 1.714286
   5    8   20 1.452381 3.547619
  94  540   24 89.997619 4.002381
   6   12   24 2.014286 3.985714
  91  516   33 85.935714 5.064286
   9   18   33 3.204762 5.795238
  92  522   31 86.838095 5.161905
   8   16   31 2.840476 5.159524
  89  500   35 83.517857 5.482143
  11   30   35 5.138095 5.861905
  86  480   36 80.185714 5.814286
  14   48   36 8.128571 5.871429
  91  512   35 85.271429 5.728571
   9   18   35 3.047619 5.952381
  86  472   43 78.882143 7.117857
  14   42   43 6.947619 7.052381
  89  496   37 82.790476 6.209524
  11   30   37 4.890476 6.109524
  87  486   37 80.940476 6.059524
  13   40   37 6.830952 6.169048
  88  494   34 82.442857 5.557143
  12   38   34 6.342857 5.657143
  86  482   35 80.477381 5.522619
  14   48   35 8.209524 5.790476
  91  514   30 85.933333 5.066667
   9   26   30 4.344048 4.655952
  89  496   39 82.544048 6.455952
  11   26   39 4.342857 6.657143
  94  540   26 89.723810 4.276190
   6    8   26 1.476190 4.523810
  94  538   27 89.561905 4.438095
   6    8   27 1.409524 4.590476
  94  544   19 90.752381 3.247619
   6   18   19 2.941667 3.058333
  96  562   14 93.628571 2.371429
   4   10   14 1.666667 2.333333
  97  566   15 94.564286 2.435714
   3    4   15 0.619048 2.380952
  97  568   13 94.723810 2.276190
   3    6   13 0.952381 2.047619
  94  544   23 90.309524 3.690476
   6   10   23 1.800000 4.200000
  96  552   22 92.180952 3.819048
   4    4   22 0.628571 3.371429
  97  568   15 94.557143 2.442857
   3    2   15 0.366667 2.633333
  91  514   34 85.436905 5.563095
   9   18   34 3.152381 5.847619
  96  546   27 91.394048 4.605952
   4    0   27 0.000000 4.000000
  92  518   33 86.471429 5.528571
   8   16   33 2.671429 5.328571
  91  506   41 84.207143 6.792857
   9   12   41 1.971429 7.028571
  93  516   38 86.367857 6.632143
   7    8   38 1.214286 5.785714
  99  588    6 97.980952 1.019048
   1    0    6 0.000000 1.000000
 100  600    0 100.000000 0.000000
