   2    2   10 0.333333 1.666667
   2    2   10 0.333333 1.666667
   2    2   11 0.309524 1.690476
   3    4   14 0.666667 2.333333
   1    0    6 0.000000 1.000000
   1    0    6 0.000000 1.000000
   3    6   12 1.050000 1.950000
   6   14   21 2.419048 3.580952
   2    2   10 0.333333 1.666667
   1    0    6 0.000000 1.000000
   2    2   10 0.333333 1.666667
   3    4   14 0.709524 2.290476
   2    2    8 0.400000 1.600000
   1    0    7 0.000000 1.000000
   4    8   16 1.376190 2.623810
   1    0    6 0.000000 1.000000
   1    0    6 0.000000 1.000000
   1    0    6 0.000000 1.000000
   1    0    7 0.000000 1.000000
   1    0    6 0.000000 1.000000
   1    0    7 0.000000 1.000000
   4    8   16 1.371429 2.628571
   2    2   10 0.342857 1.657143
  11   34   31 5.671429 5.328571
   1    0    6 0.000000 1.000000
   1    0    6 0.000000 1.000000
   2    0   12 0.000000 2.000000
   4   10   13 1.766667 2.233333
   1    0    7 0.000000 1.000000
   1    0    7 0.000000 1.000000
   2    2   10 0.342857 1.657143
   1    0    6 0.000000 1.000000
   1    0    7 0.000000 1.000000
   2    2    9 0.366667 1.633333
   3    6   10 1.133333 1.866667
   2    2    8 0.400000 1.600000
   4   10   14 1.714286 2.285714
   1    0    7 0.000000 1.000000
   1    0    5 0.000000 1.000000
   2    2   11 0.309524 1.690476
   2    2   11 0.309524 1.690476
   1    0    6 0.000000 1.000000
   1    0    5 0.000000 1.000000
   1    0    8 0.000000 1.000000
   2    2   11 0.309524 1.690476
   4   10   13 1.785714 2.214286
   1    0    6 0.000000 1.000000
   1    0    6 0.000000 1.000000
   2    0   11 0.000000 2.000000
   1    0    6 0.000000 1.000000
   2    2   11 0.309524 1.690476
   1    0    6 0.000000 1.000000
   5   12   17 2.152381 2.847619
   6   16   17 2.880952 3.119048
   2    2   10 0.333333 1.666667
   3    4   13 0.700000 2.300000
   6   12   25 2.047619 3.952381
   2    2    8 0.400000 1.600000
   3    4   16 0.595238 2.404762
   1    0    6 0.000000 1.000000
   1    0    6 0.000000 1.000000
   2    2   10 0.342857 1.657143
   3    4   15 0.642857 2.357143
   5   14   17 2.238095 2.761905
   4    8   15 1.400000 2.600000
  19   78   34 13.338095 5.661905
   4    8   17 1.392857 2.607143
   2    2   10 0.342857 1.657143
   1    0    5 0.000000 1.000000
   1    0    6 0.000000 1.000000
   3    4   15 0.619048 2.380952
   3    4   13 0.742857 2.257143
   1    0    6 0.000000 1.000000
   1    0    6 0.000000 1.000000
   2    2   10 0.342857 1.657143
   3    2   18 0.291667 2.708333
   4    8   18 1.251190 2.748810
   1    0    7 0.000000 1.000000
   1    0    6 0.000000 1.000000
   3    6   13 0.952381 2.047619
   2    2    9 0.366667 1.633333
   2    2    9 0.366667 1.633333
   3    4   15 0.642857 2.357143
   4    4   21 0.642857 3.357143
   8   22   23 3.809524 4.190476
   3    6   11 1.085714 1.914286
   5   12   15 2.200000 2.800000
   7   14   29 2.361905 4.638095
   2    2    9 0.366667 1.633333
   3    2   18 0.309524 2.690476
   1    0    6 0.000000 1.000000
   1    0    6 0.000000 1.000000
   4   10   15 1.595238 2.404762
  15   54   38 8.890476 6.109524
   3    2   18 0.309524 2.690476
   1    0    7 0.000000 1.000000
   2    2   10 0.333333 1.666667
   3    2   20 0.291667 2.708333
   4    6   15 1.166667 2.833333
   7   20   19 3.591667 3.408333
   3    4   15 0.619048 2.380952
   1    0    7 0.000000 1.000000
   4    8   15 1.366667 2.633333
  10   34   24 5.866667 4.133333
   2    2   11 0.309524 1.690476
   2    0   12 0.000000 2.000000
   4    8   15 1.433333 2.566667
   2    0   10 0.000000 2.000000
  11   34   33 5.776190 5.223810
   5   14   17 2.261905 2.738095
   6   10   25 1.738095 4.261905
  10   22   36 3.861905 6.138095
   2    2    9 0.366667 1.633333
   2    2    9 0.366667 1.633333
   2    0   12 0.000000 2.000000
  12   38   35 6.372619 5.627381
   2    2    8 0.400000 1.600000
   1    0    7 0.000000 1.000000
   1    0    6 0.000000 1.000000
   4    8   17 1.285714 2.714286
  12   44   29 7.353571 4.646429
   2    0   13 0.000000 2.000000
   3    4   16 0.625000 2.375000
   2    2   10 0.333333 1.666667
  16   54   42 9.028571 6.971429
   1    0    7 0.000000 1.000000
   6   16   20 2.802381 3.197619
   3    6   13 0.952381 2.047619
   7   20   24 3.242857 3.757143
   4    4   21 0.676190 3.323810
   7   18   26 2.904762 4.095238
   3    2   15 0.333333 2.666667
   2    2   11 0.309524 1.690476
  15   50   42 8.333333 6.666667
   3    4   14 0.709524 2.290476
   2    2    8 0.400000 1.600000
   2    2    9 0.366667 1.633333
   3    6   11 1.085714 1.914286
  21   86   37 14.647619 6.352381
   2    2   10 0.333333 1.666667
   2    2    9 0.366667 1.633333
   1    0    6 0.000000 1.000000
  15   52   37 8.896429 6.103571
   2    2   11 0.309524 1.690476
   4    8   16 1.314286 2.685714
   2    2    9 0.366667 1.633333
   6   18   19 2.923810 3.076190
   3    4   14 0.666667 2.333333
   8   20   29 3.261905 4.738095
   3    4   14 0.676190 2.323810
   4    4   19 0.709524 3.290476
  11   26   41 4.342857 6.657143
   5   14   15 2.433333 2.566667
   4    8   15 1.385714 2.614286
  28  116   55 19.280952 8.719048
   4    6   16 1.100000 2.900000
   1    0    7 0.000000 1.000000
  14   44   40 7.583333 6.416667
   3    4   13 0.733333 2.266667
   5   14   14 2.466667 2.533333
   6   12   23 2.109524 3.890476
   1    0    7 0.000000 1.000000
   5    4   27 0.666667 4.333333
   7   20   20 3.533333 3.466667
   1    0    5 0.000000 1.000000
  12   36   36 6.010714 5.989286
   4    6   19 0.952381 3.047619
   4    8   15 1.366667 2.633333
  33  134   66 22.315476 10.684524
   7   18   25 2.876190 4.123810
  14   42   43 7.000000 7.000000
   1    0    6 0.000000 1.000000
   8   20   30 3.315476 4.684524
  10   20   43 3.209524 6.790476
  12   22   46 4.078571 7.921429
   3    6   13 0.952381 2.047619
   2    2   11 0.309524 1.690476
   6    6   30 1.042857 4.957143
   3    6   13 0.952381 2.047619
   8   20   24 3.619048 4.380952
  26  106   49 17.876190 8.123810
   1    0    6 0.000000 1.000000
  16   34   64 5.671429 10.328571
   5   14   15 2.433333 2.566667
   9   18   34 3.085714 5.914286
   6   10   23 1.876190 4.123810
   7    8   37 1.238095 5.761905
   4    6   18 1.019048 2.980952
   9   32   22 5.413095 3.586905
  35  146   65 24.223810 10.776190
   1    0    7 0.000000 1.000000
  21   64   62 10.609524 10.390476
   8   22   26 3.728571 4.271429
  17   56   46 9.266667 7.733333
   7    8   34 1.304762 5.695238
   6   10   27 1.595238 4.404762
   5   12   16 2.166667 2.833333
   3    4   15 0.619048 2.380952
  41  176   69 29.604762 11.395238
   8   14   35 2.314286 5.685714
  13   36   42 6.076190 6.923810
  29  116   55 19.640476 9.359524
   7    8   36 1.295238 5.704762
   2    2   11 0.309524 1.690476
   4    4   18 0.766667 3.233333
  42  194   60 32.402381 9.597619
   7   14   28 2.395238 4.604762
   9   22   32 3.736905 5.263095
  38  162   63 27.320238 10.679762
   3    0   18 0.000000 3.000000
  14   38   44 6.765476 7.234524
  26  106   55 17.561905 8.438095
  11   34   31 5.841667 5.158333
   8   14   35 2.429762 5.570238
  33  114   82 19.170238 13.829762
   6   12   21 2.238095 3.761905
   6    8   29 1.319048 4.680952
  28  122   46 20.536508 7.463492
  20   82   42 13.452381 6.547619
   7   12   30 2.009524 4.990476
  34  114   88 19.195238 14.804762
   8   16   31 2.790476 5.209524
  11   24   41 3.966667 7.033333
  27  112   48 18.886905 8.113095
  14   38   51 6.057143 7.942857
   6    6   31 0.976190 5.023810
  39  150   82 25.419048 13.580952
   5   10   22 1.666667 3.333333
   6   12   27 1.857143 4.142857
  26  104   51 17.441667 8.558333
  22   86   44 14.552381 7.447619
   2    0   12 0.000000 2.000000
  52  214   93 36.271429 15.728571
   3    2   18 0.309524 2.690476
   4    8   15 1.385714 2.614286
  22   70   64 11.614286 10.385714
  17   64   39 10.652381 6.347619
   2    0   13 0.000000 2.000000
  48  194   93 32.491667 15.508333
   3    6   12 1.019048 1.980952
   5   12   20 1.880952 3.119048
  24   88   52 15.160714 8.839286
  19   60   55 9.939286 9.060714
   1    0    8 0.000000 1.000000
  45  152  118 25.352381 19.647619
   3    4   13 0.700000 2.300000
   5   12   18 1.995238 3.004762
  26   82   73 13.785714 12.214286
  20   68   53 11.309524 8.690476
   1    0    7 0.000000 1.000000
  53  218  101 36.400000 16.600000
   3    6   13 0.952381 2.047619
   7   18   24 2.947619 4.052381
  24   72   73 12.013095 11.986905
  12   34   35 5.919048 6.080952
   1    0    6 0.000000 1.000000
  59  256   97 43.023810 15.976190
  10   34   23 5.923810 4.076190
  23   66   75 10.957143 12.042857
   7   12   31 1.995238 5.004762
   1    0    6 0.000000 1.000000
  59  254   96 42.719048 16.280952
   8   20   29 3.276190 4.723810
  26   68   90 11.438095 14.561905
   7   12   31 1.971429 5.028571
  55  222  108 37.095238 17.904762
   8   26   23 4.223810 3.776190
  33  106   92 17.627381 15.372619
   4    8   15 1.366667 2.633333
  62  276   92 46.507143 15.492857
  12   42   29 7.133333 4.866667
  25   76   79 12.529762 12.470238
   1    0    6 0.000000 1.000000
  75  354   92 59.509524 15.490476
   5    8   27 1.154762 3.845238
  20   46   73 7.795238 12.204762
  75  366   83 61.161905 13.838095
   6   14   22 2.328571 3.671429
  19   46   69 7.695238 11.304762
  71  340   88 56.476190 14.523810
   8   14   32 2.452381 5.547619
  21   50   76 8.352381 12.647619
  76  372   84 62.005159 13.994841
   5   10   21 1.595238 3.404762
  19   44   69 7.580952 11.419048
  76  360   91 60.436905 15.563095
   3    2   17 0.309524 2.690476
  21   56   74 9.390476 11.609524
  76  378   81 62.767857 13.232143
   2    2   10 0.333333 1.666667
  22   54   75 9.342857 12.657143
  80  416   63 69.241667 10.758333
   2    2    9 0.366667 1.633333
  18   56   54 9.285714 8.714286
  79  402   73 67.057143 11.942857
  21   52   73 8.936905 12.063095
  80  422   57 70.476190 9.523810
  20   64   57 10.860714 9.139286
  88  480   45 80.485714 7.514286
  12   30   45 5.023810 6.976190
  80  422   56 70.517857 9.482143
  20   66   56 11.152381 8.847619
  77  398   65 66.392857 10.607143
  23   72   65 12.166667 10.833333
  80  404   75 67.502381 12.497619
  20   46   75 7.776190 12.223810
  82  422   66 70.764286 11.235714
  18   46   66 7.442857 10.557143
  92  514   35 85.947619 6.052381
   8   16   35 2.547619 5.452381
  96  558   18 93.095238 2.904762
   4    6   18 1.042857 2.957143
  99  588    6 97.957143 1.042857
   1    0    6 0.000000 1.000000
 100  600    0 100.000000 0.000000
