   2    2   11 0.309524 1.690476
   1    0    5 0.000000 1.000000
   1    0    5 0.000000 1.000000
   1    0    6 0.000000 1.000000
   3    6   11 1.066667 1.933333
   1    0    6 0.000000 1.000000
   1    0    7 0.000000 1.000000
   3    6   13 0.983333 2.016667
   1    0    7 0.000000 1.000000
   1    0    6 0.000000 1.000000
   3    4   15 0.619048 2.380952
   5   12   22 1.738095 3.261905
   2    2   13 0.267857 1.732143
   1    0    5 0.000000 1.000000
   1    0    7 0.000000 1.000000
   1    0    7 0.000000 1.000000
   3    2   17 0.342857 2.657143
   1    0    7 0.000000 1.000000
   1    0    6 0.000000 1.000000
   1    0    7 0.000000 1.000000
   1    0    7 0.000000 1.000000
   2    2   11 0.309524 1.690476
   1    0    6 0.000000 1.000000
   1    0    8 0.000000 1.000000
   2    2    8 0.400000 1.600000
   1    0    6 0.000000 1.000000
   2    2    8 0.400000 1.600000
   3    6   13 0.952381 2.047619
   2    2   11 0.309524 1.690476
   2    2    9 0.366667 1.633333
   1    0    6 0.000000 1.000000
   1    0    5 0.000000 1.000000
   3    6   11 1.066667 1.933333
   1    0    6 0.000000 1.000000
   1    0    6 0.000000 1.000000
   1    0    5 0.000000 1.000000
   5   14   18 2.208333 2.791667
   2    2   10 0.333333 1.666667
   1    0    7 0.000000 1.000000
   1    0    5 0.000000 1.000000
   3    4   13 0.742857 2.257143
   1    0    6 0.000000 1.000000
   3    4   10 0.850000 2.150000
   4    6   16 1.100000 2.900000
   2    0   12 0.000000 2.000000
   2    2    9 0.366667 1.633333
   1    0    5 0.000000 1.000000
   1    0    6 0.000000 1.000000
   3    4   12 0.766667 2.233333
   3    4   14 0.652381 2.347619
   1    0    6 0.000000 1.000000
   2    2   10 0.333333 1.666667
   1    0    5 0.000000 1.000000
   1    0    6 0.000000 1.000000
   1    0    5 0.000000 1.000000
   3    4   14 0.666667 2.333333
   3    4   15 0.619048 2.380952
   1    0    6 0.000000 1.000000
   5   12   20 1.876190 3.123810
   2    2    9 0.366667 1.633333
   1    0    6 0.000000 1.000000
   2    2    9 0.366667 1.633333
   3    4   12 0.766667 2.233333
   9   16   38 2.614286 6.385714
   3    4   12 0.766667 2.233333
   4    6   17 1.066667 2.933333
   1    0    6 0.000000 1.000000
   1    0    7 0.000000 1.000000
   1    0    6 0.000000 1.000000
   1    0    5 0.000000 1.000000
   2    0   12 0.000000 2.000000
   1    0    6 0.000000 1.000000
   1    0    7 0.000000 1.000000
   8   22   24 3.800000 4.200000
   2    2   10 0.333333 1.666667
   1    0    7 0.000000 1.000000
   9   28   24 4.895238 4.104762
   6   16   22 2.653571 3.346429
   4    8   14 1.433333 2.566667
   2    0   14 0.000000 2.000000
   3    4   14 0.666667 2.333333
   3    6   14 0.904762 2.095238
   1    0    6 0.000000 1.000000
   3    6   14 0.904762 2.095238
   2    2   11 0.309524 1.690476
   2    2    9 0.366667 1.633333
   1    0    8 0.000000 1.000000
   2    2   11 0.309524 1.690476
   5    8   20 1.400000 3.600000
   2    2    9 0.366667 1.633333
   1    0    6 0.000000 1.000000
   2    2   10 0.333333 1.666667
   3    4   12 0.733333 2.266667
   1    0    7 0.000000 1.000000
   2    2   10 0.333333 1.666667
   2    2   10 0.342857 1.657143
   1    0    6 0.000000 1.000000
   1    0    6 0.000000 1.000000
   1    0    6 0.000000 1.000000
   9   18   39 2.795238 6.204762
   3    2   14 0.416667 2.583333
   4    4   21 0.642857 3.357143
   1    0    7 0.000000 1.000000
   4    8   18 1.238095 2.761905
   2    2    7 0.450000 1.550000
   2    2   11 0.309524 1.690476
   3    4   13 0.700000 2.300000
   9   22   35 3.523810 5.476190
   4    6   18 1.019048 2.980952
   7   14   29 2.285714 4.714286
   1    0    7 0.000000 1.000000
   3    6   14 0.904762 2.095238
  12   42   28 7.119048 4.880952
   7   14   31 2.275000 4.725000
   2    2    8 0.400000 1.600000
   2    2    8 0.400000 1.600000
   3    6   12 1.019048 1.980952
   4    4   19 0.676190 3.323810
   2    2    9 0.366667 1.633333
   4    6   14 1.200000 2.800000
   1    0    7 0.000000 1.000000
   2    2   10 0.342857 1.657143
   2    2    9 0.366667 1.633333
   3    4   16 0.619048 2.380952
   2    2   11 0.309524 1.690476
   5   14   16 2.328571 2.671429
   1    0    6 0.000000 1.000000
   3    2   16 0.333333 2.666667
   2    2    8 0.400000 1.600000
   9   26   27 4.328571 4.671429
   3    2   15 0.450000 2.550000
   1    0    5 0.000000 1.000000
   6    8   32 1.238095 4.761905
   5    4   27 0.642857 4.357143
   6   18   17 3.204762 2.795238
   5    6   24 0.971429 4.028571
   1    0    6 0.000000 1.000000
   1    0    6 0.000000 1.000000
  20   78   43 12.858333 7.141667
   6    6   29 1.052381 4.947619
   1    0    6 0.000000 1.000000
   3    4   14 0.709524 2.290476
   6   10   28 1.580952 4.419048
   2    2    9 0.366667 1.633333
   3    4   12 0.766667 2.233333
   2    2   10 0.333333 1.666667
   1    0    7 0.000000 1.000000
   2    2   11 0.309524 1.690476
   1    0    8 0.000000 1.000000
   4   10   13 1.933333 2.066667
   1    0    6 0.000000 1.000000
   5    8   23 1.304762 3.695238
  15   48   38 8.352381 6.647619
   2    0   12 0.000000 2.000000
   1    0    6 0.000000 1.000000
   9   20   32 3.338095 5.661905
  13   28   55 4.626190 8.373810
   2    2   12 0.291667 1.708333
   5    8   20 1.419048 3.580952
   1    0    7 0.000000 1.000000
   2    0   12 0.000000 2.000000
  10   20   41 3.383333 6.616667
  12   26   44 4.466667 7.533333
   4    6   17 1.052381 2.947619
   6   14   21 2.419048 3.580952
   1    0    6 0.000000 1.000000
   2    0   11 0.000000 2.000000
   1    0    6 0.000000 1.000000
   1    0    7 0.000000 1.000000
   2    2   11 0.309524 1.690476
   2    2   11 0.309524 1.690476
   1    0    8 0.000000 1.000000
  14   54   29 9.076190 4.923810
   5    8   20 1.542857 3.457143
  11   28   42 4.440476 6.559524
   2    2   12 0.285714 1.714286
   2    0   12 0.000000 2.000000
  12   28   44 4.571429 7.428571
   1    0    5 0.000000 1.000000
   2    2   10 0.333333 1.666667
   1    0    5 0.000000 1.000000
   1    0    6 0.000000 1.000000
   6    6   35 0.952381 5.047619
  12   26   48 4.176190 7.823810
   5    8   22 1.361905 3.638095
  10   22   30 4.233333 5.766667
   3    6   10 1.133333 1.866667
   7   14   25 2.500000 4.500000
   4    6   19 0.976190 3.023810
   7   16   26 2.638095 4.361905
   6   18   18 3.150000 2.850000
  24   98   45 16.509524 7.490476
   3    4   13 0.700000 2.300000
   8   10   42 1.553571 6.446429
   2    0   12 0.000000 2.000000
   1    0    6 0.000000 1.000000
  18   58   48 9.710714 8.289286
   1    0    6 0.000000 1.000000
   8   18   30 3.234524 4.765476
   3    2   16 0.333333 2.666667
   2    0   12 0.000000 2.000000
   9   22   31 3.728571 5.271429
   2    2   11 0.309524 1.690476
   2    2    9 0.366667 1.633333
   1    0    7 0.000000 1.000000
  11   30   33 5.204762 5.795238
   4    6   20 0.928571 3.071429
  22   78   57 12.690476 9.309524
   8   20   28 3.467857 4.532143
   6    8   27 1.385714 4.614286
  15   44   45 7.603571 7.396429
   2    2   10 0.342857 1.657143
   6   10   27 1.691667 4.308333
  10   32   28 5.523810 4.476190
  12   34   35 5.871429 6.128571
   1    0    7 0.000000 1.000000
   2    2   10 0.342857 1.657143
  17   68   34 11.502381 5.497619
   9   30   22 5.176190 3.823810
  20   62   54 10.652381 9.347619
   5    8   21 1.419048 3.580952
   4    8   16 1.328571 2.671429
  10   24   38 3.919048 6.080952
   1    0    6 0.000000 1.000000
   3    4   14 0.709524 2.290476
  16   54   44 9.047619 6.952381
  12   38   35 6.398810 5.601190
   3    4   16 0.667857 2.332143
   8   20   28 3.428571 4.571429
   6   16   18 2.766667 3.233333
  30  102   76 17.171429 12.828571
   6    6   30 1.042857 4.957143
   5   10   22 1.547619 3.452381
  15   36   51 6.230952 8.769048
   3    2   17 0.333333 2.666667
  21   76   54 12.515476 8.484524
   6   14   22 2.261905 3.738095
   7   14   28 2.371429 4.628571
   4    6   18 1.042857 2.957143
  30   96   85 16.010714 13.989286
   4    6   17 1.066667 2.933333
  11   38   28 6.400000 4.600000
  12   30   42 4.947619 7.052381
   2    2   11 0.309524 1.690476
  26   82   74 13.510714 12.489286
   4    6   17 1.052381 2.947619
   5    6   25 0.985714 4.014286
   3    2   16 0.309524 2.690476
  36  114   96 19.872619 16.127381
   4    8   17 1.285714 2.714286
  11   42   23 7.200000 3.800000
   3    2   16 0.333333 2.666667
   2    2   10 0.333333 1.666667
  27   86   80 14.272619 12.727381
   9   24   31 4.025000 4.975000
   3    6   12 1.019048 1.980952
   6    6   32 0.952381 5.047619
  33  118   82 19.693651 13.306349
   2    0   12 0.000000 2.000000
  10   32   27 5.530952 4.469048
   2    2    9 0.366667 1.633333
  33  110   88 18.458333 14.541667
  11   38   26 6.533333 4.466667
   3    6   12 1.000000 2.000000
   5    6   24 1.000000 4.000000
  30   98   82 16.442857 13.557143
   9   26   33 3.976190 5.023810
   1    0    6 0.000000 1.000000
  39  152   77 25.750000 13.250000
  13   44   34 7.350000 5.650000
   7   22   19 3.738095 3.261905
   3    4   14 0.666667 2.333333
  32  126   66 21.071429 10.928571
   7   10   35 1.644048 5.355952
   2    0   14 0.000000 2.000000
  42  170   79 28.713095 13.286905
   7   20   21 3.433333 3.566667
   2    0   12 0.000000 2.000000
   2    2   11 0.309524 1.690476
  39  148   86 24.701190 14.298810
   6    4   32 0.666667 5.333333
   1    0    6 0.000000 1.000000
  44  172   90 28.997619 15.002381
   6   12   25 1.908333 4.091667
   1    0    6 0.000000 1.000000
  34  124   84 20.450000 13.550000
   6    8   30 1.333333 4.666667
  47  196   80 33.315476 13.684524
  12   32   40 5.419048 6.580952
   1    0    6 0.000000 1.000000
  36  128   91 21.476190 14.523810
   6   12   25 2.014286 3.985714
  45  174   94 29.503571 15.496429
  12   30   40 5.209524 6.790476
  31  114   75 18.878571 12.121429
  10   20   36 3.566667 6.433333
  50  212   89 35.471429 14.528571
   9   20   34 3.404762 5.595238
  27   96   66 16.252381 10.747619
  15   54   36 9.223810 5.776190
  47  190   92 31.601190 15.398810
  11   34   32 5.645238 5.354762
  17   42   57 7.095238 9.904762
  17   48   53 8.014286 8.985714
  53  220  103 36.519048 16.480952
  13   40   37 6.747619 6.252381
  28   80   87 13.524206 14.475794
  14   34   51 5.560714 8.439286
  53  200  118 33.304762 19.695238
   5    8   22 1.328571 3.671429
  24   62   81 10.476190 13.523810
  14   42   44 6.938095 7.061905
  60  252  107 42.133333 17.866667
   2    2   10 0.342857 1.657143
  21   52   74 8.902381 12.097619
  20   70   51 11.600000 8.400000
  55  234   96 39.038095 15.961905
   4    6   17 1.052381 2.947619
  25   72   74 12.466667 12.533333
  20   66   57 10.869048 9.130952
  55  236   95 39.226190 15.773810
  18   44   64 7.209524 10.790476
  17   54   45 9.376190 7.623810
  65  316   77 52.490476 12.509524
  22   64   68 10.829762 11.170238
  19   60   53 10.277381 8.722619
  59  266   89 44.438095 14.561905
  31  102   79 17.400000 13.600000
  28  100   64 17.157143 10.842857
  41  154  101 24.970238 16.029762
  16   30   65 5.070238 10.929762
  33  124   75 20.719048 12.280952
  51  190  116 31.633333 19.366667
  18   40   71 6.569048 11.430952
  40  160   78 26.823810 13.176190
  42  162   89 27.141667 14.858333
  10   18   45 2.982143 7.017857
  44  178   79 30.423810 13.576190
  46  180  100 29.866667 16.133333
   4    0   23 0.000000 4.000000
  45  198   70 33.257143 11.742857
  51  228   81 38.164286 12.835714
   3    6   11 1.066667 1.933333
  43  188   68 31.452381 11.547619
  54  258   69 42.776190 11.223810
  41  166   84 27.636905 13.363095
  59  266   84 44.701190 14.298810
  35  148   64 24.719048 10.280952
  65  324   64 54.484524 10.515476
  36  146   69 24.638095 11.361905
  64  316   69 52.680952 11.319048
  35  136   75 22.745238 12.254762
  65  314   75 52.494048 12.505952
  30  120   66 19.638095 10.361905
  70  348   66 58.527381 11.472619
  23   76   64 12.666667 10.333333
  77  396   64 66.430952 10.569048
  13   34   46 5.523810 7.476190
  87  474   46 79.171429 7.828571
   5    6   27 0.952381 4.047619
  95  540   27 90.258333 4.741667
  13   38   40 6.348810 6.651190
  87  482   40 80.478571 6.521429
  10   32   31 5.278571 4.721429
  90  506   31 84.615476 5.384524
   8   26   21 4.538095 3.461905
  92  532   21 88.725000 3.275000
  16   62   32 10.736905 5.263095
  84  474   32 78.814286 5.185714
   9   28   28 4.463095 4.536905
  91  516   28 86.355952 4.644048
  10   36   25 6.028571 3.971429
  90  514   25 85.895238 4.104762
  11   32   31 5.707143 5.292857
  89  506   31 84.184524 4.815476
  16   52   44 8.780952 7.219048
  84  460   44 76.675000 7.325000
  13   32   50 5.166667 7.833333
  87  468   50 78.542857 8.457143
  21   54   72 9.265476 11.734524
  79  402   72 67.134524 11.865476
  22   60   73 10.147619 11.852381
  78  394   73 65.979762 12.020238
  20   40   82 6.708333 13.291667
  80  396   82 66.509524 13.490476
  21   42   84 7.245238 13.754762
  79  390   84 65.244048 13.755952
  25   76   73 12.871429 12.128571
  75  378   73 63.197619 11.802381
  24   62   82 10.476190 13.523810
  76  374   82 62.400000 13.600000
  19   44   70 7.314286 11.685714
  81  416   70 69.575397 11.424603
  17   38   63 6.471429 10.528571
  83  436   63 72.620238 10.379762
  19   60   57 9.947619 9.052381
  81  426   57 71.361905 9.638095
  26  104   52 17.569048 8.430952
  74  392   52 65.465476 8.534524
  28  114   54 19.267857 8.732143
  72  378   54 63.209524 8.790476
  29  128   46 21.414286 7.585714
  71  380   46 63.402381 7.597619
  35  144   67 24.104762 10.895238
  65  322   67 53.986905 11.013095
  35  142   74 23.439286 11.560714
  65  310   74 52.233333 12.766667
  41  182   64 30.414286 10.585714
  59  290   64 48.504762 10.495238
  32  128   61 21.736905 10.263095
  68  350   61 58.147619 9.852381
  25   82   67 13.729762 11.270238
  75  384   67 64.042857 10.957143
  38  140   84 23.792857 14.207143
  62  292   84 48.777381 13.222619
  35  132   81 21.807143 13.192857
  65  306   81 51.369048 13.630952
  31  114   74 18.978571 12.021429
  69  338   74 56.861905 12.138095
  24   82   65 13.492857 10.507143
  76  388   65 65.357143 10.642857
  27   76   85 12.871429 14.128571
  73  354   85 58.919048 14.080952
  32  104   92 17.069048 14.930952
  68  312   92 52.378571 15.621429
  26   78   80 12.834524 13.165476
  74  362   80 60.739286 13.260714
  21   52   77 8.642857 12.357143
  79  394   77 66.023810 12.976190
  18   54   55 9.048810 8.951190
  82  436   55 72.842857 9.157143
  13   40   41 6.561905 6.438095
  87  478   41 79.997619 7.002381
   8   12   38 1.928571 6.071429
  92  512   38 85.579762 6.420238
   6   10   24 1.845238 4.154762
  94  542   24 90.108333 3.891667
   1    0    6 0.000000 1.000000
  99  588    6 98.095238 0.904762
   1    0    5 0.000000 1.000000
  99  590    5 98.250000 0.750000
 100  600    0 100.000000 0.000000
