   1    0    6 0.000000 1.000000
   3    6   12 1.019048 1.980952
   1    0    7 0.000000 1.000000
   1    0    5 0.000000 1.000000
   1    0    5 0.000000 1.000000
   3    4   13 0.733333 2.266667
   3    4   13 0.742857 2.257143
   1    0    7 0.000000 1.000000
   2    2   11 0.309524 1.690476
   2    2    8 0.400000 1.600000
   1    0    6 0.000000 1.000000
   1    0    6 0.000000 1.000000
   2    2    9 0.366667 1.633333
   2    2   10 0.342857 1.657143
   4   10   14 1.771429 2.228571
   1    0    6 0.000000 1.000000
   1    0    6 0.000000 1.000000
   1    0    7 0.000000 1.000000
   1    0    6 0.000000 1.000000
   5   16   13 2.957143 2.042857
   1    0    6 0.000000 1.000000
   3    6   12 1.019048 1.980952
   1    0    7 0.000000 1.000000
   3    2   17 0.333333 2.666667
   1    0    7 0.000000 1.000000
   1    0    7 0.000000 1.000000
   1    0    5 0.000000 1.000000
   2    2   10 0.333333 1.666667
   2    2    9 0.366667 1.633333
   1    0    7 0.000000 1.000000
   1    0    6 0.000000 1.000000
   4    8   15 1.400000 2.600000
   1    0    7 0.000000 1.000000
   1    0    6 0.000000 1.000000
   1    0    6 0.000000 1.000000
   2    2   10 0.333333 1.666667
   1    0    7 0.000000 1.000000
   2    2    8 0.400000 1.600000
   2    2   10 0.342857 1.657143
   3    4   15 0.628571 2.371429
   1    0    6 0.000000 1.000000
   1    0    6 0.000000 1.000000
   1    0    6 0.000000 1.000000
   1    0    8 0.000000 1.000000
   3    4   14 0.709524 2.290476
   1    0    6 0.000000 1.000000
   1    0    6 0.000000 1.000000
   1    0    6 0.000000 1.000000
   4   10   13 1.761905 2.238095
   3    4   14 0.652381 2.347619
   1    0    6 0.000000 1.000000
   1    0    7 0.000000 1.000000
   1    0    6 0.000000 1.000000
   2    2   11 0.309524 1.690476
   1    0    5 0.000000 1.000000
   3    4   13 0.700000 2.300000
   1    0    6 0.000000 1.000000
   2    2   10 0.342857 1.657143
   2    2   10 0.333333 1.666667
   4   10   15 1.647619 2.352381
   2    2    9 0.366667 1.633333
   1    0    6 0.000000 1.000000
   2    2   10 0.333333 1.666667
   3    6   11 1.066667 1.933333
   5    8   21 1.409524 3.590476
   2    2   10 0.333333 1.666667
   1    0    7 0.000000 1.000000
   1    0    6 0.000000 1.000000
   6   14   22 2.319048 3.680952
   2    2   10 0.333333 1.666667
   1    0    6 0.000000 1.000000
   3    4   14 0.709524 2.290476
   2    2    9 0.366667 1.633333
   1    0    5 0.000000 1.000000
   1    0    7 0.000000 1.000000
   2    2   12 0.291667 1.708333
   2    2   11 0.309524 1.690476
   2    2   10 0.342857 1.657143
   5   14   15 2.452381 2.547619
   4    6   18 0.985714 3.014286
   2    2   12 0.285714 1.714286
   2    2    8 0.400000 1.600000
   4    8   17 1.328571 2.671429
   1    0    5 0.000000 1.000000
   1    0    7 0.000000 1.000000
   3    6   13 0.952381 2.047619
   1    0    6 0.000000 1.000000
   1    0    7 0.000000 1.000000
   4    6   17 1.066667 2.933333
   1    0    5 0.000000 1.000000
   2    2   11 0.325000 1.675000
   3    6   12 1.050000 1.950000
   5   10   18 1.852381 3.147619
   3    4   12 0.733333 2.266667
   3    2   17 0.309524 2.690476
   4    6   17 1.066667 2.933333
   3    4   13 0.700000 2.300000
   1    0    8 0.000000 1.000000
   1    0    5 0.000000 1.000000
   1    0    8 0.000000 1.000000
   1    0    5 0.000000 1.000000
   1    0    5 0.000000 1.000000
   4    6   17 1.066667 2.933333
   1    0    6 0.000000 1.000000
   2    2   11 0.309524 1.690476
   3    2   16 0.342857 2.657143
   4    6   16 1.100000 2.900000
   3    4   15 0.619048 2.380952
   1    0    5 0.000000 1.000000
  14   46   36 7.819048 6.180952
   2    2   11 0.309524 1.690476
   1    0    7 0.000000 1.000000
   1    0    7 0.000000 1.000000
   9   28   24 4.833333 4.166667
   5    8   23 1.309524 3.690476
   2    2   10 0.333333 1.666667
   2    2   11 0.325000 1.675000
   2    2   10 0.333333 1.666667
   1    0    7 0.000000 1.000000
   2    2   10 0.333333 1.666667
   1    0    7 0.000000 1.000000
   1    0    6 0.000000 1.000000
   7   22   20 3.807143 3.192857
   1    0    6 0.000000 1.000000
   1    0    6 0.000000 1.000000
   3    6   13 0.952381 2.047619
   3    6   13 0.952381 2.047619
   4   10   14 1.666667 2.333333
   4    4   21 0.642857 3.357143
   3    2   16 0.366667 2.633333
   7   16   23 2.833333 4.166667
   4    6   19 1.019048 2.980952
   2    2    8 0.400000 1.600000
   1    0    6 0.000000 1.000000
   4    4   19 0.700000 3.300000
   9   22   30 3.809524 5.190476
   2    2   11 0.309524 1.690476
   1    0    5 0.000000 1.000000
  17   50   52 8.389286 8.610714
   1    0    7 0.000000 1.000000
   4   10   14 1.708333 2.291667
   7   18   25 3.142857 3.857143
   6    8   24 1.500000 4.500000
   2    2   11 0.309524 1.690476
   2    2   10 0.342857 1.657143
   2    2    8 0.416667 1.583333
   4    6   20 0.935714 3.064286
   3    4   10 0.850000 2.150000
   7   18   26 2.870238 4.129762
   1    0    6 0.000000 1.000000
   1    0    6 0.000000 1.000000
   5   10   24 1.452381 3.547619
   6   18   19 3.004762 2.995238
   6    8   30 1.304762 4.695238
   6   14   22 2.319048 3.680952
   1    0    7 0.000000 1.000000
   5   12   17 2.071429 2.928571
   1    0    5 0.000000 1.000000
   5    4   26 0.666667 4.333333
   6   18   17 3.133333 2.866667
   3    2   14 0.400000 2.600000
   1    0    6 0.000000 1.000000
   9   10   46 1.709524 7.290476
  12   44   28 7.357143 4.642857
   3    6   12 1.019048 1.980952
   1    0    6 0.000000 1.000000
   1    0    7 0.000000 1.000000
   2    2   11 0.309524 1.690476
   2    2   10 0.342857 1.657143
   6   14   21 2.390476 3.609524
   2    2   12 0.291667 1.708333
   6   12   23 2.128571 3.871429
   5    8   24 1.352381 3.647619
   1    0    6 0.000000 1.000000
  16   44   55 7.154762 8.845238
  10   32   25 5.723810 4.276190
   3    4   13 0.700000 2.300000
  12   42   29 7.076190 4.923810
   4   10   13 1.785714 2.214286
   6    8   28 1.319048 4.680952
   8   24   25 3.946429 4.053571
   2    2    8 0.400000 1.600000
   2    0   15 0.000000 2.000000
  10   30   30 5.133333 4.866667
   5    6   24 1.042857 3.957143
   1    0    5 0.000000 1.000000
   6    8   30 1.295238 4.704762
   4    6   17 1.109524 2.890476
   6   12   23 2.028571 3.971429
  11   24   42 3.960714 7.039286
   5    8   23 1.285714 3.714286
  13   36   41 6.198810 6.801190
   5    8   23 1.304762 3.695238
  13   34   45 5.752381 7.247619
   1    0    7 0.000000 1.000000
   6   14   22 2.395238 3.604762
   6   16   18 2.800000 3.200000
   6   16   21 2.680952 3.319048
   4    4   20 0.666667 3.333333
   6   16   20 2.742857 3.257143
   5   10   21 1.642857 3.357143
   7   20   25 3.119048 3.880952
  21   56   68 9.576190 11.423810
   1    0    6 0.000000 1.000000
  14   42   41 7.197619 6.802381
  10   32   26 5.504762 4.495238
  15   24   65 4.295238 10.704762
   1    0    7 0.000000 1.000000
   9   16   36 2.961905 6.038095
  12   36   39 5.830952 6.169048
   2    2    8 0.400000 1.600000
   4    4   21 0.619048 3.380952
   3    4   12 0.766667 2.233333
   4    6   16 1.133333 2.866667
   6   12   26 1.928571 4.071429
  17   48   55 7.938095 9.061905
   5   12   18 2.028571 2.971429
  16   48   47 8.042857 7.957143
   6   14   24 2.346429 3.653571
  17   48   55 8.110714 8.889286
  13   24   50 4.261905 8.738095
   5    8   24 1.261905 3.738095
   1    0    7 0.000000 1.000000
   3    6   13 0.983333 2.016667
   3    2   15 0.366667 2.633333
   4    6   20 1.019048 2.980952
  20   56   63 9.619048 10.380952
   8   26   24 4.219048 3.780952
  19   64   46 10.957143 8.042857
   7   12   31 2.000000 5.000000
  16   30   66 5.080952 10.919048
  19   52   60 8.723810 10.276190
   4    6   19 0.952381 3.047619
   1    0    6 0.000000 1.000000
   1    0    7 0.000000 1.000000
   3    2   15 0.366667 2.633333
   3    6   11 1.085714 1.914286
  24   72   70 12.400000 11.600000
   5   14   16 2.333333 2.666667
  19   56   63 9.104762 9.895238
   5   14   15 2.404762 2.595238
  15   32   64 5.071429 9.928571
  22   72   57 12.295238 9.704762
   3    2   16 0.309524 2.690476
   2    0   13 0.000000 2.000000
   2    2   12 0.285714 1.714286
   2    2    9 0.366667 1.633333
  16   34   61 5.959524 10.040476
   3    2   15 0.400000 2.600000
  32   94   95 16.066667 15.933333
   3    4   14 0.666667 2.333333
  20   60   58 10.190476 9.809524
  21   68   58 11.430952 9.569048
   2    2   10 0.333333 1.666667
   2    0   11 0.000000 2.000000
   2    2   10 0.342857 1.657143
  15   36   53 6.071429 8.928571
  35  118   95 19.828571 15.171429
   3    2   17 0.309524 2.690476
  33  114   87 18.997619 14.002381
  10   14   47 2.466667 7.533333
   1    0    7 0.000000 1.000000
   1    0    6 0.000000 1.000000
   1    0    6 0.000000 1.000000
  11   24   41 4.038095 6.961905
  40  132  103 22.447619 17.552381
   3    2   17 0.309524 2.690476
  21   58   69 9.692857 11.307143
  11   18   50 3.009524 7.990476
  15   48   43 7.990476 7.009524
  53  208  106 34.998810 18.001190
  20   60   60 10.023810 9.976190
  12   24   46 4.267857 7.732143
  11   30   35 5.114286 5.885714
  57  248   97 41.204762 15.795238
  16   46   50 7.947619 8.052381
  16   46   50 7.764286 8.235714
   6    8   30 1.250000 4.750000
  62  266  104 44.696429 17.303571
  25   84   66 14.202381 10.797619
  10   16   44 2.719048 7.280952
   5   12   18 2.003571 2.996429
  60  260  100 43.523810 16.476190
  36  132   81 22.147619 13.852381
   8   14   38 2.338095 5.661905
   8   24   25 4.014286 3.985714
  48  168  118 28.315476 19.684524
  29  106   68 17.719048 11.280952
  10   30   31 4.980952 5.019048
   8   20   27 3.591667 4.408333
  53  210  108 35.191667 17.808333
  22   68   64 11.384524 10.615476
   4    4   19 0.700000 3.300000
  15   46   44 7.738095 7.261905
  59  260   95 43.508333 15.491667
  18   46   64 7.671429 10.328571
   8   24   25 3.952381 4.047619
  12   34   37 5.588095 6.411905
  62  290   80 48.529762 13.470238
  21   66   60 11.233333 9.766667
  12   42   33 6.861905 5.138095
   8   18   27 3.161905 4.838095
  59  276   78 46.116667 12.883333
  16   38   59 6.409524 9.590476
  14   48   36 8.095238 5.904762
  12   30   44 4.990476 7.009524
  58  252   93 42.172619 15.827381
  15   28   60 4.795238 10.204762
  18   58   53 9.464286 8.535714
   8    8   42 1.280952 6.719048
  59  238  113 40.200000 18.800000
  14   34   51 5.633333 8.366667
  29  102   68 17.500000 11.500000
   7    8   33 1.400000 5.600000
  50  212   92 35.321429 14.678571
  17   50   51 8.564286 8.435714
  27  100   62 16.885714 10.114286
   5    8   24 1.338095 3.661905
  51  210   95 35.233333 15.766667
  13   34   48 5.520238 7.479762
  30   98   81 16.551190 13.448810
   7   10   30 1.833333 5.166667
  50  180  119 30.504762 19.495238
  14   32   49 5.386905 8.613095
  24   62   81 10.623810 13.376190
   5   10   20 1.666667 3.333333
  57  236  110 39.090476 17.909524
  17   54   47 9.209524 7.790476
  35  100  105 17.213095 17.786905
   2    2   11 0.309524 1.690476
  46  166  115 27.758333 18.241667
  11   26   42 4.209524 6.790476
  32   90  101 15.208333 16.791667
   2    0   12 0.000000 2.000000
  55  216  113 36.266667 18.733333
  12   36   35 6.251190 5.748810
  30   88   93 14.719048 15.280952
  58  234  114 39.116667 18.883333
  11   34   31 5.908333 5.091667
  23   50   90 8.347619 14.652381
  66  298   97 50.245238 15.754762
  16   54   41 9.166667 6.833333
  17   40   60 6.942857 10.057143
  67  312   93 52.129762 14.870238
  20   66   53 11.344048 8.655952
  11   30   37 4.904762 6.095238
  69  346   68 57.723810 11.276190
  22   78   53 13.215476 8.784524
  16   42   51 7.278571 8.721429
  62  296   80 49.240476 12.759524
  25   96   53 16.153571 8.846429
  15   30   61 5.059524 9.940476
  60  268   92 44.827381 15.172619
  19   52   57 8.933333 10.066667
  32  104   88 17.636905 14.363095
  49  188  111 31.110714 17.889286
  22   60   67 10.500000 11.500000
  32   94   97 15.890476 16.109524
  46  174  108 28.940476 17.059524
  21   62   61 10.652381 10.347619
  22   52   84 8.590476 13.409524
  57  246   95 41.335714 15.664286
  19   48   65 8.057143 10.942857
  25   72   81 11.978571 13.021429
  56  252   82 42.402381 13.597619
  20   68   53 11.366667 8.633333
  14   28   56 5.079762 8.920238
  66  336   59 56.352381 9.647619
  20   60   60 9.942857 10.057143
  16   44   51 7.336905 8.663095
  64  314   71 52.458333 11.541667
  24   78   65 13.100000 10.900000
  23   78   55 13.523810 9.476190
  53  248   76 40.833333 12.166667
  11   24   43 3.852381 7.147619
  16   56   41 9.422619 6.577381
  73  354   82 59.234524 13.765476
   2    0   12 0.000000 2.000000
  20   70   51 11.795238 8.204762
  78  404   63 67.461905 10.538095
   3    6   10 1.133333 1.866667
  19   60   50 10.266667 8.733333
  78  414   60 68.478571 9.521429
   8   26   22 4.352381 3.647619
  11   26   40 4.523810 6.476190
  81  430   56 71.757143 9.242857
   7   20   23 3.314286 3.685714
  13   36   41 6.176190 6.823810
  80  418   62 69.951190 10.048810
  10   26   31 4.577381 5.422619
  14   42   44 6.857143 7.142857
  76  386   71 64.388095 11.611905
  12   32   39 5.385714 6.614286
  14   32   50 5.409524 8.590476
  74  378   69 62.946429 11.053571
  13   36   43 5.990476 7.009524
  17   42   58 7.104762 9.895238
  70  348   73 58.167857 11.832143
   8   20   28 3.433333 4.566667
  15   36   57 5.885714 9.114286
  77  378   81 63.202381 13.797619
   6   12   22 2.171429 3.828571
  10   18   46 2.926190 7.073810
  84  446   56 74.711905 9.288095
  10   22   38 3.707143 6.292857
  11   16   53 2.491667 8.508333
  79  382   89 64.050000 14.950000
  20   72   44 12.514286 7.485714
   3    0   18 0.000000 3.000000
  77  406   60 67.442857 9.557143
  12   36   33 6.180952 5.819048
   8   16   33 2.714286 5.285714
  80  420   62 70.058333 9.941667
  10   24   33 4.191667 5.808333
  12   28   44 4.665476 7.334524
  78  416   55 69.208333 8.791667
  20   66   54 11.019048 8.980952
   2    0   12 0.000000 2.000000
  78  406   62 67.652381 10.347619
  18   56   52 9.533333 8.466667
  82  440   52 73.516667 8.483333
  11   24   44 4.034524 6.965476
  89  488   44 81.507143 7.492857
   7   18   24 3.194048 3.805952
  93  534   24 88.985714 4.014286
   9   20   33 3.488095 5.511905
  91  514   33 85.633333 5.366667
   5    8   23 1.285714 3.714286
  95  546   23 91.217857 3.782143
   3    4   12 0.766667 2.233333
  97  572   12 95.142857 1.857143
   5   10   18 1.800000 3.200000
  95  554   18 92.254762 2.745238
   2    2   10 0.333333 1.666667
  98  578   10 96.338095 1.661905
   4    6   16 1.100000 2.900000
  96  562   16 93.542857 2.457143
   9   16   36 2.847619 6.152381
  91  512   36 85.119048 5.880952
   7    4   40 0.676190 6.323810
  93  516   40 86.303571 6.696429
   8   10   38 1.666667 6.333333
  92  514   38 85.684524 6.315476
   5    4   25 0.733333 4.266667
  95  546   25 91.042857 3.957143
   6    8   28 1.333333 4.666667
  94  536   28 89.490476 4.509524
   7   12   34 1.863095 5.136905
  93  520   34 87.171429 5.828571
   4    6   19 0.952381 3.047619
  96  556   19 92.804762 3.195238
   5   10   20 1.661905 3.338095
  95  550   20 91.697619 3.302381
   2    0   10 0.000000 2.000000
  98  580   10 96.446429 1.553571
   2    0   14 0.000000 2.000000
  98  572   14 95.523810 2.476190
   2    2    9 0.366667 1.633333
  98  580    9 96.571429 1.428571
 100  600    0 100.000000 0.000000
