   1    0    7 0.000000 1.000000
   1    0    6 0.000000 1.000000
   5   14   16 2.328571 2.671429
   1    0    6 0.000000 1.000000
   2    2   11 0.309524 1.690476
   1    0    7 0.000000 1.000000
   4    8   15 1.400000 2.600000
   2    2   10 0.333333 1.666667
   1    0    6 0.000000 1.000000
   1    0    6 0.000000 1.000000
   1    0    7 0.000000 1.000000
   2    0   13 0.000000 2.000000
   3    4   14 0.709524 2.290476
   3    4   14 0.725000 2.275000
   5   14   14 2.500000 2.500000
   3    6   14 0.904762 2.095238
   2    2   10 0.333333 1.666667
   2    2    8 0.400000 1.600000
   2    2   10 0.333333 1.666667
   4    8   18 1.214286 2.785714
   1    0    5 0.000000 1.000000
   1    0    6 0.000000 1.000000
   2    2   10 0.333333 1.666667
   3    4   13 0.733333 2.266667
   2    2    9 0.366667 1.633333
   2    2   11 0.309524 1.690476
   4   10   12 1.833333 2.166667
   4    6   15 1.133333 2.866667
   2    2    9 0.366667 1.633333
   1    0    7 0.000000 1.000000
   1    0    5 0.000000 1.000000
   1    0    7 0.000000 1.000000
   1    0    7 0.000000 1.000000
   3    4   13 0.700000 2.300000
   4    8   15 1.395238 2.604762
   3    2   14 0.400000 2.600000
   1    0    7 0.000000 1.000000
   1    0    8 0.000000 1.000000
   1    0    5 0.000000 1.000000
   3    4   14 0.652381 2.347619
   1    0    6 0.000000 1.000000
   2    2   11 0.309524 1.690476
   1    0    7 0.000000 1.000000
   1    0    6 0.000000 1.000000
   2    2   11 0.309524 1.690476
   1    0    6 0.000000 1.000000
   1    0    6 0.000000 1.000000
   2    2   11 0.309524 1.690476
   2    2   10 0.342857 1.657143
   6   16   22 2.628571 3.371429
   1    0    7 0.000000 1.000000
   1    0    6 0.000000 1.000000
   2    2   11 0.309524 1.690476
   8   16   32 2.675000 5.325000
   1    0    6 0.000000 1.000000
   2    2   10 0.342857 1.657143
   1    0    6 0.000000 1.000000
   2    2    9 0.366667 1.633333
   2    2    9 0.366667 1.633333
   2    2   10 0.333333 1.666667
   6   14   23 2.357143 3.642857
   2    2    9 0.366667 1.633333
   7   14   28 2.402381 4.597619
   5   14   16 2.328571 2.671429
   3    6   12 1.019048 1.980952
   1    0    6 0.000000 1.000000
   1    0    8 0.000000 1.000000
   1    0    5 0.000000 1.000000
   4   10   13 1.733333 2.266667
   6   14   22 2.385714 3.614286
   4    6   17 1.033333 2.966667
   2    2   11 0.309524 1.690476
   6   12   23 2.052381 3.947619
   4    8   13 1.500000 2.500000
   3    2   17 0.309524 2.690476
   2    2   11 0.309524 1.690476
   7   20   23 3.409524 3.590476
   1    0    6 0.000000 1.000000
   2    2   11 0.309524 1.690476
   1    0    6 0.000000 1.000000
   1    0    6 0.000000 1.000000
   3    4   12 0.733333 2.266667
   4   10   15 1.614286 2.385714
   1    0    5 0.000000 1.000000
   1    0    7 0.000000 1.000000
   5    8   24 1.261905 3.738095
   2    2    9 0.366667 1.633333
   2    2    9 0.366667 1.633333
   1    0    6 0.000000 1.000000
   9   30   24 5.004762 3.995238
   2    2   12 0.285714 1.714286
   6   14   22 2.333333 3.666667
   8   12   33 2.166667 5.833333
   3    6   11 1.119048 1.880952
   4    4   20 0.676190 3.323810
   9   18   34 3.061905 5.938095
   1    0    7 0.000000 1.000000
   1    0    6 0.000000 1.000000
   8   28   20 4.733333 3.266667
  10   32   27 5.466667 4.533333
   2    2   11 0.309524 1.690476
  10   24   35 4.119048 5.880952
   3    4   14 0.676190 2.323810
   3    6   13 0.952381 2.047619
   1    0    6 0.000000 1.000000
   1    0    7 0.000000 1.000000
   2    2   11 0.309524 1.690476
   1    0    6 0.000000 1.000000
   3    4   17 0.601190 2.398810
   2    2    8 0.400000 1.600000
   9   18   36 3.028571 5.971429
   1    0    6 0.000000 1.000000
   2    2    8 0.400000 1.600000
   4    8   16 1.385714 2.614286
  12   34   40 5.552381 6.447619
   2    2    9 0.366667 1.633333
   6    8   28 1.333333 4.666667
   7   12   29 2.076190 4.923810
   4    8   16 1.376190 2.623810
   2    0   11 0.000000 2.000000
   9   22   29 3.871429 5.128571
   1    0    5 0.000000 1.000000
   2    2   10 0.342857 1.657143
  14   50   32 8.461905 5.538095
   8   16   36 2.488095 5.511905
   3    2   16 0.333333 2.666667
   6    4   35 0.619048 5.380952
   1    0    6 0.000000 1.000000
   1    0    6 0.000000 1.000000
   1    0    7 0.000000 1.000000
   3    2   17 0.342857 2.657143
   2    2    9 0.366667 1.633333
   9   16   37 2.828571 6.171429
   1    0    7 0.000000 1.000000
   2    2   11 0.309524 1.690476
   3    4   13 0.700000 2.300000
  10   22   39 3.771429 6.228571
   1    0    6 0.000000 1.000000
   4    4   20 0.676190 3.323810
   7   20   22 3.304762 3.695238
   7   22   18 4.008333 2.991667
   1    0    7 0.000000 1.000000
   7   12   33 1.934524 5.065476
   4   10   13 1.766667 2.233333
  24   94   47 16.000000 8.000000
  10   24   36 4.016667 5.983333
   3    2   17 0.309524 2.690476
   1    0    6 0.000000 1.000000
   1    0    6 0.000000 1.000000
   3    0   16 0.000000 3.000000
   1    0    7 0.000000 1.000000
  13   24   54 4.080952 8.919048
   1    0    7 0.000000 1.000000
   3    6   10 1.133333 1.866667
   4    8   17 1.261905 2.738095
   4    4   20 0.676190 3.323810
   1    0    6 0.000000 1.000000
   2    2   11 0.309524 1.690476
  13   34   46 5.564286 7.435714
   3    4   14 0.666667 2.333333
  13   32   43 5.419048 7.580952
   2    2   11 0.309524 1.690476
  27  104   58 17.661905 9.338095
   6   10   29 1.545238 4.454762
   2    2    9 0.366667 1.633333
   1    0    5 0.000000 1.000000
   1    0    5 0.000000 1.000000
   2    2    9 0.366667 1.633333
  10   26   31 4.571429 5.428571
  12   34   38 5.676190 6.323810
  10   26   35 4.319048 5.680952
   1    0    6 0.000000 1.000000
  13   34   42 5.890476 7.109524
   1    0    6 0.000000 1.000000
  11   22   46 3.680952 7.319048
   3    4   15 0.642857 2.357143
  27  102   62 17.240476 9.759524
   4    8   16 1.328571 2.671429
   5   10   20 1.652381 3.347619
   1    0    6 0.000000 1.000000
   3    2   15 0.400000 2.600000
  10   34   27 5.614286 4.385714
   8   16   33 2.623810 5.376190
   7   12   35 1.940873 5.059127
  19   48   60 8.366667 10.633333
   7   10   33 1.661905 5.338095
   1    0    6 0.000000 1.000000
  36  140   75 23.375000 12.625000
   2    2   11 0.309524 1.690476
   5   10   19 1.761905 3.238095
   2    0   12 0.000000 2.000000
   3    4   15 0.642857 2.357143
  14   52   31 8.885714 5.114286
   6    6   28 1.033333 4.966667
  13   34   40 5.942857 7.057143
  20   60   60 10.038095 9.961905
   7   12   31 1.923810 5.076190
  29  110   67 18.363095 10.636905
   2    2   12 0.285714 1.714286
   3    4   15 0.628571 2.371429
   3    2   15 0.333333 2.666667
   1    0    6 0.000000 1.000000
  11   28   39 4.700000 6.300000
   6   10   26 1.685714 4.314286
  10   18   43 3.038095 6.961905
  23   78   59 13.454762 9.545238
   4    4   20 0.700000 3.300000
  30  100   80 16.647619 13.352381
   1    0    6 0.000000 1.000000
   2    2    8 0.400000 1.600000
  12   34   39 5.585714 6.414286
   2    2    9 0.366667 1.633333
  12   22   48 3.804762 8.195238
   3    2   18 0.309524 2.690476
   6    8   32 1.214286 4.785714
  19   66   48 11.042857 7.957143
   5    8   24 1.280952 3.719048
  42  172   78 29.014286 12.985714
   2    2   10 0.333333 1.666667
   9   26   25 4.495238 4.504762
   5   10   20 1.666667 3.333333
   7   10   31 1.695238 5.304762
   3    6   12 1.019048 1.980952
   9   12   43 1.869048 7.130952
  22   86   46 14.497619 7.502381
   6   14   19 2.533333 3.466667
  39  140   99 23.036905 15.963095
   3    4   13 0.700000 2.300000
   6   10   25 1.700000 4.300000
   4    8   16 1.333333 2.666667
   7    6   36 1.042857 5.957143
   3    6   12 1.019048 1.980952
   6    6   30 1.019048 4.980952
  26  110   48 18.216667 7.783333
   3    4   13 0.733333 2.266667
  43  168   90 28.202381 14.797619
   8   20   27 3.400000 4.600000
   4    8   17 1.280952 2.719048
   4    4   20 0.676190 3.323810
   1    0    6 0.000000 1.000000
   7   12   29 2.195238 4.804762
  37  170   53 28.261905 8.738095
   3    6   12 1.019048 1.980952
  40  162   75 27.391667 12.608333
   4    6   20 0.928571 3.071429
   4   10   14 1.666667 2.333333
   3    0   18 0.000000 3.000000
   4   10   13 1.814286 2.185714
   1    0    6 0.000000 1.000000
  36  160   58 26.623810 9.376190
  49  212   83 35.659524 13.340476
   3    2   14 0.400000 2.600000
   9   24   27 4.147619 4.852381
   6    8   28 1.352381 4.647619
   4    8   19 1.239286 2.760714
   1    0    6 0.000000 1.000000
  32  120   75 19.847619 12.152381
  47  178  102 30.003571 16.996429
   1    0    5 0.000000 1.000000
  21   78   46 13.339286 7.660714
  10   22   36 3.790476 6.209524
   1    0    6 0.000000 1.000000
  27  106   55 17.794048 9.205952
  38  128  106 21.200000 16.800000
   3    6   11 1.066667 1.933333
  20   80   37 13.566667 6.433333
   3    2   17 0.309524 2.690476
   3    4   13 0.742857 2.257143
  38  162   62 27.200000 10.800000
  34  114   98 18.710714 15.289286
   2    2    9 0.366667 1.633333
  28  106   61 17.833333 10.166667
   3    2   15 0.366667 2.633333
  44  188   71 31.608333 12.391667
  21   56   76 9.063095 11.936905
   4    6   19 0.995238 3.004762
  31  122   64 20.545238 10.454762
   5   10   20 1.661905 3.338095
  33  114   83 19.352381 13.647619
  27   92   71 15.361905 11.638095
   4    6   18 1.019048 2.980952
  14   28   63 4.351190 9.648810
   7   10   29 1.866667 5.133333
  28   80   88 13.519048 14.480952
  39  138   91 23.604762 15.395238
  12   34   39 5.676190 6.323810
  13   26   56 4.214286 8.785714
   3    2   16 0.309524 2.690476
  30   76  107 12.833333 17.166667
  33  100   97 16.890476 16.109524
  21   46   74 8.242857 12.757143
   7    6   35 1.100000 5.900000
   2    0   12 0.000000 2.000000
  33  106   91 17.728571 15.271429
  41  162   85 27.171429 13.828571
  17   48   55 7.966667 9.033333
   9   18   35 3.085714 5.914286
  39  142   95 23.544048 15.455952
  43  180   77 30.333333 12.666667
   9   24   29 4.066667 4.933333
  14   28   55 4.880952 9.119048
  41  140  105 23.183333 17.816667
  34  140   66 23.146429 10.853571
  11   26   40 4.290476 6.709524
  20   56   63 9.447619 10.552381
  39  132  111 21.690476 17.309524
  27  102   55 17.435714 9.564286
  14   36   45 6.152381 7.847619
  20   52   69 8.663095 11.336905
  48  168  123 27.945238 20.054762
  24   74   71 12.504762 11.495238
   8   14   29 2.700000 5.300000
  24   72   73 12.111905 11.888095
  42  128  122 21.614286 20.385714
  27   94   68 15.776190 11.223810
   7    8   35 1.352381 5.647619
  15   42   53 6.859524 8.140476
  48  172  110 29.330952 18.669048
  29   98   76 16.414286 12.585714
   8   16   33 2.619048 5.380952
   6   10   27 1.547619 4.452381
  57  238  105 39.738095 17.261905
  28   86   83 14.342857 13.657143
   9   16   35 2.833333 6.166667
   3    2   14 0.400000 2.600000
  57  220  121 36.933333 20.066667
  27   64  100 10.695238 16.304762
  13   32   47 5.285714 7.714286
   4    4   20 0.666667 3.333333
  54  202  122 33.895238 20.104762
  22   50   83 8.294048 13.705952
  20   52   67 8.866667 11.133333
   4    6   19 1.019048 2.980952
  52  198  109 33.370238 18.629762
  30   78  105 13.179762 16.820238
  14   26   59 4.422619 9.577381
  10   22   37 3.738095 6.261905
  50  222   81 36.885714 13.114286
  25   66   81 11.378571 13.621429
  15   40   51 6.719048 8.280952
  11   22   44 3.700000 7.300000
  43  176   86 29.255952 13.744048
  32   92   99 15.525000 16.475000
  14   32   49 5.480952 8.519048
   4    4   20 0.742857 3.257143
  43  156   99 26.346429 16.653571
  43  156  104 26.033333 16.966667
  10   16   45 2.642857 7.357143
   4    6   17 1.066667 2.933333
  44  144  115 24.492857 19.507143
  39  142   94 23.809524 15.190476
  13   30   52 4.890476 8.109524
   1    0    7 0.000000 1.000000
  63  278  100 46.534524 16.465476
  26   78   78 13.125000 12.875000
  10   20   39 3.500000 6.500000
  59  254   99 42.851190 16.148810
  40  148   92 25.090476 14.909524
   1    0    7 0.000000 1.000000
  47  174  105 29.409524 17.590476
  47  200   85 33.045238 13.954762
   6   16   20 2.795238 3.204762
  55  216  109 36.676190 18.323810
  29   90   86 15.108333 13.891667
  16   68   31 11.191667 4.808333
  58  246  107 41.044048 16.955952
  29   82   88 14.202381 14.797619
  13   46   31 7.838095 5.161905
  61  262  106 43.500000 17.500000
  25   76   71 12.823810 12.176190
  14   44   41 7.200000 6.800000
  60  258  102 43.257143 16.742857
  26   90   66 15.169048 10.830952
  14   44   40 7.400000 6.600000
  60  286   77 47.564286 12.435714
  29  116   54 19.717857 9.282143
  11   30   37 5.138095 5.861905
  63  300   80 49.971429 13.028571
  28   98   68 16.495238 11.504762
   9   26   28 4.469048 4.530952
  61  282   84 47.134524 13.865476
  29  108   67 18.014286 10.985714
  10   26   33 4.380952 5.619048
  57  260   86 43.158333 13.841667
  28  104   62 17.558333 10.441667
  15   54   34 9.153571 5.846429
  62  302   68 50.716667 11.283333
  27  112   51 18.832143 8.167857
  11   38   29 6.266667 4.733333
  65  314   72 52.642857 12.357143
  24  100   47 16.597619 7.402381
  11   24   43 3.978571 7.021429
  71  316  105 53.200000 17.800000
  20   54   70 8.973810 11.026190
   9   14   41 2.328571 6.671429
  76  366   87 61.350000 14.650000
  15   38   54 6.376190 8.623810
   9   22   33 3.638095 5.361905
  76  388   70 64.502381 11.497619
  20   64   54 10.942857 9.057143
   4    8   16 1.328571 2.671429
  77  392   64 66.073810 10.926190
  21   80   50 13.413095 7.586905
   2    0   14 0.000000 2.000000
  82  430   62 71.655952 10.344048
  14   42   44 6.923810 7.076190
   4    4   18 0.733333 3.266667
  83  438   61 72.963095 10.036905
   7   14   27 2.285714 4.714286
  10   24   36 4.000000 6.000000
  90  490   48 81.930952 8.069048
   5    4   27 0.642857 4.357143
   5   10   21 1.642857 3.357143
  78  412   55 68.873810 9.126190
   5    8   23 1.328571 3.671429
  17   62   40 10.352381 6.647619
  85  472   39 78.679762 6.320238
   6   20   14 3.728571 2.271429
   9   26   29 4.295238 4.704762
  88  500   29 83.360714 4.639286
   7   16   26 2.709524 4.290476
   5    8   21 1.366667 3.633333
  91  518   27 86.542857 4.457143
   5    8   23 1.309524 3.690476
   4    4   20 0.652381 3.347619
  92  522   30 87.200000 4.800000
   6   14   20 2.500000 3.500000
   2    0   14 0.000000 2.000000
  90  502   41 83.269048 6.730952
   3    2   16 0.333333 2.666667
   7   14   25 2.542857 4.457143
  93  518   38 86.726190 6.273810
   5    6   25 0.976190 4.023810
   2    0   13 0.000000 2.000000
  93  534   23 89.052381 3.947619
   7   20   23 3.258333 3.741667
  89  492   39 82.285714 6.714286
  11   30   39 4.833333 6.166667
  88  474   53 79.076190 8.923810
  12   20   53 3.376190 8.623810
  80  418   64 69.694048 10.305952
  20   54   64 9.329762 10.670238
  71  354   73 59.066667 11.933333
  29  100   73 16.938095 12.061905
  66  324   77 53.539286 12.460714
  34  122   77 20.695238 13.304762
  68  324   82 54.402381 13.597619
  32  112   82 18.742857 13.257143
  67  326   78 54.323810 12.676190
  33  118   78 20.066667 12.933333
  68  338   72 56.197619 11.802381
  32  118   72 19.923810 12.076190
  72  350   82 58.488095 13.511905
  28   86   82 14.390476 13.609524
  68  328   79 54.640476 13.359524
  32  114   79 18.928571 13.071429
  75  368   77 61.938095 13.061905
  25   78   77 12.686905 12.313095
  81  406   79 68.034524 12.965476
  19   36   79 6.140476 12.859524
  77  398   63 66.620238 10.379762
  23   76   63 12.815476 10.184524
  80  418   65 69.423810 10.576190
  20   52   65 8.846429 11.153571
  95  542   24 90.876190 4.123810
   5   10   24 1.611905 3.388095
  98  574   13 95.780952 2.219048
   2    0   13 0.000000 2.000000
  97  568   14 94.659524 2.340476
   3    4   14 0.666667 2.333333
  95  552   19 92.000000 3.000000
   5   10   19 1.733333 3.266667
  93  534   23 89.266667 3.733333
   7   20   23 3.290476 3.709524
  94  536   27 89.533333 4.466667
   6   10   27 1.695238 4.304762
  90  500   43 83.119048 6.880952
  10   14   43 2.476190 7.523810
  77  410   53 68.490476 8.509524
  23   84   53 14.233333 8.766667
  77  394   65 65.923810 11.076190
  23   76   65 12.480952 10.519048
  75  388   61 64.804762 10.195238
  25   90   61 15.046429 9.953571
  73  378   57 63.436905 9.563095
  27  108   57 17.900000 9.100000
  79  410   66 68.436905 10.563095
  21   58   66 9.942857 11.057143
  71  358   70 59.470238 11.529762
  29  102   70 17.138095 11.861905
  63  302   73 50.753571 12.246429
  37  152   73 25.359524 11.640476
  68  344   65 57.489286 10.510714
  32  126   65 21.180952 10.819048
  73  388   48 65.176190 7.823810
  27  116   48 19.210714 7.789286
  71  356   71 59.286905 11.713095
  29  102   71 17.071429 11.928571
  66  322   69 54.215476 11.784524
  34  140   69 23.166667 10.833333
  68  340   66 56.988095 11.011905
  32  128   66 21.250000 10.750000
  75  378   73 63.114286 11.885714
  25   76   73 12.907143 12.092857
  72  356   78 59.280952 12.719048
  28   88   78 14.684524 13.315476
  64  310   76 51.814286 12.185714
  36  138   76 23.283333 12.716667
  66  320   78 53.396429 12.603571
  34  124   78 20.759524 13.240476
  56  222  108 37.792857 18.207143
  44  162  108 26.991667 17.008333
  62  258  108 43.807143 18.192857
  38  126  108 20.747619 17.252381
  54  222  101 37.213095 16.786905
  46  176  101 29.515476 16.484524
  56  238   94 40.295238 15.704762
  44  174   94 28.740476 15.259524
  53  206  104 35.073810 17.926190
  47  186  104 30.623810 16.376190
  54  214  111 35.471429 18.528571
  46  164  111 27.483333 18.516667
  43  164   96 27.564286 15.435714
  57  244   96 41.141667 15.858333
  39  144   87 24.491667 14.508333
  61  282   87 46.884524 14.115476
  34  124   80 20.805952 13.194048
  66  316   80 52.902381 13.097619
  46  176   94 29.842857 16.157143
  54  236   94 39.025000 14.975000
  39  120  111 20.400000 18.600000
  61  258  111 42.797619 18.202381
  37  136   83 23.240476 13.759524
  63  298   83 49.391667 13.608333
  48  192   92 32.565476 15.434524
  52  224   92 37.269048 14.730952
  45  174   93 29.319048 15.680952
  55  240   93 39.976190 15.023810
  48  192   97 32.275000 15.725000
  52  214   97 35.932143 16.067857
  49  174  124 28.802381 20.197619
  51  178  124 30.066667 20.933333
  53  222  104 36.470238 16.529762
  47  170  104 28.988095 18.011905
  54  216  108 36.160714 17.839286
  46  168  108 28.239286 17.760714
  64  276  113 45.941667 18.058333
  36   98  113 16.928571 19.071429
  51  216   99 35.414286 15.585714
  49  186   99 31.829762 17.170238
  54  232   93 38.825000 15.175000
  46  182   93 30.566667 15.433333
  55  226  107 37.698810 17.301190
  45  160  107 26.976190 18.023810
  59  244  105 41.219048 17.780952
  41  146  105 24.116667 16.883333
  61  282   83 47.361905 13.638095
  39  152   83 25.429762 13.570238
  60  284   82 47.136905 12.863095
  40  152   82 25.976190 14.023810
  55  258   78 42.682143 12.317857
  45  186   78 31.511905 13.488095
  57  254   91 42.304762 14.695238
  43  164   91 27.747619 15.252381
  51  200  105 33.785714 17.214286
  49  190  105 31.810714 17.189286
  50  214   86 35.852381 14.147619
  50  214   86 35.761905 14.238095
  49  190  106 31.733333 17.266667
  51  198  106 33.326190 17.673810
  47  182  105 30.103571 16.896429
  53  208  105 35.411905 17.588095
  48  186  101 31.292857 16.707143
  52  212  101 35.609524 16.390476
  68  304  104 50.861905 17.138095
  32   88  104 14.895238 17.104762
  68  316   88 53.272619 14.727381
  32  108   88 17.975000 14.025000
  67  320   77 53.998810 13.001190
  33  126   77 20.955952 12.044048
  59  286   69 47.576190 11.423810
  41  176   69 29.803571 11.196429
  56  270   65 45.314286 10.685714
  44  200   65 33.522619 10.477381
  52  242   67 40.582143 11.417857
  48  224   67 37.296429 10.703571
  51  250   60 41.657143 9.342857
  49  230   60 38.904762 10.095238
  58  282   65 47.413095 10.586905
  42  188   65 31.442857 10.557143
  65  336   57 55.725000 9.275000
  35  150   57 25.378571 9.621429
  64  314   76 52.133333 11.866667
  36  134   76 23.117857 12.882143
  68  332   77 55.517857 12.482143
  32  114   77 19.052381 12.947619
  72  336   90 56.680952 15.319048
  28   84   90 13.883333 14.116667
  68  316   97 52.669444 15.330556
  32   90   97 15.745238 16.254762
  46  164  111 27.290476 18.709524
  54  214  111 35.657143 18.342857
  64  282   99 47.352381 16.647619
  36  120   99 20.127381 15.872619
  55  244   88 40.625000 14.375000
  45  180   88 30.352381 14.647619
  60  274   79 46.121429 13.878571
  40  168   79 27.591667 12.408333
  59  254   94 42.900000 16.100000
  41  158   94 26.285714 14.714286
  66  312   82 52.304762 13.695238
  34  124   82 20.729762 13.270238
  67  322   83 53.457143 13.542857
  33  112   83 19.019048 13.980952
  76  376   79 62.960714 13.039286
  24   66   79 11.246429 12.753571
  74  376   70 62.556349 11.443651
  26   84   70 14.260714 11.739286
  66  316   81 52.670238 13.329762
  34  122   81 20.551190 13.448810
  69  328   86 54.798810 14.201190
  31  100   86 16.716667 14.283333
  78  412   55 68.676190 9.323810
  22   78   55 13.005952 8.994048
  73  356   84 59.362302 13.637698
  27   76   84 12.914286 14.085714
  67  296  112 48.894048 18.105952
  33   80  112 13.795238 19.204762
  78  378   87 63.447222 14.552778
  22   48   87 8.126190 13.873810
  78  400   71 66.436905 11.563095
  22   58   71 9.767857 12.232143
  78  394   70 66.333333 11.666667
  22   66   70 10.933333 11.066667
  75  386   67 64.232143 10.767857
  25   80   67 13.628571 11.371429
  81  422   61 70.890476 10.109524
  19   56   61 9.208333 9.791667
  88  480   49 80.054762 7.945238
  12   22   49 3.766667 8.233333
  92  522   32 86.863095 5.136905
   8   14   32 2.509524 5.490476
  94  524   36 87.752381 6.247619
   6    4   36 0.595238 5.404762
  93  532   25 88.890476 4.109524
   7   18   25 3.057143 3.942857
  87  492   34 81.542857 5.457143
  13   40   34 6.842857 6.157143
  77  410   52 68.644048 8.355952
  23   86   52 14.452381 8.547619
  75  388   58 65.097619 9.902381
  25   96   58 15.751190 9.248810
  66  330   69 54.603571 11.396429
  34  132   69 22.435714 11.564286
  78  418   49 69.826190 8.173810
  22   84   49 13.921429 8.078571
  79  418   53 70.252381 8.747619
  21   76   53 12.814286 8.185714
  85  460   52 76.413095 8.586905
  15   36   52 6.038095 8.961905
  92  516   37 86.009524 5.990476
   8   10   37 1.666667 6.333333
  94  540   27 89.736905 4.263095
   6    6   27 1.076190 4.923810
  96  552   23 92.141667 3.858333
   4    2   23 0.333333 3.666667
  96  552   23 92.163095 3.836905
   4    2   23 0.333333 3.666667
  93  530   28 88.252381 4.747619
   7   14   28 2.371429 4.628571
  97  566   16 94.405952 2.594048
   3    2   16 0.333333 2.666667
  97  564   18 94.133333 2.866667
   3    0   18 0.000000 3.000000
 100  600    0 100.000000 0.000000
