   1    0    7 0.000000 1.000000
   1    0    5 0.000000 1.000000
   1    0    5 0.000000 1.000000
   2    2   11 0.309524 1.690476
   1    0    8 0.000000 1.000000
   2    2   10 0.333333 1.666667
   1    0    7 0.000000 1.000000
   1    0    7 0.000000 1.000000
   3    4   15 0.642857 2.357143
   1    0    6 0.000000 1.000000
   1    0    5 0.000000 1.000000
   1    0    7 0.000000 1.000000
   1    0    6 0.000000 1.000000
   2    2   10 0.333333 1.666667
   1    0    7 0.000000 1.000000
   1    0    6 0.000000 1.000000
   1    0    7 0.000000 1.000000
   1    0    6 0.000000 1.000000
   1    0    6 0.000000 1.000000
   2    0   16 0.000000 2.000000
   1    0    6 0.000000 1.000000
   1    0    5 0.000000 1.000000
   4    6   17 1.109524 2.890476
   2    2   11 0.309524 1.690476
   4   10   14 1.661905 2.338095
   2    2    8 0.400000 1.600000
   3    4   12 0.766667 2.233333
   1    0    6 0.000000 1.000000
   3    6   12 1.000000 2.000000
   2    2    8 0.400000 1.600000
   2    2    9 0.366667 1.633333
   3    4   12 0.766667 2.233333
   1    0    7 0.000000 1.000000
   3    4   15 0.642857 2.357143
   1    0    5 0.000000 1.000000
   2    2   10 0.333333 1.666667
  15   56   33 9.485714 5.514286
   1    0    5 0.000000 1.000000
   1    0    6 0.000000 1.000000
   2    2    8 0.400000 1.600000
   1    0    7 0.000000 1.000000
   1    0    5 0.000000 1.000000
   4   10   12 1.833333 2.166667
   3    4   16 0.625000 2.375000
   1    0    6 0.000000 1.000000
   2    2   12 0.291667 1.708333
   2    2   10 0.333333 1.666667
   1    0    5 0.000000 1.000000
   3    4   13 0.733333 2.266667
   2    2   12 0.285714 1.714286
   1    0    6 0.000000 1.000000
   1    0    6 0.000000 1.000000
   1    0    6 0.000000 1.000000
   2    2   10 0.333333 1.666667
   2    2   10 0.333333 1.666667
   6   16   21 2.604762 3.395238
   1    0    6 0.000000 1.000000
   3    4   14 0.666667 2.333333
   1    0    6 0.000000 1.000000
   1    0    7 0.000000 1.000000
  13   40   35 6.942857 6.057143
   7   22   19 3.752381 3.247619
   6   14   25 2.142857 3.857143
   3    6   12 1.019048 1.980952
   6   16   21 2.638095 3.361905
   2    2    9 0.366667 1.633333
   3    4   14 0.709524 2.290476
   1    0    5 0.000000 1.000000
   1    0    8 0.000000 1.000000
   4    4   22 0.628571 3.371429
   2    2   10 0.333333 1.666667
  15   50   37 8.575000 6.425000
   3    4   14 0.676190 2.323810
   2    2    8 0.400000 1.600000
   2    2   11 0.309524 1.690476
   1    0    6 0.000000 1.000000
   9   22   31 3.757143 5.242857
   1    0    7 0.000000 1.000000
   2    2   10 0.333333 1.666667
   1    0    6 0.000000 1.000000
   1    0    7 0.000000 1.000000
   7   20   24 3.290476 3.709524
   6   10   24 1.785714 4.214286
  17   58   40 10.130952 6.869048
   2    2   10 0.333333 1.666667
  14   40   41 6.976190 7.023810
   1    0    7 0.000000 1.000000
  10   28   33 4.614286 5.385714
   4    6   19 0.976190 3.023810
   2    2   10 0.333333 1.666667
   1    0    7 0.000000 1.000000
  17   58   44 9.911905 7.088095
   5    8   20 1.566667 3.433333
   1    0    6 0.000000 1.000000
   1    0    6 0.000000 1.000000
   6   12   27 1.904762 4.095238
   2    2   11 0.309524 1.690476
   2    2   10 0.333333 1.666667
  10   32   27 5.438095 4.561905
   7   12   28 2.119048 4.880952
   8   24   26 3.776190 4.223810
   2    2   12 0.285714 1.714286
  12   38   33 6.352381 5.647619
   1    0    7 0.000000 1.000000
  12   24   46 4.204762 7.795238
   3    4   14 0.709524 2.290476
  10   28   32 4.704762 5.295238
   1    0    6 0.000000 1.000000
  13   40   39 6.702381 6.297619
   8   20   27 3.366667 4.633333
   8   18   30 3.079762 4.920238
   3    4   15 0.642857 2.357143
   3    4   12 0.766667 2.233333
   7   14   30 2.238095 4.761905
  11   18   46 3.138095 7.861905
   5    8   25 1.238095 3.761905
   6    8   26 1.433333 4.566667
   5   10   21 1.583333 3.416667
   1    0    6 0.000000 1.000000
  13   26   48 4.638095 8.361905
   4    6   18 1.000000 3.000000
  14   40   45 6.690476 7.309524
  10   24   36 4.061905 5.938095
   8   18   32 2.942857 5.057143
   3    4   15 0.642857 2.357143
  10   30   30 5.063095 4.936905
   7   18   21 3.204762 3.795238
   3    2   17 0.309524 2.690476
  10   22   37 3.738095 6.261905
   2    2   10 0.333333 1.666667
   6   10   26 1.738095 4.261905
   3    2   16 0.333333 2.666667
   1    0    7 0.000000 1.000000
  16   44   54 7.430952 8.569048
   3    2   17 0.309524 2.690476
  12   32   41 5.233333 6.766667
  16   38   56 6.547619 9.452381
  13   30   46 5.171429 7.828571
   5   12   20 1.946429 3.053571
   3    2   16 0.333333 2.666667
   3    2   16 0.333333 2.666667
   3    2   17 0.285714 2.714286
  13   28   49 4.828571 8.171429
   1    0    7 0.000000 1.000000
   7   18   25 3.048810 3.951190
   2    0   13 0.000000 2.000000
   6   14   22 2.453571 3.546429
  10   14   47 2.377381 7.622619
   1    0    7 0.000000 1.000000
  19   60   53 9.958333 9.041667
  15   28   63 4.716667 10.283333
  13   26   47 4.658333 8.341667
   5   14   17 2.266667 2.733333
   2    2    9 0.366667 1.633333
   3    2   17 0.342857 2.657143
   3    2   18 0.333333 2.666667
  15   44   46 7.466667 7.533333
   6   10   27 1.671429 4.328571
   4    4   21 0.642857 3.357143
  15   34   50 6.128571 8.871429
  19   66   48 11.100000 7.900000
  15   30   60 5.083333 9.916667
  12   34   37 5.728571 6.271429
   4    6   17 1.033333 2.966667
   4    4   23 0.601190 3.398810
   1    0    6 0.000000 1.000000
   7   14   31 2.178571 4.821429
  12   22   49 3.695238 8.304762
   7   18   24 3.019048 3.980952
   2    2   10 0.333333 1.666667
  17   42   60 7.001190 9.998810
  17   54   47 9.166667 7.833333
  15   42   49 7.152381 7.847619
  15   46   42 7.938095 7.061905
   7   14   28 2.447619 4.552381
   2    2   10 0.333333 1.666667
  13   32   46 5.486905 7.513095
  12   42   31 7.157143 4.842857
  19   70   45 11.857143 7.142857
  17   48   51 8.361905 8.638095
  21   82   45 13.733333 7.266667
   9   24   30 4.025000 4.975000
   7   18   24 3.042857 3.957143
   2    2   10 0.342857 1.657143
  12   26   49 4.261905 7.738095
  13   40   36 6.733333 6.266667
  18   48   60 8.180952 9.819048
   8   10   41 1.595238 6.404762
  28  100   65 16.976190 11.023810
   5    6   25 0.976190 4.023810
  14   32   50 5.452381 8.547619
  19   48   65 8.338095 10.661905
   7   16   26 2.685714 4.314286
  14   36   50 5.885714 8.114286
  21   66   58 11.232143 9.767857
  21   44   86 7.333333 13.666667
   4    4   16 0.816667 3.183333
  14   44   41 7.433333 6.566667
  12   18   58 2.876190 9.123810
   4    4   19 0.700000 3.300000
  16   46   47 8.090476 7.909524
  22   62   69 10.503571 11.496429
  21   52   73 8.772619 12.227381
   6   18   20 2.876190 3.123810
  19   48   66 8.047619 10.952381
  11   22   45 3.804762 7.195238
   5    6   26 0.952381 4.047619
  10   20   39 3.428571 6.571429
  22   70   59 12.013095 9.986905
  11   24   43 3.914286 7.085714
   8   20   28 3.404762 4.595238
  33  114   84 19.197619 13.802381
   8   14   37 2.214286 5.785714
   2    2   10 0.342857 1.657143
   7   14   29 2.420238 4.579762
  29  104   71 17.267857 11.732143
   9   12   42 1.923810 7.076190
   1    0    6 0.000000 1.000000
  44  168   91 28.510714 15.489286
  11   18   48 3.119048 7.880952
   4    8   17 1.285714 2.714286
   4    6   21 0.904762 3.095238
  18   42   64 7.138095 10.861905
   7   12   27 2.135714 4.864286
  56  230  107 38.369048 17.630952
  14   22   60 3.795238 10.204762
   2    2    9 0.366667 1.633333
   2    2    8 0.400000 1.600000
  19   66   48 11.238095 7.761905
   4    4   19 0.766667 3.233333
  59  258  102 42.478571 16.521429
  12   14   56 2.452381 9.547619
   2    2    9 0.366667 1.633333
   1    0    5 0.000000 1.000000
  13   32   49 5.319048 7.680952
   1    0    7 0.000000 1.000000
  71  340   86 56.770238 14.229762
  17   40   63 6.907143 10.092857
   4    4   18 0.733333 3.266667
   9   16   38 2.680952 6.319048
   1    0    6 0.000000 1.000000
  69  306  109 50.895238 18.104762
  19   66   47 11.214286 7.785714
   2    2   10 0.333333 1.666667
   9   22   33 3.769048 5.230952
  70  340   80 56.732143 13.267857
  14   40   43 6.828571 7.171429
   2    2    9 0.366667 1.633333
   5   10   24 1.494048 3.505952
  79  402   70 67.335714 11.664286
  14   38   45 6.457143 7.542857
   5   10   18 1.766667 3.233333
   1    0    6 0.000000 1.000000
  80  418   65 69.504762 10.495238
  10   20   44 3.228571 6.771429
   3    4   15 0.642857 2.357143
   1    0    7 0.000000 1.000000
  86  452   58 75.888095 10.111905
   1    0    6 0.000000 1.000000
   2    0   11 0.000000 2.000000
   1    0    7 0.000000 1.000000
  96  556   20 92.716667 3.283333
   2    2   10 0.333333 1.666667
  98  578   10 96.280952 1.719048
   3    4   15 0.619048 2.380952
  97  566   15 94.450000 2.550000
   2    0   12 0.000000 2.000000
  98  576   12 96.030952 1.969048
   2    2   10 0.333333 1.666667
  98  578   10 96.371429 1.628571
 100  600    0 100.000000 0.000000
