   2    2   11 0.309524 1.690476
   3    4   15 0.642857 2.357143
   1    0    5 0.000000 1.000000
   2    2   10 0.333333 1.666667
   2    2    9 0.366667 1.633333
   3    6   12 1.000000 2.000000
   2    2    8 0.400000 1.600000
   1    0    6 0.000000 1.000000
   2    2    8 0.400000 1.600000
   2    2   10 0.333333 1.666667
   1    0    6 0.000000 1.000000
   1    0    6 0.000000 1.000000
   3    6   13 0.983333 2.016667
   4    4   19 0.709524 3.290476
   2    2   12 0.285714 1.714286
   1    0    6 0.000000 1.000000
   1    0    6 0.000000 1.000000
   1    0    6 0.000000 1.000000
   2    2   10 0.342857 1.657143
   1    0    7 0.000000 1.000000
   1    0    6 0.000000 1.000000
   6   12   22 2.133333 3.866667
   7   18   23 3.136508 3.863492
   1    0    7 0.000000 1.000000
   1    0    7 0.000000 1.000000
   2    2    8 0.400000 1.600000
   1    0    8 0.000000 1.000000
   1    0    6 0.000000 1.000000
   1    0    6 0.000000 1.000000
   2    2   10 0.333333 1.666667
   3    4   12 0.733333 2.266667
   1    0    7 0.000000 1.000000
   1    0    6 0.000000 1.000000
   3    4   13 0.700000 2.300000
   1    0    7 0.000000 1.000000
   2    2   10 0.333333 1.666667
   1    0    6 0.000000 1.000000
   1    0    6 0.000000 1.000000
   2    2    9 0.366667 1.633333
   1    0    6 0.000000 1.000000
   1    0    6 0.000000 1.000000
   2    2   10 0.333333 1.666667
   2    2   10 0.342857 1.657143
   2    2    9 0.366667 1.633333
   3    4   13 0.733333 2.266667
   7   16   29 2.519048 4.480952
   2    2   11 0.309524 1.690476
   1    0    7 0.000000 1.000000
   3    4   15 0.642857 2.357143
   1    0    6 0.000000 1.000000
   4    6   19 0.938095 3.061905
   3    6   11 1.066667 1.933333
   2    2   11 0.309524 1.690476
   1    0    7 0.000000 1.000000
   6   16   20 2.695238 3.304762
   3    4   15 0.619048 2.380952
   2    2    9 0.366667 1.633333
   1    0    6 0.000000 1.000000
   2    2    9 0.366667 1.633333
   2    2   11 0.309524 1.690476
   2    2   12 0.291667 1.708333
   7   18   22 3.166667 3.833333
   1    0    7 0.000000 1.000000
   1    0    6 0.000000 1.000000
   4   10   13 1.766667 2.233333
   2    2    9 0.366667 1.633333
   3    4   13 0.733333 2.266667
   4    8   16 1.333333 2.666667
   1    0    5 0.000000 1.000000
   1    0    7 0.000000 1.000000
   7   20   23 3.238095 3.761905
   1    0    6 0.000000 1.000000
   1    0    7 0.000000 1.000000
   3    4   12 0.766667 2.233333
   1    0    7 0.000000 1.000000
   7   16   29 2.577381 4.422619
   3    4   14 0.676190 2.323810
   2    2   13 0.267857 1.732143
   6   18   18 2.976190 3.023810
   2    2    9 0.366667 1.633333
   2    2    8 0.400000 1.600000
   5    8   21 1.428571 3.571429
   5    6   22 1.185714 3.814286
   2    2    8 0.400000 1.600000
   1    0    7 0.000000 1.000000
   4    4   19 0.700000 3.300000
   4   10   16 1.523810 2.476190
   2    2    9 0.366667 1.633333
   7   18   23 3.095238 3.904762
   5   12   19 1.928571 3.071429
   1    0    6 0.000000 1.000000
   4    6   18 1.009524 2.990476
   2    2    9 0.366667 1.633333
   2    2    9 0.366667 1.633333
   6   12   24 2.019048 3.980952
   4   10   12 1.866667 2.133333
   1    0    7 0.000000 1.000000
   2    2   11 0.309524 1.690476
   8   16   31 2.934524 5.065476
   1    0    8 0.000000 1.000000
   9   18   32 3.304762 5.695238
   2    2    9 0.366667 1.633333
   7   22   21 3.714286 3.285714
   8   18   27 3.195238 4.804762
   5   10   20 1.704762 3.295238
   4   10   13 1.761905 2.238095
   3    6   14 0.916667 2.083333
   1    0    7 0.000000 1.000000
   3    2   18 0.309524 2.690476
   2    2   13 0.267857 1.732143
   1    0    5 0.000000 1.000000
   2    2   12 0.291667 1.708333
   4    4   20 0.642857 3.357143
   5   12   20 1.928571 3.071429
   5   12   18 2.076190 2.923810
   3    0   20 0.000000 3.000000
   7   18   22 3.242857 3.757143
   3    6   13 0.952381 2.047619
   3    2   14 0.366667 2.633333
   1    0    7 0.000000 1.000000
  10   26   28 4.776190 5.223810
   9   32   21 5.447619 3.552381
   1    0    5 0.000000 1.000000
   3    6   14 0.904762 2.095238
   9   22   33 3.666667 5.333333
   8   10   37 1.785714 6.214286
   9   26   30 4.340476 4.659524
   4    4   20 0.652381 3.347619
   6   14   25 2.266667 3.733333
   4    8   13 1.483333 2.516667
   1    0    7 0.000000 1.000000
   1    0    6 0.000000 1.000000
   4   10   15 1.619048 2.380952
   3    2   16 0.333333 2.666667
   3    2   18 0.333333 2.666667
   5    8   22 1.376190 3.623810
   1    0    6 0.000000 1.000000
   8   18   28 3.090476 4.909524
   1    0    7 0.000000 1.000000
   1    0    7 0.000000 1.000000
   7   14   27 2.511905 4.488095
  11   42   24 7.119048 3.880952
   1    0    7 0.000000 1.000000
   1    0    6 0.000000 1.000000
  15   50   39 8.485714 6.514286
  11   30   40 4.919048 6.080952
  11   32   32 5.533333 5.466667
   1    0    6 0.000000 1.000000
   7   10   31 1.685714 5.314286
   6   14   22 2.404762 3.595238
   2    2   10 0.333333 1.666667
   5   14   14 2.645238 2.354762
   3    2   15 0.333333 2.666667
   2    2    9 0.366667 1.633333
   9   24   26 4.300000 4.700000
   1    0    6 0.000000 1.000000
   4    4   23 0.595238 3.404762
   5   10   18 1.800000 3.200000
   4    8   19 1.190476 2.809524
  14   44   39 7.475000 6.525000
   3    6   13 0.971429 2.028571
  21   88   37 14.735714 6.264286
   8   18   31 3.076190 4.923810
   7   14   27 2.404762 4.595238
   1    0    7 0.000000 1.000000
  11   28   39 4.671429 6.328571
   7   14   29 2.271429 4.728571
   2    0   10 0.000000 2.000000
   3    6   13 0.971429 2.028571
  13   48   30 8.182143 4.817857
   5   12   20 1.959524 3.040476
   4    8   16 1.295238 2.704762
   6   10   25 1.742857 4.257143
  10   24   35 4.028571 5.971429
   2    2   12 0.291667 1.708333
  17   68   35 11.357143 5.642857
   9   28   25 4.809524 4.190476
  14   40   41 7.034524 6.965476
   1    0    6 0.000000 1.000000
  11   42   25 7.020238 3.979762
   3    2   17 0.342857 2.657143
   3    4   15 0.642857 2.357143
   2    2   11 0.309524 1.690476
  18   70   37 11.747619 6.252381
   2    0   12 0.000000 2.000000
   2    2    9 0.366667 1.633333
   7   16   24 2.766667 4.233333
  10   18   43 2.947619 7.052381
   2    2    9 0.366667 1.633333
  12   34   38 5.738095 6.261905
   6   10   28 1.614286 4.385714
  18   70   37 11.894048 6.105952
   3    4   15 0.642857 2.357143
  15   58   32 9.823810 5.176190
   2    2   11 0.309524 1.690476
   1    0    6 0.000000 1.000000
  21   86   40 14.372619 6.627381
   2    2   10 0.333333 1.666667
   7   12   31 1.980952 5.019048
   9   22   33 3.695238 5.304762
   1    0    6 0.000000 1.000000
  15   52   37 8.889286 6.110714
   4    4   17 0.766667 3.233333
  18   70   38 11.761905 6.238095
   7   22   19 3.758333 3.241667
  13   40   40 6.650000 6.350000
   4    6   19 0.938095 3.061905
  15   54   36 9.229762 5.770238
   5   14   18 2.185714 2.814286
   3    2   16 0.333333 2.666667
   9   18   32 3.333333 5.666667
  18   64   43 10.855952 7.144048
   1    0    7 0.000000 1.000000
  20   64   57 10.628571 9.371429
  12   42   29 7.119048 4.880952
  13   40   39 6.685714 6.314286
   9   26   27 4.358333 4.641667
  17   64   39 10.820238 6.179762
   2    2   11 0.309524 1.690476
   1    0    8 0.000000 1.000000
  10   22   37 3.795238 6.204762
  14   38   49 6.190476 7.809524
   1    0    6 0.000000 1.000000
  18   46   61 7.857143 10.142857
  10   18   35 3.450000 6.550000
  18   70   41 11.415476 6.584524
  15   56   33 9.451190 5.548810
  15   44   48 7.180952 7.819048
   2    0   13 0.000000 2.000000
   1    0    7 0.000000 1.000000
   8   20   30 3.214286 4.785714
  18   54   53 9.257143 8.742857
  19   52   58 8.928571 10.071429
   8   14   35 2.347619 5.652381
  14   52   31 8.819048 5.180952
  10   30   31 5.009524 4.990476
  27   92   75 15.174603 11.825397
   1    0    6 0.000000 1.000000
   1    0    7 0.000000 1.000000
   6   16   19 2.728571 3.271429
  16   52   45 8.552381 7.447619
  21   60   59 10.405952 10.594048
   8   16   31 2.852381 5.147619
  10   34   27 5.545238 4.454762
  18   66   41 11.138095 6.861905
  28  114   53 19.135714 8.864286
   1    0    7 0.000000 1.000000
   4   10   14 1.719048 2.280952
  25   90   57 15.342857 9.657143
   5    6   25 1.019048 3.980952
   4    4   23 0.619048 3.380952
  15   54   36 9.025000 5.975000
  11   20   44 3.452381 7.547619
  38  140   82 23.751190 14.248810
   4    8   20 1.178571 2.821429
  27   96   69 15.895238 11.104762
   2    0   12 0.000000 2.000000
   3    2   17 0.309524 2.690476
  15   48   42 8.169048 6.830952
  18   50   56 8.628571 9.371429
  31  110   77 18.552381 12.447619
   2    0   10 0.000000 2.000000
  25   92   59 15.161905 9.838095
   2    0   12 0.000000 2.000000
  22   86   48 14.355952 7.644048
  17   48   50 8.390476 8.609524
  31  102   89 16.841667 14.158333
   3    2   17 0.366667 2.633333
  28  104   65 17.291667 10.708333
  21   44   79 7.614286 13.385714
  19   58   56 9.728571 9.271429
  30   84   92 14.319048 15.680952
   1    0    7 0.000000 1.000000
  33  142   58 23.822619 9.177381
  17   34   69 5.690476 11.309524
  23   70   68 11.722619 11.277381
  30   78   97 13.442857 16.557143
  33  136   59 23.042857 9.957143
  14   40   52 6.365476 7.634524
  30  116   62 19.820238 10.179762
  38  134   97 22.161905 15.838095
  27  106   54 17.957143 9.042857
   5    8   23 1.352381 3.647619
  29  114   60 19.111508 9.888492
  38  132   95 22.252381 15.747619
  30  124   56 20.795238 9.204762
   3    0   19 0.000000 3.000000
  38  174   53 29.184524 8.815476
  20   54   70 8.842857 11.157143
  40  174   64 29.376190 10.623810
   2    0   11 0.000000 2.000000
  41  174   73 29.115476 11.884524
  22   58   73 10.055952 11.944048
  36  146   69 24.732143 11.267857
   1    0    7 0.000000 1.000000
  45  194   79 32.048810 12.951190
  17   46   54 7.785714 9.214286
  37  146   76 24.613095 12.386905
   1    0    5 0.000000 1.000000
  31  106   80 17.783333 13.216667
  14   26   55 4.519048 9.480952
  54  222  105 36.904762 17.095238
   1    0    6 0.000000 1.000000
  38  138   83 23.550000 14.450000
  13   30   47 5.230952 7.769048
  48  196  100 32.146429 15.853571
   1    0    6 0.000000 1.000000
  44  174   87 29.304762 14.695238
   9    8   44 1.425000 7.575000
  46  172  110 28.361905 17.638095
   1    0    5 0.000000 1.000000
  51  226   81 37.855952 13.144048
   9   10   46 1.647619 7.352381
  39  128  102 21.885714 17.114286
   1    0    7 0.000000 1.000000
  39  140   88 23.836905 15.163095
  14   40   47 6.692857 7.307143
  47  178  107 29.677778 17.322222
  32  114   79 19.085714 12.914286
  20   70   51 11.797619 8.202381
  48  170  116 28.728571 19.271429
  19   54   59 9.266667 9.733333
  20   56   66 9.476190 10.523810
  61  256  109 43.038095 17.961905
  18   48   60 8.033333 9.966667
  27   98   64 16.495238 10.504762
  55  232   98 38.790476 16.209524
  14   26   57 4.480952 9.519048
  31  118   69 19.664286 11.335714
  55  226  104 38.038095 16.961905
   5    6   24 0.952381 4.047619
  39  162   72 27.390476 11.609524
  56  254   82 42.451190 13.548810
   9   20   32 3.426190 5.573810
  38  162   68 27.059524 10.940476
  53  236   82 39.408333 13.591667
   5   10   21 1.647619 3.352381
  40  168   76 27.785714 12.214286
  55  246   79 41.620238 13.379762
   3    6   12 1.019048 1.980952
  37  134   85 22.569048 14.430952
  60  274   89 45.753571 14.246429
  36  116   93 20.051190 15.948810
  64  298   93 49.235714 14.764286
  43  164   89 27.761905 15.238095
  57  258   89 42.908333 14.091667
  46  194   81 32.400000 13.600000
  54  244   81 40.682143 13.317857
  38  168   59 28.350000 9.650000
  62  314   59 52.295238 9.704762
  47  224   60 37.276190 9.723810
  53  256   60 42.733333 10.266667
  26   92   65 15.371429 10.628571
  74  378   65 63.302381 10.697619
  31  118   66 19.940476 11.059524
  69  350   66 58.069048 10.930952
  35  122   88 20.366667 14.633333
  65  302   88 50.621429 14.378571
  26   80   76 13.428571 12.571429
  74  368   76 61.561905 12.438095
  34  116   87 19.604762 14.395238
  66  310   87 51.714286 14.285714
  40  156   85 26.255952 13.744048
  60  274   85 45.998810 14.001190
  40  170   72 28.498810 11.501190
  60  286   72 48.207143 11.792857
  42  178   73 29.770238 12.229762
  58  276   73 46.021429 11.978571
  52  234   77 39.199206 12.800794
  48  212   77 35.292857 12.707143
  55  242   90 40.310714 14.689286
  45  178   90 29.959524 15.040476
  51  204  101 34.190476 16.809524
  49  194  101 32.490476 16.509524
  45  170   99 28.628571 16.371429
  55  232   99 38.870635 16.129365
  60  272   83 45.895238 14.104762
  40  162   83 26.830952 13.169048
  62  288   87 47.898810 14.101190
  38  138   87 23.317857 14.682143
  75  380   68 63.442857 11.557143
  25   84   68 13.828571 11.171429
  63  294   88 48.964286 14.035714
  37  130   88 22.152381 14.847619
  58  266   82 44.441667 13.558333
  42  170   82 28.660714 13.339286
  63  298   82 49.690476 13.309524
  37  138   82 23.389286 13.610714
  69  344   69 57.511905 11.488095
  31  118   69 19.886905 11.113095
  69  366   47 61.419048 7.580952
  31  140   47 23.571429 7.428571
  75  394   52 66.009524 8.990476
  25  102   52 16.703571 8.296429
  74  368   71 61.928571 12.071429
  26   90   71 14.709524 11.290476
  77  390   70 65.205952 11.794048
  23   70   70 11.709524 11.290476
  68  326   85 54.382143 13.617857
  32  104   85 17.736905 14.263095
  56  256   87 42.252381 13.747619
  44  170   87 28.819048 15.180952
  53  246   71 41.284524 11.715476
  47  212   71 35.415476 11.584524
  56  248   83 41.761905 14.238095
  44  186   83 30.621429 13.378571
  50  216   84 36.208333 13.791667
  50  216   84 36.183333 13.816667
  50  230   67 38.555952 11.444048
  50  236   67 39.303571 10.696429
  62  298   77 49.633333 12.366667
  38  148   77 24.976190 13.023810
  59  268   89 44.588095 14.411905
  41  154   89 25.938095 15.061905
  51  214   90 36.085714 14.914286
  49  206   90 34.348810 14.651190
  51  200  109 33.030952 17.969048
  49  182  109 30.538095 18.461905
  41  152   98 25.166667 15.833333
  59  252   98 42.513095 16.486905
  33  126   75 20.720238 12.279762
  67  324   75 54.234524 12.765476
  26   90   67 15.045238 10.954762
  74  376   67 62.933333 11.066667
  23   58   86 9.357143 13.642857
  77  370   86 62.371429 14.628571
  40  144   98 24.383333 15.616667
  60  260   98 43.565476 16.434524
  44  174   95 28.808333 15.191667
  56  236   95 40.100000 15.900000
  24   58   89 9.480952 14.519048
  76  364   89 61.084524 14.915476
  26   68   92 11.478571 14.521429
  74  348   92 58.588095 15.411905
  27   76   86 12.733333 14.266667
  73  352   86 58.585714 14.414286
  24   78   68 13.140476 10.859524
  76  386   68 64.426190 11.573810
  21   66   53 11.500000 9.500000
  79  428   53 70.788095 8.211905
  25   72   77 12.340476 12.659524
  75  374   77 62.209524 12.790476
  29   98   77 16.411905 12.588095
  71  348   77 58.450000 12.550000
  33  118   81 19.814286 13.185714
  67  320   81 53.702381 13.297619
  27   86   80 14.207143 12.792857
  73  354   80 59.536905 13.463095
  28   88   79 14.814286 13.185714
  72  354   79 59.095238 12.904762
  27   82   78 13.923810 13.076190
  73  362   78 60.263095 12.736905
  28   94   76 15.733333 12.266667
  72  354   76 59.122619 12.877381
  21   50   80 8.232143 12.767857
  79  390   80 65.519048 13.480952
  31  106   85 17.171429 13.828571
  69  324   85 54.358333 14.641667
  31  102   88 16.629762 14.370238
  69  322   88 53.752381 15.247619
  23   52   84 8.823810 14.176190
  77  380   84 63.161905 13.838095
  34  102   99 17.257143 16.742857
  66  300   99 50.020238 15.979762
  37  124  100 20.782143 16.217857
  63  276  100 46.430952 16.569048
  37  126   91 21.328571 15.671429
  63  292   91 48.167857 14.832143
  41  150   98 25.116667 15.883333
  59  254   98 42.716667 16.283333
  40  150   93 24.905952 15.094048
  60  264   93 44.285714 15.714286
  33  108   89 18.136905 14.863095
  67  314   89 52.142857 14.857143
  45  174   94 29.055952 15.944048
  55  238   94 39.370238 15.629762
  47  146  137 24.578571 22.421429
  53  180  137 30.130952 22.869048
  44  144  115 24.261905 19.738095
  56  226  115 37.463095 18.536905
  59  252  105 41.765476 17.234524
  41  138  105 23.394048 17.605952
  48  174  116 29.113095 18.886905
  52  194  116 32.709524 19.290476
  38  150   78 25.251190 12.748810
  62  294   78 49.266667 12.733333
  47  194   89 32.594048 14.405952
  53  228   89 38.250000 14.750000
  45  186   87 31.007143 13.992857
  55  240   87 40.480952 14.519048
  53  244   72 41.073810 11.926190
  47  212   72 35.309524 11.690476
  55  256   72 42.994048 12.005952
  45  200   72 33.475000 11.525000
  53  248   67 41.497619 11.502381
  47  218   67 36.101190 10.898810
  61  310   58 51.710714 9.289286
  39  174   58 29.257143 9.742857
  59  286   67 47.886905 11.113095
  41  180   67 30.185714 10.814286
  52  224   87 37.445238 14.554762
  48  202   87 33.707143 14.292857
  51  220   84 36.889286 14.110714
  49  212   84 35.314286 13.685714
  47  208   71 34.940476 12.059524
  53  250   71 41.504762 11.495238
  57  234  102 39.450000 17.550000
  43  162  102 26.563095 16.436905
  57  242   95 40.633333 16.366667
  43  168   95 27.758333 15.241667
  66  308   88 51.738095 14.261905
  34  116   88 19.644048 14.355952
  79  410   64 68.245238 10.754762
  21   62   64 10.166667 10.833333
  81  412   75 68.885714 12.114286
  19   38   75 6.565476 12.434524
  80  412   68 68.576190 11.423810
  20   52   68 9.050000 10.950000
  81  422   68 70.054762 10.945238
  19   42   68 7.257143 11.742857
  85  442   68 73.814286 11.185714
  15   22   68 3.700000 11.300000
  86  462   55 77.021429 8.978571
  14   28   55 4.838095 9.161905
  89  488   47 81.326190 7.673810
  11   18   47 3.140476 7.859524
  88  480   46 80.171429 7.828571
  12   28   46 4.596429 7.403571
  85  458   52 76.333333 8.666667
  15   38   52 6.300000 8.700000
  83  438   61 73.008333 9.991667
  17   40   61 6.764286 10.235714
  78  404   69 67.070238 10.929762
  22   58   69 10.085714 11.914286
  66  310   87 51.571429 14.428571
  34  116   87 19.717857 14.282143
  49  206   92 33.780952 15.219048
  51  210   92 35.505952 15.494048
  30  106   71 18.064286 11.935714
  70  352   71 58.428571 11.571429
  28  100   70 16.753571 11.246429
  72  360   70 60.295238 11.704762
  19   62   51 10.428571 8.571429
  81  436   51 72.592857 8.407143
  29  106   66 17.888095 11.111905
  71  362   66 60.286905 10.713095
  25  102   51 16.928571 8.071429
  75  396   51 66.510714 8.489286
  28  110   60 18.423810 9.576190
  72  370   60 62.033333 9.966667
  30  110   68 18.452381 11.547619
  70  354   68 59.297619 10.702381
  37  156   67 25.915476 11.084524
  63  310   67 51.686905 11.313095
  35  130   78 21.876190 13.123810
  65  314   78 52.261905 12.738095
  32  116   75 19.461905 12.538095
  68  334   75 55.714286 12.285714
  37  150   73 24.871429 12.128571
  63  304   73 50.614286 12.385714
  40  158   82 26.546429 13.453571
  60  278   82 46.338095 13.661905
  35  132   80 22.015476 12.984524
  65  308   80 51.880952 13.119048
  25   72   82 11.807143 13.192857
  75  364   82 61.338095 13.661905
  31  116   69 19.345238 11.654762
  69  346   69 57.540476 11.459524
  35  134   75 22.576190 12.423810
  65  316   75 52.859524 12.140476
  35  130   80 21.969048 13.030952
  65  310   80 51.833333 13.166667
  21   56   71 9.290476 11.709524
  79  402   71 67.220238 11.779762
  27   68   95 11.383333 15.616667
  73  342   95 57.104762 15.895238
  24   84   59 14.250000 9.750000
  76  398   59 66.565476 9.434524
  16   42   55 6.961905 9.038095
  84  448   55 74.771429 9.228571
  13   36   40 6.200000 6.800000
  87  484   40 80.490476 6.509524
  18   68   39 11.500000 6.500000
  82  454   39 75.604762 6.395238
  23   92   47 15.465476 7.534524
  77  414   47 69.223810 7.776190
  24   84   61 14.152381 9.847619
  76  394   61 66.052381 9.947619
  28  104   64 17.428571 10.571429
  72  368   64 61.470238 10.529762
  31  106   79 17.673810 13.326190
  69  336   79 55.909524 13.090476
  28  102   66 17.014286 10.985714
  72  366   66 60.942857 11.057143
  30  108   74 17.852381 12.147619
  70  344   74 57.744048 12.255952
  33  124   79 20.319048 12.680952
  67  318   79 53.558333 13.441667
  29   98   76 16.485714 12.514286
  71  350   76 58.535714 12.464286
  31   92   97 15.197619 15.802381
  69  314   97 52.678571 16.321429
  25   74   76 12.442857 12.557143
  75  374   76 62.540476 12.459524
  31  116   69 19.661905 11.338095
  69  346   69 57.842857 11.157143
  30   88   93 14.869048 15.130952
  70  326   93 54.633333 15.366667
  34  104   96 17.842857 16.157143
  66  304   96 50.495635 15.504365
  43  170   82 28.978571 14.021429
  57  266   82 44.052381 12.947619
  36  136   84 22.555952 13.444048
  64  296   84 49.821429 14.178571
  23   64   75 10.595238 12.404762
  77  386   75 64.629762 12.370238
  29  114   62 18.804762 10.195238
  71  362   62 60.779762 10.220238
  29  116   60 19.341667 9.658333
  71  364   60 60.920238 10.079762
  21   72   54 11.928571 9.071429
  79  420   54 70.025000 8.975000
  20   64   55 10.800000 9.200000
  80  426   55 71.160714 8.839286
  20   62   63 10.023810 9.976190
  80  412   63 69.403571 10.596429
  20   72   48 12.055952 7.944048
  80  432   48 72.298810 7.701190
  18   60   50 10.030952 7.969048
  82  440   50 73.511905 8.488095
   8   20   29 3.300000 4.700000
  92  522   29 87.190476 4.809524
   7   12   27 2.185714 4.814286
  93  534   27 88.719048 4.280952
   2    0   12 0.000000 2.000000
  98  576   12 95.985714 2.014286
   4    6   19 0.952381 3.047619
  96  556   19 92.819048 3.180952
   6    8   31 1.238095 4.761905
  94  530   31 88.638095 5.361905
  11   24   42 4.028571 6.971429
  89  492   42 82.121429 6.878571
   7   12   33 1.866667 5.133333
  93  522   33 87.276190 5.723810
   5    6   23 1.066667 3.933333
  95  548   23 91.152381 3.847619
   5   12   19 1.957143 3.042857
  95  550   19 91.804762 3.195238
   7   16   25 2.809524 4.190476
  93  534   25 89.114286 3.885714
   5    8   21 1.419048 3.580952
  95  550   21 91.565476 3.434524
   1    0    6 0.000000 1.000000
  99  588    6 98.004762 0.995238
 100  600    0 100.000000 0.000000
