   2    2   10 0.333333 1.666667
   1    0    6 0.000000 1.000000
   1    0    6 0.000000 1.000000
   2    2   10 0.333333 1.666667
   3    4   14 0.666667 2.333333
   3    6   12 1.000000 2.000000
   3    2   17 0.309524 2.690476
   5    6   21 1.166667 3.833333
   1    0    6 0.000000 1.000000
   3    2   17 0.333333 2.666667
   1    0    6 0.000000 1.000000
   1    0    8 0.000000 1.000000
   1    0    6 0.000000 1.000000
   3    4   12 0.733333 2.266667
   1    0    6 0.000000 1.000000
   1    0    6 0.000000 1.000000
   3    6   11 1.066667 1.933333
   1    0    6 0.000000 1.000000
   1    0    6 0.000000 1.000000
   2    2    8 0.400000 1.600000
   1    0    5 0.000000 1.000000
   5    8   21 1.400000 3.600000
   1    0    6 0.000000 1.000000
   1    0    6 0.000000 1.000000
   1    0    6 0.000000 1.000000
   1    0    6 0.000000 1.000000
   1    0    6 0.000000 1.000000
   5    8   23 1.309524 3.690476
   2    2   10 0.333333 1.666667
   7   22   21 3.680952 3.319048
   5   12   18 2.014286 2.985714
   1    0    6 0.000000 1.000000
   1    0    7 0.000000 1.000000
   3    6   15 0.869048 2.130952
   2    2   11 0.309524 1.690476
   1    0    5 0.000000 1.000000
   3    4   14 0.666667 2.333333
   2    2   11 0.309524 1.690476
   1    0    6 0.000000 1.000000
   1    0    6 0.000000 1.000000
   1    0    7 0.000000 1.000000
   3    4   11 0.800000 2.200000
   3    6   10 1.133333 1.866667
   2    2   10 0.342857 1.657143
   1    0    7 0.000000 1.000000
   1    0    7 0.000000 1.000000
   1    0    5 0.000000 1.000000
   1    0    7 0.000000 1.000000
   1    0    6 0.000000 1.000000
   1    0    7 0.000000 1.000000
   1    0    6 0.000000 1.000000
   3    4   15 0.619048 2.380952
   1    0    6 0.000000 1.000000
   7   16   22 2.966667 4.033333
   3    6   12 1.019048 1.980952
   5   14   15 2.433333 2.566667
  10   28   32 4.778571 5.221429
   1    0    6 0.000000 1.000000
   4    6   16 1.085714 2.914286
   3    6   15 0.857143 2.142857
   3    6   12 1.019048 1.980952
   3    4   15 0.685714 2.314286
   1    0    6 0.000000 1.000000
   4    8   15 1.400000 2.600000
   1    0    6 0.000000 1.000000
   6   12   24 1.923810 4.076190
   1    0    7 0.000000 1.000000
   2    2   11 0.309524 1.690476
   2    2   12 0.285714 1.714286
   7    8   33 1.442857 5.557143
   4   10   15 1.647619 2.352381
   5   14   16 2.390476 2.609524
   1    0    6 0.000000 1.000000
   3    6   11 1.066667 1.933333
   3    4   15 0.642857 2.357143
   3    6   12 1.000000 2.000000
   3    4   12 0.766667 2.233333
   1    0    5 0.000000 1.000000
   2    2   11 0.309524 1.690476
   3    4   14 0.709524 2.290476
   2    2   11 0.309524 1.690476
   1    0    6 0.000000 1.000000
   2    2   10 0.333333 1.666667
  13   44   34 7.328571 5.671429
   1    0    7 0.000000 1.000000
   8   14   34 2.370238 5.629762
   4    6   17 1.019048 2.980952
   3    2   17 0.309524 2.690476
  10   22   38 3.680952 6.319048
   4    6   17 1.066667 2.933333
   3    2   16 0.309524 2.690476
   1    0    6 0.000000 1.000000
   3    6   12 1.019048 1.980952
   5    8   24 1.304762 3.695238
   1    0    6 0.000000 1.000000
   1    0    6 0.000000 1.000000
  13   46   32 7.870238 5.129762
   8   24   25 4.000000 4.000000
   2    2    9 0.366667 1.633333
   1    0    6 0.000000 1.000000
   2    2   10 0.333333 1.666667
   4    8   17 1.285714 2.714286
   4   10   12 1.833333 2.166667
   2    0   12 0.000000 2.000000
   6   16   19 2.704762 3.295238
   1    0    6 0.000000 1.000000
  13   50   26 8.528571 4.471429
   9   30   26 4.871429 4.128571
   3    2   17 0.309524 2.690476
  12   26   46 4.409524 7.590476
   6   10   25 1.742857 4.257143
   6   18   19 2.985714 3.014286
   4    4   19 0.766667 3.233333
   3    4   13 0.700000 2.300000
  17   54   49 8.980952 8.019048
   4    4   21 0.666667 3.333333
   1    0    7 0.000000 1.000000
   2    2    9 0.366667 1.633333
   4    8   15 1.476190 2.523810
   5   10   19 1.761905 3.238095
   1    0    5 0.000000 1.000000
   8   20   29 3.280952 4.719048
   2    2   11 0.309524 1.690476
  11   36   31 6.111905 4.888095
   7   22   21 3.609524 3.390476
  12   44   29 7.347619 4.652381
  10    8   49 1.410714 8.589286
   2    0   12 0.000000 2.000000
   2    2   11 0.309524 1.690476
   7   12   33 1.933333 5.066667
   3    4   14 0.666667 2.333333
  11   28   39 4.685714 6.314286
   5    6   23 1.076190 3.923810
   3    4   14 0.666667 2.333333
   8   24   24 4.033333 3.966667
   6    8   27 1.452381 4.547619
   3    6   11 1.085714 1.914286
   8   20   25 3.600000 4.400000
   2    0   13 0.000000 2.000000
  10   22   40 3.566667 6.433333
   9   30   24 5.114286 3.885714
   3    4   16 0.619048 2.380952
  18   46   61 7.936905 10.063095
   2    2   11 0.309524 1.690476
   2    2   10 0.333333 1.666667
   2    2   11 0.309524 1.690476
   5   12   19 1.900000 3.100000
   6    6   31 0.961905 5.038095
   6   12   25 1.933333 4.066667
   3    4   13 0.700000 2.300000
   9   16   34 2.900000 6.100000
  13   46   30 7.880952 5.119048
   6   10   26 1.671429 4.328571
   5    4   25 0.800000 4.200000
   1    0    6 0.000000 1.000000
  12   30   42 4.985714 7.014286
   8   24   26 3.904762 4.095238
   1    0    5 0.000000 1.000000
  20   58   62 9.790476 10.209524
   5   12   17 2.176190 2.823810
   1    0    6 0.000000 1.000000
   4    2   23 0.309524 3.690476
   6   14   23 2.378571 3.621429
   2    2   10 0.342857 1.657143
   6    8   24 1.533333 4.466667
   4    8   15 1.400000 2.600000
  10   28   34 4.569048 5.430952
   8   20   29 3.350000 4.650000
  13   36   42 6.014286 6.985714
   8   14   33 2.496429 5.503571
  14   48   35 8.009524 5.990476
  16   44   49 7.485714 8.514286
   6   14   22 2.347619 3.652381
   5   10   21 1.671429 3.328571
   5    6   25 1.000000 4.000000
   3    6   12 1.000000 2.000000
  17   60   42 9.989286 7.010714
   3    0   19 0.000000 3.000000
  10   34   26 5.619048 4.380952
   7   14   28 2.361905 4.638095
   6    8   30 1.238095 4.761905
   5   12   21 1.915476 3.084524
  21   86   41 14.428571 6.571429
  21   66   61 11.014286 9.985714
   8    8   36 1.476190 6.523810
   2    2   11 0.309524 1.690476
   1    0    8 0.000000 1.000000
   4    8   16 1.352381 2.647619
  20   68   51 11.452381 8.547619
   2    0   12 0.000000 2.000000
   6   12   23 2.119048 3.880952
   7   14   27 2.395238 4.604762
   3    6   11 1.066667 1.933333
   1    0    6 0.000000 1.000000
  20   86   35 14.525000 5.475000
  27   84   78 14.273810 12.726190
   8   22   26 3.619048 4.380952
   1    0    6 0.000000 1.000000
   1    0    7 0.000000 1.000000
   1    0    6 0.000000 1.000000
  21   86   41 14.316667 6.683333
   6   14   20 2.533333 3.466667
   3    6   13 0.952381 2.047619
  11   38   26 6.492857 4.507143
   2    2    9 0.366667 1.633333
  20   72   47 12.085714 7.914286
  32   98   90 16.508333 15.491667
   9   20   35 3.304762 5.695238
   1    0    7 0.000000 1.000000
   4   10   15 1.608333 2.391667
  22   78   55 13.000000 9.000000
   3    4   14 0.676190 2.323810
   1    0    7 0.000000 1.000000
   6   18   19 2.976190 3.023810
   2    2    8 0.400000 1.600000
   8   10   38 1.604762 6.395238
  35  130   83 21.740476 13.259524
   8   20   28 3.436905 4.563095
   4   10   15 1.619048 2.380952
  30  118   61 19.673810 10.326190
   1    0    6 0.000000 1.000000
   1    0    6 0.000000 1.000000
  11   36   29 6.095238 4.904762
   4    8   15 1.452381 2.547619
   4    2   23 0.366667 3.633333
  33  102   94 17.242857 15.757143
  10   28   31 4.911905 5.088095
   3    6   12 1.019048 1.980952
  33  130   70 21.675000 11.325000
   1    0    7 0.000000 1.000000
  12   38   34 6.304762 5.695238
   7   22   20 3.700000 3.300000
  51  200  102 33.846429 17.153571
   8   20   29 3.369048 4.630952
   5   14   17 2.238095 2.761905
  20   62   61 10.023810 9.976190
   9   20   33 3.414286 5.585714
   3    6   12 1.019048 1.980952
  51  208   95 34.759524 16.240476
  10   26   36 4.123810 5.876190
   1    0    7 0.000000 1.000000
  23   72   65 12.128571 10.871429
  12   40   33 6.814286 5.185714
   7   18   25 3.102381 3.897619
  51  220   84 36.979762 14.020238
   1    0    6 0.000000 1.000000
  25   78   74 13.052381 11.947619
  16   58   37 9.704762 6.295238
   6    6   30 1.009524 4.990476
  62  294   79 49.160714 12.839286
  19   52   63 8.698810 10.301190
  13   48   28 8.280952 4.719048
   5    4   25 0.766667 4.233333
  64  306   77 51.152381 12.847619
  18   58   52 9.655952 8.344048
  13   36   42 6.009524 6.990476
   4    6   19 1.000000 3.000000
  63  296   79 49.557143 13.442857
  23   78   60 13.178571 9.821429
  10   30   32 4.942857 5.057143
   4    2   22 0.366667 3.633333
  66  318   79 53.100000 12.900000
  26   86   69 14.671429 11.328571
   4   10   14 1.771429 2.228571
  58  260   89 43.289286 14.710714
  33  106   92 17.823810 15.176190
   9   26   27 4.544048 4.455952
  58  274   78 45.573810 12.426190
  34  124   76 20.944048 13.055952
   8   24   24 3.957143 4.042857
  63  300   79 49.828571 13.171429
  22   60   72 9.909524 12.090476
  15   44   45 7.345238 7.654762
  66  328   69 54.578571 11.421429
  20   46   72 7.842857 12.157143
  14   32   53 5.390476 8.609524
  62  264  103 44.650000 17.350000
  22   46   85 7.908333 14.091667
  16   38   64 6.016667 9.983333
  51  206  101 34.416667 16.583333
  28   90   75 15.233333 12.766667
  21   64   64 10.590476 10.409524
  62  284   91 47.491667 14.508333
  24   66   81 11.096429 12.903571
  14   26   52 4.776190 9.223810
  69  308  104 51.563095 17.436905
  21   38   90 6.386905 14.613095
  10   26   34 4.457143 5.542857
  67  298  100 50.142857 16.857143
  20   34   88 5.579762 14.420238
  13   44   36 7.227381 5.772619
  70  328   95 54.494048 15.505952
  14   12   72 2.158333 11.841667
  16   50   43 8.514286 7.485714
  74  374   70 62.609524 11.390476
   9   12   43 2.019048 6.980952
  17   58   43 9.897619 7.102381
  73  382   59 63.475000 9.525000
  11   32   31 5.566667 5.433333
  16   50   46 8.457143 7.542857
  79  404   72 67.219048 11.780952
   3    4   14 0.709524 2.290476
  18   44   62 7.647619 10.352381
  78  396   75 65.704762 12.295238
   3    2   14 0.400000 2.600000
  19   46   67 7.752381 11.247619
  79  400   73 66.914286 12.085714
   5   14   15 2.490476 2.509524
  16   40   58 6.495238 9.504762
  83  430   68 71.773810 11.226190
   4    4   21 0.642857 3.357143
  13   30   47 5.171429 7.828571
  94  536   27 89.371429 4.628571
   2    2   10 0.342857 1.657143
   4    8   17 1.285714 2.714286
  95  552   19 91.935714 3.064286
   5   10   19 1.819048 3.180952
  89  506   28 84.323810 4.676190
  11   38   28 6.433333 4.566667
  77  412   49 68.700000 8.300000
  23   90   49 14.935714 8.064286
  76  402   58 66.873810 9.126190
  24   82   58 14.052381 9.947619
  73  374   62 62.690476 10.309524
  27  102   62 16.980952 10.019048
  76  394   61 65.776190 10.223810
  24   84   61 13.985714 10.014286
  81  418   66 69.940476 11.059524
  19   50   66 8.563095 10.436905
  78  398   71 66.226190 11.773810
  22   60   71 10.398810 11.601190
  71  354   80 58.505952 12.494048
  29   86   80 15.019048 13.980952
  80  412   69 68.582143 11.417857
  20   50   69 8.555952 11.444048
  71  338   92 56.150000 14.850000
  29   78   92 13.280952 15.719048
  73  338   98 56.676190 16.323810
  27   66   98 11.171429 15.828571
  73  364   73 60.900000 12.100000
  27   90   73 15.109524 11.890476
  58  252  101 41.667857 16.332143
  42  146  101 24.822222 17.177778
  49  210   91 34.686905 14.313095
  51  208   91 35.167857 15.832143
  47  188   94 31.458333 15.541667
  53  224   94 37.433333 15.566667
  53  222   99 37.108333 15.891667
  47  180   99 30.269048 16.730952
  60  248  110 41.567857 18.432143
  40  132  110 21.810714 18.189286
  59  258   97 43.223810 15.776190
  41  148   97 24.885714 16.114286
  56  230  107 38.333333 17.666667
  44  156  107 26.257143 17.742857
  55  230  103 38.069048 16.930952
  45  164  103 27.638095 17.361905
  52  210   99 35.383333 16.616667
  48  192   99 32.092857 15.907143
  52  212   98 35.650000 16.350000
  48  192   98 32.116667 15.883333
  52  216   97 36.061905 15.938095
  48  190   97 31.760714 16.239286
  60  280   83 46.502381 13.497619
  40  154   83 25.926190 14.073810
  63  282   95 47.436508 15.563492
  37  128   95 21.473810 15.526190
  80  414   66 69.092857 10.907143
  20   54   66 9.080952 10.919048
  73  362   72 60.800000 12.200000
  27   94   72 15.476190 11.523810
  76  388   70 64.529762 11.470238
  24   72   70 12.252381 11.747619
  89  492   43 81.979762 7.020238
  11   22   43 3.685714 7.314286
  86  458   53 76.851190 9.148810
  14   36   53 5.833333 8.166667
  81  428   61 71.061905 9.938095
  19   50   61 8.542857 10.457143
  79  418   60 69.329762 9.670238
  21   62   60 10.495238 10.504762
  79  418   58 69.482143 9.517857
  21   66   58 11.261905 9.738095
  85  464   47 77.330952 7.669048
  15   42   47 7.109524 7.890476
  74  378   65 63.309524 10.690476
  26   92   65 15.457143 10.542857
  80  428   60 70.676190 9.323810
  20   52   60 9.185714 10.814286
  88  474   52 79.152381 8.847619
  12   22   52 3.535714 8.464286
  95  546   24 90.955952 4.044048
   5    6   24 1.042857 3.957143
  97  574   11 95.434524 1.565476
   3    4   11 0.800000 2.200000
  98  578   10 96.371429 1.628571
   2    2   10 0.342857 1.657143
 100  600    0 100.000000 0.000000
