   1    0    6 0.000000 1.000000
   1    0    6 0.000000 1.000000
   2    2   10 0.333333 1.666667
   1    0    7 0.000000 1.000000
   2    2   11 0.309524 1.690476
   1    0    6 0.000000 1.000000
   4   10   12 1.833333 2.166667
   1    0    7 0.000000 1.000000
   2    2   10 0.333333 1.666667
   1    0    7 0.000000 1.000000
   2    2    9 0.366667 1.633333
   1    0    6 0.000000 1.000000
   1    0    6 0.000000 1.000000
   2    2    9 0.366667 1.633333
   5   14   15 2.400000 2.600000
   1    0    6 0.000000 1.000000
   2    2    7 0.450000 1.550000
   3    4   14 0.725000 2.275000
   3    6   11 1.066667 1.933333
   2    2   10 0.342857 1.657143
   2    0   11 0.000000 2.000000
   1    0    7 0.000000 1.000000
   1    0    7 0.000000 1.000000
   3    4   17 0.571429 2.428571
   1    0    6 0.000000 1.000000
   1    0    6 0.000000 1.000000
   2    2   11 0.309524 1.690476
   1    0    7 0.000000 1.000000
   1    0    5 0.000000 1.000000
   3    4   11 0.816667 2.183333
   1    0    7 0.000000 1.000000
   1    0    7 0.000000 1.000000
   1    0    6 0.000000 1.000000
   1    0    5 0.000000 1.000000
   2    2   12 0.291667 1.708333
   1    0    6 0.000000 1.000000
   1    0    7 0.000000 1.000000
   2    2   10 0.333333 1.666667
   1    0    6 0.000000 1.000000
   1    0    7 0.000000 1.000000
   5   14   15 2.433333 2.566667
   2    2   11 0.309524 1.690476
   1    0    6 0.000000 1.000000
   3    4   13 0.742857 2.257143
   2    2    9 0.366667 1.633333
   3    6   12 1.019048 1.980952
   1    0    6 0.000000 1.000000
   4    6   17 1.052381 2.947619
   1    0    7 0.000000 1.000000
   4   10   13 1.785714 2.214286
   2    2   10 0.342857 1.657143
   2    2   11 0.309524 1.690476
   1    0    6 0.000000 1.000000
   3    4   14 0.676190 2.323810
   4    8   16 1.409524 2.590476
   2    2   11 0.309524 1.690476
   1    0    7 0.000000 1.000000
   1    0    6 0.000000 1.000000
   2    2   11 0.309524 1.690476
   4    8   15 1.419048 2.580952
   1    0    7 0.000000 1.000000
   5   12   17 2.028571 2.971429
   3    6   12 1.019048 1.980952
   5   10   20 1.685714 3.314286
   1    0    7 0.000000 1.000000
   4    8   15 1.361905 2.638095
   1    0    6 0.000000 1.000000
   3    4   15 0.619048 2.380952
   1    0    6 0.000000 1.000000
   4    6   17 1.066667 2.933333
   2    2   11 0.309524 1.690476
   2    2   11 0.309524 1.690476
   1    0    7 0.000000 1.000000
   5   12   20 1.957143 3.042857
   1    0    7 0.000000 1.000000
   3    4   13 0.700000 2.300000
   3    6   11 1.150000 1.850000
   2    2   11 0.309524 1.690476
   1    0    6 0.000000 1.000000
   2    2    8 0.400000 1.600000
   1    0    6 0.000000 1.000000
   3    6   11 1.066667 1.933333
   5   12   17 2.066667 2.933333
   3    4   14 0.666667 2.333333
   3    4   13 0.742857 2.257143
   5   12   18 1.971429 3.028571
   3    2   15 0.366667 2.633333
   2    2   11 0.309524 1.690476
   2    2   10 0.333333 1.666667
   2    2   10 0.342857 1.657143
   5    8   20 1.433333 3.566667
   2    2   10 0.333333 1.666667
   4    4   22 0.619048 3.380952
   2    2   10 0.333333 1.666667
   4   10   15 1.647619 2.352381
   1    0    6 0.000000 1.000000
   4    6   15 1.166667 2.833333
   2    2   11 0.309524 1.690476
   3    4   13 0.700000 2.300000
   2    0   13 0.000000 2.000000
   2    0   12 0.000000 2.000000
   1    0    7 0.000000 1.000000
   2    2   10 0.333333 1.666667
   1    0    7 0.000000 1.000000
  17   62   38 10.500000 6.500000
   4    8   18 1.238095 2.761905
   3    6   12 1.019048 1.980952
   2    0   10 0.000000 2.000000
   4    8   16 1.352381 2.647619
   4   10   16 1.600000 2.400000
   2    2   11 0.309524 1.690476
   1    0    6 0.000000 1.000000
  10   36   23 6.247619 3.752381
   9   28   24 4.814286 4.185714
   6   14   20 2.542857 3.457143
   8   22   27 3.652381 4.347619
   2    2   10 0.333333 1.666667
   6    8   26 1.442857 4.557143
   2    2   10 0.333333 1.666667
  16   58   40 9.782143 6.217857
   1    0    7 0.000000 1.000000
   1    0    6 0.000000 1.000000
   3    6   12 1.000000 2.000000
   3    2   18 0.291667 2.708333
   3    6   13 0.983333 2.016667
   1    0    7 0.000000 1.000000
   1    0    6 0.000000 1.000000
  17   58   43 9.817857 7.182143
   8   18   29 3.071429 4.928571
   2    2   12 0.291667 1.708333
   7   22   21 3.571429 3.428571
   3    4   13 0.733333 2.266667
   5    8   18 1.550000 3.450000
   3    6   12 1.019048 1.980952
   7   12   29 2.194048 4.805952
   5    8   20 1.433333 3.566667
   6   12   26 1.878571 4.121429
   5    8   21 1.441667 3.558333
   1    0    5 0.000000 1.000000
  14   38   49 6.233333 7.766667
   1    0    6 0.000000 1.000000
   1    0    5 0.000000 1.000000
   3    2   17 0.342857 2.657143
   6   18   17 3.100000 2.900000
  13   24   54 4.176190 8.823810
   9   20   33 3.419048 5.580952
   1    0    6 0.000000 1.000000
  11   28   38 4.776190 6.223810
   4    6   20 0.928571 3.071429
   2    0   12 0.000000 2.000000
   6   12   25 1.947619 4.052381
  19   72   42 12.023810 6.976190
   4    2   20 0.400000 3.600000
   9   20   35 3.347619 5.652381
  12   28   44 4.790476 7.209524
   2    2   10 0.333333 1.666667
   2    2   11 0.309524 1.690476
   4    8   16 1.314286 2.685714
   8   20   25 3.566667 4.433333
  10   22   37 3.842857 6.157143
   3    2   18 0.291667 2.708333
  14   40   46 6.680952 7.319048
   3    2   16 0.333333 2.666667
   3    4   13 0.700000 2.300000
   5    2   28 0.400000 4.600000
  23   88   50 14.873810 8.126190
   2    0   11 0.000000 2.000000
   3    6   13 0.971429 2.028571
  11   16   50 2.719048 8.280952
   5   12   17 2.095238 2.904762
   4    6   16 1.100000 2.900000
  12   32   36 5.600000 6.400000
  13   32   47 5.241667 7.758333
   1    0    5 0.000000 1.000000
  16   58   39 9.666667 6.333333
   3    4   13 0.742857 2.257143
   7   18   26 2.919048 4.080952
  23   70   70 11.800000 11.200000
   2    2   12 0.285714 1.714286
   4   10   16 1.523810 2.476190
   6   10   27 1.695238 4.304762
   6   14   24 2.214286 3.785714
   3    2   15 0.342857 2.657143
   8   22   28 3.610714 4.389286
  13   34   43 5.885714 7.114286
   2    2    9 0.366667 1.633333
  30  126   52 21.321429 8.678571
   3    6   11 1.085714 1.914286
   4    4   18 0.742857 3.257143
  17   44   58 7.430952 9.569048
   4    6   19 0.976190 3.023810
   5   14   15 2.404762 2.595238
  11   36   28 6.266667 4.733333
   8   26   22 4.438095 3.561905
   6   18   17 3.108333 2.891667
   4    6   19 0.938095 3.061905
  19   56   56 9.509524 9.490476
  29  108   68 18.016667 10.983333
   2    2   11 0.309524 1.690476
   1    0    6 0.000000 1.000000
  15   36   56 5.976190 9.023810
   8   24   24 4.061905 3.938095
   5   12   19 1.952381 3.047619
   8   20   28 3.376190 4.623810
   4    6   17 1.033333 2.966667
   7   14   27 2.404762 4.595238
  22   74   59 12.446429 9.553571
  28   98   71 16.442857 11.557143
   2    2    9 0.366667 1.633333
  16   38   58 6.455952 9.544048
   9   18   36 3.033333 5.966667
   6   10   27 1.580952 4.419048
   9   22   34 3.623810 5.376190
   3    4   15 0.619048 2.380952
   3    2   16 0.333333 2.666667
  11   24   40 4.290476 6.709524
  30  104   77 17.351190 12.648810
   3    4   13 0.809524 2.190476
  26   90   64 15.352381 10.647619
   9   18   36 3.092857 5.907143
   8   20   27 3.400000 4.600000
  10   22   39 3.714286 6.285714
   2    2   10 0.333333 1.666667
   6   12   23 2.100000 3.900000
   9   12   41 2.076190 6.923810
  32  100   94 16.638095 15.361905
   2    2   11 0.309524 1.690476
  22   64   67 10.771429 11.228571
  14   48   35 8.178571 5.821429
   5    4   24 0.733333 4.266667
   9   18   34 3.128571 5.871429
   1    0    5 0.000000 1.000000
   4    8   17 1.309524 2.690476
   5    4   26 0.619048 4.380952
  26   86   75 14.166667 11.833333
   1    0    7 0.000000 1.000000
  35  148   61 24.919048 10.080952
  15   52   42 8.428571 6.571429
   5    8   22 1.395238 3.604762
   9   12   41 2.016667 6.983333
   2    2   12 0.285714 1.714286
   3    2   16 0.333333 2.666667
  23   68   68 11.533333 11.466667
   3    6   13 0.952381 2.047619
  40  158   78 26.636508 13.363492
  21   72   53 12.189286 8.810714
   5    6   24 0.976190 4.023810
   7   16   26 2.775000 4.225000
   1    0    7 0.000000 1.000000
   2    2   13 0.267857 1.732143
  23   70   71 11.447619 11.552381
   1    0    6 0.000000 1.000000
  40  148   86 25.145238 14.854762
  23   72   66 12.066667 10.933333
   9   24   29 4.100000 4.900000
   7   22   19 3.800000 3.200000
   1    0    7 0.000000 1.000000
  19   48   63 8.266667 10.733333
  41  166   84 27.560714 13.439286
  26   84   66 14.476190 11.523810
   4    4   20 0.666667 3.333333
  10   32   32 5.246429 4.753571
   1    0    6 0.000000 1.000000
  14   32   53 5.309524 8.690476
  45  192   79 32.085714 12.914286
  31  102   91 16.546429 14.453571
   3    0   20 0.000000 3.000000
  11   32   33 5.535714 5.464286
   6   10   26 1.675000 4.325000
  49  204   82 34.757143 14.242857
  27   90   78 14.878571 12.121429
   2    2   10 0.333333 1.666667
   7   10   29 1.833333 5.166667
   2    0   13 0.000000 2.000000
  62  288   80 48.507143 13.492857
  31   98   92 16.123810 14.876190
   1    0    6 0.000000 1.000000
   7   16   26 2.666667 4.333333
   1    0    6 0.000000 1.000000
  60  262   94 43.975000 16.025000
  42  160   93 26.700000 15.300000
   2    2   10 0.342857 1.657143
   1    0    5 0.000000 1.000000
  55  230  100 38.383333 16.616667
  49  202   91 34.071429 14.928571
   1    0    6 0.000000 1.000000
   1    0    5 0.000000 1.000000
  49  202   94 33.614286 15.385714
  48  196   91 33.130952 14.869048
   1    0    7 0.000000 1.000000
  51  214   92 35.940476 15.059524
  51  226   85 37.267857 13.732143
  49  204   85 34.576190 14.423810
  44  162  101 27.092063 16.907937
  56  236  101 39.401190 16.598810
  37  126   98 21.107143 15.892857
  63  278   98 46.666667 16.333333
  43  170   90 28.139286 14.860714
  57  250   90 41.933333 15.066667
  49  204   90 34.063095 14.936905
  51  216   90 36.178968 14.821032
  47  174  112 28.442857 18.557143
  53  202  112 33.785714 19.214286
  49  170  125 28.495238 20.504762
  51  180  125 30.335714 20.664286
  36  114  102 19.111905 16.888095
  64  282  102 47.059524 16.940476
  21   50   76 8.252381 12.747619
  79  398   76 66.584524 12.415476
  25   84   66 14.169048 10.830952
  75  384   66 63.875000 11.125000
  18   42   68 6.845238 11.154762
  82  422   68 70.357143 11.642857
  31  102   82 17.228571 13.771429
  69  334   82 55.509524 13.490476
  33  108   90 18.092857 14.907143
  67  312   90 52.061905 14.938095
  20   40   79 6.785714 13.214286
  80  402   79 66.988095 13.011905
  31  104   86 17.317857 13.682143
  69  324   86 54.514286 14.485714
  44  160  100 27.166667 16.833333
  56  240  100 39.826190 16.173810
  48  176  114 29.371429 18.628571
  52  196  114 32.903571 19.096429
  52  210  104 34.844048 17.155952
  48  182  104 30.641667 17.358333
  58  250   96 41.971429 16.028571
  42  158   96 26.191667 15.808333
  64  298   86 49.840476 14.159524
  36  130   86 21.858333 14.141667
  65  302   90 50.378571 14.621429
  35  118   90 19.890476 15.109524
  61  286   82 47.647619 13.352381
  39  150   82 25.319048 13.680952
  55  254   80 42.191667 12.808333
  45  186   80 31.309524 13.690476
  49  220   78 36.404762 12.595238
  51  224   78 37.580952 13.419048
  54  258   69 42.928571 11.071429
  46  204   69 34.507143 11.492857
  45  190   83 31.373810 13.626190
  55  244   83 40.834524 14.165476
  37  140   80 23.453571 13.546429
  63  300   80 49.996429 13.003571
  42  172   80 28.761905 13.238095
  58  268   80 44.691667 13.308333
  41  154   90 25.880952 15.119048
  59  266   90 44.102381 14.897619
  48  212   77 35.479762 12.520238
  52  234   77 39.394048 12.605952
  53  252   65 42.136905 10.863095
  47  218   65 36.285714 10.714286
  44  192   74 32.114286 11.885714
  56  260   74 43.519048 12.480952
  52  238   74 39.913095 12.086905
  48  214   74 35.833333 12.166667
  48  196   92 32.613095 15.386905
  52  220   92 36.661905 15.338095
  45  188   88 31.139286 13.860714
  55  236   88 39.898810 15.101190
  40  146   93 24.510714 15.489286
  60  268   93 44.825000 15.175000
  50  194   97 33.030952 16.969048
  50  212   97 34.877381 15.122619
  43  150  108 25.236905 17.763095
  57  234  108 39.135714 17.864286
  49  176  117 29.590476 19.409524
  51  190  117 31.833333 19.166667
  32   76  113 12.754762 19.245238
  68  298  113 49.366667 18.633333
  35  110  101 18.547619 16.452381
  65  288  101 48.421429 16.578571
  33  104   93 17.575000 15.425000
  67  310   93 51.833333 15.166667
  27   74   94 12.009524 14.990476
  73  338   94 57.301190 15.698810
  22   40   93 6.824206 15.175794
  78  374   93 62.590476 15.409524
  20   58   67 9.519048 10.480952
  80  408   67 68.840476 11.159524
  18   54   55 9.319048 8.680952
  82  436   55 72.709524 9.290476
  17   52   50 8.842857 8.157143
  83  448   50 74.759524 8.240476
  18   52   56 8.753571 9.246429
  82  436   56 72.857143 9.142857
  19   60   51 10.223810 8.776190
  81  438   51 72.752381 8.247619
  14   28   55 4.723810 9.276190
  86  462   55 76.904762 9.095238
  17   46   57 7.770238 9.229762
  83  440   57 73.523810 9.476190
  12   16   55 2.771429 9.228571
  88  474   55 78.890476 9.109524
   7   12   29 1.961905 5.038095
  93  530   29 88.284524 4.715476
  10   24   33 4.352381 5.647619
  90  510   33 84.769048 5.230952
  11   28   35 4.885714 6.114286
  89  502   35 83.471429 5.528571
   5    8   24 1.261905 3.738095
  95  544   24 90.966667 4.033333
 100  600    0 100.000000 0.000000
