   1    0    7 0.000000 1.000000
   1    0    6 0.000000 1.000000
   1    0    6 0.000000 1.000000
   1    0    7 0.000000 1.000000
   2    2   11 0.309524 1.690476
   1    0    7 0.000000 1.000000
   1    0    6 0.000000 1.000000
   2    2    9 0.366667 1.633333
   1    0    6 0.000000 1.000000
   1    0    6 0.000000 1.000000
   1    0    6 0.000000 1.000000
   1    0    5 0.000000 1.000000
   2    2   12 0.285714 1.714286
   5   14   16 2.447619 2.552381
   2    2   12 0.285714 1.714286
   1    0    7 0.000000 1.000000
   2    2   10 0.342857 1.657143
   5   14   13 2.633333 2.366667
   2    2   11 0.309524 1.690476
   1    0    6 0.000000 1.000000
   4    8   14 1.466667 2.533333
   1    0    5 0.000000 1.000000
   1    0    6 0.000000 1.000000
   1    0    6 0.000000 1.000000
   4    8   15 1.361905 2.638095
   1    0    6 0.000000 1.000000
   1    0    6 0.000000 1.000000
   4   10   16 1.547619 2.452381
   2    2   10 0.333333 1.666667
   1    0    7 0.000000 1.000000
   1    0    7 0.000000 1.000000
   1    0    6 0.000000 1.000000
   2    2   10 0.333333 1.666667
   4    8   16 1.409524 2.590476
   1    0    6 0.000000 1.000000
   1    0    6 0.000000 1.000000
   1    0    8 0.000000 1.000000
   3    4   12 0.766667 2.233333
   3    4   14 0.666667 2.333333
   2    2   10 0.342857 1.657143
   1    0    6 0.000000 1.000000
   2    2    9 0.366667 1.633333
   2    2   11 0.309524 1.690476
   1    0    6 0.000000 1.000000
   1    0    5 0.000000 1.000000
   2    2   10 0.333333 1.666667
   5    8   20 1.433333 3.566667
   1    0    5 0.000000 1.000000
   2    2    8 0.400000 1.600000
   1    0    6 0.000000 1.000000
   1    0    6 0.000000 1.000000
   1    0    6 0.000000 1.000000
   3    4   13 0.733333 2.266667
   1    0    6 0.000000 1.000000
   1    0    7 0.000000 1.000000
   1    0    7 0.000000 1.000000
   1    0    6 0.000000 1.000000
   1    0    6 0.000000 1.000000
   2    0   13 0.000000 2.000000
   2    2   11 0.309524 1.690476
   2    2   10 0.342857 1.657143
   2    2    8 0.400000 1.600000
   1    0    6 0.000000 1.000000
   1    0    5 0.000000 1.000000
   1    0    6 0.000000 1.000000
   2    2    9 0.366667 1.633333
   1    0    7 0.000000 1.000000
   1    0    8 0.000000 1.000000
   5    6   22 1.066667 3.933333
   3    2   18 0.309524 2.690476
   1    0    6 0.000000 1.000000
   7   20   20 3.571429 3.428571
   1    0    6 0.000000 1.000000
   4    6   19 0.952381 3.047619
   5   14   16 2.550000 2.450000
   1    0    6 0.000000 1.000000
   3    4   14 0.709524 2.290476
   3    4   15 0.642857 2.357143
   1    0    6 0.000000 1.000000
   3    4   11 0.816667 2.183333
   6   14   22 2.385714 3.614286
   1    0    7 0.000000 1.000000
   2    2    7 0.450000 1.550000
   2    2   10 0.333333 1.666667
   5   14   14 2.533333 2.466667
   1    0    6 0.000000 1.000000
   2    0   13 0.000000 2.000000
   1    0    7 0.000000 1.000000
   2    2   10 0.333333 1.666667
   3    4   17 0.577381 2.422619
   3    4   16 0.667857 2.332143
   1    0    6 0.000000 1.000000
   2    2   12 0.311111 1.688889
   2    2    9 0.366667 1.633333
   2    2   11 0.309524 1.690476
  12   42   27 7.419048 4.580952
   2    2    9 0.366667 1.633333
   1    0    7 0.000000 1.000000
   1    0    6 0.000000 1.000000
   5   12   17 2.066667 2.933333
   2    2   11 0.309524 1.690476
   1    0    6 0.000000 1.000000
   2    2   10 0.342857 1.657143
   2    2    9 0.366667 1.633333
   1    0    7 0.000000 1.000000
   1    0    5 0.000000 1.000000
   1    0    7 0.000000 1.000000
   1    0    6 0.000000 1.000000
   5   14   16 2.328571 2.671429
  10   30   30 5.033333 4.966667
   3    6   12 1.019048 1.980952
   1    0    7 0.000000 1.000000
   2    2    9 0.366667 1.633333
   2    2   10 0.333333 1.666667
   9   20   35 3.419048 5.580952
   1    0    6 0.000000 1.000000
   1    0    5 0.000000 1.000000
  12   38   35 6.304762 5.695238
   2    2   11 0.309524 1.690476
   4    4   20 0.733333 3.266667
   2    2   11 0.309524 1.690476
   1    0    5 0.000000 1.000000
   1    0    6 0.000000 1.000000
   3    6   12 1.019048 1.980952
   5   14   15 2.438095 2.561905
   1    0    7 0.000000 1.000000
  15   50   38 8.533333 6.466667
   6   10   25 1.719048 4.280952
   4    4   18 0.700000 3.300000
   1    0    6 0.000000 1.000000
   1    0    7 0.000000 1.000000
   2    2   11 0.309524 1.690476
   2    2    8 0.416667 1.583333
   4    6   19 0.976190 3.023810
   4    4   20 0.742857 3.257143
   6   10   22 1.900000 4.100000
   3    4   16 0.619048 2.380952
   1    0    7 0.000000 1.000000
   3    4   12 0.733333 2.266667
   1    0    5 0.000000 1.000000
  12   36   38 6.085714 5.914286
   1    0    7 0.000000 1.000000
  11   28   42 4.452381 6.547619
   1    0    6 0.000000 1.000000
   4    6   16 1.100000 2.900000
   4    8   14 1.500000 2.500000
   8   20   30 3.185714 4.814286
  21   74   53 12.352381 8.647619
   4    4   21 0.642857 3.357143
   4   10   12 1.833333 2.166667
   1    0    6 0.000000 1.000000
   2    2    9 0.366667 1.633333
   4   10   15 1.619048 2.380952
   1    0    6 0.000000 1.000000
   8   26   23 4.395238 3.604762
  10   26   32 4.452381 5.547619
   9   20   33 3.390476 5.609524
   2    0   12 0.000000 2.000000
   4    8   18 1.257143 2.742857
   3    6   13 0.971429 2.028571
  11   18   46 3.033333 7.966667
   1    0    6 0.000000 1.000000
   2    0   15 0.000000 2.000000
   2    0   13 0.000000 2.000000
   5   12   20 1.957143 3.042857
  27  100   58 16.927381 10.072619
   4    6   19 0.952381 3.047619
   1    0    6 0.000000 1.000000
   2    2   10 0.342857 1.657143
   2    2   10 0.333333 1.666667
  12   38   36 6.309524 5.690476
   9   20   35 3.361905 5.638095
   2    2   10 0.333333 1.666667
   6   14   21 2.433333 3.566667
   8   26   22 4.385714 3.614286
  12   30   41 5.238095 6.761905
   3    4   12 0.766667 2.233333
   2    0   11 0.000000 2.000000
  10   32   28 5.579762 4.420238
  27  104   59 17.338095 9.661905
   4    8   15 1.419048 2.580952
   2    0   12 0.000000 2.000000
   3    4   14 0.709524 2.290476
  19   56   55 9.616667 9.383333
   7   16   27 2.640476 4.359524
   1    0    6 0.000000 1.000000
   6   14   22 2.323810 3.676190
   6    8   30 1.328571 4.671429
  10   36   23 6.152381 3.847619
  12   36   36 6.033333 5.966667
  30  122   60 20.290476 9.709524
   5   14   17 2.285714 2.714286
   5   12   16 2.133333 2.866667
   2    2    9 0.366667 1.633333
  16   56   39 9.677381 6.322619
   2    0   13 0.000000 2.000000
   1    0    6 0.000000 1.000000
   5    6   25 1.009524 3.990476
   2    2   11 0.309524 1.690476
  11   34   30 5.800000 5.200000
  15   54   37 9.069048 5.930952
  36  158   59 26.404762 9.595238
   6   18   18 3.135714 2.864286
   2    2   11 0.309524 1.690476
   2    2    9 0.366667 1.633333
   8   22   27 3.628571 4.371429
   6   16   19 2.691667 3.308333
   3    2   16 0.366667 2.633333
   5   10   19 1.752381 3.247619
   1    0    6 0.000000 1.000000
   8   16   30 2.933333 5.066667
   8   24   25 3.928571 4.071429
  51  228   80 38.065476 12.934524
   8   26   23 4.303571 3.696429
   1    0    6 0.000000 1.000000
   2    2   10 0.333333 1.666667
   7   18   25 3.038095 3.961905
   3    2   16 0.342857 2.657143
   4    8   16 1.328571 2.671429
   5   10   20 1.685714 3.314286
   9   26   27 4.442857 4.557143
  13   48   28 8.352381 4.647619
  48  204   85 34.053571 13.946429
   6   16   21 2.641667 3.358333
  12   42   29 7.085714 4.914286
   3    4   12 0.766667 2.233333
   1    0    7 0.000000 1.000000
   2    2    8 0.400000 1.600000
   6   12   24 1.947619 4.052381
   5   12   19 2.017857 2.982143
  65  308   84 51.544048 13.455952
   4    8   15 1.433333 2.566667
   5   10   21 1.608333 3.391667
   2    0   12 0.000000 2.000000
   1    0    5 0.000000 1.000000
  20   72   49 11.980952 8.019048
   5    8   23 1.271429 3.728571
  63  298   79 49.971429 13.028571
   5    6   23 1.076190 3.923810
   4    8   18 1.208333 2.791667
   1    0    6 0.000000 1.000000
  15   48   43 8.075000 6.925000
  12   36   30 6.600000 5.400000
  63  302   80 50.166667 12.833333
   3    2   15 0.366667 2.633333
   3    4   13 0.700000 2.300000
   1    0    6 0.000000 1.000000
  17   56   44 9.590476 7.409524
  10   34   26 5.747619 4.252381
  66  324   76 53.820238 12.179762
   2    2    9 0.366667 1.633333
   4    8   17 1.361905 2.638095
  14   40   42 6.861905 7.138095
   5    8   22 1.352381 3.647619
  75  376   76 62.545238 12.454762
   1    0    7 0.000000 1.000000
   6   16   20 2.614286 3.385714
  16   48   50 8.033333 7.966667
   6    8   27 1.400000 4.600000
  71  358   66 60.092857 10.907143
   1    0    7 0.000000 1.000000
   1    0    6 0.000000 1.000000
  21   72   54 12.046429 8.953571
   3    2   15 0.366667 2.633333
  74  382   62 63.904762 10.095238
   1    0    6 0.000000 1.000000
  32  132   58 22.416667 9.583333
   3    2   17 0.309524 2.690476
  64  328   57 54.617857 9.382143
   1    0    6 0.000000 1.000000
  39  166   68 27.857143 11.142857
   4    4   20 0.676190 3.323810
  56  274   62 45.890476 10.109524
  44  182   82 30.500000 13.500000
   3    4   15 0.691667 2.308333
  53  244   73 40.823810 12.176190
  51  194  104 33.242857 17.757143
  49  198  104 32.761905 16.238095
  53  200  116 33.715476 19.284524
  47  168  116 28.088095 18.911905
  37  130   97 21.511905 15.488095
  63  276   97 46.711905 16.288095
  47  172  108 28.914286 18.085714
  53  212  108 35.309524 17.690476
  40  144   94 24.194048 15.805952
  60  268   94 44.525794 15.474206
  40  142   96 24.314286 15.685714
  60  266   96 44.247619 15.752381
  38  122  106 20.379762 17.620238
  62  266  106 44.523810 17.476190
  48  176  105 29.723810 18.276190
  52  214  105 35.109524 16.890476
  57  234  113 38.803571 18.196429
  43  140  113 23.959524 19.040476
  59  252  101 42.409524 16.590476
  41  146  101 24.325000 16.675000
  54  226  100 37.686905 16.313095
  46  174  100 29.179762 16.820238
  40  142   99 23.663095 16.336905
  60  260   99 43.809524 16.190476
  48  204   88 33.914286 14.085714
  52  220   88 36.904762 15.095238
  53  222  100 36.684524 16.315476
  47  178  100 30.090476 16.909524
  65  310   80 51.971032 13.028968
  35  130   80 21.744048 13.255952
  73  372   63 62.528571 10.471429
  27  102   63 17.088095 9.911905
  67  342   58 57.280952 9.719048
  33  142   58 23.816667 9.183333
  78  418   47 69.902381 8.097619
  22   88   47 14.422619 7.577381
  65  326   63 54.665476 10.334524
  35  148   63 24.797619 10.202381
  69  338   68 56.852381 12.147619
  31  126   68 20.313095 10.686905
  61  288   78 48.279762 12.720238
  39  156   78 26.119048 12.880952
  64  298   87 49.891667 14.108333
  36  128   87 21.790476 14.209524
  73  346   96 57.530952 15.469048
  27   62   96 10.585714 16.414286
  82  410   78 68.866667 13.133333
  18   34   78 5.847619 12.152381
  83  438   61 73.144048 9.855952
  17   40   61 6.871429 10.128571
  89  498   36 82.960714 6.039286
  11   30   36 5.076190 5.923810
  93  520   36 86.990476 6.009524
   7    8   36 1.367857 5.632143
  87  474   52 78.582143 8.417857
  13   22   52 3.847619 9.152381
  76  400   59 66.452381 9.547619
  24   82   59 14.155952 9.844048
  73  368   68 61.615476 11.384524
  27   96   68 16.123810 10.876190
  79  414   59 69.252381 9.747619
  21   68   59 11.304762 9.695238
  87  464   56 77.545238 9.454762
  13   24   56 3.914286 9.085714
  88  482   49 80.115873 7.884127
  12   20   49 3.464286 8.535714
  80  406   70 68.195238 11.804762
  20   54   70 8.790476 11.209524
  86  470   48 78.270238 7.729762
  14   34   48 5.866667 8.133333
  92  512   38 85.663095 6.336905
   8   12   38 2.028571 5.971429
  90  492   46 82.219048 7.780952
  10   16   46 2.547619 7.452381
  93  530   30 88.033333 4.966667
   7   10   30 1.752381 5.247619
  92  522   30 87.045238 4.954762
   8   18   30 2.990476 5.009524
  94  542   21 90.528571 3.471429
   6   16   21 2.647619 3.352381
  94  540   24 90.014286 3.985714
   6   12   24 1.995238 4.004762
  97  566   16 94.385714 2.614286
   3    2   16 0.342857 2.657143
  94  538   25 89.866667 4.133333
   6   12   25 2.183333 3.816667
  94  532   31 88.879762 5.120238
   6    6   31 0.952381 5.047619
  91  502   43 83.915476 7.084524
   9   12   43 1.971429 7.028571
  88  486   37 81.461905 6.538095
  12   40   37 6.383333 5.616667
  86  466   47 77.909524 8.090476
  14   40   47 6.663095 7.336905
  81  420   67 70.027381 10.972619
  19   46   67 7.642857 11.357143
  89  480   54 80.075000 8.925000
  11   12   54 2.009524 8.990476
  92  514   39 85.640476 6.359524
   8    8   39 1.385714 6.614286
  92  516   35 86.191667 5.808333
   8   14   35 2.429762 5.570238
  94  530   33 88.414286 5.585714
   6    4   33 0.628571 5.371429
  98  574   13 95.819048 2.180952
   2    0   13 0.000000 2.000000
 100  600    0 100.000000 0.000000
