   5   10   18 1.833333 3.166667
   2    2   10 0.333333 1.666667
   2    2    9 0.366667 1.633333
   1    0    6 0.000000 1.000000
   2    2   10 0.333333 1.666667
   1    0    7 0.000000 1.000000
   1    0    6 0.000000 1.000000
   2    2    9 0.366667 1.633333
   1    0    6 0.000000 1.000000
   1    0    7 0.000000 1.000000
   1    0    6 0.000000 1.000000
   1    0    7 0.000000 1.000000
   1    0    8 0.000000 1.000000
   1    0    8 0.000000 1.000000
   3    6   11 1.066667 1.933333
   3    4   13 0.700000 2.300000
   3    6    9 1.233333 1.766667
   1    0    7 0.000000 1.000000
   1    0    6 0.000000 1.000000
   3    4   12 0.766667 2.233333
   1    0    6 0.000000 1.000000
   2    2    8 0.400000 1.600000
   3    4   13 0.733333 2.266667
   3    4   13 0.700000 2.300000
   1    0    7 0.000000 1.000000
   2    2   10 0.333333 1.666667
   1    0    7 0.000000 1.000000
   1    0    6 0.000000 1.000000
   3    4   14 0.666667 2.333333
   1    0    7 0.000000 1.000000
   1    0    6 0.000000 1.000000
   2    2   10 0.333333 1.666667
   1    0    6 0.000000 1.000000
   1    0    6 0.000000 1.000000
   3    4   14 0.666667 2.333333
   1    0    6 0.000000 1.000000
   1    0    7 0.000000 1.000000
   1    0    6 0.000000 1.000000
   2    2   10 0.333333 1.666667
   1    0    6 0.000000 1.000000
   3    4   13 0.742857 2.257143
   2    2    9 0.366667 1.633333
   1    0    7 0.000000 1.000000
   1    0    6 0.000000 1.000000
   2    2    9 0.366667 1.633333
   3    4   15 0.642857 2.357143
   1    0    6 0.000000 1.000000
   1    0    7 0.000000 1.000000
   1    0    7 0.000000 1.000000
   1    0    5 0.000000 1.000000
   1    0    6 0.000000 1.000000
   1    0    6 0.000000 1.000000
   3    6   13 0.952381 2.047619
   1    0    5 0.000000 1.000000
   3    4   15 0.642857 2.357143
   3    6   12 1.050000 1.950000
   1    0    6 0.000000 1.000000
   2    2   11 0.309524 1.690476
   1    0    7 0.000000 1.000000
   7   18   25 2.985714 4.014286
   1    0    6 0.000000 1.000000
   4   10   13 1.761905 2.238095
   7   18   28 2.738095 4.261905
   3    6   13 0.952381 2.047619
   1    0    6 0.000000 1.000000
   3    6   13 0.983333 2.016667
   1    0    7 0.000000 1.000000
   2    2    9 0.366667 1.633333
   2    2    8 0.400000 1.600000
   1    0    5 0.000000 1.000000
   3    6   12 1.019048 1.980952
   9   16   36 2.771429 6.228571
   7   14   25 2.533333 4.466667
   1    0    7 0.000000 1.000000
   5   12   18 2.000000 3.000000
   5   10   21 1.771429 3.228571
   4   10   14 1.661905 2.338095
   1    0    6 0.000000 1.000000
   1    0    6 0.000000 1.000000
   5   10   18 1.745238 3.254762
   3    2   15 0.333333 2.666667
   2    2    8 0.400000 1.600000
   1    0    6 0.000000 1.000000
   1    0    6 0.000000 1.000000
   2    2    9 0.366667 1.633333
   4   10   13 1.761905 2.238095
   4   10   17 1.535714 2.464286
   2    2   12 0.291667 1.708333
   7   22   21 3.600000 3.400000
   1    0    7 0.000000 1.000000
   5   14   16 2.352381 2.647619
   7   18   23 3.033333 3.966667
   3    4   16 0.595238 2.404762
   6   10   27 1.619048 4.380952
   3    4   13 0.700000 2.300000
   1    0    6 0.000000 1.000000
   1    0    7 0.000000 1.000000
   1    0    5 0.000000 1.000000
   8   20   30 3.238095 4.761905
   6    8   32 1.261905 4.738095
   9   22   32 3.695238 5.304762
  14   38   43 6.563095 7.436905
   2    2   10 0.333333 1.666667
   1    0    6 0.000000 1.000000
   9   20   32 3.490476 5.509524
   5    8   20 1.600000 3.400000
   2    2    9 0.366667 1.633333
   2    2   11 0.325000 1.675000
   1    0    6 0.000000 1.000000
   2    2   11 0.309524 1.690476
   1    0    5 0.000000 1.000000
   3    2   17 0.309524 2.690476
   2    2   10 0.342857 1.657143
   6   18   17 3.100000 2.900000
   1    0    6 0.000000 1.000000
  11   24   40 4.033333 6.966667
   7   16   26 2.719048 4.280952
   8   16   30 2.733333 5.266667
   1    0    7 0.000000 1.000000
   5   10   22 1.614286 3.385714
   1    0    6 0.000000 1.000000
   8   10   37 1.766667 6.233333
  12   38   37 6.116667 5.883333
   4    6   15 1.133333 2.866667
   2    2   11 0.309524 1.690476
  11   22   46 3.695238 7.304762
   7   20   22 3.288889 3.711111
   7   24   17 4.228571 2.771429
   2    2    8 0.400000 1.600000
   5    8   21 1.383333 3.616667
   2    2   12 0.291667 1.708333
   2    2    8 0.400000 1.600000
   1    0    8 0.000000 1.000000
   3    4   15 0.619048 2.380952
  13   42   40 6.765476 6.234524
   6    6   30 1.009524 4.990476
   7   16   25 2.766667 4.233333
   2    2   10 0.342857 1.657143
   7   14   27 2.416667 4.583333
   1    0    7 0.000000 1.000000
  12   22   51 3.627381 8.372619
  15   50   41 8.326190 6.673810
   1    0    6 0.000000 1.000000
   2    2   10 0.333333 1.666667
   7    8   31 1.500000 5.500000
   7   22   21 3.652381 3.347619
   3    4   15 0.642857 2.357143
   1    0    7 0.000000 1.000000
   6    8   26 1.450000 4.550000
   3    4   13 0.733333 2.266667
   3    6   10 1.133333 1.866667
   4   10   14 1.685714 2.314286
  12   36   38 5.834524 6.165476
   3    6   10 1.133333 1.866667
  10   28   32 4.747619 5.252381
   6   10   24 1.766667 4.233333
   4    2   24 0.333333 3.666667
  19   66   44 11.351190 7.648810
   9   22   33 3.642857 5.357143
   6   18   18 2.971429 3.028571
   3    4   15 0.628571 2.371429
   8   12   37 1.995238 6.004762
   9   22   34 3.623810 5.376190
   1    0    6 0.000000 1.000000
   8   10   37 1.759524 6.240476
   2    0   12 0.000000 2.000000
  13   50   25 8.652381 4.347619
   3    2   16 0.366667 2.633333
   8   16   31 2.761905 5.238095
  11   26   39 4.441667 6.558333
   1    0    6 0.000000 1.000000
  17   58   46 9.561905 7.438095
  16   54   44 8.947619 7.052381
   9   26   26 4.480952 4.519048
   4    8   18 1.214286 2.785714
   6   14   23 2.233333 3.766667
   9   20   32 3.547619 5.452381
   1    0    6 0.000000 1.000000
   2    0   14 0.000000 2.000000
  12   28   43 4.814286 7.185714
   3    2   16 0.309524 2.690476
   6   12   25 2.019048 3.980952
  16   46   51 7.657143 8.342857
   2    2   10 0.333333 1.666667
  16   52   45 8.566667 7.433333
  11   28   40 4.521429 6.478571
  11   36   30 5.966667 5.033333
   4    4   19 0.652381 3.347619
   3    4   15 0.619048 2.380952
  12   38   30 6.552381 5.447619
   2    2    9 0.366667 1.633333
   2    2   11 0.309524 1.690476
  13   22   54 3.885714 9.114286
   6   18   18 3.019048 2.980952
  15   48   38 8.246429 6.753571
  10   22   39 3.632143 6.367857
   1    0    6 0.000000 1.000000
   9   18   37 2.980952 6.019048
  12   20   54 3.290476 8.709524
  13   40   41 6.490476 6.509524
   5    8   20 1.466667 3.533333
   7   22   19 3.776190 3.223810
   6   14   23 2.314286 3.685714
   2    2   11 0.309524 1.690476
   1    0    6 0.000000 1.000000
   7    8   31 1.476190 5.523810
   8   26   20 4.480952 3.519048
  16   54   46 8.894048 7.105952
   9   24   31 4.116667 4.883333
   8   16   36 2.576190 5.423810
  13   30   51 4.859524 8.140476
  17   38   62 6.486905 10.513095
   3    4   14 0.666667 2.333333
   8   20   26 3.630952 4.369048
   2    0   11 0.000000 2.000000
   7   18   23 3.038095 3.961905
   2    2    9 0.366667 1.633333
   7   18   22 3.100000 3.900000
  11   34   32 5.709524 5.290476
  17   52   54 8.380952 8.619048
  11   20   42 3.561905 7.438095
   8   24   25 4.109524 3.890476
  12   22   49 3.895238 8.104762
  22   66   63 11.416667 10.583333
   4    6   23 0.857143 3.142857
   3    4   14 0.652381 2.347619
   3    2   16 0.333333 2.666667
   2    0   12 0.000000 2.000000
  15   48   41 8.121429 6.878571
  16   54   45 8.914286 7.085714
  22   58   72 9.914286 12.085714
   8   14   35 2.347619 5.652381
   7   12   28 2.133333 4.866667
  12   26   45 4.471429 7.528571
  15   30   62 4.947619 10.052381
   1    0    7 0.000000 1.000000
   1    0    6 0.000000 1.000000
   3    4   13 0.742857 2.257143
  17   70   32 11.848810 5.151190
  17   52   47 9.033333 7.966667
  22   64   70 10.696429 11.303571
  11   28   37 4.827381 6.172619
   1    0    7 0.000000 1.000000
   8    8   40 1.342857 6.657143
  19   56   59 9.392857 9.607143
   1    0    7 0.000000 1.000000
   3    6   11 1.066667 1.933333
   1    0    6 0.000000 1.000000
  15   52   38 8.652381 6.347619
  18   66   44 10.814286 7.185714
  21   68   57 11.430952 9.569048
   8   14   35 2.328571 5.671429
   2    2    9 0.366667 1.633333
   5    6   24 1.035714 3.964286
  26   96   59 16.132143 9.867857
   4    8   16 1.333333 2.666667
   1    0    6 0.000000 1.000000
  16   54   43 8.952381 7.047619
  27  116   48 19.276190 7.723810
  21   72   51 12.351190 8.648810
  11   36   30 6.190476 4.809524
   4    8   17 1.328571 2.671429
  20   74   43 12.690476 7.309524
   1    0    8 0.000000 1.000000
  28  102   66 17.147619 10.852381
  14   34   53 5.485714 8.514286
  20   52   69 8.542857 11.457143
  12   34   36 5.947619 6.052381
   3    2   18 0.309524 2.690476
  22   74   54 12.753571 9.246429
   1    0    6 0.000000 1.000000
  40  164   75 27.721429 12.278571
  23   88   46 14.972619 8.027381
  15   40   53 6.638492 8.361508
   6    8   29 1.283333 4.716667
  15   36   56 6.009524 8.990476
   1    0    5 0.000000 1.000000
  41  172   82 28.077381 12.922619
  16   48   45 8.333333 7.666667
   9   18   34 3.100000 5.900000
   8   14   33 2.438095 5.561905
  24   80   62 13.501190 10.498810
   2    2   10 0.333333 1.666667
  32  106   84 17.944048 14.055952
  12   28   43 4.714286 7.285714
  12   28   45 4.623810 7.376190
  18   68   40 11.616667 6.383333
  26   78   80 12.946429 13.053571
  22   48   89 7.819048 14.180952
  17   48   54 8.123810 8.876190
  19   52   57 9.133333 9.866667
  13   40   37 6.842857 6.157143
  29   82   93 13.714286 15.285714
  15   40   52 6.714286 8.285714
  17   52   53 8.651190 8.348810
  19   48   65 8.080952 10.919048
  20   56   63 9.660714 10.339286
  29   80   91 13.622619 15.377381
  17   36   70 5.885714 11.114286
  17   50   48 8.769048 8.230952
  20   76   45 12.819048 7.180952
  11   24   43 3.928571 7.071429
  35   94  114 16.180952 18.819048
  19   56   63 9.176190 9.823810
  25   84   67 13.895238 11.104762
  11   32   33 5.477381 5.522619
   9   12   43 2.104762 6.895238
  36   88  122 15.052381 20.947619
  19   56   55 9.271429 9.728571
  26   82   71 13.919048 12.080952
  10   32   27 5.452381 4.547619
   8   14   36 2.338095 5.661905
  37  108  119 17.917857 19.082143
  12   30   42 5.038095 6.961905
  21   56   79 8.979762 12.020238
   9   30   25 4.947619 4.052381
   5    4   27 0.652381 4.347619
  53  180  127 30.847619 22.152381
  13   38   39 6.428571 6.571429
  24   64   77 10.861905 13.138095
   5   10   18 1.800000 3.200000
   3    2   15 0.366667 2.633333
  55  220  117 36.652778 18.347222
  17   66   38 10.928571 6.071429
  28   84   81 14.278571 13.721429
   8   22   25 3.733333 4.266667
   1    0    6 0.000000 1.000000
  46  184   94 30.500000 15.500000
  12   32   39 5.485714 6.514286
  28   78   94 12.888095 15.111905
  12   44   27 7.466667 4.533333
  48  194   92 32.839286 15.160714
  15   32   56 5.580952 9.419048
  17   30   73 5.057143 11.942857
  13   44   37 7.190476 5.809524
  55  214  114 36.004762 18.995238
  21   68   56 11.533333 9.466667
  21   62   61 10.780952 10.219048
  19   76   40 12.814286 6.185714
  39  126  111 20.907143 18.092857
  26   90   63 15.169048 10.830952
  24   82   62 13.919048 10.080952
  11   30   40 4.958333 6.041667
  39  134   99 22.635714 16.364286
  34  132   68 22.185714 11.814286
  17   40   65 6.664286 10.335714
  12   28   42 4.854762 7.145238
  37  124  101 20.529762 16.470238
  43  176   80 29.614286 13.385714
  12   22   50 3.652381 8.347619
   5    6   24 0.985714 4.014286
  40  156   86 25.909524 14.090476
  44  176   89 29.342857 14.657143
  11   22   45 3.622619 7.377381
   2    2   10 0.333333 1.666667
  43  170   86 28.609524 14.390476
  50  202   91 34.298810 15.701190
  11   24   44 3.884524 7.115476
   2    2   12 0.285714 1.714286
  37  144   81 23.703571 13.296429
  46  182   94 30.548810 15.451190
  13   38   42 6.276190 6.723810
  41  154   90 25.980952 15.019048
  46  162  111 27.304762 18.695238
  15   48   44 7.966667 7.033333
  39  126  109 21.053571 17.946429
  48  184  104 30.784524 17.215476
   5    8   22 1.319048 3.680952
  47  184   98 30.869048 16.130952
  57  242   97 40.690476 16.309524
   5   10   19 1.809524 3.190476
  38  142   90 23.600000 14.400000
  68  334   74 55.828571 12.171429
   4   10   14 1.695238 2.304762
  28   94   74 15.886905 12.113095
  70  338   84 56.202381 13.797619
   2    2   10 0.333333 1.666667
  28   80   86 13.809524 14.190476
  62  282   88 47.233333 14.766667
   2    2   10 0.333333 1.666667
  36  128   90 21.273810 14.726190
  64  282   95 47.560714 16.439286
   5   10   20 1.685714 3.314286
  31  102   91 16.742857 14.257143
  59  252  101 42.292857 16.707143
   9   32   24 5.221429 3.778571
  32   84  107 14.152381 17.847619
  68  338   74 56.141667 11.858333
   7   24   18 4.066667 2.933333
  25   72   74 12.261905 12.738095
  72  368   65 61.433333 10.566667
   4    6   19 1.019048 2.980952
  24   86   56 14.695238 9.304762
  76  388   72 64.555952 11.444048
   3    4   12 0.766667 2.233333
  21   52   72 8.790476 12.209524
  71  348   80 57.695238 13.304762
   7   14   25 2.645238 4.354762
  22   70   63 11.796429 10.203571
  81  414   68 69.709524 11.290476
  10   30   30 5.109524 4.890476
   9   12   46 1.876190 7.123810
  80  428   51 71.297619 8.702381
  11   42   26 6.847619 4.152381
   9   20   33 3.461905 5.538095
  85  456   51 76.475000 8.525000
  11   30   37 4.864286 6.135714
   4    4   22 0.619048 3.380952
  80  432   47 72.095238 7.904762
  16   54   44 9.045238 6.954762
   4    8   15 1.516667 2.483333
  80  426   53 70.948810 9.051190
  19   68   46 11.409524 7.590476
   1    0    7 0.000000 1.000000
  82  424   65 71.123810 10.876190
  17   46   59 7.566667 9.433333
   1    0    6 0.000000 1.000000
  74  366   79 60.819048 13.180952
  21   62   65 10.338095 10.661905
   5   14   14 2.528571 2.471429
  69  326   91 54.204762 14.795238
  22   62   67 10.483333 11.516667
   9   28   26 4.738095 4.261905
  68  308   99 51.765476 16.234524
  28   82   87 13.841667 14.158333
   4    8   16 1.333333 2.666667
  65  300   93 49.833333 15.166667
  33  108   87 18.292857 14.707143
   2    2   10 0.333333 1.666667
  77  372   88 62.583333 14.416667
  22   50   84 8.442857 13.557143
   1    0    6 0.000000 1.000000
  72  338  100 55.752381 16.247619
  25   60   83 10.423810 14.576190
   3    2   17 0.342857 2.657143
  69  314   96 52.923810 16.076190
  27   84   80 14.176190 12.823810
   4    4   22 0.619048 3.380952
  68  330   81 54.822619 13.177381
  28   94   71 15.861905 12.138095
   4    8   16 1.409524 2.590476
  74  364   82 60.608333 13.391667
  24   68   75 11.519048 12.480952
   2    2    9 0.366667 1.633333
  83  432   68 71.954762 11.045238
  16   30   63 5.290476 10.709524
   1    0    7 0.000000 1.000000
  89  490   44 81.571429 7.428571
  11   22   44 3.780952 7.219048
  86  472   45 78.701190 7.298810
  14   38   45 6.470238 7.529762
  89  488   46 81.500000 7.500000
  11   20   46 3.366667 7.633333
  85  474   38 78.944444 6.055556
  15   50   38 8.530952 6.469048
  84  466   38 77.773810 6.226190
  16   58   38 9.661905 6.338095
  90  512   29 85.257143 4.742857
  10   30   29 5.100000 4.900000
  85  464   48 77.177381 7.822619
  15   40   48 6.869048 8.130952
  80  412   68 68.632143 11.367857
  20   52   68 8.557143 11.442857
  77  396   66 66.176190 10.823810
  23   72   66 12.229762 10.770238
  82  432   60 72.100000 9.900000
  18   48   60 8.061905 9.938095
  79  410   64 68.514286 10.485714
  21   62   64 10.485714 10.514286
  85  452   60 75.161905 9.838095
  15   28   60 4.914286 10.085714
  87  480   42 80.080952 6.919048
  13   36   42 6.142857 6.857143
  86  472   45 78.855952 7.144048
  14   38   45 6.533333 7.466667
  83  434   62 72.633333 10.366667
  17   42   62 7.121429 9.878571
  89  500   34 83.471429 5.528571
  11   32   34 5.357143 5.642857
  91  522   23 86.976190 4.023810
   9   32   23 5.366667 3.633333
  96  560   16 93.309524 2.690476
   4    8   16 1.308333 2.691667
  99  588    6 98.014286 0.985714
   1    0    6 0.000000 1.000000
 100  600    0 100.000000 0.000000
