   1    0    7 0.000000 1.000000
   2    2    9 0.366667 1.633333
   2    2    9 0.366667 1.633333
   4    8   16 1.333333 2.666667
   1    0    6 0.000000 1.000000
   4   10   14 1.666667 2.333333
   2    0   13 0.000000 2.000000
   4    8   15 1.361905 2.638095
   2    2   11 0.309524 1.690476
   1    0    6 0.000000 1.000000
   1    0    7 0.000000 1.000000
   4    6   19 0.952381 3.047619
   1    0    6 0.000000 1.000000
   2    2    8 0.400000 1.600000
   1    0    6 0.000000 1.000000
   2    2   10 0.342857 1.657143
   2    2    8 0.400000 1.600000
   2    2    9 0.366667 1.633333
   1    0    8 0.000000 1.000000
   1    0    7 0.000000 1.000000
   1    0    6 0.000000 1.000000
   5   12   17 2.033333 2.966667
   1    0    6 0.000000 1.000000
   1    0    5 0.000000 1.000000
   4    8   16 1.428571 2.571429
   2    2    8 0.400000 1.600000
   1    0    8 0.000000 1.000000
   1    0    6 0.000000 1.000000
   4    4   18 0.700000 3.300000
   2    2   11 0.309524 1.690476
   5   12   20 1.933333 3.066667
   3    4   13 0.733333 2.266667
   1    0    6 0.000000 1.000000
   1    0    6 0.000000 1.000000
   4   10   15 1.608333 2.391667
   1    0    5 0.000000 1.000000
   1    0    6 0.000000 1.000000
   1    0    7 0.000000 1.000000
   1    0    6 0.000000 1.000000
   2    2    9 0.366667 1.633333
   1    0    5 0.000000 1.000000
   2    2   10 0.333333 1.666667
   3    4   13 0.700000 2.300000
   2    2   10 0.333333 1.666667
   1    0    7 0.000000 1.000000
   1    0    6 0.000000 1.000000
   1    0    6 0.000000 1.000000
   1    0    7 0.000000 1.000000
   1    0    6 0.000000 1.000000
   1    0    7 0.000000 1.000000
   1    0    6 0.000000 1.000000
   1    0    5 0.000000 1.000000
   1    0    7 0.000000 1.000000
   1    0    7 0.000000 1.000000
   1    0    7 0.000000 1.000000
   1    0    6 0.000000 1.000000
   2    2    9 0.366667 1.633333
   4   10   15 1.619048 2.380952
   6   12   24 2.085714 3.914286
   2    0   11 0.000000 2.000000
   2    2   11 0.309524 1.690476
   3    4   14 0.666667 2.333333
   3    6   13 0.983333 2.016667
   2    0   14 0.000000 2.000000
   2    2   11 0.309524 1.690476
   6   14   22 2.395238 3.604762
   6   18   18 2.980952 3.019048
   1    0    6 0.000000 1.000000
   2    2    9 0.366667 1.633333
   1    0    6 0.000000 1.000000
   1    0    6 0.000000 1.000000
   1    0    6 0.000000 1.000000
   5   10   16 1.900000 3.100000
   5    6   25 1.034524 3.965476
   1    0    5 0.000000 1.000000
   1    0    7 0.000000 1.000000
   3    6   12 1.019048 1.980952
   2    2   10 0.333333 1.666667
   2    2    9 0.366667 1.633333
   1    0    7 0.000000 1.000000
   5   14   16 2.361905 2.638095
   1    0    7 0.000000 1.000000
   1    0    7 0.000000 1.000000
   2    2   11 0.309524 1.690476
   4    8   14 1.500000 2.500000
   4    6   19 1.019048 2.980952
   1    0    6 0.000000 1.000000
   1    0    8 0.000000 1.000000
   2    2   10 0.342857 1.657143
   1    0    7 0.000000 1.000000
   3    4   11 0.800000 2.200000
   1    0    6 0.000000 1.000000
   3    2   14 0.366667 2.633333
   5   10   19 1.804762 3.195238
   1    0    6 0.000000 1.000000
   5   12   16 2.104762 2.895238
   3    6   12 1.000000 2.000000
   3    6   15 0.888889 2.111111
   1    0    6 0.000000 1.000000
   1    0    6 0.000000 1.000000
   3    6   12 1.000000 2.000000
   5   12   18 2.080952 2.919048
  11   32   30 5.616667 5.383333
  10   32   31 5.247619 4.752381
   3    6   12 1.019048 1.980952
   2    2    9 0.366667 1.633333
   2    2   10 0.333333 1.666667
   2    2   12 0.291667 1.708333
   7   12   28 2.133333 4.866667
   8   18   32 2.964286 5.035714
   1    0    6 0.000000 1.000000
   2    0   12 0.000000 2.000000
   1    0    6 0.000000 1.000000
   1    0    5 0.000000 1.000000
   7   20   23 3.285714 3.714286
   1    0    6 0.000000 1.000000
   2    2   12 0.291667 1.708333
   6    8   25 1.476190 4.523810
   1    0    7 0.000000 1.000000
   3    6   12 1.000000 2.000000
   1    0    6 0.000000 1.000000
   1    0    6 0.000000 1.000000
   6   14   21 2.404762 3.595238
   2    2    7 0.450000 1.550000
  10   26   32 4.423810 5.576190
   1    0    6 0.000000 1.000000
   2    2   13 0.267857 1.732143
   6   14   23 2.358333 3.641667
  13   38   38 6.452381 6.547619
   8   20   27 3.536905 4.463095
   4    6   18 1.058333 2.941667
   3    4   15 0.642857 2.357143
   1    0    7 0.000000 1.000000
   5   14   16 2.328571 2.671429
   7   12   32 1.971429 5.028571
   5   14   17 2.338095 2.661905
   3    2   15 0.400000 2.600000
   1    0    6 0.000000 1.000000
   2    2    9 0.366667 1.633333
   5   12   19 2.004762 2.995238
   4   10   14 1.719048 2.280952
   2    2   12 0.285714 1.714286
   6    6   30 0.976190 5.023810
   1    0    8 0.000000 1.000000
   3    4   12 0.792857 2.207143
   6   12   22 2.100000 3.900000
  16   62   34 10.433333 5.566667
   4    6   16 1.100000 2.900000
   2    2    9 0.366667 1.633333
   4    6   19 0.952381 3.047619
   9   18   41 2.952381 6.047619
   6    8   28 1.361905 4.638095
   7   22   21 3.619048 3.380952
   7   22   20 3.685714 3.314286
   8   18   32 2.879762 5.120238
   3    6   11 1.066667 1.933333
   1    0    5 0.000000 1.000000
   2    2    9 0.366667 1.633333
   8   26   22 4.257143 3.742857
   2    0   12 0.000000 2.000000
  13   50   25 8.759524 4.240476
   2    2   10 0.333333 1.666667
   3    4   15 0.619048 2.380952
   3    2   15 0.366667 2.633333
  18   64   48 10.542857 7.457143
   3    4   14 0.709524 2.290476
   2    2    9 0.366667 1.633333
  12   44   31 7.260714 4.739286
   5    4   27 0.652381 4.347619
   4    6   18 1.042857 2.957143
  11   32   34 5.476190 5.523810
   3    2   15 0.366667 2.633333
   4    0   25 0.000000 4.000000
   3    2   17 0.309524 2.690476
   6   12   22 2.166667 3.833333
   5   12   17 2.052381 2.947619
  13   44   34 7.390476 5.609524
   1    0    7 0.000000 1.000000
  10   22   32 4.147619 5.852381
  15   46   43 7.714286 7.285714
   2    2   11 0.309524 1.690476
   2    2   10 0.333333 1.666667
  14   46   40 7.419048 6.580952
   6   12   23 2.052381 3.947619
   9   28   22 4.952381 4.047619
   8   16   31 2.742857 5.257143
   3    6   14 0.916667 2.083333
   2    2    9 0.366667 1.633333
   2    2   11 0.309524 1.690476
   4    6   18 1.019048 2.980952
   3    4   17 0.571429 2.428571
  10   34   25 5.814286 4.185714
  10   34   25 5.928571 4.071429
  10   32   29 5.314286 4.685714
  29  114   59 19.289286 9.710714
   2    2   11 0.309524 1.690476
   1    0    7 0.000000 1.000000
  10   16   42 2.761905 7.238095
   4    8   14 1.500000 2.500000
   3    4   16 0.592857 2.407143
   5    6   25 0.985714 4.014286
   3    4   12 0.766667 2.233333
   2    2   10 0.342857 1.657143
   2    0   13 0.000000 2.000000
   5    8   23 1.309524 3.690476
   5   10   20 1.685714 3.314286
  15   56   32 9.485714 5.514286
   6   12   26 1.980952 4.019048
   8   28   20 4.790476 3.209524
  31  122   62 20.504762 10.495238
   1    0    7 0.000000 1.000000
   1    0    7 0.000000 1.000000
   5    4   28 0.619048 4.380952
   3    4   12 0.733333 2.266667
   1    0    7 0.000000 1.000000
  12   42   29 7.023810 4.976190
   3    4   12 0.766667 2.233333
   2    2   12 0.285714 1.714286
   6   14   23 2.338095 3.661905
   7   20   21 3.433333 3.566667
  16   54   41 9.185714 6.814286
   5   12   18 2.028571 2.971429
   7   12   31 1.976190 5.023810
  27  106   57 17.604762 9.395238
   2    2    9 0.366667 1.633333
   7   12   30 2.076190 4.923810
  16   54   37 9.405952 6.594048
   2    2   10 0.333333 1.666667
   2    2   11 0.309524 1.690476
   5    6   26 1.028571 3.971429
   6   12   24 1.957143 4.042857
  19   70   44 11.757143 7.242857
   7   20   22 3.409524 3.590476
   7   14   30 2.238095 4.761905
  21   74   55 12.278571 8.721429
   8   24   21 4.128571 3.871429
   5    4   23 0.766667 4.233333
   9   18   39 2.869048 6.130952
   6   14   22 2.338095 3.661905
   3    4   15 0.642857 2.357143
   7   10   28 1.833333 5.166667
   9   20   39 3.214286 5.785714
  14   48   34 8.188095 5.811905
   2    0   12 0.000000 2.000000
  16   52   44 8.604762 7.395238
  17   46   57 7.704762 9.295238
  11   36   29 6.128571 4.871429
   5    4   26 0.733333 4.266667
  16   46   48 8.030952 7.969048
   6   12   22 2.166667 3.833333
   2    0   13 0.000000 2.000000
   7   16   27 2.733333 4.266667
   6   12   26 1.923810 4.076190
  23   96   40 16.433333 6.566667
   4    4   20 0.733333 3.266667
   3    2   18 0.333333 2.666667
  14   34   50 5.733333 8.266667
  15   60   30 10.123810 4.876190
   2    2   12 0.285714 1.714286
   7   12   31 1.928571 5.071429
   6   10   26 1.652381 4.347619
   2    0   12 0.000000 2.000000
   8    8   37 1.419048 6.580952
   9   24   31 4.033333 4.966667
  27  104   57 17.627381 9.372619
   6   10   27 1.719048 4.280952
   4    6   17 1.085714 2.914286
  17   52   50 8.752381 8.247619
  11   34   34 5.497619 5.502381
   1    0    7 0.000000 1.000000
   7   10   30 1.800000 5.200000
  11   32   34 5.542857 5.457143
   4   10   15 1.683333 2.316667
   7    6   36 1.000000 6.000000
   3    2   15 0.400000 2.600000
  32  110   81 18.404762 13.595238
   7   16   26 2.671429 4.328571
  14   36   48 6.085714 7.914286
  18   58   48 9.833333 8.166667
   1    0    6 0.000000 1.000000
   8   26   20 4.514286 3.485714
  10   30   33 4.783333 5.216667
   2    2   11 0.309524 1.690476
  12   36   34 6.176190 5.823810
   3    4   16 0.595238 2.404762
  24   66   78 11.076190 12.923810
   8   18   30 2.990476 5.009524
   7   12   30 2.052381 4.947619
  21   54   67 9.367857 11.632143
   4   10   14 1.666667 2.333333
  12   30   44 4.904762 7.095238
   2    2   10 0.333333 1.666667
   9   28   26 4.666667 4.333333
   6   20   18 3.403571 2.596429
  32  126   65 21.088095 10.911905
   7   14   30 2.364286 4.635714
   7   12   26 2.207143 4.792857
  11   20   49 3.219048 7.780952
   7   16   25 2.680952 4.319048
   7   12   31 1.971429 5.028571
   6   14   24 2.321429 3.678571
   9   22   32 3.642857 5.357143
  46  174   99 29.317857 16.682143
   7   16   28 2.523810 4.476190
   6    8   30 1.334524 4.665476
  10   12   49 1.914286 8.085714
   8    8   41 1.328571 6.671429
  11   24   39 4.185714 6.814286
  14   38   48 6.200000 7.800000
  48  178  104 30.197619 17.802381
   3    4   17 0.559524 2.440476
   3    2   15 0.366667 2.633333
  13   24   55 3.957143 9.042857
   9   18   37 3.147619 5.852381
  15   32   52 5.780952 9.219048
  17   54   53 8.644048 8.355952
  43  170   88 28.426190 14.573810
   3    0   18 0.000000 3.000000
  13   30   49 5.098810 7.901190
  13   42   35 7.200000 5.800000
  15   34   56 5.852381 9.147619
  20   62   60 10.147619 9.852381
  36  148   66 24.622619 11.377381
   3    4   13 0.733333 2.266667
   7   14   28 2.328571 4.671429
  21   74   53 12.244048 8.755952
  15   36   49 6.401190 8.598810
  17   38   66 6.138095 10.861905
  37  162   63 26.852381 10.147619
  25   96   51 16.185714 8.814286
  22   72   66 11.600000 10.400000
  18   50   52 8.776190 9.223810
  35  146   67 24.114286 10.885714
  34  144   61 24.080952 9.919048
  14   42   43 7.028571 6.971429
  15   44   43 7.507143 7.492857
  37  158   65 26.427381 10.572619
  28  106   61 17.747619 10.252381
  10   34   24 5.895238 4.104762
  19   58   56 10.033333 8.966667
  43  196   65 32.610714 10.389286
  24   82   68 13.333333 10.666667
  16   54   41 9.080952 6.919048
  18   60   49 10.016667 7.983333
  42  182   64 31.016667 10.983333
  36  128   82 22.016667 13.983333
  15   44   48 7.309524 7.690476
  16   38   60 6.252381 9.747619
  33  130   70 21.675000 11.325000
  40  158   83 26.442857 13.557143
  15   36   53 6.147619 8.852381
  14   32   52 5.476190 8.523810
  31  126   60 20.973810 10.026190
  55  240   90 40.211905 14.788095
   9   10   43 1.709524 7.290476
  14   44   39 7.371429 6.628571
  22   72   62 11.971429 10.028571
  49  204   93 34.023810 14.976190
  17   62   38 10.650000 6.350000
  15   52   37 8.895238 6.104762
  19   64   50 10.697619 8.302381
  60  286   81 47.455952 12.544048
  16   58   35 9.861905 6.138095
  11   32   31 5.600000 5.400000
  13   30   47 5.080952 7.919048
  60  266   91 44.671429 15.328571
  24   96   52 15.870238 8.129762
   7    8   33 1.376190 5.623810
   9   16   38 2.752381 6.247619
  59  280   78 46.467857 12.532143
  18   64   43 10.752381 7.247619
  11   26   38 4.452381 6.547619
  12   30   41 5.052381 6.947619
  51  224   84 37.442857 13.557143
  21   74   53 12.357143 8.642857
  15   34   53 5.866667 9.133333
  13   30   48 5.100000 7.900000
  48  200   86 33.604762 14.395238
  20   60   58 10.135714 9.864286
  16   38   57 6.477381 9.522619
  16   54   47 8.838095 7.161905
  42  172   78 28.728571 13.271429
  18   66   41 11.309524 6.690476
  25   94   59 15.609524 9.390476
  15   38   52 6.271429 8.728571
  43  160   91 27.019048 15.980952
  10   26   41 4.086905 5.913095
  29   98   73 16.609524 12.390476
  18   36   75 5.852381 12.147619
  48  188   99 31.661905 16.338095
   8   14   34 2.371429 5.628571
  25   84   70 14.016667 10.983333
  19   44   67 7.533333 11.466667
  30  110   72 18.266667 11.733333
  14   40   44 6.671429 7.328571
  23   92   51 15.103571 7.896429
  33  100   91 17.300000 15.700000
  32  108   81 18.385714 13.614286
  11   26   40 4.395238 6.604762
  28  112   56 18.909524 9.090476
  29   98   79 16.248810 12.751190
  33  114   83 19.114286 13.885714
   3    2   16 0.309524 2.690476
  35  146   65 24.466667 10.533333
  29  104   70 17.371429 11.628571
  26   80   76 13.423810 12.576190
   3    4   14 0.666667 2.333333
  45  190   84 31.651190 13.348810
  26   96   56 16.460714 9.539286
  26   88   69 14.670238 11.329762
  44  174   92 28.980952 15.019048
  30  106   71 17.921429 12.078571
  18   62   44 10.541667 7.458333
  47  190   91 31.817857 15.182143
  35  124   89 20.565476 14.434524
  28   94   73 15.696429 12.303571
  40  132  107 22.509524 17.490476
  32   98   96 16.296429 15.703571
  30  110   68 18.473810 11.526190
  46  194   79 32.700000 13.300000
  24   68   81 11.052381 12.947619
  33  102   93 17.394048 15.605952
  48  186  101 31.373810 16.626190
  19   42   76 6.775000 12.225000
  18   38   73 6.366667 11.633333
  61  276   91 46.055952 14.944048
  21   50   72 8.628571 12.371429
  10   16   43 2.785714 7.214286
  62  294   79 49.095238 12.904762
  28  104   64 17.433333 10.566667
  10   20   41 3.314286 6.685714
  62  296   79 49.067857 12.932143
  28   98   66 16.607143 11.392857
   5    6   24 1.042857 3.957143
  55  246   81 41.330952 13.669048
  40  174   69 28.873810 11.126190
   6   12   25 1.952381 4.047619
  62  292   77 49.055952 12.944048
  32  132   62 21.883333 10.116667
  60  278   80 46.602381 13.397619
  40  162   80 27.026190 12.973810
  65  314   75 52.766667 12.233333
  35  136   75 23.053571 11.946429
  60  276   85 46.165476 13.834524
  40  154   85 25.904762 14.095238
  64  300   80 50.482143 13.517857
  36  140   80 23.195238 12.804762
  69  348   67 57.865476 11.134524
  31  118   67 19.915476 11.084524
  76  396   61 65.885714 10.114286
  24   82   61 13.838095 10.161905
  74  370   73 61.751190 12.248810
  26   84   73 13.980952 12.019048
  69  340   74 57.010714 11.989286
  31  112   74 18.909524 12.090476
  58  264   85 43.725000 14.275000
  42  166   85 27.796429 14.203571
  58  260   91 43.444048 14.555952
  42  158   91 26.726190 15.273810
  66  280  109 47.526190 18.473810
  34  102  109 16.766667 17.233333
  62  266  110 44.551984 17.448016
  38  114  110 19.616667 18.383333
  64  304   80 50.950000 13.050000
  36  136   80 22.904762 13.095238
  68  332   78 55.440476 12.559524
  32  112   78 19.133333 12.866667
  68  322   93 53.411905 14.588095
  32   92   93 15.852381 16.147619
  75  366   84 61.151190 13.848810
  25   66   84 11.094048 13.905952
  72  354   74 59.578571 12.421429
  28   98   74 16.397619 11.602381
  69  338   75 56.409524 12.590476
  31  112   75 18.723810 12.276190
  71  340   92 56.428571 14.571429
  29   76   92 13.154762 15.845238
  68  346   65 57.657143 10.342857
  32  124   65 20.795238 11.204762
  75  380   72 63.425000 11.575000
  25   76   72 12.976190 12.023810
  78  416   52 69.419048 8.580952
  22   80   52 13.450000 8.550000
  89  496   44 82.369048 6.630952
  11   16   44 2.995238 8.004762
  88  494   36 82.123810 5.876190
  12   34   36 5.847619 6.152381
  92  520   30 86.928571 5.071429
   8   20   30 3.285714 4.714286
  93  538   22 89.519048 3.480952
   7   18   22 3.228571 3.771429
  95  556   16 92.476190 2.523810
   5   12   16 2.271429 2.728571
 100  600    0 100.000000 0.000000
