   1    0    5 0.000000 1.000000
   4   10   13 1.766667 2.233333
   1    0    8 0.000000 1.000000
   1    0    6 0.000000 1.000000
   1    0    6 0.000000 1.000000
   1    0    7 0.000000 1.000000
   1    0    6 0.000000 1.000000
   1    0    7 0.000000 1.000000
   4   10   15 1.595238 2.404762
   1    0    5 0.000000 1.000000
   2    2    9 0.366667 1.633333
   1    0    6 0.000000 1.000000
   3    6   12 1.019048 1.980952
   1    0    7 0.000000 1.000000
   1    0    6 0.000000 1.000000
   3    4   14 0.709524 2.290476
   3    4   14 0.676190 2.323810
   1    0    7 0.000000 1.000000
   1    0    5 0.000000 1.000000
   2    0   13 0.000000 2.000000
   1    0    6 0.000000 1.000000
   2    2    8 0.400000 1.600000
   4    6   19 0.952381 3.047619
   5   14   16 2.408333 2.591667
   1    0    6 0.000000 1.000000
   2    2    9 0.366667 1.633333
   1    0    6 0.000000 1.000000
   1    0    6 0.000000 1.000000
   1    0    7 0.000000 1.000000
   3    6   11 1.066667 1.933333
   2    2   10 0.333333 1.666667
   1    0    7 0.000000 1.000000
   1    0    7 0.000000 1.000000
   3    6   13 0.952381 2.047619
   1    0    6 0.000000 1.000000
   2    2    8 0.400000 1.600000
   4   10   14 1.719048 2.280952
   2    2    9 0.366667 1.633333
   3    6   11 1.066667 1.933333
   1    0    6 0.000000 1.000000
   2    2   10 0.342857 1.657143
   1    0    7 0.000000 1.000000
   6   16   18 2.800000 3.200000
   5    8   21 1.385714 3.614286
   2    2   12 0.285714 1.714286
   5   14   16 2.333333 2.666667
   2    2    9 0.366667 1.633333
   1    0    7 0.000000 1.000000
   1    0    6 0.000000 1.000000
   9   28   23 4.961905 4.038095
   1    0    7 0.000000 1.000000
   1    0    6 0.000000 1.000000
   2    2    9 0.366667 1.633333
   2    2   10 0.333333 1.666667
   2    0   13 0.000000 2.000000
   1    0    7 0.000000 1.000000
   1    0    6 0.000000 1.000000
   3    2   16 0.333333 2.666667
   2    2   12 0.285714 1.714286
   1    0    5 0.000000 1.000000
   3    4   13 0.700000 2.300000
   2    2   11 0.309524 1.690476
   5   12   18 1.961905 3.038095
   1    0    7 0.000000 1.000000
   1    0    6 0.000000 1.000000
   4   10   14 1.719048 2.280952
   4    8   15 1.385714 2.614286
  13   50   27 8.576190 4.423810
   3    6   13 0.971429 2.028571
   1    0    6 0.000000 1.000000
   4    4   23 0.577381 3.422619
   1    0    5 0.000000 1.000000
   3    4   13 0.700000 2.300000
   8   22   24 3.833333 4.166667
   2    2    9 0.366667 1.633333
   3    6   13 0.983333 2.016667
   2    2   11 0.309524 1.690476
   2    2   12 0.285714 1.714286
  10   30   27 5.200000 4.800000
   3    4   15 0.619048 2.380952
  10   24   35 4.023810 5.976190
   5   14   15 2.461905 2.538095
   5   10   21 1.685714 3.314286
   2    2   10 0.333333 1.666667
   4    4   19 0.733333 3.266667
   4    8   15 1.361905 2.638095
   4    6   16 1.133333 2.866667
   3    6   11 1.066667 1.933333
   8   20   29 3.285714 4.714286
   3    6   13 0.952381 2.047619
   7   22   20 3.825000 3.175000
   3    6   14 0.904762 2.095238
   3    4   14 0.709524 2.290476
  10   20   38 3.441667 6.558333
   2    2   11 0.309524 1.690476
   2    2    9 0.366667 1.633333
   2    0   13 0.000000 2.000000
   1    0    7 0.000000 1.000000
   8   14   34 2.335714 5.664286
   3    4   15 0.642857 2.357143
   4    8   15 1.400000 2.600000
   4    8   16 1.319048 2.680952
   3    4   16 0.619048 2.380952
   6    8   30 1.208333 4.791667
   4    4   19 0.709524 3.290476
   2    2    9 0.366667 1.633333
   5    2   27 0.366667 4.633333
   5    6   24 1.000000 4.000000
   4    6   20 0.928571 3.071429
   5    4   26 0.700000 4.300000
   5   10   20 1.728571 3.271429
   5    6   26 0.985714 4.014286
   5   10   18 1.833333 3.166667
   9   18   35 3.119048 5.880952
   4    2   21 0.400000 3.600000
   3    6   13 0.952381 2.047619
  10   26   35 4.385714 5.614286
   1    0    5 0.000000 1.000000
   2    0   11 0.000000 2.000000
   2    2    9 0.366667 1.633333
   8   16   32 2.733333 5.266667
   4    8   16 1.319048 2.680952
   4   10   15 1.647619 2.352381
   6   18   18 3.011111 2.988889
   1    0    7 0.000000 1.000000
   6    8   28 1.319048 4.680952
   1    0    7 0.000000 1.000000
   2    2   10 0.333333 1.666667
   1    0    6 0.000000 1.000000
   7   24   17 4.214286 2.785714
   4    8   16 1.352381 2.647619
   7   12   29 2.109524 4.890476
   4    6   17 1.085714 2.914286
   5   10   20 1.638095 3.361905
   7   18   25 3.019048 3.980952
  12   36   38 5.885714 6.114286
   6   16   18 2.895238 3.104762
   7   10   32 1.695238 5.304762
   3    6   12 1.019048 1.980952
   1    0    6 0.000000 1.000000
  13   38   39 6.442857 6.557143
   9   22   32 3.700000 5.300000
   2    2   11 0.309524 1.690476
   3    4   15 0.642857 2.357143
   7   20   24 3.300000 3.700000
   2    2    8 0.400000 1.600000
   1    0    5 0.000000 1.000000
   6   10   24 1.785714 4.214286
  14   38   46 6.714286 7.285714
   5    8   24 1.309524 3.690476
   3    6   13 0.952381 2.047619
   7   20   23 3.238095 3.761905
  11   22   45 3.821429 7.178571
   4   10   15 1.671429 2.328571
  15   52   35 8.925000 6.075000
   6   16   20 2.600000 3.400000
   1    0    6 0.000000 1.000000
   5    8   23 1.271429 3.728571
  10   24   34 4.133333 5.866667
   3    2   17 0.342857 2.657143
   6   14   21 2.404762 3.595238
   2    2   11 0.309524 1.690476
  12   32   39 5.385714 6.614286
   8   18   31 2.995238 5.004762
   3    4   14 0.666667 2.333333
   3    6   14 0.904762 2.095238
  14   42   48 6.635714 7.364286
   6   16   18 2.828571 3.171429
  26  110   44 18.619048 7.380952
   4    6   17 1.076190 2.923810
   1    0    6 0.000000 1.000000
   3    4   12 0.766667 2.233333
   7    8   32 1.400000 5.600000
   5    8   23 1.328571 3.671429
   5    8   22 1.309524 3.690476
   1    0    6 0.000000 1.000000
  18   62   48 10.302381 7.697619
  11   20   44 3.423810 7.576190
   2    2   11 0.309524 1.690476
  15   44   47 7.389286 7.610714
   4    4   20 0.676190 3.323810
  27  104   55 17.688095 9.311905
   3    6   12 1.019048 1.980952
   9   22   33 3.619048 5.380952
   5   14   16 2.357143 2.642857
   8   18   30 3.019048 4.980952
   5    8   20 1.466667 3.533333
   2    2   11 0.309524 1.690476
  21   74   53 12.452381 8.547619
   8   18   29 3.114286 4.885714
  40  170   68 28.540476 11.459524
   4    6   20 0.916667 3.083333
  10   14   47 2.361905 7.638095
   2    2   10 0.333333 1.666667
   4    4   19 0.700000 3.300000
   9   26   27 4.495238 4.504762
   1    0    6 0.000000 1.000000
  26   90   67 14.982143 11.017857
   8   12   36 2.019048 5.980952
  40  160   78 26.919048 13.080952
   5   10   20 1.666667 3.333333
   5    6   26 0.952381 4.047619
   2    2   11 0.309524 1.690476
   2    0   12 0.000000 2.000000
  10   30   30 4.980952 5.019048
   1    0    5 0.000000 1.000000
  20   56   66 9.371429 10.628571
  10   26   34 4.390476 5.609524
  46  190   84 32.054762 13.945238
   7   12   31 2.095238 4.904762
   2    2   10 0.342857 1.657143
   2    2   10 0.333333 1.666667
   6   14   21 2.338095 3.661905
  13   42   32 7.219048 5.780952
   1    0    7 0.000000 1.000000
  22   64   69 10.900000 11.100000
   9   20   35 3.255952 5.744048
  41  166   82 27.869048 13.130952
   8   14   34 2.376190 5.623810
   2    2    9 0.366667 1.633333
  17   66   34 11.266667 5.733333
   2    2   11 0.309524 1.690476
  19   52   62 8.857143 10.142857
  14   42   41 7.157143 6.842857
  37  164   60 27.319048 9.680952
   9   20   35 3.300000 5.700000
   1    0    6 0.000000 1.000000
  13   36   40 6.195238 6.804762
  28  102   66 17.257143 10.742857
  13   26   53 4.347619 8.652381
  40  178   62 30.126190 9.873810
   5    8   23 1.309524 3.690476
   3    4   13 0.742857 2.257143
  12   22   51 3.600000 8.400000
  36  146   67 24.733333 11.266667
   6    8   27 1.366667 4.633333
  40  166   78 27.496429 12.503571
   3    4   14 0.666667 2.333333
  19   42   71 7.061905 11.938095
  32  110   81 18.478571 13.521429
   9   16   37 2.704762 6.295238
  34  122   86 20.058333 13.941667
   6   14   21 2.375000 3.625000
  32  120   67 20.314286 11.685714
  20   44   79 7.221429 12.778571
   9   16   39 2.695238 6.304762
  30  102   78 17.001190 12.998810
   9   30   25 4.971429 4.028571
  26   88   69 14.896429 11.103571
  19   56   55 9.576190 9.423810
  13   36   43 6.194048 6.805952
  30  100   82 16.601190 13.398810
  12   42   29 7.114286 4.885714
  26   84   71 14.161905 11.838095
  24   84   56 14.445238 9.554762
  10   20   41 3.623810 6.376190
  27   80   85 13.085714 13.914286
  13   38   41 6.304762 6.695238
  20   62   61 10.314286 9.685714
  16   44   50 7.514286 8.485714
   9   14   39 2.419048 6.580952
  46  160  116 27.172619 18.827381
   9   24   30 4.020238 4.979762
  26   84   74 14.050000 11.950000
  23   66   72 11.071429 11.928571
   7   10   29 1.833333 5.166667
  37  112  110 18.871429 18.128571
   7   18   25 2.904762 4.095238
  23   76   62 12.604762 10.395238
  16   36   66 5.800000 10.200000
  14   46   37 7.685714 6.314286
  45  160  107 27.314286 17.685714
   2    0   10 0.000000 2.000000
  32  106   80 18.028571 13.971429
  11   18   50 2.954762 8.045238
  10   28   31 4.752381 5.247619
  46  180  100 29.991667 16.008333
   1    0    7 0.000000 1.000000
  35  132   80 21.776190 13.223810
   9   24   30 4.171429 4.828571
   8   16   32 2.700000 5.300000
  48  176  110 29.671429 18.328571
  38  150   79 24.819048 13.180952
   4    6   18 1.066667 2.933333
   2    2    9 0.366667 1.633333
  56  238   98 39.786905 16.213095
  23   68   76 11.005556 11.994444
   2    2   10 0.333333 1.666667
   1    0    6 0.000000 1.000000
  74  354   84 59.575000 14.425000
  19   58   54 9.828571 9.171429
   3    2   15 0.342857 2.657143
   1    0    7 0.000000 1.000000
  77  394   70 65.764286 11.235714
  28   94   68 16.150000 11.850000
   4    4   19 0.709524 3.290476
   1    0    6 0.000000 1.000000
  67  324   85 53.310714 13.689286
  30  102   80 16.933333 13.066667
   2    2   10 0.333333 1.666667
  68  316   90 52.838095 15.161905
  31  104   81 17.463095 13.536905
   1    0    6 0.000000 1.000000
  68  322   87 53.738095 14.261905
  23   76   65 12.726190 10.273810
   1    0    6 0.000000 1.000000
  76  382   71 63.995238 12.004762
  15   44   46 7.285714 7.714286
   1    0    7 0.000000 1.000000
  84  450   53 75.190476 8.809524
  21   74   50 12.676190 8.323810
  79  426   50 70.967857 8.032143
  22   84   48 13.936905 8.063095
  78  420   48 70.084524 7.915476
  26  102   50 17.533333 8.466667
  74  398   50 66.189286 7.810714
  23   78   60 13.376190 9.623810
  77  402   60 67.296429 9.703571
  19   54   65 8.834524 10.165476
  81  416   65 69.828571 11.171429
  17   34   73 5.504762 11.495238
  83  420   73 70.709524 12.290476
  15   22   65 3.757143 11.242857
  85  448   65 74.675000 10.325000
  18   48   60 8.090476 9.909524
  82  432   60 72.033333 9.966667
  26   76   82 12.613095 13.386905
  74  360   82 60.111905 13.888095
  19   48   68 8.033333 10.966667
  81  416   68 69.736905 11.263095
   4    2   23 0.309524 3.690476
  96  552   23 92.175000 3.825000
   8   12   38 1.971429 6.028571
  92  512   38 85.595238 6.404762
   6    6   29 1.042857 4.957143
  94  536   29 89.213095 4.786905
   6   12   25 2.019048 3.980952
  94  538   25 89.871429 4.128571
   7   10   33 1.709524 5.290476
  93  524   33 87.407143 5.592857
   2    0   11 0.000000 2.000000
  98  578   11 96.195238 1.804762
   1    0    7 0.000000 1.000000
  99  586    7 97.757143 1.242857
 100  600    0 100.000000 0.000000
