   1    0    5 0.000000 1.000000
   2    2   11 0.309524 1.690476
   2    2    9 0.366667 1.633333
   1    0    7 0.000000 1.000000
   1    0    6 0.000000 1.000000
   4   10   13 1.766667 2.233333
   2    2   10 0.342857 1.657143
   4    6   19 0.976190 3.023810
   1    0    6 0.000000 1.000000
   2    2    9 0.366667 1.633333
   4   10   13 1.785714 2.214286
   1    0    6 0.000000 1.000000
   1    0    6 0.000000 1.000000
   1    0    6 0.000000 1.000000
   1    0    6 0.000000 1.000000
   1    0    7 0.000000 1.000000
   3    4   15 0.642857 2.357143
   3    4   14 0.709524 2.290476
   1    0    6 0.000000 1.000000
   1    0    6 0.000000 1.000000
   3    4   12 0.733333 2.266667
   1    0    6 0.000000 1.000000
   3    6   12 1.000000 2.000000
   2    2   11 0.309524 1.690476
   2    2   10 0.333333 1.666667
   1    0    6 0.000000 1.000000
   1    0    6 0.000000 1.000000
   1    0    6 0.000000 1.000000
   2    2    9 0.366667 1.633333
   2    2   12 0.291667 1.708333
   1    0    6 0.000000 1.000000
   2    2   10 0.333333 1.666667
   6   14   22 2.371429 3.628571
   1    0    6 0.000000 1.000000
   1    0    6 0.000000 1.000000
   1    0    6 0.000000 1.000000
   1    0    6 0.000000 1.000000
   1    0    6 0.000000 1.000000
   1    0    6 0.000000 1.000000
   1    0    7 0.000000 1.000000
   1    0    6 0.000000 1.000000
   1    0    6 0.000000 1.000000
   4    6   17 1.052381 2.947619
   1    0    6 0.000000 1.000000
   1    0    5 0.000000 1.000000
   1    0    7 0.000000 1.000000
   1    0    6 0.000000 1.000000
   3    6   12 1.019048 1.980952
   3    6   12 1.019048 1.980952
   2    2    9 0.366667 1.633333
   2    0   14 0.000000 2.000000
   3    4   11 0.800000 2.200000
   1    0    7 0.000000 1.000000
   1    0    6 0.000000 1.000000
   2    2   10 0.342857 1.657143
   1    0    6 0.000000 1.000000
   1    0    7 0.000000 1.000000
   1    0    6 0.000000 1.000000
   1    0    6 0.000000 1.000000
   1    0    6 0.000000 1.000000
   1    0    7 0.000000 1.000000
   5    8   21 1.366667 3.633333
   2    2   11 0.309524 1.690476
   7   22   18 3.790476 3.209524
   1    0    5 0.000000 1.000000
   6   10   23 1.800000 4.200000
   1    0    6 0.000000 1.000000
   1    0    6 0.000000 1.000000
   1    0    6 0.000000 1.000000
   6   14   19 2.614286 3.385714
   4    2   20 0.366667 3.633333
   3    4   13 0.700000 2.300000
   1    0    6 0.000000 1.000000
   5   12   17 2.095238 2.904762
   3    6   12 1.000000 2.000000
   1    0    6 0.000000 1.000000
   1    0    7 0.000000 1.000000
   1    0    6 0.000000 1.000000
   1    0    6 0.000000 1.000000
   1    0    6 0.000000 1.000000
   8   18   31 2.976190 5.023810
   1    0    6 0.000000 1.000000
   1    0    7 0.000000 1.000000
   2    2   10 0.333333 1.666667
   2    2   10 0.333333 1.666667
   1    0    7 0.000000 1.000000
   1    0    8 0.000000 1.000000
   4    8   16 1.314286 2.685714
   1    0    6 0.000000 1.000000
   1    0    7 0.000000 1.000000
   3    4   16 0.583333 2.416667
   4    8   17 1.309524 2.690476
   1    0    7 0.000000 1.000000
   3    4   15 0.642857 2.357143
   3    4   13 0.733333 2.266667
   1    0    6 0.000000 1.000000
   2    2   11 0.309524 1.690476
   3    4   15 0.642857 2.357143
   1    0    6 0.000000 1.000000
   2    2    9 0.366667 1.633333
   2    2    8 0.400000 1.600000
   3    2   16 0.333333 2.666667
   1    0    7 0.000000 1.000000
   9   26   26 4.609524 4.390476
   1    0    6 0.000000 1.000000
  12   40   31 6.719048 5.280952
   1    0    6 0.000000 1.000000
   2    0   11 0.000000 2.000000
   1    0    5 0.000000 1.000000
   2    2   11 0.309524 1.690476
   4    4   18 0.733333 3.266667
   2    2   11 0.309524 1.690476
   3    6   13 0.952381 2.047619
   1    0    5 0.000000 1.000000
  11   34   34 5.628571 5.371429
   1    0    8 0.000000 1.000000
   1    0    7 0.000000 1.000000
   1    0    6 0.000000 1.000000
   5    8   21 1.366667 3.633333
   2    2   10 0.333333 1.666667
   6   18   16 3.180952 2.819048
   1    0    7 0.000000 1.000000
   4    6   20 0.928571 3.071429
   7   20   22 3.421429 3.578571
   8   14   35 2.271429 5.728571
   1    0    7 0.000000 1.000000
   5    8   22 1.333333 3.666667
   3    4   13 0.733333 2.266667
   2    2   10 0.333333 1.666667
   2    2   10 0.333333 1.666667
  11   28   37 4.871429 6.128571
   9   26   27 4.490476 4.509524
   5   12   18 1.995238 3.004762
   6   14   22 2.238095 3.761905
   2    2   11 0.309524 1.690476
   9   30   23 5.119048 3.880952
   2    0   13 0.000000 2.000000
   2    2   11 0.309524 1.690476
   3    4   14 0.666667 2.333333
  16   56   36 9.604762 6.395238
   3    6   10 1.185714 1.814286
   1    0    6 0.000000 1.000000
   7   16   29 2.547619 4.452381
   2    2   10 0.333333 1.666667
   4    8   17 1.261905 2.738095
   3    4   14 0.652381 2.347619
   2    2   11 0.309524 1.690476
   1    0    6 0.000000 1.000000
   7   20   23 3.370238 3.629762
   1    0    6 0.000000 1.000000
   2    0   13 0.000000 2.000000
   5    4   26 0.700000 4.300000
   8   16   31 2.823810 5.176190
   4    8   17 1.285714 2.714286
   3    2   15 0.400000 2.600000
   4   10   13 1.728571 2.271429
  13   44   35 7.286905 5.713095
   5   10   20 1.719048 3.280952
   2    2   10 0.333333 1.666667
   5    6   24 1.042857 3.957143
  21   76   45 13.346429 7.653571
   5   10   20 1.704762 3.295238
   9   20   37 3.319048 5.680952
   1    0    6 0.000000 1.000000
   5    6   25 0.995238 4.004762
   2    2   11 0.309524 1.690476
   6   14   22 2.328571 3.671429
   1    0    6 0.000000 1.000000
   8   12   37 2.004762 5.995238
   5    6   27 0.916667 4.083333
   7   22   19 3.780952 3.219048
   3    2   17 0.309524 2.690476
   5    6   22 1.066667 3.933333
   8   22   25 3.757143 4.242857
   5   12   16 2.242857 2.757143
   6   14   23 2.257143 3.742857
  16   36   60 6.052381 9.947619
  14   34   49 5.771429 8.228571
   4    0   27 0.000000 4.000000
   4    8   16 1.385714 2.614286
  14   48   34 8.180952 5.819048
   1    0    7 0.000000 1.000000
   1    0    6 0.000000 1.000000
   9   28   25 4.766667 4.233333
   3    2   14 0.366667 2.633333
   4   10   15 1.595238 2.404762
   1    0    5 0.000000 1.000000
  10   30   31 4.928571 5.071429
   6    8   28 1.385714 4.614286
   6   12   27 1.878571 4.121429
  16   40   58 6.659524 9.340476
  14   38   44 6.414286 7.585714
   5    6   22 1.166667 3.833333
   6   16   21 2.675000 3.325000
  18   70   37 11.814286 6.185714
   4    8   15 1.366667 2.633333
   2    2   11 0.309524 1.690476
   1    0    5 0.000000 1.000000
   3    6   13 0.952381 2.047619
   8   20   27 3.423810 4.576190
  17   60   40 10.300000 6.700000
   5    8   23 1.285714 3.714286
  13   28   55 4.552381 8.447619
   9   18   35 3.076190 5.923810
  11   34   31 5.823810 5.176190
  12   46   23 8.014286 3.985714
  15   54   38 8.952381 6.047619
   1    0    6 0.000000 1.000000
   3    2   15 0.366667 2.633333
  10   26   32 4.523810 5.476190
  16   42   54 7.057143 8.942857
   4    4   19 0.700000 3.300000
  12   26   45 4.257143 7.742857
   5   10   17 1.833333 3.166667
   7   16   28 2.633333 4.366667
  15   52   42 8.395238 6.604762
  27  108   56 17.972619 9.027381
   3    2   18 0.309524 2.690476
  11   32   35 5.333333 5.666667
  24   82   63 13.621429 10.378571
   2    2   11 0.309524 1.690476
  15   40   48 6.900000 8.100000
   6   12   24 1.933333 4.066667
   4    2   23 0.342857 3.657143
   7    8   33 1.409524 5.590476
  28   98   67 16.486905 11.513095
   9   26   28 4.328571 4.671429
   9   26   29 4.361905 4.638095
  34  124   81 20.735714 13.264286
  19   50   62 8.635714 10.364286
   5    8   24 1.285714 3.714286
   2    2   10 0.333333 1.666667
   2    0   12 0.000000 2.000000
  20   70   48 12.035714 7.964286
  14   46   36 7.961905 6.038095
  12   30   41 5.119048 6.880952
  30   94   87 15.816667 14.183333
  26   82   73 13.790476 12.209524
   4    2   24 0.333333 3.666667
   4    8   15 1.400000 2.600000
  10   20   42 3.282143 6.717857
  12   42   33 6.942857 5.057143
   8   18   32 3.034524 4.965476
  29   76   97 12.714286 16.285714
  33   96  103 16.183333 16.816667
   5    8   19 1.516667 3.483333
   7   18   24 3.183333 3.816667
   6    8   26 1.500000 4.500000
  10   24   36 4.095238 5.904762
   9   26   26 4.400000 4.600000
  41  126  119 21.383333 19.616667
  27   68   97 11.345238 15.654762
   7   16   24 2.852381 4.147619
   2    0   13 0.000000 2.000000
   4    2   23 0.309524 3.690476
   9   14   41 2.385714 6.614286
   6   14   20 2.500000 3.500000
  52  204  110 34.108333 17.891667
  20   42   82 6.885714 13.114286
   6    6   27 1.133333 4.866667
   2    2    9 0.366667 1.633333
   5   10   19 1.814286 3.185714
   8   16   31 2.954762 5.045238
   6   10   27 1.691667 4.308333
  48  184  107 30.354762 17.645238
  30   84   96 14.173810 15.826190
   1    0    6 0.000000 1.000000
   1    0    5 0.000000 1.000000
   6    8   26 1.416667 4.583333
   4    0   25 0.000000 4.000000
   9   12   44 1.971429 7.028571
  48  174  118 28.885714 19.114286
  31   86   96 14.821429 16.178571
   1    0    5 0.000000 1.000000
   7   18   22 3.219048 3.780952
   9   22   31 3.771429 5.228571
  12   30   42 5.180952 6.819048
  38  134   93 22.477381 15.522619
  33  114   89 18.794048 14.205952
   1    0    5 0.000000 1.000000
   7   16   24 2.833333 4.166667
   9   22   32 3.826190 5.173810
  14   50   33 8.490476 5.509524
  24   68   78 11.342857 12.657143
  42  160   89 27.102381 14.897619
   2    2   11 0.309524 1.690476
   9   32   23 5.405952 3.594048
   7   12   29 2.085714 4.914286
  13   36   44 6.047619 6.952381
  25   86   63 14.564286 10.435714
  45  172   97 29.002381 15.997619
   1    0    6 0.000000 1.000000
   9   26   29 4.314286 4.685714
   6   12   24 1.995238 4.004762
  19   48   64 8.300000 10.700000
  16   42   56 6.880952 9.119048
  47  172  109 29.158333 17.841667
   1    0    7 0.000000 1.000000
  11   30   36 4.985714 6.014286
   4    4   21 0.642857 3.357143
  18   66   44 10.888095 7.111905
  22   66   65 11.095238 10.904762
  42  140  110 23.485714 18.514286
  14   36   48 6.042857 7.957143
   1    0    6 0.000000 1.000000
  25   92   54 15.819048 9.180952
  22   58   72 10.014286 11.985714
  31   90  101 14.880952 16.119048
  21   66   61 10.985714 10.014286
   2    2   10 0.333333 1.666667
  18   56   51 9.536905 8.463095
  23   70   65 12.032143 10.967857
  33   94  110 15.257143 17.742857
  24   80   62 13.757143 10.242857
  20   62   60 10.238095 9.761905
  20   80   42 13.326190 6.673810
  36  112   99 19.247619 16.752381
  24   96   49 16.092857 7.907143
  22   74   54 12.733333 9.266667
  24   86   57 14.603571 9.396429
  35  112  103 18.770238 16.229762
  19   74   40 12.552381 6.447619
  21   58   67 9.719048 11.280952
  21   70   55 11.833333 9.166667
  34  120   85 20.065476 13.934524
  24   96   49 16.028571 7.971429
  20   62   59 10.342857 9.657143
  23   92   42 15.800000 7.200000
  28   78   93 12.957143 15.042857
  29   98   76 16.326190 12.673810
  18   52   55 8.738095 9.261905
  26   96   56 16.426190 9.573810
  29   88   90 14.623810 14.376190
  27   94   69 15.748810 11.251190
  18   56   53 9.238095 8.761905
  28  104   60 17.607143 10.392857
  36  126   91 21.142857 14.857143
  18   40   70 6.664286 11.335714
  16   38   55 6.508333 9.491667
  28   90   83 14.655952 13.344048
  43  164   94 27.388095 15.611905
  13   10   66 1.776190 11.223810
  16   42   57 6.833333 9.166667
  12   18   51 3.254762 8.745238
  51  208   93 35.126190 15.873810
  21   62   69 10.289286 10.710714
  13   26   51 4.509524 8.490476
  15   26   67 4.191667 10.808333
  46  176   97 29.670238 16.329762
  26   76   81 12.745238 13.254762
  10   14   45 2.385714 7.614286
  23   78   63 12.989286 10.010714
  40  134  105 22.588095 17.411905
  27   70   91 12.080952 14.919048
   7   10   33 1.700000 5.300000
  14   24   59 4.166667 9.833333
  49  192  101 32.404762 16.595238
  30   90   91 15.207143 14.792857
   3    4   13 0.742857 2.257143
  13   34   46 5.755952 7.244048
  56  240   93 40.594048 15.405952
  28   82   88 13.828571 14.171429
   2    0   11 0.000000 2.000000
  13   38   41 6.276190 6.723810
  52  212  101 35.205159 16.794841
  33  104   93 17.504762 15.495238
   3    6   14 0.935714 2.064286
   7   12   31 2.026190 4.973810
  49  204   90 34.138095 14.861905
  41  150   93 25.390476 15.609524
   2    2    9 0.366667 1.633333
   4    2   21 0.333333 3.666667
  57  266   79 44.361905 12.638095
  37  142   79 24.080952 12.919048
   2    2   11 0.309524 1.690476
  10   28   31 4.761905 5.238095
  53  246   69 41.277381 11.722619
  35  138   75 22.955952 12.044048
   4    6   18 1.085714 2.914286
  22   74   55 12.745238 9.254762
  48  222   66 37.076190 10.923810
  26   78   81 12.940476 13.059524
  20   56   64 9.392857 10.607143
  50  226   75 37.692857 12.307143
  30  102   77 16.928571 13.071429
  21   56   73 9.238095 11.761905
  46  170  100 29.023810 16.976190
  33  120   81 20.058333 12.941667
  17   40   59 7.028571 9.971429
  52  230   86 38.291667 13.708333
  31  104   81 17.552381 13.447619
  22   56   78 9.219048 12.780952
  51  222   84 36.880952 14.119048
  27   88   72 14.885714 12.114286
  31   96   85 16.719048 14.280952
  48  212   78 35.341667 12.658333
  21   66   63 10.984524 10.015476
  32  110   83 18.496429 13.503571
  48  186   96 31.310714 16.689286
  20   58   67 9.414286 10.585714
  39  144   91 24.127381 14.872619
  41  152   94 25.754762 15.245238
  20   48   71 8.095238 11.904762
  31  104   84 17.172619 13.827381
  51  202  104 34.103571 16.896429
  18   30   76 5.070238 12.929762
  24   62   84 10.514286 13.485714
  52  210  101 35.200000 16.800000
  24   56   87 9.495238 14.504762
   9    8   46 1.342857 7.657143
  58  246   99 41.517857 16.482143
  33  104   97 17.161905 15.838095
  12   26   44 4.557143 7.442857
  61  280   87 46.671429 14.328571
  27   86   77 14.160714 12.839286
  13   28   44 5.045238 7.954762
  67  328   78 54.471429 12.528571
  20   60   62 9.941667 10.058333
  20   50   68 8.400000 11.600000
  58  272   80 45.280952 12.719048
  22   76   54 12.727381 9.272619
  20   64   58 10.585714 9.414286
  59  282   71 47.285714 11.714286
  21   64   61 10.795238 10.204762
  17   44   52 7.661905 9.338095
  53  240   84 39.907143 13.092857
  30  106   74 17.863095 12.136905
  17   44   54 7.561905 9.438095
  55  254   79 42.263095 12.736905
  28   96   73 16.261905 11.738095
  24   74   70 12.652381 11.347619
  43  164   93 27.555952 15.444048
  33  120   79 20.009524 12.990476
  26   90   64 15.303571 10.696429
  45  190   76 32.169048 12.830952
  29  110   70 18.071429 10.928571
  20   52   66 8.941667 11.058333
  48  194  102 32.047619 15.952381
  32   92   94 15.847619 16.152381
  13   32   50 5.209524 7.790476
  45  170   99 28.500000 16.500000
  42  156   93 26.047619 15.952381
  18   42   67 6.966667 11.033333
  47  172  109 29.152381 17.847619
  35  128   82 21.471429 13.528571
  15   38   48 6.866667 8.133333
  57  242  101 40.334524 16.665476
  28   96   75 15.738095 12.261905
  13   34   43 5.804762 7.195238
  52  218  102 36.086905 15.913095
  35  114   89 19.534524 15.465476
  16   50   48 8.217857 7.782143
  60  270   91 45.120238 14.879762
  24   80   61 13.642857 10.357143
  16   34   59 5.947619 10.052381
  51  226   83 37.636905 13.363095
  33  132   66 22.295238 10.704762
  15   28   59 4.838095 10.161905
  54  230   89 38.709524 15.290476
  31  120   74 19.380952 11.619048
  15   50   39 8.404762 6.595238
  61  286   80 47.923810 13.076190
  24   84   61 14.308333 9.691667
  16   48   51 7.909524 8.090476
  70  326   90 54.686905 15.313095
  14   26   59 4.297619 9.702381
  21   78   48 13.266667 7.733333
  74  380   65 63.293651 10.706349
   5    4   25 0.700000 4.300000
  27   94   68 15.595238 11.404762
  67  318   85 52.982143 14.017857
   6   12   23 2.157143 3.842857
  26   88   70 14.585714 11.414286
  68  320   84 53.960714 14.039286
   6    6   32 0.961905 5.038095
  28   90   77 15.233333 12.766667
  63  284   94 47.454762 15.545238
   9   20   35 3.242857 5.757143
  29  100   72 16.783333 12.216667
  64  290   94 48.404762 15.595238
   7   14   30 2.284524 4.715476
  32  110   87 18.284524 13.715476
  65  296   91 49.604762 15.395238
   3    2   14 0.400000 2.600000
  29  102   78 16.757143 12.242857
  70  332   82 55.992857 14.007143
   1    0    6 0.000000 1.000000
  38  158   68 26.625000 11.375000
  62  306   68 50.758333 11.241667
  36  136   79 22.723810 13.276190
  64  306   79 51.246032 12.753968
  35  116   93 19.555952 15.444048
  65  298   93 49.866667 15.133333
  33  124   73 20.972619 12.027381
  67  330   73 55.171429 11.828571
  27   88   75 14.797619 12.202381
  73  362   75 60.628571 12.371429
  30   96   83 16.221429 13.778571
  70  338   83 56.232143 13.767857
  19   40   79 6.416667 12.583333
  81  402   79 67.584524 13.415476
  14   30   58 4.809524 9.190476
  86  454   58 76.203571 9.796429
  10   18   38 3.230952 6.769048
  90  506   38 84.139286 5.860714
  10   26   35 4.190476 5.809524
  90  504   35 84.283333 5.716667
   6    6   30 1.033333 4.966667
  94  534   30 89.047619 4.952381
   8   10   36 1.733333 6.266667
  92  518   36 86.161905 5.838095
   5    6   26 0.952381 4.047619
  95  542   26 90.580952 4.419048
   8   14   33 2.366667 5.633333
  92  520   33 86.784524 5.215476
   9   14   39 2.371429 6.628571
  91  508   39 84.504762 6.495238
   3    4   15 0.619048 2.380952
  97  566   15 94.504762 2.495238
   5    8   22 1.395238 3.604762
  95  548   22 91.476190 3.523810
   5    4   27 0.666667 4.333333
  95  542   27 90.442857 4.557143
   5    8   23 1.261905 3.738095
  95  546   23 91.222619 3.777381
   2    2    8 0.400000 1.600000
  98  582    8 96.776190 1.223810
 100  600    0 100.000000 0.000000
