   2    2    9 0.366667 1.633333
   7   18   21 3.238095 3.761905
   1    0    6 0.000000 1.000000
   4   10   14 1.714286 2.285714
   1    0    6 0.000000 1.000000
   1    0    6 0.000000 1.000000
   4   10   13 1.733333 2.266667
   1    0    6 0.000000 1.000000
   1    0    6 0.000000 1.000000
   1    0    6 0.000000 1.000000
   1    0    7 0.000000 1.000000
   1    0    6 0.000000 1.000000
   1    0    6 0.000000 1.000000
   2    2   11 0.309524 1.690476
   3    4   13 0.700000 2.300000
   4   10   15 1.671429 2.328571
   2    2    9 0.366667 1.633333
   4    6   18 1.000000 3.000000
   1    0    8 0.000000 1.000000
   1    0    6 0.000000 1.000000
   1    0    6 0.000000 1.000000
   1    0    5 0.000000 1.000000
   1    0    6 0.000000 1.000000
   1    0    6 0.000000 1.000000
   2    2    8 0.400000 1.600000
   1    0    7 0.000000 1.000000
   1    0    6 0.000000 1.000000
   1    0    5 0.000000 1.000000
   4   10   14 1.661905 2.338095
   4    6   17 1.133333 2.866667
   2    2   12 0.285714 1.714286
   2    2   11 0.309524 1.690476
   4    8   16 1.376190 2.623810
   3    4   14 0.666667 2.333333
   1    0    5 0.000000 1.000000
   5   14   15 2.428571 2.571429
   2    2    9 0.366667 1.633333
   2    2    8 0.400000 1.600000
   1    0    7 0.000000 1.000000
   2    2   13 0.267857 1.732143
   2    2   10 0.333333 1.666667
   1    0    6 0.000000 1.000000
   1    0    7 0.000000 1.000000
   4    6   17 1.052381 2.947619
   1    0    6 0.000000 1.000000
   1    0    6 0.000000 1.000000
   1    0    6 0.000000 1.000000
   1    0    7 0.000000 1.000000
   2    2   11 0.309524 1.690476
   1    0    7 0.000000 1.000000
   1    0    7 0.000000 1.000000
   1    0    6 0.000000 1.000000
   6   14   25 2.219048 3.780952
   6   14   23 2.290476 3.709524
   1    0    6 0.000000 1.000000
   1    0    6 0.000000 1.000000
   2    0   13 0.000000 2.000000
   2    2    9 0.366667 1.633333
   1    0    6 0.000000 1.000000
   4    8   15 1.400000 2.600000
   3    6   13 0.952381 2.047619
   8   26   20 4.657143 3.342857
   3    4   14 0.666667 2.333333
   5    4   26 0.676190 4.323810
   1    0    6 0.000000 1.000000
   4    4   22 0.642857 3.357143
   1    0    6 0.000000 1.000000
   2    2    9 0.366667 1.633333
   1    0    5 0.000000 1.000000
   1    0    5 0.000000 1.000000
   1    0    6 0.000000 1.000000
  12   36   32 6.400000 5.600000
   1    0    7 0.000000 1.000000
   1    0    6 0.000000 1.000000
   3    4   11 0.816667 2.183333
   5   10   21 1.671429 3.328571
   5    8   24 1.259524 3.740476
   2    2    9 0.366667 1.633333
   2    0   14 0.000000 2.000000
   2    2   11 0.309524 1.690476
   1    0    6 0.000000 1.000000
   2    2   11 0.309524 1.690476
   1    0    5 0.000000 1.000000
   4   10   14 1.714286 2.285714
   3    2   16 0.333333 2.666667
   1    0    6 0.000000 1.000000
   1    0    6 0.000000 1.000000
   5    6   24 1.019048 3.980952
   3    2   14 0.450000 2.550000
   2    2   12 0.285714 1.714286
   6   14   25 2.128571 3.871429
   4   10   15 1.647619 2.352381
   6   12   23 2.047619 3.952381
  12   38   32 6.297619 5.702381
   4    6   17 1.052381 2.947619
   5    4   27 0.628571 4.371429
   1    0    6 0.000000 1.000000
   2    2   10 0.333333 1.666667
   3    6   10 1.133333 1.866667
   3    4   14 0.666667 2.333333
   1    0    6 0.000000 1.000000
  11   30   33 5.171429 5.828571
   1    0    5 0.000000 1.000000
   3    6   12 1.000000 2.000000
   5    8   24 1.291667 3.708333
   2    0   13 0.000000 2.000000
   1    0    7 0.000000 1.000000
   3    4   15 0.619048 2.380952
   3    4   13 0.733333 2.266667
   1    0    6 0.000000 1.000000
   2    2   10 0.342857 1.657143
   5   14   14 2.561905 2.438095
   2    2   11 0.309524 1.690476
   4    6   20 0.958333 3.041667
   4    6   20 0.904762 3.095238
   1    0    6 0.000000 1.000000
  11   36   31 6.033333 4.966667
   6   18   18 3.085714 2.914286
   2    2   10 0.333333 1.666667
  18   70   38 11.723810 6.276190
  11   36   31 6.111905 4.888095
   3    4   14 0.666667 2.333333
   5   10   17 1.866667 3.133333
   4    6   19 0.952381 3.047619
   3    6   14 0.916667 2.083333
   8   14   32 2.558333 5.441667
   6   18   18 2.971429 3.028571
   2    0   13 0.000000 2.000000
   4    8   16 1.341667 2.658333
   3    6   12 1.000000 2.000000
   1    0    5 0.000000 1.000000
   3    4   12 0.766667 2.233333
   5    8   22 1.328571 3.671429
   6    8   31 1.261905 4.738095
   3    6   11 1.066667 1.933333
   3    4   15 0.642857 2.357143
   7   18   22 3.166667 3.833333
  20   80   39 13.316667 6.683333
  18   50   58 8.428571 9.571429
   6   14   23 2.352381 3.647619
   6   10   24 1.766667 4.233333
   1    0    6 0.000000 1.000000
   6    8   29 1.319048 4.680952
  11   28   38 4.709524 6.290476
   3    2   14 0.366667 2.633333
   3    2   18 0.342857 2.657143
   2    2   10 0.333333 1.666667
   5   14   16 2.333333 2.666667
   6   10   26 1.676190 4.323810
   1    0    5 0.000000 1.000000
   3    2   17 0.309524 2.690476
   7   14   26 2.533333 4.466667
  23   76   60 12.857143 10.142857
  25   98   51 16.380952 8.619048
  13   38   40 6.519048 6.480952
   5    6   26 0.938095 4.061905
   8   26   23 4.342857 3.657143
   3    0   19 0.000000 3.000000
   1    0    6 0.000000 1.000000
   1    0    6 0.000000 1.000000
   4    4   21 0.619048 3.380952
   4   10   13 1.766667 2.233333
   5   14   16 2.361905 2.638095
   7   14   32 2.178571 4.821429
   7   22   22 3.590476 3.409524
  20   44   76 7.471429 12.528571
  33  136   60 22.922619 10.077381
  14   38   45 6.414286 7.585714
   8   16   30 2.800000 5.200000
   2    0   12 0.000000 2.000000
   3    6   13 0.952381 2.047619
   3    4   15 0.619048 2.380952
  25   86   61 14.580952 10.419048
  41  182   62 30.695238 10.304762
  22   86   45 14.580952 7.419048
   6   14   26 2.222222 3.777778
   6   18   16 3.245238 2.754762
   1    0    6 0.000000 1.000000
  21   66   61 10.957143 10.042857
  44  194   68 32.572222 11.427778
  24   98   46 16.584524 7.415476
   4    2   25 0.333333 3.666667
   2    2   11 0.309524 1.690476
   1    0    7 0.000000 1.000000
  21   64   57 10.959524 10.040476
  59  274   79 45.985714 13.014286
  15   30   61 5.001190 9.998810
   2    0   15 0.000000 2.000000
   1    0    6 0.000000 1.000000
   1    0    6 0.000000 1.000000
  25   92   57 15.514286 9.485714
  59  280   75 46.635714 12.364286
  14   32   52 5.590476 8.409524
   2    2    9 0.366667 1.633333
  23   88   53 14.690476 8.309524
  68  348   57 58.307143 9.692857
   7   10   33 1.583333 5.416667
  12   26   46 4.504762 7.495238
  81  430   55 71.847619 9.152381
   7   10   33 1.620238 5.379762
  14   48   39 7.821429 6.178571
  79  410   59 68.861905 10.138095
   7   10   34 1.619048 5.380952
  10   24   38 3.963095 6.036905
  82  420   66 70.461905 11.538095
   8   20   32 3.252381 4.747619
  13   26   50 4.395238 8.604762
  79  398   77 66.261905 12.738095
   8   16   33 2.695238 5.304762
  18   60   51 9.790476 8.209524
  79  410   59 68.963095 10.036905
   3    6   14 0.916667 2.083333
  11   30   38 4.976190 6.023810
  87  474   46 79.357143 7.642857
   2    2   10 0.333333 1.666667
  12   38   33 6.480952 5.519048
  86  478   40 79.790476 6.209524
   2    2    9 0.366667 1.633333
  14   48   34 8.142857 5.857143
  79  420   56 69.950000 9.050000
   7   14   28 2.380952 4.619048
  16   50   45 8.475000 7.525000
  77  396   67 66.191667 10.808333
   7   20   22 3.366667 3.633333
  12   30   40 5.157143 6.842857
  77  398   66 66.097619 10.902381
  11   40   26 6.757143 4.242857
  11   24   42 4.071429 6.928571
  76  374   80 62.679762 13.320238
  13   38   42 6.247619 6.752381
   5    2   28 0.400000 4.600000
  80  418   59 70.236905 9.763095
  15   50   43 8.230952 6.769048
   7   10   32 1.704762 5.295238
  85  454   55 75.690476 9.309524
   8   18   31 2.971429 5.028571
   7   18   26 3.019048 3.980952
  88  482   46 80.434524 7.565476
   5    8   20 1.466667 3.533333
   6   16   19 2.733333 3.266667
  94  546   19 90.951190 3.048810
   7   18   24 2.966667 4.033333
  93  534   24 88.928571 4.071429
   7   22   19 3.771429 3.228571
  93  540   19 89.923810 3.076190
   7   20   20 3.480952 3.519048
  93  540   20 89.790476 3.209524
   7   20   22 3.357143 3.642857
  93  536   22 89.464286 3.535714
  11   32   34 5.433333 5.566667
  89  500   34 83.513095 5.486905
  18   62   44 10.398810 7.601190
  82  450   44 74.790476 7.209524
  17   58   43 9.763095 7.236905
  83  456   43 75.838095 7.161905
  17   58   46 9.746429 7.253571
  83  450   46 75.219048 7.780952
  19   60   49 10.514286 8.485714
  81  442   49 73.415476 7.584524
  15   38   52 6.433333 8.566667
  85  458   52 76.528571 8.471429
   9   18   36 3.023810 5.976190
  91  510   36 85.041667 5.958333
   6    8   28 1.385714 4.614286
  94  536   28 89.473016 4.526984
 100  600    0 100.000000 0.000000
