   1    0    6 0.000000 1.000000
   1    0    6 0.000000 1.000000
   1    0    7 0.000000 1.000000
   1    0    6 0.000000 1.000000
   1    0    6 0.000000 1.000000
   2    2    9 0.366667 1.633333
   2    2   11 0.309524 1.690476
   3    6   11 1.066667 1.933333
   5    8   22 1.333333 3.666667
   1    0    6 0.000000 1.000000
   1    0    6 0.000000 1.000000
   2    2   10 0.333333 1.666667
   2    2   11 0.309524 1.690476
   8   22   25 3.864286 4.135714
   1    0    6 0.000000 1.000000
   1    0    6 0.000000 1.000000
   1    0    6 0.000000 1.000000
   2    2   10 0.342857 1.657143
   2    2    8 0.400000 1.600000
   1    0    6 0.000000 1.000000
   2    2   10 0.333333 1.666667
   1    0    6 0.000000 1.000000
   2    2    9 0.366667 1.633333
   2    2   10 0.333333 1.666667
   2    2   10 0.333333 1.666667
   1    0    6 0.000000 1.000000
   1    0    6 0.000000 1.000000
   1    0    6 0.000000 1.000000
   3    4   14 0.666667 2.333333
   1    0    6 0.000000 1.000000
   4    8   15 1.419048 2.580952
   2    0   12 0.000000 2.000000
   3    6   12 1.019048 1.980952
   1    0    6 0.000000 1.000000
   1    0    8 0.000000 1.000000
   4   10   13 1.933333 2.066667
   1    0    6 0.000000 1.000000
   1    0    7 0.000000 1.000000
   2    2   11 0.309524 1.690476
   1    0    6 0.000000 1.000000
   1    0    7 0.000000 1.000000
   3    4   12 0.766667 2.233333
   2    2   10 0.333333 1.666667
   1    0    8 0.000000 1.000000
   1    0    6 0.000000 1.000000
   3    6   12 1.000000 2.000000
   1    0    6 0.000000 1.000000
   1    0    6 0.000000 1.000000
   1    0    6 0.000000 1.000000
   1    0    6 0.000000 1.000000
   2    2   11 0.309524 1.690476
   1    0    6 0.000000 1.000000
   6   16   19 2.766667 3.233333
   1    0    6 0.000000 1.000000
   3    4   12 0.766667 2.233333
   5   12   19 1.995238 3.004762
   6   14   23 2.247619 3.752381
   1    0    6 0.000000 1.000000
   3    4   14 0.666667 2.333333
   2    0   11 0.000000 2.000000
   2    2    9 0.366667 1.633333
   2    2   12 0.285714 1.714286
   1    0    6 0.000000 1.000000
   2    2   12 0.285714 1.714286
   7    8   33 1.352381 5.647619
   1    0    6 0.000000 1.000000
   1    0    6 0.000000 1.000000
   2    2   11 0.309524 1.690476
   1    0    7 0.000000 1.000000
   1    0    7 0.000000 1.000000
   1    0    7 0.000000 1.000000
   1    0    6 0.000000 1.000000
   1    0    7 0.000000 1.000000
   3    6   11 1.085714 1.914286
   5   10   20 1.685714 3.314286
   8   26   23 4.461905 3.538095
   1    0    7 0.000000 1.000000
   5   10   20 1.671429 3.328571
   2    2    9 0.366667 1.633333
   1    0    7 0.000000 1.000000
   2    2    8 0.400000 1.600000
   2    2    8 0.400000 1.600000
   2    0   12 0.000000 2.000000
   1    0    6 0.000000 1.000000
   2    2   13 0.267857 1.732143
   5   12   14 2.278571 2.721429
   1    0    7 0.000000 1.000000
   1    0    6 0.000000 1.000000
   3    2   16 0.309524 2.690476
  12   38   31 6.604762 5.395238
   1    0    6 0.000000 1.000000
   4    6   15 1.150000 2.850000
   5    6   27 0.952381 4.047619
   8   14   35 2.314286 5.685714
   5   12   16 2.111905 2.888095
   4    4   16 0.816667 3.183333
   5   10   19 1.695238 3.304762
   2    2   11 0.309524 1.690476
   3    4   14 0.709524 2.290476
   2    0   13 0.000000 2.000000
   3    6   13 0.952381 2.047619
   1    0    6 0.000000 1.000000
   1    0    6 0.000000 1.000000
   3    6   13 0.983333 2.016667
   4    4   23 0.619048 3.380952
   6   14   22 2.352381 3.647619
   7   14   28 2.419048 4.580952
   1    0    7 0.000000 1.000000
   1    0    7 0.000000 1.000000
   2    2   11 0.309524 1.690476
   6    8   26 1.476190 4.523810
   1    0    6 0.000000 1.000000
   1    0    7 0.000000 1.000000
   4   10   13 1.850000 2.150000
   7   14   27 2.366667 4.633333
  11   30   35 5.057143 5.942857
   3    6   12 1.019048 1.980952
   2    0   10 0.000000 2.000000
   3    4   16 0.595238 2.404762
   5    2   26 0.366667 4.633333
   4    6   20 0.904762 3.095238
   4    8   14 1.466667 2.533333
   4    4   18 0.733333 3.266667
   4   10   13 1.761905 2.238095
   4   10   15 1.614286 2.385714
   2    2   10 0.333333 1.666667
   1    0    6 0.000000 1.000000
   1    0    7 0.000000 1.000000
   4    8   16 1.333333 2.666667
   5   14   18 2.161905 2.838095
   6   12   27 1.845238 4.154762
   3    4   15 0.642857 2.357143
   2    2   10 0.342857 1.657143
   2    2    9 0.366667 1.633333
   3    2   19 0.309524 2.690476
   1    0    5 0.000000 1.000000
  10   34   24 6.016667 3.983333
   5   10   20 1.728571 3.271429
  18   54   53 9.197619 8.802381
   7   16   25 2.695238 4.304762
   2    2    9 0.366667 1.633333
   4   10   17 1.535714 2.464286
   2    2   12 0.291667 1.708333
   7   22   18 3.911905 3.088095
   3    4   12 0.733333 2.266667
   6   10   25 1.719048 4.280952
   4    8   13 1.500000 2.500000
   1    0    6 0.000000 1.000000
   2    2   11 0.309524 1.690476
   8   26   21 4.395238 3.604762
   5   14   16 2.333333 2.666667
   3    2   17 0.309524 2.690476
   4   10   14 1.666667 2.333333
   2    2   11 0.309524 1.690476
   1    0    5 0.000000 1.000000
   3    4   16 0.595238 2.404762
   7   20   23 3.304762 3.695238
   4    6   18 0.985714 3.014286
  30  108   74 18.071429 11.928571
   2    2    8 0.400000 1.600000
   6   10   24 1.842857 4.157143
   1    0    6 0.000000 1.000000
  12   46   28 7.714286 4.285714
   1    0    6 0.000000 1.000000
   2    0   12 0.000000 2.000000
   3    2   16 0.333333 2.666667
   1    0    8 0.000000 1.000000
   3    4   12 0.766667 2.233333
  12   36   35 6.157143 5.842857
   2    2   11 0.309524 1.690476
   3    2   17 0.342857 2.657143
   5   10   18 1.761905 3.238095
   2    2   11 0.309524 1.690476
   1    0    6 0.000000 1.000000
   1    0    6 0.000000 1.000000
   5   10   19 1.700000 3.300000
   3    2   17 0.333333 2.666667
  31  100   85 16.776190 14.223810
   6   18   19 3.038095 2.961905
   3    6   12 1.019048 1.980952
   1    0    7 0.000000 1.000000
  12   44   28 7.361905 4.638095
   9   28   25 4.866667 4.133333
   1    0    7 0.000000 1.000000
  24   76   69 12.686905 11.313095
   6    8   25 1.466667 4.533333
   4    6   18 1.042857 2.957143
   1    0    7 0.000000 1.000000
   3    4   15 0.642857 2.357143
   6   10   26 1.719048 4.280952
  23   66   74 10.714286 12.285714
   7   18   21 3.133333 3.866667
   2    2   11 0.309524 1.690476
  16   68   26 11.633333 4.366667
   7   16   27 2.580952 4.419048
  23   76   61 13.019048 9.980952
   8   18   27 3.200000 4.800000
   4    8   17 1.261905 2.738095
   1    0    5 0.000000 1.000000
   4    4   22 0.642857 3.357143
  27   88   77 14.578571 12.421429
   8   22   25 3.700000 4.300000
   2    2   10 0.333333 1.666667
  16   54   38 9.258333 6.741667
   4    6   18 0.985714 3.014286
  26  106   49 17.828571 8.171429
  11   34   31 5.747619 5.252381
   7   22   20 3.719048 3.280952
   1    0    6 0.000000 1.000000
  24   72   79 11.700000 12.300000
   9   22   31 3.842857 5.157143
   5    8   24 1.261905 3.738095
  15   40   47 6.885714 8.114286
   7    8   38 1.214286 5.785714
  11   22   48 3.691667 7.308333
   8   22   25 3.857143 4.142857
  12   42   28 7.185714 4.814286
  30  114   62 19.404762 10.595238
  12   44   28 7.538095 4.461905
   6   16   21 2.566667 3.433333
   7   14   29 2.333333 4.666667
   5    6   22 1.052381 3.947619
  10   24   35 4.123810 5.876190
  10   26   34 4.473810 5.526190
  18   72   37 12.011905 5.988095
  33  146   54 24.464286 8.535714
  11   38   26 6.623810 4.376190
   1    0    5 0.000000 1.000000
  13   32   46 5.369048 7.630952
   9   22   35 3.523810 5.476190
   7   12   30 2.000000 5.000000
  11   24   42 4.046429 6.953571
  12   36   33 6.238095 5.761905
  32  124   73 20.396429 11.603571
  15   38   48 6.623810 8.376190
   1    0    5 0.000000 1.000000
  18   62   50 10.217857 7.782143
   5    2   26 0.400000 4.600000
  10   18   41 3.047619 6.952381
  24   92   55 15.114286 8.885714
   9   30   24 5.109524 3.890476
  24   84   57 14.247619 9.752381
   9   28   26 4.776190 4.223810
   1    0    6 0.000000 1.000000
  17   52   47 8.876190 8.123810
   5    8   24 1.285714 3.714286
  13   28   47 5.027381 7.972619
  22   66   65 11.139286 10.860714
   5   12   17 2.100000 2.900000
  29   96   79 15.989286 13.010714
   8   10   43 1.529762 6.470238
  12   34   38 5.740476 6.259524
   3    4   14 0.676190 2.323810
  12   34   40 5.776190 6.223810
  25   78   69 13.357143 11.642857
   4    8   16 1.371429 2.628571
  37  128   95 21.320238 15.679762
   7   18   24 3.085714 3.914286
   6   10   29 1.620238 4.379762
   6   12   24 2.076190 3.923810
   6    8   31 1.261905 4.738095
  30   98   81 16.435714 13.564286
   8   18   28 3.195238 4.804762
  37  138   83 23.180952 13.819048
   7   14   26 2.545238 4.454762
   3    2   15 0.400000 2.600000
   9   24   31 3.928571 5.071429
   5    6   25 0.976190 4.023810
  42  172   75 29.257143 12.742857
   5    4   28 0.625000 4.375000
  29  100   72 16.822619 12.177381
   7   10   36 1.523810 5.476190
   7   12   28 2.076190 4.923810
  10   28   29 4.885714 5.114286
  39  170   65 28.458333 10.541667
   1    0    7 0.000000 1.000000
  38  164   63 27.503571 10.496429
   5    6   28 0.910714 4.089286
   9   18   31 3.333333 5.666667
  12   34   38 5.680952 6.319048
  49  196   99 32.822619 16.177381
  28   88   85 14.600794 13.399206
   2    2    9 0.366667 1.633333
   5    8   21 1.366667 3.633333
  19   70   44 11.771429 7.228571
  46  182   95 30.259524 15.740476
  25   96   55 15.952381 9.047619
   5   14   15 2.400000 2.600000
   5   10   21 1.666667 3.333333
  30  124   57 20.823810 9.176190
  35  118   93 19.714286 15.285714
  24   82   62 13.804762 10.195238
   6   14   19 2.533333 3.466667
  10   22   39 3.616667 6.383333
  39  162   72 27.026190 11.973810
  31  108   79 17.842857 13.157143
  17   38   61 6.619048 10.380952
   3    0   19 0.000000 3.000000
  14   28   53 4.919048 9.080952
  42  174   77 29.090476 12.909524
  32  104   89 17.521429 14.478571
  10   16   47 2.539286 7.460714
   2    2   10 0.333333 1.666667
  11   20   48 3.223810 7.776190
  45  186   84 31.266667 13.733333
  29   94   79 15.761905 13.238095
  11   22   43 3.795238 7.204762
   4    6   18 0.961905 3.038095
   9   14   38 2.538095 6.461905
  42  172   82 28.551190 13.448810
  29   96   78 16.228571 12.771429
  17   42   59 7.058333 9.941667
   3    2   17 0.309524 2.690476
   8   14   34 2.376190 5.623810
  45  174   94 29.504762 15.495238
  30  106   74 17.673810 12.326190
  15   38   55 6.151190 8.848810
   2    2    9 0.366667 1.633333
  10   28   33 4.542857 5.457143
  45  166   98 28.147619 16.852381
  27  100   69 16.254365 10.745635
  18   52   54 8.833333 9.166667
  10   32   28 5.361905 4.638095
  49  212   84 35.707143 13.292857
  29  112   61 18.959524 10.040476
  12   24   47 4.047619 7.952381
   7   12   30 2.061905 4.938095
  47  180  110 29.505952 17.494048
  32  122   66 20.851190 11.148810
  14   32   48 5.685714 8.314286
   4    4   19 0.700000 3.300000
  42  168   88 27.832143 14.167857
  46  208   67 35.026190 10.973810
   8   14   32 2.485714 5.514286
   5   10   21 1.661905 3.338095
  44  156  102 26.397619 17.602381
  41  170   84 28.011905 12.988095
  10   26   31 4.528571 5.471429
   2    2   10 0.333333 1.666667
  35  116   92 19.371429 15.628571
  51  224   89 37.079762 13.920238
  12   28   39 5.000000 7.000000
   1    0    5 0.000000 1.000000
  23   76   66 12.702381 10.297619
  61  280   81 47.190476 13.809524
  15   52   40 8.700000 6.300000
  31  122   62 20.695238 10.304762
  51  226   79 37.957143 13.042857
  18   68   43 10.961905 7.038095
  26  112   44 18.589286 7.410714
  61  302   63 50.577381 10.422619
  13   48   31 7.919048 5.080952
  24   86   56 14.573810 9.426190
  67  328   74 54.930952 12.069048
   9   22   34 3.652381 5.347619
  19   66   49 11.271429 7.728571
  68  338   69 56.546429 11.453571
  13   36   42 6.161905 6.838095
  23   70   65 11.947619 11.052381
  66  330   68 54.983333 11.016667
  11   28   39 4.623810 6.376190
  16   30   64 5.335714 10.664286
  73  376   65 62.678571 10.321429
  11   26   39 4.535714 6.464286
   7   18   23 3.090476 3.909524
  82  432   57 72.300000 9.700000
  11   26   44 4.159524 6.840476
   9   30   23 5.228571 3.771429
  79  414   62 68.886905 10.113095
  12   18   53 3.171429 8.828571
   8   20   27 3.485714 4.514286
  75  382   68 63.701190 11.298810
  17   46   57 7.638095 9.361905
   8   14   36 2.238095 5.761905
  76  392   64 65.217857 10.782143
  16   42   52 7.061905 8.938095
  15   36   53 6.242857 8.757143
  68  332   71 55.909524 12.090476
  17   48   60 7.895238 9.104762
  17   40   62 6.661905 10.338095
  73  370   72 61.671429 11.328571
  10   12   44 2.133333 7.866667
  10   18   46 2.923810 7.076190
  76  384   72 64.086905 11.913095
  14   24   56 4.352381 9.647619
  13   28   48 4.797619 8.202381
  82  436   56 72.747619 9.252381
   5    4   28 0.595238 4.404762
   6    6   29 1.076190 4.923810
  91  506   42 84.250000 6.750000
   3    2   15 0.366667 2.633333
   4    2   22 0.342857 3.657143
  89  494   43 82.071429 6.928571
   7   10   29 1.828571 5.171429
   8   12   37 1.990476 6.009524
  81  434   55 72.098810 8.901190
  11   26   36 4.528571 6.471429
  11   20   48 3.295238 7.704762
  78  404   62 67.597619 10.402381
  11   28   38 4.666667 6.333333
   7    6   37 0.985714 6.014286
  80  422   56 70.638095 9.361905
  13   34   45 5.654762 7.345238
  11   16   52 2.580952 8.419048
  80  418   61 69.788095 10.211905
   9   16   37 2.714286 6.285714
  14   22   58 3.866667 10.133333
  79  420   61 69.519048 9.480952
   7    6   33 1.150000 5.850000
  11   12   57 1.996429 9.003571
  80  414   66 69.154762 10.845238
   9   18   33 3.223810 5.776190
  15   32   58 5.542857 9.457143
  71  354   69 59.390476 11.609524
  14   44   43 7.246429 6.753571
  15   46   44 7.652381 7.347619
  76  404   53 67.183333 8.816667
   9   30   23 5.240476 3.759524
  17   52   50 8.742857 8.257143
  73  368   72 61.236905 11.763095
  10   24   34 4.209524 5.790476
  15   48   46 7.861905 7.138095
  64  302   80 50.866667 13.133333
  21   72   52 12.279762 8.720238
   7   12   30 1.995238 5.004762
  74  352   87 59.085714 14.914286
  19   54   65 8.733333 10.266667
   6   12   22 2.128571 3.871429
  69  332   83 55.238095 13.761905
  25   86   65 14.261905 10.738095
   6   10   25 1.833333 4.166667
  62  306   69 51.010714 10.989286
  32  124   66 20.952381 11.047619
   5   12   17 2.095238 2.904762
  62  292   80 48.896429 13.103571
  33  120   79 20.161905 12.838095
   8   22   26 3.685714 4.314286
  66  334   61 55.746825 10.253175
  26  100   57 16.610714 9.389286
  10   18   42 3.042857 6.957143
  56  272   63 45.621429 10.378571
  34  138   67 23.080952 10.919048
   7   14   27 2.419048 4.580952
  59  296   61 49.042857 9.957143
  34  140   62 23.538095 10.461905
  10   22   35 3.947619 6.052381
  64  308   80 51.205952 12.794048
  26   94   61 15.904762 10.095238
   5    6   25 0.976190 4.023810
  70  344   77 57.689683 12.310317
  25   86   62 14.569048 10.430952
  11   26   42 4.315476 6.684524
  65  316   75 52.802381 12.197619
  24   86   55 14.846429 9.153571
   8   10   40 1.503571 6.496429
  77  398   64 66.417857 10.582143
  15   44   44 7.442857 7.557143
   7   14   31 2.261905 4.738095
  80  436   49 72.360714 7.639286
  13   28   42 5.169048 7.830952
  15   46   43 7.833333 7.166667
  72  368   66 61.286905 10.713095
  13   32   45 5.490476 7.509524
  12   24   47 4.028571 7.971429
  78  408   63 67.830952 10.169048
  10   24   34 4.114286 5.885714
  16   44   53 7.309524 8.690476
  77  394   66 65.852381 11.147619
   7   16   27 2.590476 4.409524
  20   52   65 9.152381 10.847619
  74  374   75 62.178571 11.821429
   6   12   22 2.083333 3.916667
  30  102   69 17.669048 12.330952
  69  354   69 58.238095 10.761905
   1    0    6 0.000000 1.000000
  29  110   65 18.622222 10.377778
  71  360   65 60.269048 10.730952
  31  126   63 21.057143 9.942857
  69  348   63 58.319048 10.680952
  43  188   70 31.414286 11.585714
  57  272   70 45.261905 11.738095
  46  196   82 32.797619 13.202381
  54  240   82 40.061905 13.938095
  44  168   94 28.238095 15.761905
  56  244   94 40.497619 15.502381
  39  146   87 24.397619 14.602381
  61  280   87 46.766667 14.233333
  32  108   85 18.004762 13.995238
  68  322   85 53.875000 14.125000
  31  110   77 18.539286 12.460714
  69  336   77 56.333333 12.666667
  21   60   73 9.827381 11.172619
  79  394   73 66.347619 12.652381
  29   80   94 13.727381 15.272619
  71  332   94 55.470238 15.529762
  33  112   85 19.388095 13.611905
  67  318   85 53.315476 13.684524
  39  144   92 24.167857 14.832143
  61  272   92 45.538095 15.461905
  32  120   72 20.167857 11.832143
  68  336   72 56.217857 11.782143
  26   88   73 14.642857 11.357143
  74  366   73 61.661905 12.338095
  18   36   66 6.400000 11.600000
  82  432   66 71.502381 10.497619
  15   40   50 6.695238 8.304762
  85  460   50 76.632143 8.367857
  14   38   49 6.247619 7.752381
  86  464   49 77.659524 8.340476
  12   28   47 4.628571 7.371429
  88  478   47 79.957143 8.042857
   7   14   29 2.228571 4.771429
  93  528   29 88.109524 4.890476
   1    0    7 0.000000 1.000000
  99  586    7 97.757143 1.242857
   1    0    6 0.000000 1.000000
  99  588    6 97.990476 1.009524
   1    0    6 0.000000 1.000000
  99  588    6 98.047619 0.952381
 100  600    0 100.000000 0.000000
