   2    2   11 0.309524 1.690476
   1    0    6 0.000000 1.000000
   1    0    6 0.000000 1.000000
   1    0    6 0.000000 1.000000
   1    0    7 0.000000 1.000000
   3    6   12 1.000000 2.000000
   1    0    6 0.000000 1.000000
   1    0    6 0.000000 1.000000
   2    2    9 0.366667 1.633333
   1    0    6 0.000000 1.000000
   1    0    6 0.000000 1.000000
   3    4   14 0.676190 2.323810
   1    0    6 0.000000 1.000000
   3    6   13 0.971429 2.028571
   1    0    6 0.000000 1.000000
   1    0    8 0.000000 1.000000
   1    0    6 0.000000 1.000000
   1    0    6 0.000000 1.000000
   2    2   11 0.309524 1.690476
   1    0    6 0.000000 1.000000
   1    0    6 0.000000 1.000000
   1    0    6 0.000000 1.000000
   1    0    7 0.000000 1.000000
   3    4   13 0.700000 2.300000
   1    0    6 0.000000 1.000000
   2    0   12 0.000000 2.000000
   2    2    9 0.366667 1.633333
   5   10   22 1.595238 3.404762
   2    2   10 0.333333 1.666667
   1    0    7 0.000000 1.000000
   2    2   10 0.333333 1.666667
   4   10   12 1.861905 2.138095
   1    0    5 0.000000 1.000000
   1    0    5 0.000000 1.000000
   1    0    5 0.000000 1.000000
   2    0   14 0.000000 2.000000
   1    0    6 0.000000 1.000000
   3    4   13 0.733333 2.266667
   1    0    5 0.000000 1.000000
   1    0    7 0.000000 1.000000
   1    0    6 0.000000 1.000000
   1    0    7 0.000000 1.000000
   3    6   13 0.952381 2.047619
   4   10   12 1.828571 2.171429
   1    0    7 0.000000 1.000000
   1    0    6 0.000000 1.000000
   6   18   17 3.076190 2.923810
   1    0    5 0.000000 1.000000
   1    0    7 0.000000 1.000000
   1    0    6 0.000000 1.000000
   2    2   11 0.309524 1.690476
   2    2   10 0.342857 1.657143
   2    2    9 0.366667 1.633333
   2    2    8 0.400000 1.600000
   1    0    6 0.000000 1.000000
   1    0    7 0.000000 1.000000
   5   10   18 1.800000 3.200000
   2    2   10 0.333333 1.666667
   1    0    6 0.000000 1.000000
   2    2    9 0.366667 1.633333
   3    2   15 0.333333 2.666667
   2    2   11 0.309524 1.690476
   4    8   17 1.304762 2.695238
   2    2    9 0.366667 1.633333
   3    4   12 0.766667 2.233333
   2    2   11 0.309524 1.690476
   2    2   10 0.333333 1.666667
   2    2   11 0.309524 1.690476
   2    2   11 0.309524 1.690476
   3    6   12 1.019048 1.980952
   4    2   22 0.309524 3.690476
   1    0    8 0.000000 1.000000
   8   22   25 3.785714 4.214286
   4   10   14 1.719048 2.280952
   2    2   10 0.333333 1.666667
   2    2    8 0.400000 1.600000
  10   30   30 4.985714 5.014286
   3    6   12 1.019048 1.980952
   2    2   10 0.333333 1.666667
   2    2    9 0.366667 1.633333
   3    2   16 0.333333 2.666667
   1    0    6 0.000000 1.000000
   2    2   11 0.309524 1.690476
   1    0    6 0.000000 1.000000
   1    0    6 0.000000 1.000000
   7   14   28 2.352381 4.647619
   1    0    6 0.000000 1.000000
   2    2   10 0.333333 1.666667
   1    0    6 0.000000 1.000000
   2    2   10 0.333333 1.666667
   2    2   10 0.333333 1.666667
   2    2   10 0.333333 1.666667
   2    2   10 0.333333 1.666667
   2    2   11 0.309524 1.690476
   3    6   12 1.000000 2.000000
   5   12   16 2.104762 2.895238
   1    0    5 0.000000 1.000000
   2    2   10 0.333333 1.666667
   3    6   12 1.019048 1.980952
   4    6   17 1.066667 2.933333
   1    0    7 0.000000 1.000000
  12   38   38 6.140476 5.859524
   1    0    7 0.000000 1.000000
   6   14   21 2.414286 3.585714
   3    4   11 0.800000 2.200000
   1    0    7 0.000000 1.000000
   1    0    6 0.000000 1.000000
   2    2   13 0.267857 1.732143
   1    0    7 0.000000 1.000000
   2    2   11 0.309524 1.690476
   2    2   11 0.309524 1.690476
  15   56   38 9.123810 5.876190
   5   12   19 2.028571 2.971429
   4    8   13 1.533333 2.466667
   2    2    9 0.366667 1.633333
   3    4   12 0.733333 2.266667
   1    0    6 0.000000 1.000000
  10   32   26 5.573810 4.426190
   1    0    6 0.000000 1.000000
   2    2    9 0.366667 1.633333
   4   10   14 1.719048 2.280952
   1    0    5 0.000000 1.000000
   1    0    6 0.000000 1.000000
   4    4   20 0.666667 3.333333
   7   20   21 3.466667 3.533333
   2    2    8 0.400000 1.600000
   1    0    6 0.000000 1.000000
   8   16   34 2.647619 5.352381
   9   30   26 4.928571 4.071429
  13   30   48 4.985714 8.014286
   1    0    5 0.000000 1.000000
   4    8   14 1.433333 2.566667
   1    0    7 0.000000 1.000000
   1    0    6 0.000000 1.000000
   1    0    7 0.000000 1.000000
  18   66   43 10.990476 7.009524
   6   16   19 2.895238 3.104762
   4    4   19 0.700000 3.300000
   9   22   31 3.723810 5.276190
   6   18   18 3.047619 2.952381
   2    0   13 0.000000 2.000000
   7    8   35 1.309524 5.690476
  14   38   44 6.600000 7.400000
   2    2    9 0.366667 1.633333
   1    0    7 0.000000 1.000000
  15   48   42 8.091667 6.908333
   6   16   21 2.600000 3.400000
  14   38   42 6.516667 7.483333
   5    8   25 1.253571 3.746429
   5   12   20 1.951190 3.048810
  15   46   40 7.976190 7.023810
   3    4   15 0.642857 2.357143
   2    2   11 0.309524 1.690476
   8   20   27 3.464286 4.535714
   3    6   14 0.904762 2.095238
   4    4   20 0.676190 3.323810
   3    0   19 0.000000 3.000000
  15   34   56 5.723810 9.276190
   3    2   17 0.333333 2.666667
  17   60   41 10.133333 6.866667
   5   12   17 2.085714 2.914286
  16   46   48 7.800000 8.200000
   1    0    6 0.000000 1.000000
   3    6   13 0.971429 2.028571
  16   38   58 6.307143 9.692857
   5   14   18 2.195238 2.804762
  10   24   38 3.947619 6.052381
   8   22   24 3.877381 4.122619
   1    0    6 0.000000 1.000000
  12   14   57 2.371429 9.628571
   2    0   14 0.000000 2.000000
   9   14   42 2.261905 6.738095
  11   36   29 6.166667 4.833333
  26   92   63 15.535714 10.464286
   1    0    6 0.000000 1.000000
   4    6   16 1.142857 2.857143
   7    8   35 1.333333 5.666667
   5    6   24 1.009524 3.990476
  12   40   32 6.871429 5.128571
  10   32   29 5.350000 4.650000
   1    0    5 0.000000 1.000000
  13   24   55 3.933333 9.066667
   1    0    7 0.000000 1.000000
   4    4   22 0.685714 3.314286
  16   48   43 8.426190 7.573810
  29  118   54 19.852381 9.147619
   1    0    6 0.000000 1.000000
   6    6   32 0.952381 5.047619
   1    0    7 0.000000 1.000000
  20   84   39 13.814286 6.185714
   9   14   37 2.561905 6.438095
  18   46   61 7.838095 10.161905
   2    2    9 0.366667 1.633333
   7    6   33 1.066667 5.933333
  19   64   54 10.525000 8.475000
  14   38   49 6.119048 7.880952
   2    2    8 0.400000 1.600000
   6   12   22 2.175000 3.825000
  20   56   65 9.547619 10.452381
  12   26   47 4.357143 7.642857
  18   38   72 6.382143 11.617857
  15   54   39 8.904762 6.095238
   1    0    6 0.000000 1.000000
  22   84   46 14.133333 7.866667
  12   20   53 3.344048 8.655952
   5   12   18 1.990476 3.009524
  17   32   66 5.561905 11.438095
  10   16   44 2.792857 7.207143
  21   64   63 10.800000 10.200000
  15   38   50 6.640476 8.359524
  24   88   56 14.783333 9.216667
  10   16   46 2.476190 7.523810
   6   16   20 2.661905 3.338095
  16   38   56 6.423810 9.576190
   8   22   27 3.709524 4.290476
  22   68   62 11.657143 10.342857
  13   34   46 5.761905 7.238095
  27   96   66 16.088095 10.911905
  13   28   49 4.842857 8.157143
   3    6   11 1.066667 1.933333
  18   54   56 8.941667 9.058333
   4    4   20 0.642857 3.357143
  29  100   77 16.578571 12.421429
  12   26   46 4.366667 7.633333
  27   92   68 15.723810 11.276190
   8   24   24 4.104762 3.895238
   6   16   20 2.695238 3.304762
  16   46   49 7.769048 8.230952
   2    2   10 0.333333 1.666667
  34  124   79 21.045238 12.954762
   4    6   18 1.066667 2.933333
  22   60   68 10.352381 11.647619
  13   48   31 8.159524 4.840476
   7   24   19 3.976190 3.023810
  17   48   56 8.214286 8.785714
   3    2   17 0.342857 2.657143
  39  138   97 22.980952 16.019048
   1    0    5 0.000000 1.000000
  24   56   86 9.541667 14.458333
  17   46   54 7.866667 9.133333
   8   24   25 3.979762 4.020238
  10   12   51 2.052381 7.947619
   1    0    6 0.000000 1.000000
  33  108   96 17.509524 15.490476
   7   18   23 3.171429 3.828571
  36  120   89 20.445238 15.554762
  16   58   39 9.780952 6.219048
   6    8   29 1.376190 4.623810
   2    2   10 0.333333 1.666667
  34  116   83 19.794444 14.205556
   7   18   26 2.828571 4.171429
  38  140   88 23.566667 14.433333
  17   64   39 10.730952 6.269048
   3    2   17 0.333333 2.666667
   1    0    7 0.000000 1.000000
  38  128   98 21.685714 16.314286
   2    0   11 0.000000 2.000000
  38  132  100 22.148810 15.851190
  20   80   40 13.416667 6.583333
   2    0   11 0.000000 2.000000
  45  176   89 29.847619 15.152381
   3    0   18 0.000000 3.000000
  28  104   67 17.077381 10.922619
  20   76   46 12.585714 7.414286
   4    8   16 1.376190 2.623810
  48  190   95 31.942857 16.057143
   4    6   19 0.952381 3.047619
  31  124   64 20.480952 10.519048
  16   50   46 8.542857 7.457143
   1    0    6 0.000000 1.000000
  43  164   97 27.196429 15.803571
   1    0    5 0.000000 1.000000
  31  118   66 19.838095 11.161905
  25   94   56 15.786905 9.213095
  44  170   96 28.557143 15.442857
   2    2   12 0.285714 1.714286
  32  120   72 20.103571 11.896429
  22   66   62 11.390476 10.609524
  48  186  102 30.985714 17.014286
   3    6   11 1.085714 1.914286
  28   98   66 16.583333 11.416667
  21   64   67 10.694048 10.305952
  49  196   95 32.739286 16.260714
   1    0    7 0.000000 1.000000
  21   76   52 12.584524 8.415476
  29  100   74 16.823810 12.176190
  48  182  104 30.566667 17.433333
   4    4   21 0.652381 3.347619
  22   78   52 13.209524 8.790476
  26   78   81 12.809524 13.190476
  28   76   97 12.509524 15.490476
   3    4   14 0.676190 2.323810
  37  158   62 26.653571 10.346429
  32  114   75 19.152381 12.847619
  33   98  102 16.409524 16.590476
  46  196   80 32.652381 13.347619
  21   56   68 9.388095 11.611905
  29   86   86 14.678571 14.321429
  35  128   79 21.611905 13.388095
  36  124   97 20.452381 15.547619
  41  146   98 24.659524 16.340476
  19   44   70 7.366667 11.633333
  40  136  106 22.663095 17.336905
  34  120   86 19.730952 14.269048
  23   72   63 12.291667 10.708333
  43  170   89 28.266667 14.733333
  23   56   81 9.476190 13.523810
  28   96   72 16.142857 11.857143
  49  200   95 33.520238 15.479762
  22   42   87 7.079762 14.920238
  36  136   77 22.952381 13.047619
  42  162   96 26.786905 15.213095
  23   56   85 9.330952 13.669048
  25   90   60 15.152381 9.847619
  52  226   83 38.123810 13.876190
  21   48   81 8.061905 12.938095
  19   56   58 9.452381 9.547619
  60  282   75 47.454762 12.545238
  30   94   89 15.601190 14.398810
  13   24   57 4.002381 8.997619
  57  244   92 40.969048 16.030952
  19   38   76 6.342857 12.657143
   7    6   42 0.904762 6.095238
  74  352   86 59.170238 14.829762
  15   28   61 4.904762 10.095238
  14   42   40 7.189286 6.810714
  71  352   77 58.504762 12.495238
   9   16   39 2.719048 6.280952
  15   48   43 8.095238 6.904762
  76  374   80 62.722619 13.277381
   8   18   33 2.809524 5.190476
  16   44   51 7.371429 8.628571
  76  378   76 63.061905 12.938095
   7   12   32 2.004762 4.995238
  20   56   63 9.423810 10.576190
  73  366   71 61.334524 11.665476
   6    6   30 1.033333 4.966667
  21   50   77 8.459524 12.540476
  73  360   77 60.191667 12.808333
   8   20   26 3.471429 4.528571
  22   78   54 13.157143 8.842857
  70  356   66 59.332143 10.667857
   5   14   17 2.290476 2.709524
  13   36   42 5.928571 7.071429
  82  440   51 73.435714 8.564286
   4   10   12 1.935714 2.064286
   5    8   20 1.485714 3.514286
  91  518   32 85.876190 5.123810
   4    6   18 1.019048 2.980952
   2    0   13 0.000000 2.000000
  94  534   29 89.180952 4.819048
   9   26   27 4.665476 4.334524
   5    6   22 1.109524 3.890476
  86  476   43 79.240476 6.759524
  12   40   34 6.580952 5.419048
   7   10   27 1.883333 5.116667
  81  432   57 71.810714 9.189286
  13   40   37 6.842857 6.157143
   7   16   25 2.859524 4.140476
  80  426   56 71.052381 8.947619
  12   38   35 6.352381 5.647619
   4    8   15 1.385714 2.614286
  84  454   50 75.771429 8.228571
   9   22   34 3.604762 5.395238
   6   12   25 1.980952 4.019048
  85  450   57 75.466667 9.533333
   9   14   44 2.104762 6.895238
   1    0    6 0.000000 1.000000
  90  486   50 81.408333 8.591667
  14   34   49 5.847619 8.152381
   1    0    8 0.000000 1.000000
  85  452   57 75.578571 9.421429
  10   12   50 1.985714 8.014286
  90  488   50 81.600000 8.400000
  10   22   35 3.852381 6.147619
  90  508   35 84.447619 5.552381
  13   44   32 7.400000 5.600000
  87  492   32 81.767857 5.232143
  18   62   45 10.447619 7.552381
  82  448   45 74.770238 7.229762
  14   38   44 6.542857 7.457143
  86  474   44 78.935714 7.064286
  14   32   47 5.633333 8.366667
  86  474   47 78.463095 7.536905
  12   26   44 4.485714 7.514286
  88  486   44 81.040476 6.959524
   8   22   25 3.733333 4.266667
  92  528   25 87.885714 4.114286
   8   20   33 3.141667 4.858333
  92  514   33 86.211905 5.788095
   7    8   36 1.285714 5.714286
  93  520   36 86.864286 6.135714
   7    8   37 1.261905 5.738095
  93  518   37 86.598810 6.401190
  10   10   52 1.685714 8.314286
  90  486   52 81.261905 8.738095
  16   34   61 5.857143 10.142857
  84  444   61 73.983333 10.016667
  14   20   63 3.514286 10.485714
  86  454   63 75.690476 10.309524
  15   30   57 5.285714 9.714286
  85  456   57 75.689286 9.310714
  13   24   53 4.104762 8.895238
  87  470   53 78.309524 8.690476
  18   44   64 7.461905 10.538095
  82  428   64 71.523810 10.476190
  22   64   66 10.990476 11.009524
  78  404   66 67.328571 10.671429
  14   36   47 6.138095 7.861905
  86  470   47 78.338095 7.661905
  13   30   44 5.228571 7.771429
  87  482   44 80.100000 6.900000
  17   62   39 10.414286 6.585714
  83  460   39 76.640476 6.359524
  15   44   46 7.333333 7.666667
  85  464   46 77.411905 7.588095
   4    4   20 0.676190 3.323810
  96  556   20 92.747619 3.252381
   6    4   32 0.733333 5.266667
  94  532   32 88.626190 5.373810
   6    6   32 1.019048 4.980952
  94  530   32 88.632143 5.367857
   4    4   18 0.700000 3.300000
  96  560   18 93.264286 2.735714
   7   12   28 2.128571 4.871429
  93  532   28 88.538095 4.461905
   8   18   28 3.209524 4.790476
  92  526   28 87.565476 4.434524
  14   46   41 7.500000 6.500000
  86  472   41 79.004762 6.995238
  17   58   41 9.890476 7.109524
  83  460   41 76.494048 6.505952
  10   28   32 4.552381 5.447619
  90  508   32 84.723810 5.276190
  15   40   48 6.630952 8.369048
  85  464   48 77.082143 7.917857
  12   34   38 5.695238 6.304762
  88  490   38 81.811905 6.188095
   8   12   37 1.938095 6.061905
  92  514   37 85.771429 6.228571
   9   18   36 3.095238 5.904762
  91  510   36 85.022619 5.977381
   6    8   28 1.319048 4.680952
  94  536   28 89.371429 4.628571
   6   10   26 1.666667 4.333333
  94  538   26 89.661905 4.338095
   3    4   16 0.619048 2.380952
  97  564   16 94.166667 2.833333
   1    0    7 0.000000 1.000000
  99  586    7 97.790476 1.209524
 100  600    0 100.000000 0.000000
