   2    2   11 0.309524 1.690476
   1    0    7 0.000000 1.000000
   1    0    6 0.000000 1.000000
   1    0    7 0.000000 1.000000
   1    0    5 0.000000 1.000000
   1    0    6 0.000000 1.000000
   1    0    6 0.000000 1.000000
   2    2   10 0.333333 1.666667
   1    0    6 0.000000 1.000000
   3    6   13 0.952381 2.047619
   1    0    8 0.000000 1.000000
   4    6   18 1.019048 2.980952
   3    6   12 1.019048 1.980952
   1    0    5 0.000000 1.000000
   3    6   11 1.066667 1.933333
   1    0    7 0.000000 1.000000
   3    6   12 1.000000 2.000000
   3    6   11 1.066667 1.933333
   2    2   10 0.342857 1.657143
   3    4   12 0.766667 2.233333
   1    0    6 0.000000 1.000000
   3    6   13 0.952381 2.047619
   1    0    6 0.000000 1.000000
   6   12   20 2.266667 3.733333
   1    0    6 0.000000 1.000000
   2    2   10 0.333333 1.666667
   2    2   11 0.309524 1.690476
   1    0    6 0.000000 1.000000
   4   10   14 1.719048 2.280952
   2    2   11 0.309524 1.690476
   3    2   18 0.309524 2.690476
   3    6   11 1.066667 1.933333
   3    4   12 0.766667 2.233333
   3    4   16 0.595238 2.404762
   2    2   10 0.333333 1.666667
   1    0    7 0.000000 1.000000
   2    2   10 0.333333 1.666667
   1    0    7 0.000000 1.000000
   2    2    9 0.366667 1.633333
   1    0    5 0.000000 1.000000
   1    0    6 0.000000 1.000000
   2    2   11 0.309524 1.690476
   1    0    5 0.000000 1.000000
   2    2   11 0.309524 1.690476
   2    2    8 0.400000 1.600000
   1    0    5 0.000000 1.000000
   1    0    7 0.000000 1.000000
   1    0    6 0.000000 1.000000
   1    0    6 0.000000 1.000000
   1    0    6 0.000000 1.000000
   3    6   10 1.133333 1.866667
   2    2   12 0.285714 1.714286
   1    0    6 0.000000 1.000000
   1    0    6 0.000000 1.000000
   1    0    6 0.000000 1.000000
   1    0    6 0.000000 1.000000
   2    2   12 0.285714 1.714286
   2    0   12 0.000000 2.000000
   3    6   10 1.133333 1.866667
   3    2   17 0.285714 2.714286
   7   20   21 3.485714 3.514286
  11   28   34 4.869048 6.130952
   1    0    6 0.000000 1.000000
   6   12   24 2.000000 4.000000
   1    0    6 0.000000 1.000000
   1    0    6 0.000000 1.000000
  12   32   41 5.261905 6.738095
   1    0    8 0.000000 1.000000
   1    0    9 0.000000 1.000000
   2    0   13 0.000000 2.000000
   1    0    5 0.000000 1.000000
   2    2   12 0.285714 1.714286
   6   18   16 3.204762 2.795238
   2    2   12 0.285714 1.714286
   2    2   10 0.342857 1.657143
   2    0   13 0.000000 2.000000
   8   22   25 3.766667 4.233333
   1    0    6 0.000000 1.000000
   3    4   13 0.733333 2.266667
   3    6   11 1.066667 1.933333
   3    4   13 0.742857 2.257143
   1    0    6 0.000000 1.000000
   1    0    6 0.000000 1.000000
   7   20   22 3.295238 3.704762
   1    0    5 0.000000 1.000000
   2    2    8 0.400000 1.600000
   3    4   13 0.733333 2.266667
   1    0    6 0.000000 1.000000
   3    4   15 0.619048 2.380952
   1    0    7 0.000000 1.000000
  10   36   24 6.075000 3.925000
  16   54   44 8.971429 7.028571
   1    0    7 0.000000 1.000000
   3    2   18 0.309524 2.690476
   2    2    8 0.400000 1.600000
   3    6   11 1.066667 1.933333
  10   26   37 4.142857 5.857143
   3    6   10 1.133333 1.866667
   1    0    7 0.000000 1.000000
   2    2    9 0.366667 1.633333
   8   26   22 4.290476 3.709524
   2    2    9 0.366667 1.633333
   1    0    5 0.000000 1.000000
  12   42   31 6.991667 5.008333
   2    0   12 0.000000 2.000000
   2    2    9 0.366667 1.633333
   4    4   20 0.676190 3.323810
   8   28   20 4.757143 3.242857
   1    0    7 0.000000 1.000000
   3    4   14 0.676190 2.323810
   6   18   18 3.023810 2.976190
   7   16   27 2.661905 4.338095
  23   88   47 15.145238 7.854762
   2    2    8 0.400000 1.600000
   3    4   14 0.652381 2.347619
   2    2   11 0.309524 1.690476
   9   20   33 3.442857 5.557143
   3    4   16 0.595238 2.404762
   2    0   11 0.000000 2.000000
  13   46   30 7.823810 5.176190
   3    4   12 0.766667 2.233333
   1    0    7 0.000000 1.000000
   8   18   33 2.838095 5.161905
   1    0    7 0.000000 1.000000
   8   16   32 2.652381 5.347619
   5   10   21 1.614286 3.385714
   5   12   19 1.952381 3.047619
   3    6   12 1.000000 2.000000
   5   14   16 2.550000 2.450000
  11   42   25 7.122619 3.877381
  22   86   49 14.276190 7.723810
   2    2   11 0.309524 1.690476
   2    2   10 0.333333 1.666667
   2    2    9 0.366667 1.633333
  15   44   44 7.470238 7.529762
   2    0   11 0.000000 2.000000
  11   32   33 5.371429 5.628571
   5   14   16 2.385714 2.614286
   1    0    6 0.000000 1.000000
   2    2   10 0.333333 1.666667
   8   12   36 2.071429 5.928571
   4    8   15 1.400000 2.600000
   8   26   21 4.538095 3.461905
   5   12   18 2.014286 2.985714
  10   30   31 5.009524 4.990476
  16   56   41 9.191667 6.808333
   2    2   11 0.309524 1.690476
   3    6   11 1.066667 1.933333
   1    0    6 0.000000 1.000000
   8   12   34 2.128571 5.871429
   2    0   12 0.000000 2.000000
   9   22   33 3.614286 5.385714
   9   26   29 4.352381 4.647619
   1    0    6 0.000000 1.000000
   1    0    7 0.000000 1.000000
  11   24   40 4.133333 6.866667
  14   42   42 7.247619 6.752381
   3    4   14 0.709524 2.290476
   8   24   22 4.138095 3.861905
  11   40   27 6.728571 4.271429
  12   28   43 4.728571 7.271429
   5    8   24 1.285714 3.714286
   4   10   14 1.666667 2.333333
   1    0    6 0.000000 1.000000
   2    2   11 0.309524 1.690476
   6   14   21 2.400000 3.600000
  10   30   30 5.176190 4.823810
  14   54   29 9.238095 4.761905
   2    0   12 0.000000 2.000000
   5    4   27 0.619048 4.380952
  17   70   32 11.923810 5.076190
   3    2   18 0.309524 2.690476
  10   32   31 5.190476 4.809524
  14   48   37 8.066667 5.933333
  11   18   47 3.109524 7.890476
   2    2   11 0.309524 1.690476
   1    0    6 0.000000 1.000000
   1    0    6 0.000000 1.000000
   2    2   10 0.342857 1.657143
   2    0   12 0.000000 2.000000
   8   12   37 1.957143 6.042857
  18   58   47 9.942857 8.057143
   1    0    5 0.000000 1.000000
   4    4   19 0.700000 3.300000
  23   82   54 13.730952 9.269048
   2    2   11 0.309524 1.690476
  17   56   43 9.671429 7.328571
  14   52   34 8.504762 5.495238
   7   14   29 2.390476 4.609524
   4    8   15 1.400000 2.600000
   2    0   13 0.000000 2.000000
   7   16   26 2.733333 4.266667
   9   26   31 4.259524 4.740476
  13   36   43 6.233333 6.766667
   1    0    7 0.000000 1.000000
   2    0   11 0.000000 2.000000
  22   74   53 12.690476 9.309524
   1    0    7 0.000000 1.000000
  13   40   38 6.747619 6.252381
  12   36   37 6.042857 5.957143
   7   16   25 2.828571 4.171429
   4   10   13 1.733333 2.266667
   1    0    6 0.000000 1.000000
   3    2   17 0.309524 2.690476
  10   24   36 4.123810 5.876190
  16   44   50 7.560714 8.439286
   8   28   20 4.823810 3.176190
   1    0    7 0.000000 1.000000
  24   92   52 15.309524 8.690476
   2    2    8 0.400000 1.600000
   3    0   18 0.000000 3.000000
  23   80   56 13.700000 9.300000
   8   24   22 4.171429 3.828571
   4    8   15 1.400000 2.600000
   3    6   11 1.085714 1.914286
   9   18   35 3.123810 5.876190
  12   24   50 3.989286 8.010714
   9   28   30 4.507143 4.492857
   1    0    6 0.000000 1.000000
  26  100   59 16.533333 9.466667
   1    0    8 0.000000 1.000000
   2    0   13 0.000000 2.000000
  26   92   63 15.678571 10.321429
   8   22   25 3.857143 4.142857
   1    0    6 0.000000 1.000000
   7   20   21 3.490476 3.509524
   6   12   25 2.028571 3.971429
  15   44   46 7.483333 7.516667
   6   16   21 2.623810 3.376190
  28  110   56 18.716667 9.283333
   1    0    6 0.000000 1.000000
  28   92   77 15.309524 12.690476
   5    8   22 1.280952 3.719048
   1    0    6 0.000000 1.000000
   9   30   26 4.900000 4.100000
   6   10   27 1.619048 4.380952
   8   10   35 1.752381 6.247619
  13   50   27 8.442857 4.557143
  29  114   60 19.104762 9.895238
  24   88   56 14.838095 9.161905
   8   22   26 3.614286 4.385714
   1    0    6 0.000000 1.000000
   6   18   19 2.904762 3.095238
  10   28   29 4.995238 5.004762
   7   12   31 2.019048 4.980952
  11   40   26 6.777381 4.222619
  33  144   55 24.116667 8.883333
  21   60   68 9.995238 11.004762
   6   14   23 2.316667 3.683333
   4   10   13 1.766667 2.233333
   4    6   18 1.019048 2.980952
  10   20   38 3.461905 6.538095
  10   24   35 4.147619 5.852381
  11   40   27 6.509524 4.490476
  34  150   54 25.223810 8.776190
  13   28   54 4.645238 8.354762
   2    0   12 0.000000 2.000000
   7   16   25 2.766667 4.233333
   5    6   26 0.967857 4.032143
  13   36   42 6.080952 6.919048
  16   52   42 8.769048 7.230952
  13   44   31 7.690476 5.309524
  31  126   60 21.070238 9.929762
  17   44   55 7.685714 9.314286
   1    0    7 0.000000 1.000000
   3    2   17 0.333333 2.666667
   1    0    7 0.000000 1.000000
  13   38   41 6.383333 6.616667
  17   56   47 9.322619 7.677381
  17   70   32 11.800000 5.200000
  31  124   60 20.971429 10.028571
  16   36   60 6.052381 9.947619
   5    8   20 1.433333 3.566667
  13   34   45 5.623810 7.376190
  17   64   40 10.571429 6.428571
  21   74   51 12.414286 8.585714
  28   88   80 14.764286 13.235714
  21   66   59 11.305952 9.694048
   3    2   16 0.333333 2.666667
  13   50   30 8.271429 4.728571
  17   54   48 9.211905 7.788095
  27  108   52 18.233333 8.766667
  19   48   67 8.161905 10.838095
  29  108   69 18.020238 10.979762
   1    0    7 0.000000 1.000000
  16   54   43 8.957143 7.042857
  16   40   48 7.173810 8.826190
  22   84   51 13.940476 8.059524
  16   54   42 9.104762 6.895238
  35  148   67 24.473810 10.526190
   5   12   19 1.976190 3.023810
  11   26   42 4.420238 6.579762
  14   38   45 6.509524 7.490476
  16   58   35 9.857143 6.142857
  19   60   50 10.371429 8.628571
  28  112   54 18.990476 9.009524
   5    6   23 1.019048 3.980952
  19   56   54 9.709524 9.290476
   9   16   40 2.678571 6.321429
  17   66   40 10.955952 6.044048
  22   70   63 11.703571 10.296429
  31  120   67 20.085714 10.914286
   4   10   15 1.590476 2.409524
  12   38   37 6.465476 5.534524
  19   56   55 9.688095 9.311905
  11   30   33 5.276190 5.723810
  23   80   59 13.333333 9.666667
  34  130   72 22.033333 11.966667
   4    8   17 1.280952 2.719048
   9   20   35 3.300000 5.700000
  27  102   65 16.777381 10.222619
   6   10   25 1.733333 4.266667
  20   50   66 8.611905 11.388095
  35  136   71 23.119048 11.880952
   5    8   23 1.328571 3.671429
  10   20   42 3.204762 6.795238
  19   56   54 9.671429 9.328571
   5    6   26 1.025000 3.975000
  26   84   74 13.951190 12.048810
  34  108   96 18.189286 15.810714
   4    6   19 0.952381 3.047619
  10   34   27 5.628571 4.371429
  13   28   47 4.709524 8.290476
  39  150   85 25.078571 13.921429
  38  132   91 22.257143 15.742857
   2    2   10 0.333333 1.666667
   3    4   15 0.642857 2.357143
  20   54   68 9.148810 10.851190
  37  120  104 19.970238 17.029762
  31   88   95 14.953571 16.046429
   1    0    6 0.000000 1.000000
   6   14   25 2.242857 3.757143
  19   56   58 9.380952 9.619048
  43  148  110 24.872619 18.127381
  27   86   76 14.395238 12.604762
   1    0    7 0.000000 1.000000
   6   10   27 1.594048 4.405952
  17   42   62 6.919048 10.080952
  49  186  104 31.526190 17.473810
  21   44   80 7.577381 13.422619
   2    2   10 0.333333 1.666667
   4    4   20 0.676190 3.323810
  26   82   76 13.704762 12.295238
  47  160  122 26.886905 20.113095
  23   76   57 13.100000 9.900000
   2    2   11 0.325000 1.675000
  28   86   83 14.461905 13.538095
  47  178  107 29.508333 17.491667
  24   84   62 13.878571 10.121429
   3    4   12 0.733333 2.266667
  28   84   83 14.252381 13.747619
  45  182   89 30.323810 14.676190
  35  136   76 22.761905 12.238095
   5   10   19 1.685714 3.314286
  28   90   77 15.257143 12.742857
  32   98   94 16.621429 15.378571
  37  136   94 22.471429 14.528571
   5    8   19 1.466667 3.533333
  30   74  100 12.809524 17.190476
  28   82   87 13.946429 14.053571
  40  156   85 25.819048 14.180952
  10   30   32 5.042857 4.957143
  22   50   78 8.666667 13.333333
  28   72   97 11.990476 16.009524
  47  200   85 33.192857 13.807143
   6   10   29 1.533333 4.466667
  16   26   67 4.523810 11.476190
  31   92   91 15.823810 15.176190
  40  142  101 23.661905 16.338095
   2    0   13 0.000000 2.000000
  27   72   89 12.109524 14.890476
  31  108   75 18.452381 12.547619
  32  118   75 19.666667 12.333333
  38  132   96 22.114286 15.885714
  30   98   81 16.433333 13.566667
  26   72   83 12.275000 13.725000
  42  154  101 25.638889 16.361111
  32  124   66 20.838095 11.161905
  23   80   56 13.476190 9.523810
  40  146   94 24.416667 15.583333
  37  156   68 25.973810 11.026190
  23   80   61 13.288095 9.711905
  37  134   84 22.530952 14.469048
  40  158   83 26.711905 13.288095
  19   64   52 10.421429 8.578571
  36  128   85 21.580952 14.419048
  45  180   91 29.898810 15.101190
  13   28   48 4.766667 8.233333
  37  134   88 22.717857 14.282143
  50  194  108 32.475000 17.525000
  10   20   39 3.442857 6.557143
  35  112   94 19.242857 15.757143
  55  232  103 38.596429 16.403571
  11   26   42 4.171429 6.828571
  32  116   75 19.471429 12.528571
  57  246   95 41.104762 15.895238
   8   14   34 2.280952 5.719048
  35  138   73 22.923810 12.076190
  57  248   93 41.558333 15.441667
  11   20   44 3.461905 7.538095
  38  168   60 27.976190 10.023810
  51  220   88 36.533333 14.466667
   8   16   32 2.709524 5.290476
  26   92   67 15.158333 10.841667
  66  314   79 52.633333 13.366667
  13   42   29 7.561905 5.438095
  18   62   47 10.427381 7.572619
  69  356   64 58.802381 10.197619
  15   38   53 6.352381 8.647619
  14   40   45 6.847619 7.152381
  71  336   88 56.352381 14.647619
  14   34   50 5.719048 8.280952
   9   24   31 4.123810 4.876190
  77  398   63 66.619048 10.380952
  10   28   30 4.742857 5.257143
   6   18   18 3.057143 2.942857
  84  458   48 76.071429 7.928571
   6   18   18 2.995238 3.004762
   8   26   24 4.166667 3.833333
  86  472   42 78.747619 7.252381
   2    2   10 0.342857 1.657143
  21   84   43 14.114286 6.885714
  77  408   53 68.134524 8.865476
   3    4   14 0.676190 2.323810
  13   38   38 6.398810 6.601190
  84  454   52 75.421429 8.578571
   2    2   10 0.342857 1.657143
  19   72   45 11.973810 7.026190
  79  416   55 69.611905 9.388095
   2    2   12 0.291667 1.708333
  13   42   36 7.102381 5.897619
  85  460   48 76.919048 8.080952
  17   58   44 9.590476 7.409524
  83  454   44 75.817857 7.182143
  10   16   50 2.542857 7.457143
  90  484   50 81.362302 8.637698
   5    4   26 0.685714 4.314286
  95  544   26 90.690476 4.309524
   5   10   22 1.541667 3.458333
  95  546   22 91.071429 3.928571
  12   40   31 6.957143 5.042857
  88  498   31 82.869048 5.130952
  10   34   28 5.685714 4.314286
  90  510   28 85.183333 4.816667
   5   14   16 2.375000 2.625000
  95  554   16 92.427381 2.572619
   8   20   29 3.369048 4.630952
  92  522   29 87.047619 4.952381
  14   48   39 7.957143 6.042857
  86  474   39 79.433333 6.566667
  12   30   46 4.785714 7.214286
  88  478   46 80.238095 7.761905
  12   20   49 3.542857 8.457143
  88  482   49 80.236905 7.763095
  11   22   48 3.533333 7.466667
  89  482   48 80.889286 8.110714
   5    2   29 0.333333 4.666667
  95  540   29 90.061905 4.938095
  12   26   46 4.442857 7.557143
  88  482   46 80.378571 7.621429
  20   56   62 9.602381 10.397619
  80  420   62 69.859524 10.140476
  20   72   49 12.010714 7.989286
  80  430   49 71.903571 8.096429
  17   56   44 9.490476 7.509524
  83  456   44 75.980952 7.019048
  16   32   62 5.586905 10.413095
  84  444   62 73.876190 10.123810
  16   32   61 5.557143 10.442857
  84  446   61 74.250000 9.750000
  26   90   70 14.898810 11.101190
  74  370   70 61.983333 12.016667
  30  118   63 19.773810 10.226190
  70  356   63 59.673810 10.326190
  25   86   67 14.310714 10.689286
  75  380   67 63.638095 11.361905
  30  114   65 19.267857 10.732143
  70  356   65 59.332143 10.667857
  33  146   56 24.207143 8.792857
  67  342   56 57.309524 9.690476
  16   54   45 8.885714 7.114286
  84  456   45 76.328571 7.671429
  16   54   45 8.833333 7.166667
  84  456   45 76.433333 7.566667
   8   14   36 2.238095 5.761905
  92  514   36 85.819048 6.180952
  11   34   30 5.902381 5.097619
  89  506   30 84.248810 4.751190
  10   24   34 4.345238 5.654762
  90  508   34 84.605952 5.394048
  11   30   39 4.873810 6.126190
  89  492   39 82.395238 6.604762
   5    6   24 1.000000 4.000000
  95  546   24 90.990476 4.009524
   6    8   28 1.319048 4.680952
  94  536   28 89.295238 4.704762
   4    4   22 0.595238 3.404762
  96  552   22 92.195238 3.804762
   1    0    6 0.000000 1.000000
  99  588    6 97.980952 1.019048
   1    0    6 0.000000 1.000000
  99  588    6 98.038095 0.961905
   1    0    7 0.000000 1.000000
  99  586    7 97.823810 1.176190
 100  600    0 100.000000 0.000000
