   1    0    6 0.000000 1.000000
   1    0    6 0.000000 1.000000
   3    6   12 1.019048 1.980952
   3    6   10 1.133333 1.866667
   2    2   10 0.333333 1.666667
   1    0    7 0.000000 1.000000
   1    0    7 0.000000 1.000000
   3    4   13 0.700000 2.300000
   3    6   10 1.133333 1.866667
   1    0    7 0.000000 1.000000
   2    2   10 0.333333 1.666667
   1    0    7 0.000000 1.000000
   1    0    5 0.000000 1.000000
   1    0    6 0.000000 1.000000
   1    0    6 0.000000 1.000000
   1    0    6 0.000000 1.000000
   1    0    6 0.000000 1.000000
   1    0    7 0.000000 1.000000
   1    0    6 0.000000 1.000000
   1    0    8 0.000000 1.000000
   1    0    7 0.000000 1.000000
   3    4   13 0.733333 2.266667
   2    2    8 0.400000 1.600000
   1    0    6 0.000000 1.000000
   1    0    6 0.000000 1.000000
   2    0   12 0.000000 2.000000
   1    0    7 0.000000 1.000000
   3    4   12 0.766667 2.233333
   2    2   10 0.333333 1.666667
   2    2   10 0.342857 1.657143
   2    2   11 0.309524 1.690476
   2    2   10 0.333333 1.666667
   1    0    7 0.000000 1.000000
   1    0    7 0.000000 1.000000
   1    0    6 0.000000 1.000000
   2    2   10 0.333333 1.666667
   1    0    6 0.000000 1.000000
   3    4   12 0.766667 2.233333
   1    0    6 0.000000 1.000000
   1    0    6 0.000000 1.000000
   3    4   13 0.700000 2.300000
   1    0    6 0.000000 1.000000
   1    0    6 0.000000 1.000000
   1    0    6 0.000000 1.000000
   4   10   14 1.685714 2.314286
   1    0    5 0.000000 1.000000
   4    8   17 1.285714 2.714286
   1    0    7 0.000000 1.000000
   2    2   10 0.333333 1.666667
   1    0    7 0.000000 1.000000
   3    6   11 1.066667 1.933333
   1    0    7 0.000000 1.000000
   1    0    7 0.000000 1.000000
   4    8   16 1.428571 2.571429
   3    4   12 0.792857 2.207143
   4    8   16 1.319048 2.680952
   1    0    6 0.000000 1.000000
   1    0    7 0.000000 1.000000
   2    2   10 0.342857 1.657143
   6   12   22 2.061905 3.938095
   4   10   13 1.819048 2.180952
   3    2   17 0.342857 2.657143
   2    2   10 0.342857 1.657143
   3    6   11 1.085714 1.914286
   3    6    9 1.200000 1.800000
   1    0    6 0.000000 1.000000
   3    4   17 0.577381 2.422619
   1    0    6 0.000000 1.000000
   5   10   20 1.666667 3.333333
   1    0    6 0.000000 1.000000
   1    0    7 0.000000 1.000000
   2    2   11 0.309524 1.690476
   1    0    7 0.000000 1.000000
   1    0    7 0.000000 1.000000
   3    4   14 0.709524 2.290476
   4    8   18 1.292857 2.707143
   9   32   23 5.357143 3.642857
   1    0    5 0.000000 1.000000
   1    0    6 0.000000 1.000000
   5   10   20 1.709524 3.290476
   1    0    7 0.000000 1.000000
   3    4   13 0.702381 2.297619
   6   18   18 3.028571 2.971429
   9   26   29 4.371429 4.628571
   7   18   22 3.190476 3.809524
   2    2   10 0.342857 1.657143
   2    2    7 0.450000 1.550000
   7   22   21 3.600000 3.400000
   1    0    6 0.000000 1.000000
   2    2   11 0.309524 1.690476
  11   32   34 5.361905 5.638095
   1    0    6 0.000000 1.000000
   3    6   12 1.019048 1.980952
   2    0   11 0.000000 2.000000
   1    0    7 0.000000 1.000000
   5   14   16 2.352381 2.647619
   2    0   12 0.000000 2.000000
   2    2    9 0.366667 1.633333
   1    0    6 0.000000 1.000000
   1    0    6 0.000000 1.000000
   1    0    6 0.000000 1.000000
   2    2   11 0.309524 1.690476
   1    0    5 0.000000 1.000000
   4    4   20 0.619048 3.380952
  10   30   30 5.161905 4.838095
  11   38   27 6.352381 4.647619
   1    0    6 0.000000 1.000000
   1    0    7 0.000000 1.000000
   4    8   18 1.261905 2.738095
   9   30   24 5.228571 3.771429
  10   36   24 6.142857 3.857143
   4    8   14 1.466667 2.533333
   1    0    5 0.000000 1.000000
   8   18   30 3.052381 4.947619
   2    2   11 0.309524 1.690476
   4    6   17 1.033333 2.966667
  13   34   43 5.821429 7.178571
   1    0    7 0.000000 1.000000
   2    2   11 0.309524 1.690476
   3    2   15 0.366667 2.633333
   1    0    7 0.000000 1.000000
   2    2   10 0.342857 1.657143
   2    2   11 0.309524 1.690476
   4    6   19 0.952381 3.047619
   1    0    6 0.000000 1.000000
   2    0   14 0.000000 2.000000
   7   16   25 2.785714 4.214286
   8   24   23 4.161905 3.838095
   3    6   11 1.119048 1.880952
   7   20   21 3.400000 3.600000
  14   54   30 9.028571 4.971429
  14   50   32 8.580952 5.419048
  11   38   29 6.353571 4.646429
   1    0    7 0.000000 1.000000
  11   28   38 4.703571 6.296429
  10   12   52 1.866667 8.133333
   2    2   10 0.342857 1.657143
   3    4   13 0.700000 2.300000
   5    8   18 1.600000 3.400000
   6    8   26 1.409524 4.590476
  22   84   47 14.133333 7.866667
   2    2   10 0.333333 1.666667
   4    6   21 0.904762 3.095238
  16   38   55 6.557143 9.442857
  13   36   46 5.713095 7.286905
   5   14   17 2.350000 2.650000
   1    0    5 0.000000 1.000000
  16   54   38 9.333333 6.666667
  11   14   52 2.328571 8.671429
   5    6   21 1.100000 3.900000
   1    0    7 0.000000 1.000000
   2    2   11 0.309524 1.690476
  11   24   43 4.133333 6.866667
  17   66   36 11.147619 5.852381
   1    0    6 0.000000 1.000000
  15   36   55 5.952381 9.047619
  10   24   39 3.771429 6.228571
  10   34   25 5.857143 4.142857
   1    0    7 0.000000 1.000000
  22   72   59 12.061905 9.938095
  12   34   40 5.657143 6.342857
   5    8   21 1.400000 3.600000
   6    6   33 0.928571 5.071429
   8   12   37 1.938095 6.061905
  11   14   55 2.247619 8.752381
  23   66   68 11.257143 11.742857
   8   18   29 3.071429 4.928571
   5   10   18 1.833333 3.166667
  26  106   53 17.614286 8.385714
  15   44   43 7.485714 7.514286
   5   14   17 2.285714 2.714286
   2    2   10 0.333333 1.666667
  13   36   42 5.965476 7.034524
   7    6   36 1.009524 5.990476
  17   50   50 8.514286 8.485714
  12   40   32 6.766667 5.233333
   3    0   19 0.000000 3.000000
  20   76   46 12.552381 7.447619
  13   34   44 5.758333 7.241667
   1    0    6 0.000000 1.000000
  14   36   50 5.952381 8.047619
  12   26   44 4.527381 7.472619
  24   92   49 15.542857 8.457143
  16   52   45 8.586905 7.413095
  20   72   49 12.095238 7.904762
  10   14   46 2.319048 7.680952
  10   20   39 3.528571 6.471429
  19   70   43 11.828571 7.171429
  29  116   58 19.495238 9.504762
  12   34   39 5.676190 6.323810
  17   52   50 8.786905 8.213095
  17   34   67 5.776190 11.223810
   8   18   27 3.200000 4.800000
  19   76   39 12.665476 6.334524
  24   86   61 14.195238 9.804762
  15   48   42 8.004762 6.995238
  27  104   60 17.257143 9.742857
  11   26   36 4.633333 6.366667
   9   24   30 4.057143 4.942857
  14   50   34 8.457143 5.542857
  22   66   68 10.819048 11.180952
  17   52   50 8.571429 8.428571
  16   48   46 8.245238 7.754762
  20   60   68 9.577381 10.422619
  10   20   39 3.404762 6.595238
  13   32   45 5.433333 7.566667
  33  108   87 18.323810 14.676190
   8   10   37 1.733333 6.266667
  12   22   49 3.723810 8.276190
  19   52   58 8.971429 10.028571
  11   26   39 4.452381 6.547619
   9   14   44 2.214286 6.785714
  34  124   81 20.780952 13.219048
  15   38   53 6.452381 8.547619
  15   38   54 6.219048 8.780952
  30   92   86 15.723810 14.276190
   8   20   28 3.385714 4.614286
   4    4   20 0.666667 3.333333
  33  120   77 20.490476 12.509524
  10   16   45 2.714286 7.285714
  24   78   68 12.892857 11.107143
  22   76   55 12.985714 9.014286
   7   12   29 2.119048 4.880952
   5    8   22 1.361905 3.638095
  32  108   83 18.300000 13.700000
  10   16   45 2.661905 7.338095
  20   70   51 11.648810 8.351190
  19   52   65 8.480952 10.519048
   6    8   28 1.333333 4.666667
   4    2   24 0.333333 3.666667
  42  160   87 27.104762 14.895238
   9   24   29 4.142857 4.857143
  25   76   68 13.028571 11.971429
  18   50   57 8.471429 9.528571
   6    8   31 1.326190 4.673810
   6   18   16 3.250000 2.750000
  40  158   90 25.688095 14.311905
   5    4   24 0.733333 4.266667
  15   30   58 5.200000 9.800000
  20   54   63 9.200000 10.800000
   9   22   33 3.671429 5.328571
   8   16   34 2.533333 5.466667
  38  136   96 22.540476 15.459524
  10   28   30 4.923810 5.076190
   9   12   42 2.085714 6.914286
  26   60   94 10.095238 15.904762
  12   36   33 6.180952 5.819048
   7   16   26 2.680952 4.319048
  28   92   78 15.295238 12.704762
  18   48   63 7.790476 10.209524
   6    6   33 0.928571 5.071429
  41  154   90 25.873810 15.126190
  11   34   32 5.647619 5.352381
   9   24   29 4.104762 4.895238
  21   60   66 10.069048 10.930952
  12   42   30 6.932143 5.067857
   5   12   18 1.971429 3.028571
  44  192   72 32.276190 11.723810
   8   26   23 4.419048 3.580952
   7   12   27 2.200000 4.800000
  19   60   56 9.938095 9.061905
  17   68   34 11.403571 5.596429
   1    0    6 0.000000 1.000000
  38  154   76 25.446429 12.553571
  11   30   34 5.180952 5.819048
   7   10   31 1.776190 5.223810
  30  110   71 18.389286 11.610714
  13   44   34 7.266667 5.733333
  36  154   64 25.517857 10.482143
   4    6   20 0.926190 3.073810
  14   38   43 6.759524 7.240476
  29  100   72 17.017857 11.982143
  17   64   39 10.858333 6.141667
  41  160   87 26.638095 14.361905
   3    4   17 0.601190 2.398810
  15   42   49 7.052381 7.947619
  26   66   84 11.497619 14.502381
  15   50   41 8.409524 6.590476
  30   90   91 14.983333 15.016667
   5   10   20 1.719048 3.280952
  17   48   54 7.990476 9.009524
  23   66   71 11.163095 11.836905
  25   86   64 14.347619 10.652381
  27   86   82 14.127381 12.872619
   3    4   15 0.642857 2.357143
  15   30   59 5.147619 9.852381
  13   22   54 3.871429 9.128571
  42  170   78 28.790476 13.209524
  35  110   96 18.566667 16.433333
   6   16   21 2.647619 3.352381
  22   66   66 11.200000 10.800000
   3    0   19 0.000000 3.000000
  34  130   76 21.576984 12.423016
  36  124   91 20.723810 15.276190
   7   16   27 2.566667 4.433333
  11   18   48 3.014286 7.985714
   9   18   31 3.221429 5.778571
  37  146   81 24.047619 12.952381
  38  120  109 20.204762 17.795238
   9   28   26 4.733333 4.266667
  11   30   35 5.319048 5.680952
   8   10   41 1.590476 6.409524
  34  120   81 20.255556 13.744444
  35  112   96 19.028571 15.971429
   4    6   18 1.085714 2.914286
  13   28   54 4.704762 8.295238
   6    2   35 0.309524 5.690476
  42  156   93 26.380952 15.619048
  35  116   92 19.735714 15.264286
  10    6   57 1.019048 8.980952
   8   14   35 2.319048 5.680952
  47  184   96 30.898810 16.101190
  35  106  105 17.895238 17.104762
   6    4   34 0.733333 5.266667
   7   10   35 1.580952 5.419048
  52  204  102 34.466667 17.533333
  26   66   90 11.300000 14.700000
   8   22   26 3.907143 4.092857
  12   36   36 5.976190 6.023810
  54  234   90 39.071429 14.928571
  22   78   53 13.203571 8.796429
   5   10   20 1.666667 3.333333
   6   10   26 1.761905 4.238095
  67  336   67 56.045238 10.954762
  12   38   33 6.395238 5.604762
   6   14   22 2.404762 3.595238
  10   38   24 6.379762 3.620238
  72  376   55 62.909524 9.090476
   7   20   23 3.339286 3.660714
  12   44   30 7.419048 4.580952
   9   32   22 5.457143 3.542857
  72  378   51 63.552381 8.447619
   3    6   13 0.971429 2.028571
   8   26   23 4.310714 3.689286
  11   42   23 7.142857 3.857143
  78  424   43 70.966667 7.033333
   1    0    6 0.000000 1.000000
  10   30   28 5.214286 4.785714
  14   54   31 9.090476 4.909524
  75  406   45 67.604762 7.395238
   3    4   13 0.700000 2.300000
  13   44   34 7.292857 5.707143
   5   10   19 1.733333 3.266667
  79  422   54 70.333333 8.666667
   2    2   10 0.342857 1.657143
  14   54   30 9.042857 4.957143
   4    4   21 0.642857 3.357143
  80  430   49 71.714286 8.285714
   2    2    8 0.400000 1.600000
  15   50   43 8.301190 6.698810
   3    2   18 0.285714 2.714286
  80  424   53 70.846429 9.153571
   4    6   15 1.166667 2.833333
  13   48   31 8.095238 4.904762
   1    0    7 0.000000 1.000000
  82  442   51 73.742857 8.257143
   2    2   11 0.309524 1.690476
  15   60   31 10.055952 4.944048
  83  454   42 76.042857 6.957143
   4    6   18 1.019048 2.980952
  23   94   42 15.852381 7.147619
  73  380   60 63.083333 9.916667
   2    2   10 0.333333 1.666667
  16   50   47 8.294048 7.705952
  82  436   55 72.833333 9.166667
   2    2   10 0.333333 1.666667
  16   50   47 8.338095 7.661905
  82  438   53 73.180952 8.819048
   1    0    6 0.000000 1.000000
  21   80   46 13.464286 7.535714
  78  416   52 69.279762 8.720238
   2    2   10 0.333333 1.666667
  20   74   45 12.476190 7.523810
  78  418   51 69.733333 8.266667
  18   58   53 9.714286 8.285714
  82  436   53 72.990476 9.009524
  21   62   67 10.319048 10.680952
  79  404   67 67.828571 11.171429
  35  132   80 22.102381 12.897619
  65  308   80 51.736905 13.263095
  38  132  102 21.786905 16.213095
  62  264  102 44.423810 17.576190
  27   74   86 12.516667 14.483333
  73  354   86 58.975000 14.025000
  20   36   80 6.204762 13.795238
  80  404   80 66.919048 13.080952
  20   54   60 9.352381 10.647619
  80  426   60 70.461905 9.538095
  19   50   65 8.459524 10.540476
  81  420   65 70.223810 10.776190
  14   24   64 3.942857 10.057143
  86  448   64 75.272619 10.727381
  24   76   64 12.995238 11.004762
  76  396   64 65.777381 10.222619
  19   56   60 9.248810 9.751190
  81  424   60 70.980952 10.019048
  10   24   36 4.123810 5.876190
  90  504   36 84.019048 5.980952
   9   28   25 4.750000 4.250000
  91  522   25 86.870238 4.129762
  10   28   34 4.514286 5.485714
  90  504   34 84.263095 5.736905
   5   14   14 2.566667 2.433333
  95  558   14 92.904762 2.095238
  11   40   25 6.857143 4.142857
  89  510   25 84.991667 4.008333
  11   38   28 6.328571 4.671429
  89  506   28 84.447619 4.552381
  11   40   25 6.780952 4.219048
  89  510   25 85.058333 3.941667
  10   26   33 4.423810 5.576190
  90  508   33 84.721429 5.278571
   8   12   34 2.166667 5.833333
  92  520   34 86.778571 5.221429
   9   26   28 4.438095 4.561905
  91  518   28 86.466667 4.533333
   6    6   30 1.042857 4.957143
  94  534   30 89.080952 4.919048
  10   16   43 2.844048 7.155952
  90  498   43 82.930952 7.069048
  10   16   42 2.700000 7.300000
  90  500   42 83.084524 6.915476
  24   80   62 13.680952 10.319048
  76  396   62 66.071429 9.928571
  43  174   83 29.216667 13.783333
  57  260   83 43.233333 13.766667
  51  224   83 37.619048 13.380952
  49  210   83 35.404762 13.595238
  52  220   88 37.166667 14.833333
  48  204   88 33.994048 14.005952
  40  146   94 24.688095 15.311905
  60  266   94 44.750000 15.250000
  39  142   93 23.770238 15.229762
  61  272   93 45.434524 15.565476
  38  116  114 19.444048 18.555952
  62  256  114 43.365476 18.634524
  37  124   99 20.660714 16.339286
  63  278   99 46.630952 16.369048
  41  160   88 26.728571 14.271429
  59  264   88 44.516667 14.483333
  27   82   84 13.435714 13.564286
  73  350   84 58.671429 14.328571
  27   82   82 13.680952 13.319048
  73  354   82 59.192857 13.807143
  20   36   86 5.966667 14.033333
  80  392   86 65.422619 14.577381
  21   60   64 10.344048 10.655952
  79  412   64 68.495238 10.504762
  21   58   66 9.942857 11.057143
  79  410   66 68.351587 10.648413
  22   62   64 10.902381 11.097619
  78  410   64 67.839286 10.160714
  35  154   54 25.947619 9.052381
  65  338   54 56.319048 8.680952
  35  152   55 25.504762 9.495238
  65  338   55 56.019048 8.980952
  39  166   68 27.785714 11.214286
  61  298   68 49.509524 11.490476
  49  218   72 36.834524 12.165476
  51  238   72 39.619048 11.380952
  42  178   76 29.579762 12.420238
  58  270   76 45.435714 12.564286
  51  210   91 35.371429 15.628571
  49  208   91 34.076190 14.923810
  47  192   86 32.447619 14.552381
  53  236   86 39.103571 13.896429
  53  226   92 37.639286 15.360714
  47  190   92 31.628571 15.371429
  62  274   98 45.966667 16.033333
  38  130   98 21.676190 16.323810
  56  242   96 40.284524 15.715476
  44  166   96 28.028571 15.971429
  64  294   90 49.208333 14.791667
  36  126   90 21.238095 14.761905
  58  226  118 38.214286 19.785714
  42  138  118 22.845238 19.154762
  48  182  107 30.266667 17.733333
  52  204  107 34.441667 17.558333
  49  192  103 32.201190 16.798810
  51  202  103 33.938095 17.061905
  38  134   94 22.757143 15.242857
  62  278   94 46.813095 15.186905
  34  120   86 20.089286 13.910714
  66  308   86 51.523810 14.476190
  40  152   93 25.348810 14.651190
  60  262   93 44.271429 15.728571
  49  206   91 34.332143 14.667857
  51  212   91 35.775000 15.225000
  49  192  104 31.985714 17.014286
  51  200  104 33.621429 17.378571
  48  176  108 29.720238 18.279762
  52  208  108 34.320238 17.679762
  56  238   96 40.253571 15.746429
  44  170   96 28.302381 15.697619
  54  254   73 42.226190 11.773810
  46  200   73 33.850000 12.150000
  57  258   79 43.476190 13.523810
  43  184   79 30.509524 12.490476
  57  238   98 40.170238 16.829762
  43  166   98 27.366667 15.633333
  57  246   93 41.480952 15.519048
  43  168   93 28.108333 14.891667
  63  302   75 50.770238 12.229762
  37  148   75 24.842857 12.157143
  62  280   91 47.028571 14.971429
  38  138   91 23.178571 14.821429
  59  258   98 42.869048 16.130952
  41  146   98 24.633333 16.366667
  63  284   93 47.609524 15.390476
  37  130   93 21.701190 15.298810
  60  272   84 45.970238 14.029762
  40  160   84 26.457143 13.542857
  66  318   77 53.184524 12.815476
  34  128   77 21.435714 12.564286
  66  320   76 53.338095 12.661905
  34  128   76 21.476190 12.523810
  58  264   84 44.241667 13.758333
  42  168   84 28.188095 13.811905
  72  338   88 56.885714 15.114286
  28   86   88 14.082143 13.917857
  66  318   81 52.847619 13.152381
  34  120   81 20.401190 13.598810
  58  236  111 39.580952 18.419048
  42  142  111 23.790476 18.209524
  61  262  105 44.086905 16.913095
  39  128  105 21.447619 17.552381
  80  390   91 65.072619 14.927381
  20   28   91 4.829762 15.170238
  71  328   97 54.840476 16.159524
  29   78   97 13.152381 15.847619
  66  288  109 48.198810 17.801190
  34   94  109 15.959524 18.040476
  70  302  117 50.341667 19.658333
  30   64  117 10.757143 19.242857
  48  176  113 29.110714 18.889286
  52  198  113 33.178571 18.821429
  42  140  118 22.991667 19.008333
  58  224  118 37.770238 20.229762
  45  174   95 29.307143 15.692857
  55  236   95 39.311905 15.688095
  41  174   78 28.676190 12.323810
  59  270   78 45.696429 13.303571
  59  254   96 42.804762 16.195238
  41  154   96 25.476190 15.523810
  56  244   94 40.803571 15.196429
  44  168   94 28.495238 15.504762
  63  298   78 50.108333 12.891667
  37  146   78 24.491667 12.508333
  64  306   81 50.842857 13.157143
  36  132   81 22.304762 13.695238
  71  350   72 58.816667 12.183333
  29  106   72 17.433333 11.566667
  82  428   67 71.182143 10.817857
  18   38   67 6.552381 11.447619
  75  374   71 62.776190 12.223810
  25   84   71 13.798810 11.201190
  79  402   72 67.197619 11.802381
  21   54   72 8.995238 12.004762
  79  396   79 66.128571 12.871429
  21   46   79 7.823810 13.176190
  75  352   95 58.928571 16.071429
  25   58   95 9.742857 15.257143
  77  376   84 62.819048 14.180952
  23   56   84 9.396825 13.603175
  72  332   95 55.666667 16.333333
  28   78   95 12.728571 15.271429
  72  360   76 59.721429 12.278571
  28   88   76 15.095238 12.904762
  80  420   63 69.964286 10.035714
  20   54   63 9.314286 10.685714
  78  398   66 66.771429 11.228571
  22   70   66 11.371429 10.628571
  71  370   55 61.994048 9.005952
  29  120   55 20.119048 8.880952
  72  380   50 63.575000 8.425000
  28  120   50 20.201190 7.798810
  69  340   70 56.850000 12.150000
  31  120   70 19.876190 11.123810
  72  366   64 61.419048 10.580952
  28  106   64 17.672619 10.327381
  83  446   50 74.476190 8.523810
  17   54   50 8.976190 8.023810
  83  450   49 75.076190 7.923810
  17   52   49 8.736905 8.263095
  68  358   55 59.433333 8.566667
  32  132   55 22.471429 9.528571
  70  378   42 63.055952 6.944048
  30  138   42 23.019048 6.980952
  67  342   57 57.301190 9.698810
  33  144   57 23.871429 9.128571
  64  308   76 51.405952 12.594048
  36  140   76 23.497619 12.502381
  60  290   68 48.713095 11.286905
  40  174   68 29.004762 10.995238
  60  288   69 48.159524 11.840476
  40  174   69 28.940476 11.059524
  54  248   74 41.434524 12.565476
  46  204   74 34.002381 11.997619
  67  342   62 57.097619 9.902381
  33  134   62 22.404762 10.595238
  65  314   72 52.647619 12.352381
  35  142   72 23.478571 11.521429
  73  378   61 63.095238 9.904762
  27  100   61 16.978571 10.021429
  89  490   42 81.961905 7.038095
  11   26   42 4.323810 6.676190
  94  540   26 89.932143 4.067857
   6    8   26 1.495238 4.504762
  93  536   26 89.036905 3.963095
   7   12   26 2.252381 4.747619
  99  588    6 98.038095 0.961905
   1    0    6 0.000000 1.000000
 100  600    0 100.000000 0.000000
