   1    0    5 0.000000 1.000000
   3    6   12 1.000000 2.000000
   1    0    6 0.000000 1.000000
   2    2   11 0.309524 1.690476
   1    0    7 0.000000 1.000000
   1    0    6 0.000000 1.000000
   2    2   11 0.309524 1.690476
   1    0    6 0.000000 1.000000
   1    0    6 0.000000 1.000000
   1    0    7 0.000000 1.000000
   1    0    6 0.000000 1.000000
   1    0    6 0.000000 1.000000
   2    2    8 0.400000 1.600000
   1    0    8 0.000000 1.000000
   2    2    8 0.400000 1.600000
   3    4   14 0.676190 2.323810
   1    0    6 0.000000 1.000000
   1    0    6 0.000000 1.000000
   4    6   17 1.066667 2.933333
   3    6   11 1.066667 1.933333
   3    6   11 1.085714 1.914286
   3    6   10 1.133333 1.866667
   4   10   12 1.833333 2.166667
   1    0    6 0.000000 1.000000
   3    6   12 1.019048 1.980952
   4    8   16 1.328571 2.671429
   1    0    5 0.000000 1.000000
   1    0    7 0.000000 1.000000
   2    2   10 0.333333 1.666667
   2    2    9 0.366667 1.633333
   1    0    5 0.000000 1.000000
   1    0    6 0.000000 1.000000
   1    0    6 0.000000 1.000000
   3    6   12 1.019048 1.980952
   1    0    8 0.000000 1.000000
   7   24   19 4.003571 2.996429
   1    0    8 0.000000 1.000000
   2    2   10 0.333333 1.666667
   3    6   11 1.085714 1.914286
   1    0    6 0.000000 1.000000
   1    0    6 0.000000 1.000000
   1    0    6 0.000000 1.000000
   1    0    6 0.000000 1.000000
   2    2   10 0.342857 1.657143
   1    0    6 0.000000 1.000000
   2    2   10 0.342857 1.657143
   1    0    7 0.000000 1.000000
   3    6   13 0.952381 2.047619
   2    2   11 0.309524 1.690476
   1    0    6 0.000000 1.000000
   2    2   12 0.285714 1.714286
   1    0    6 0.000000 1.000000
   2    2    9 0.366667 1.633333
   2    2   10 0.333333 1.666667
   1    0    6 0.000000 1.000000
   2    2   10 0.333333 1.666667
   2    2    8 0.400000 1.600000
   3    6   11 1.085714 1.914286
   2    2   10 0.333333 1.666667
   4    8   14 1.500000 2.500000
   6   18   19 3.009524 2.990476
   2    2    9 0.366667 1.633333
   6   12   25 2.058333 3.941667
   1    0    5 0.000000 1.000000
   2    2   12 0.285714 1.714286
   5   10   20 1.666667 3.333333
   6   16   21 2.623810 3.376190
   7   22   18 3.895238 3.104762
   3    6   12 1.000000 2.000000
   6   16   21 2.695238 3.304762
   1    0    6 0.000000 1.000000
   1    0    6 0.000000 1.000000
   1    0    6 0.000000 1.000000
   2    2   13 0.267857 1.732143
   6   12   24 2.000000 4.000000
   1    0    6 0.000000 1.000000
   3    4   15 0.642857 2.357143
   4    6   17 1.033333 2.966667
   1    0    6 0.000000 1.000000
   6   10   22 1.900000 4.100000
   1    0    7 0.000000 1.000000
   2    2   10 0.342857 1.657143
   1    0    7 0.000000 1.000000
   3    6   13 0.983333 2.016667
   2    2   10 0.333333 1.666667
   1    0    6 0.000000 1.000000
   2    2    9 0.366667 1.633333
   1    0    7 0.000000 1.000000
   1    0    7 0.000000 1.000000
   2    2   10 0.342857 1.657143
   1    0    6 0.000000 1.000000
   3    4   15 0.691667 2.308333
   2    2    8 0.400000 1.600000
   1    0    7 0.000000 1.000000
   7   18   21 3.214286 3.785714
   1    0    6 0.000000 1.000000
   5   10   20 1.738095 3.261905
   2    2   12 0.285714 1.714286
   2    0   11 0.000000 2.000000
   3    4   11 0.783333 2.216667
   5    6   28 0.934524 4.065476
  10   34   26 5.595238 4.404762
   4   10   12 1.833333 2.166667
   3    4   14 0.666667 2.333333
   1    0    6 0.000000 1.000000
   1    0    8 0.000000 1.000000
   2    2   10 0.342857 1.657143
   4    8   17 1.285714 2.714286
   3    0   15 0.000000 3.000000
   1    0    6 0.000000 1.000000
   6   18   18 3.057143 2.942857
   3    2   15 0.366667 2.633333
   2    0   13 0.000000 2.000000
   1    0    6 0.000000 1.000000
   4    8   15 1.361905 2.638095
   1    0    6 0.000000 1.000000
   4   10   13 1.845238 2.154762
   9   30   24 5.066667 3.933333
   4    8   19 1.220238 2.779762
   4   10   16 1.547619 2.452381
   1    0    6 0.000000 1.000000
   1    0    7 0.000000 1.000000
   2    2   10 0.333333 1.666667
   7   16   26 2.690476 4.309524
   4    4   20 0.666667 3.333333
   4    4   21 0.666667 3.333333
   6   12   23 2.128571 3.871429
   4    6   21 0.952381 3.047619
  13   48   30 8.104762 4.895238
   2    2   10 0.342857 1.657143
   1    0    5 0.000000 1.000000
   1    0    6 0.000000 1.000000
   2    2   11 0.309524 1.690476
   2    0   11 0.000000 2.000000
   6   14   20 2.500000 3.500000
   2    2   10 0.333333 1.666667
   4   10   14 1.695238 2.304762
   5   12   18 2.028571 2.971429
   3    6   12 1.019048 1.980952
   6   18   17 3.071429 2.928571
   2    2   10 0.333333 1.666667
   4    6   17 1.066667 2.933333
   6   12   25 1.980952 4.019048
   8   24   25 3.933333 4.066667
   5   10   19 1.719048 3.280952
   1    0    8 0.000000 1.000000
   1    0    6 0.000000 1.000000
  13   34   44 5.885714 7.114286
   3    4   14 0.709524 2.290476
   9   24   28 4.157143 4.842857
   3    2   14 0.400000 2.600000
  19   76   39 12.742857 6.257143
   2    2   11 0.309524 1.690476
   2    2    8 0.400000 1.600000
   2    2   12 0.291667 1.708333
   4    8   17 1.338095 2.661905
   7   10   33 1.704762 5.295238
   3    2   15 0.366667 2.633333
   9   28   26 4.700000 4.300000
   4    8   17 1.309524 2.690476
   9   12   38 2.152381 6.847619
   8   20   29 3.444048 4.555952
   1    0    7 0.000000 1.000000
   5   12   19 1.919048 3.080952
   1    0    6 0.000000 1.000000
  23   80   56 13.552381 9.447619
   2    2   10 0.333333 1.666667
  10   20   40 3.357143 6.642857
   1    0    6 0.000000 1.000000
   9   22   35 3.583333 5.416667
   1    0    6 0.000000 1.000000
   2    2   10 0.333333 1.666667
   7   22   19 3.819048 3.180952
   9   16   40 2.614286 6.385714
   2    0   13 0.000000 2.000000
   8   16   32 2.709524 5.290476
   1    0    6 0.000000 1.000000
   8   12   34 2.100000 5.900000
  11   30   34 5.157143 5.842857
   4    8   16 1.385714 2.614286
   1    0    6 0.000000 1.000000
  13   34   48 5.409524 7.590476
   2    2   10 0.333333 1.666667
  12   24   47 4.136905 7.863095
   1    0    6 0.000000 1.000000
  11   26   38 4.561905 6.438095
   2    2   10 0.342857 1.657143
  11   34   33 5.795238 5.204762
   6    8   28 1.400000 4.600000
   2    2    9 0.366667 1.633333
  11   24   41 4.119048 6.880952
   6   10   27 1.595238 4.404762
  18   54   53 9.192857 8.807143
   4    6   17 1.076190 2.923810
  13   32   46 5.466667 7.533333
   1    0    6 0.000000 1.000000
   8   14   33 2.401190 5.598810
   9   20   34 3.480952 5.519048
  10   36   27 5.935714 4.064286
   8   14   34 2.323810 5.676190
   1    0    7 0.000000 1.000000
  14   44   38 7.471429 6.528571
   9   20   34 3.404762 5.595238
  23   72   66 12.004762 10.995238
   2    0   11 0.000000 2.000000
   8   10   39 1.604762 6.395238
   7   22   19 3.758333 3.241667
  10   22   38 3.897619 6.102381
  12   28   42 4.761905 7.238095
   8   20   28 3.371429 4.628571
   5    4   28 0.619048 4.380952
   1    0    6 0.000000 1.000000
  19   62   52 10.300000 8.700000
   3    4   14 0.666667 2.333333
  25   76   75 12.657143 12.342857
   5    8   20 1.466667 3.533333
   2    2   10 0.333333 1.666667
   9   20   35 3.380952 5.619048
  18   54   54 8.878571 9.121429
   7   20   25 3.119048 3.880952
  13   30   46 5.241667 7.758333
   1    0    6 0.000000 1.000000
  21   80   46 13.602381 7.397619
   2    0   13 0.000000 2.000000
  22   68   63 11.516667 10.483333
   5    4   24 0.766667 4.233333
   2    2   11 0.309524 1.690476
   6   10   27 1.686905 4.313095
  14   34   52 5.523810 8.476190
   8   26   22 4.400000 3.600000
  10   14   50 2.221429 7.778571
   1    0    5 0.000000 1.000000
  16   46   49 7.830952 8.169048
   4   10   14 1.695238 2.304762
  34  128   72 21.642857 12.357143
   3    6   12 1.019048 1.980952
   4    6   15 1.150000 2.850000
   3    4   13 0.700000 2.300000
  18   48   62 8.054762 9.945238
   9   22   31 3.733333 5.266667
  12   20   52 3.466667 8.533333
  14   32   59 5.083333 8.916667
   4    6   17 1.052381 2.947619
  33  106   89 18.447619 14.552381
   8   26   20 4.490476 3.509524
   5    6   23 1.100000 3.900000
   2    0   14 0.000000 2.000000
  19   56   58 9.442857 9.557143
   8   16   32 2.690476 5.309524
   4    2   21 0.366667 3.633333
   7   16   27 2.695238 4.304762
   8   26   23 4.371429 3.628571
  39  146   88 24.630952 14.369048
  12   40   34 6.627381 5.372619
   4    8   15 1.395238 2.604762
   2    2   12 0.291667 1.708333
  16   46   50 7.719048 8.280952
   6   14   22 2.285714 3.714286
   3    0   19 0.000000 3.000000
   9   30   23 5.190476 3.809524
  10   30   29 4.995238 5.004762
  38  162   64 27.176190 10.823810
  12   36   36 5.936905 6.063095
   8   14   30 2.483333 5.516667
  24   82   63 13.450000 10.550000
  13   48   30 7.909524 5.090476
   1    0    7 0.000000 1.000000
   4    4   21 0.709524 3.290476
   6   18   22 2.798413 3.201587
  32  136   53 22.933333 9.066667
   8   16   32 2.704762 5.295238
  10   26   32 4.576190 5.423810
  25  100   50 16.847619 8.152381
   6   10   23 1.771429 4.228571
   3    2   17 0.291667 2.708333
  48  224   68 37.122619 10.877381
   5    4   24 0.766667 4.233333
  12   38   38 6.316667 5.683333
  21   54   69 9.400000 11.600000
  10   24   36 4.144048 5.855952
  10   28   35 4.526190 5.473810
  42  152   98 25.723810 16.276190
   5   12   19 1.947619 3.052381
   9   16   38 2.771429 6.228571
  20   56   61 9.542857 10.457143
  11   24   39 4.257143 6.742857
  12   44   26 7.480952 4.519048
  43  154  111 25.247619 17.752381
   6   10   24 1.766667 4.233333
   7   10   34 1.604762 5.395238
  21   70   56 11.690476 9.309524
   2    0   13 0.000000 2.000000
  17   64   38 10.790476 6.209524
  47  200   81 33.689286 13.310714
   4    2   24 0.333333 3.666667
   4    6   20 0.952381 3.047619
  18   66   43 10.901190 7.098810
  20   68   53 11.357143 8.642857
  54  248   70 41.894048 12.105952
   1    0    7 0.000000 1.000000
   3    2   14 0.400000 2.600000
  17   46   59 7.542857 9.457143
  23   92   45 15.464286 7.535714
  56  264   71 44.080952 11.919048
   1    0    7 0.000000 1.000000
   2    2   12 0.291667 1.708333
  11   18   46 3.095238 7.904762
  21   82   46 13.523810 7.476190
  65  312   75 52.567857 12.432143
   2    2   10 0.333333 1.666667
   8   12   36 1.957143 6.042857
  16   54   40 9.152381 6.847619
  74  382   64 63.569048 10.430952
   3    4   15 0.642857 2.357143
   6    6   30 1.033333 4.966667
  10   20   41 3.252381 6.747619
  81  418   66 69.928571 11.071429
   1    0    5 0.000000 1.000000
   8   12   36 2.033333 5.966667
   8   16   31 2.633333 5.366667
  83  438   62 72.966667 10.033333
   2    2    8 0.400000 1.600000
   5   10   22 1.683333 3.316667
  17   58   47 9.529762 7.470238
  76  386   67 64.540476 11.459524
   7   20   19 3.623810 3.376190
  26   84   67 14.309524 11.690476
  67  330   80 54.548810 12.451190
   2    2    9 0.366667 1.633333
  22   74   58 12.419048 9.580952
  76  398   59 66.402381 9.597619
  18   56   52 9.557143 8.442857
  82  440   52 73.401190 8.598810
  21   68   60 11.435714 9.564286
  79  412   60 68.896429 10.103571
  21   66   56 11.325000 9.675000
  79  422   56 69.997619 9.002381
  20   54   65 9.048810 10.951190
  80  416   65 69.522619 10.477381
  33  124   68 21.404762 11.595238
  67  340   68 56.414286 10.585714
  40  174   66 29.042857 10.957143
  60  294   66 49.059524 10.940476
  51  226   82 37.460714 13.539286
  49  210   82 35.219048 13.780952
  51  212   89 35.753571 15.246429
  49  210   89 34.809524 14.190476
  62  284   87 47.453571 14.546429
  38  142   87 23.680952 14.319048
  52  218   92 36.652381 15.347619
  48  198   92 32.980952 15.019048
  62  294   74 49.509524 12.490476
  38  158   74 26.127381 11.872619
  67  326   74 54.780952 12.219048
  33  126   74 20.914286 12.085714
  75  388   62 64.700000 10.300000
  25   88   62 14.771429 10.228571
  76  370   87 61.950000 14.050000
  24   56   87 9.398810 14.601190
  84  444   62 73.911905 10.088095
  16   32   62 5.611905 10.388095
  88  480   50 79.907143 8.092857
  12   20   50 3.466667 8.533333
  86  462   55 77.090476 8.909524
  14   28   55 4.719048 9.280952
  74  392   62 64.341667 9.658333
  26   84   62 14.707143 11.292857
  88  488   39 81.497619 6.502381
  12   34   39 5.619048 6.380952
  89  490   41 82.044048 6.955952
  11   28   41 4.652381 6.347619
  95  540   27 90.205952 4.794048
   5    6   27 0.869048 4.130952
  88  498   33 82.779762 5.220238
  12   36   33 6.276190 5.723810
  91  518   28 86.428571 4.571429
   9   26   28 4.533333 4.466667
  89  496   37 82.755952 6.244048
  11   30   37 5.058333 5.941667
  97  568   15 94.603571 2.396429
   3    2   15 0.333333 2.666667
 100  600    0 100.000000 0.000000
