   3    6   12 1.019048 1.980952
   4    6   20 0.977381 3.022619
   1    0    6 0.000000 1.000000
   1    0    6 0.000000 1.000000
   7   18   23 2.958333 4.041667
   1    0    6 0.000000 1.000000
   2    2    8 0.400000 1.600000
   1    0    7 0.000000 1.000000
   6   12   23 2.066667 3.933333
   4    8   16 1.328571 2.671429
   2    2    8 0.400000 1.600000
   2    2    9 0.366667 1.633333
   2    2   12 0.285714 1.714286
   2    2   11 0.309524 1.690476
   1    0    7 0.000000 1.000000
   1    0    7 0.000000 1.000000
   7   22   19 3.704762 3.295238
   2    2   11 0.309524 1.690476
   1    0    7 0.000000 1.000000
   4    4   16 0.800000 3.200000
   1    0    6 0.000000 1.000000
   1    0    6 0.000000 1.000000
   1    0    6 0.000000 1.000000
   1    0    7 0.000000 1.000000
   1    0    5 0.000000 1.000000
   1    0    6 0.000000 1.000000
   1    0    5 0.000000 1.000000
   6   18   19 2.990476 3.009524
   2    2   12 0.285714 1.714286
   2    0   13 0.000000 2.000000
   1    0    8 0.000000 1.000000
   1    0    6 0.000000 1.000000
   1    0    6 0.000000 1.000000
   1    0    6 0.000000 1.000000
   1    0    7 0.000000 1.000000
   3    4   13 0.742857 2.257143
   1    0    6 0.000000 1.000000
   2    2    8 0.400000 1.600000
   2    2   11 0.309524 1.690476
   1    0    6 0.000000 1.000000
   2    2    9 0.366667 1.633333
   4    6   17 1.033333 2.966667
   3    4   13 0.700000 2.300000
   1    0    6 0.000000 1.000000
   1    0    7 0.000000 1.000000
   4    8   16 1.333333 2.666667
   1    0    7 0.000000 1.000000
   4    6   19 0.971429 3.028571
   2    2   11 0.309524 1.690476
   9   28   24 4.880952 4.119048
   2    2   11 0.309524 1.690476
   1    0    7 0.000000 1.000000
   2    2   11 0.309524 1.690476
   5   14   18 2.276190 2.723810
   3    4   14 0.676190 2.323810
   1    0    6 0.000000 1.000000
   2    0   11 0.000000 2.000000
   5   16   14 2.885714 2.114286
   4    8   16 1.333333 2.666667
  12   36   36 6.054762 5.945238
   2    2    9 0.366667 1.633333
   1    0    6 0.000000 1.000000
   8   14   36 2.328571 5.671429
   1    0    6 0.000000 1.000000
   1    0    5 0.000000 1.000000
   2    2    9 0.366667 1.633333
   1    0    5 0.000000 1.000000
   3    2   16 0.333333 2.666667
   1    0    6 0.000000 1.000000
   1    0    6 0.000000 1.000000
   1    0    7 0.000000 1.000000
   1    0    6 0.000000 1.000000
   3    4   13 0.700000 2.300000
   2    2    9 0.366667 1.633333
   4    2   23 0.333333 3.666667
   2    2    9 0.366667 1.633333
   4    8   16 1.314286 2.685714
   3    2   16 0.366667 2.633333
   4   10   12 1.866667 2.133333
   2    2   10 0.342857 1.657143
   3    4   14 0.666667 2.333333
   1    0    7 0.000000 1.000000
  14   34   49 5.804762 8.195238
   2    2   10 0.333333 1.666667
   3    4   11 0.816667 2.183333
   2    2   10 0.333333 1.666667
   5   10   20 1.614286 3.385714
   7   18   22 3.250000 3.750000
   2    2   10 0.333333 1.666667
  17   70   30 11.957143 5.042857
   1    0    6 0.000000 1.000000
  10   22   38 3.685714 6.314286
   1    0    6 0.000000 1.000000
   4    6   18 1.150000 2.850000
   1    0    6 0.000000 1.000000
   1    0    5 0.000000 1.000000
   2    2    8 0.400000 1.600000
   4    6   21 0.880952 3.119048
   4    6   19 0.976190 3.023810
   1    0    6 0.000000 1.000000
   2    2   10 0.333333 1.666667
   3    0   19 0.000000 3.000000
   1    0    6 0.000000 1.000000
   2    2   12 0.291667 1.708333
   5    8   24 1.244048 3.755952
   2    2   11 0.309524 1.690476
   3    6   11 1.066667 1.933333
   1    0    6 0.000000 1.000000
  19   54   64 8.690476 10.309524
   1    0    5 0.000000 1.000000
   4    6   17 1.066667 2.933333
   2    0   12 0.000000 2.000000
   3    2   13 0.450000 2.550000
  11   42   22 7.209524 3.790476
   1    0    7 0.000000 1.000000
  13   44   34 7.461905 5.538095
   3    4   16 0.625000 2.375000
  10   22   36 3.847619 6.152381
   3    4   16 0.595238 2.404762
   1    0    7 0.000000 1.000000
   2    0   13 0.000000 2.000000
   7   14   26 2.461905 4.538095
   4    8   16 1.385714 2.614286
   2    0   13 0.000000 2.000000
   2    2   11 0.309524 1.690476
   1    0    6 0.000000 1.000000
   7   10   31 1.785714 5.214286
  15   46   41 7.942857 7.057143
   1    0    6 0.000000 1.000000
   2    2   13 0.267857 1.732143
   6   10   27 1.628571 4.371429
  13   46   31 7.866667 5.133333
   1    0    6 0.000000 1.000000
  10   28   35 4.527381 5.472619
   5   12   17 2.038095 2.961905
   9   18   34 3.252381 5.747619
   1    0    7 0.000000 1.000000
   6   16   21 2.571429 3.428571
   5    2   30 0.366667 4.633333
   1    0    7 0.000000 1.000000
   6    8   26 1.400000 4.600000
   7   18   22 3.166667 3.833333
   1    0    7 0.000000 1.000000
  11   22   42 3.876190 7.123810
  30  108   67 18.584524 11.415476
   1    0    6 0.000000 1.000000
   6   12   25 1.952381 4.047619
  13   38   38 6.533333 6.466667
   8   14   36 2.333333 5.666667
  13   34   46 5.780952 7.219048
   2    2    8 0.400000 1.600000
   4    8   15 1.395238 2.604762
   1    0    7 0.000000 1.000000
  10   26   35 4.314286 5.685714
   3    4   13 0.700000 2.300000
   1    0    6 0.000000 1.000000
   8   16   36 2.476190 5.523810
  28   70  101 11.641270 16.358730
   5    6   22 1.066667 3.933333
   8   26   20 4.461905 3.538095
  13   32   48 5.223810 7.776190
  11   24   40 4.128571 6.871429
   7   20   22 3.404762 3.595238
   4    6   17 1.033333 2.966667
   2    0   12 0.000000 2.000000
  12   30   45 4.919048 7.080952
  10   14   45 2.380952 7.619048
  21   50   77 8.533333 12.466667
   3    4   15 0.642857 2.357143
   9   26   27 4.447619 4.552381
  17   56   48 9.217857 7.782143
  15   46   47 7.476190 7.523810
   8   24   25 4.061905 3.938095
  17   40   56 7.152381 9.847619
  10   18   41 3.185714 6.814286
  21   42   75 7.452381 13.547619
   5   12   19 1.957143 3.042857
   7   18   27 2.747619 4.252381
  15   46   45 7.675000 7.325000
  12   28   45 4.728571 7.271429
  11   32   33 5.404762 5.595238
  25   70   81 11.560714 13.439286
   4    2   25 0.309524 3.690476
  26   58   96 10.004762 15.995238
   3    6   11 1.066667 1.933333
   8   22   26 3.714286 4.285714
  18   38   70 6.395238 11.604762
   9   14   42 2.342857 6.657143
   6    6   31 0.976190 5.023810
  30  108   72 18.066667 11.933333
  22   60   71 10.290476 11.709524
   2    2   10 0.333333 1.666667
   7   20   21 3.438095 3.561905
  29   84   83 14.555952 14.444048
   9   10   47 1.580952 7.419048
   4    6   20 0.971429 3.028571
  27  114   52 18.898810 8.101190
  10   14   45 2.261905 7.738095
   8   28   21 4.557143 3.442857
  19   44   71 7.357143 11.642857
  12   24   48 4.038095 7.961905
   4   10   16 1.541667 2.458333
  47  204   75 34.371429 12.628571
   7   10   35 1.595238 5.404762
   8   28   18 4.800000 3.200000
  24   70   74 11.857143 12.142857
  11   22   45 3.814286 7.185714
   3    4   12 0.766667 2.233333
  47  200   82 33.888095 13.111905
   4    4   20 0.660714 3.339286
  11   40   29 6.447619 4.552381
  29   72  104 11.928571 17.071429
   5    6   25 0.985714 4.014286
   4    6   18 0.985714 3.014286
  47  182   94 30.773810 16.226190
   3    6   11 1.085714 1.914286
  16   56   40 9.376190 6.623810
  20   34   89 5.644048 14.355952
   7   16   27 2.660714 4.339286
   7   14   29 2.285714 4.714286
  47  204   74 34.582143 12.417857
   4   10   14 1.661905 2.338095
  10   32   32 5.000000 5.000000
  31   90   93 15.380952 15.619048
   4    8   15 1.441667 2.558333
  51  230   76 38.460714 12.539286
   2    0   13 0.000000 2.000000
  18   66   47 10.598810 7.401190
  28   66   97 11.333333 16.666667
   2    2   10 0.342857 1.657143
  50  204   95 34.204762 15.795238
  20   70   48 11.680952 8.319048
  19   40   78 6.600000 12.400000
  61  276   88 46.236905 14.763095
  17   46   55 7.638095 9.361905
  19   30   82 5.303571 13.696429
  64  294   93 49.177381 14.822619
  21   70   56 11.810714 9.189286
  16   22   75 3.775000 12.225000
  63  284   93 47.340476 15.659524
  20   72   49 12.091667 7.908333
  25   64   89 10.702381 14.297619
  55  230   96 38.717857 16.282143
  25   98   52 16.576190 8.423810
  23   56   78 9.704762 13.295238
  52  220   96 36.640476 15.359524
  26  100   58 16.671429 9.328571
  22   52   80 8.685714 13.314286
  52  230   80 38.526190 13.473810
  23   82   59 13.582143 9.417857
  26   78   77 13.075000 12.925000
  51  228   76 38.264286 12.735714
  16   62   32 10.600000 5.400000
  24   84   61 13.928571 10.071429
  60  288   73 47.982540 12.017460
  11   26   37 4.485714 6.514286
  25   80   74 13.272619 11.727381
  64  302   81 50.640476 13.359524
   8   16   30 2.800000 5.200000
  21   64   62 10.780952 10.219048
  71  356   72 59.496429 11.503571
   7   14   30 2.261905 4.738095
  29  102   70 17.209524 11.790476
  64  306   78 51.205952 12.794048
   6    8   27 1.366667 4.633333
  26   80   78 13.394048 12.605952
  68  322   85 53.814286 14.185714
  18   50   53 8.723810 9.276190
  22   60   72 10.211905 11.788095
  60  268   97 44.410714 15.589286
  19   64   51 10.760714 8.239286
  25   78   72 12.975000 12.025000
  56  254   81 42.511905 13.488095
  20   60   59 10.171429 9.828571
  20   44   77 7.409524 12.590476
  60  278   82 46.380952 13.619048
  14   30   52 5.242857 8.757143
  20   48   76 7.752381 12.247619
  66  310   84 51.795238 14.204762
   7   10   33 1.661905 5.338095
  20   48   70 8.092857 11.907143
  73  362   77 60.233333 12.766667
   7   14   28 2.390476 4.609524
  17   46   55 7.909524 9.090476
  76  384   73 63.861905 12.138095
   9   24   30 4.192857 4.807143
  13   16   61 2.847619 10.152381
  78  388   81 64.579365 13.420635
  10   26   35 4.371429 5.628571
   9   14   40 2.333333 6.666667
  81  424   61 70.880952 10.119048
  11   20   41 3.659524 7.340476
  11   38   30 6.357143 4.642857
  78  410   61 68.090476 9.909524
  11   26   39 4.445238 6.554762
   9   28   25 4.823810 4.176190
  80  432   50 71.789286 8.210714
  20   64   57 10.609524 9.390476
  10   32   29 5.546429 4.453571
  70  348   70 58.394048 11.605952
  12   28   42 4.847619 7.152381
   6    6   30 0.985714 5.014286
  82  426   68 70.957143 11.042857
  10   20   40 3.328571 6.671429
   5    8   21 1.466667 3.533333
  85  450   61 74.990476 10.009524
   7   14   30 2.328571 4.671429
   9   28   27 4.600000 4.400000
  84  444   57 74.428571 9.571429
   3    6   12 1.000000 2.000000
  16   56   40 9.391667 6.608333
  81  434   52 72.373810 8.626190
   2    0   12 0.000000 2.000000
  12   36   36 6.166667 5.833333
  86  468   48 78.117857 7.882143
   2    2    8 0.400000 1.600000
  12   40   36 6.382143 5.617857
  86  474   40 79.128571 6.871429
  17   60   42 10.202381 6.797619
  83  456   42 75.986905 7.013095
  12   36   34 6.114286 5.885714
  88  496   34 82.611905 5.388095
   8   26   20 4.519048 3.480952
  92  534   20 88.857143 3.142857
  11   32   33 5.428571 5.571429
  89  502   33 83.580952 5.419048
  15   44   48 7.252381 7.747619
  85  460   48 76.950000 8.050000
  13   34   44 5.885714 7.114286
  87  478   44 79.747619 7.252381
  15   42   45 7.204762 7.795238
  85  468   45 77.822619 7.177381
  23   68   68 11.547619 11.452381
  77  396   68 65.946429 11.053571
  20   38   81 6.423810 13.576190
  80  400   81 66.730952 13.269048
  27   74   84 12.619048 14.380952
  73  358   84 59.576190 13.423810
  18   30   81 4.938095 13.061905
  82  408   81 68.526190 13.473810
  17   40   64 6.623810 10.376190
  83  432   64 72.295238 10.704762
  16   28   63 5.057143 10.942857
  84  446   63 74.008333 9.991667
  20   58   64 9.600000 10.400000
  80  414   64 69.416667 10.583333
  25   72   75 12.097619 12.902381
  75  378   75 62.911905 12.088095
  24   72   72 12.176190 11.823810
  76  384   72 64.166667 11.833333
  28   98   68 16.600000 11.400000
  72  366   68 61.058333 10.941667
  24   94   48 15.842857 8.157143
  76  410   48 68.257143 7.742857
  29  110   62 18.566667 10.433333
  71  366   62 61.064286 9.935714
  25   84   68 14.119048 10.880952
  75  380   68 63.622619 11.377381
  24   74   71 12.404762 11.595238
  76  384   71 64.195238 11.804762
  26   84   73 14.223810 11.776190
  74  370   73 62.090476 11.909524
  15   46   47 7.564286 7.435714
  85  460   47 77.142857 7.857143
  14   46   40 7.557143 6.442857
  86  474   40 79.114286 6.885714
  13   30   46 5.166667 7.833333
  87  478   46 79.500000 7.500000
  14   34   48 5.828571 8.171429
  86  470   48 78.152381 7.847619
   8   14   35 2.328571 5.671429
  92  516   35 86.179762 5.820238
   9   14   37 2.466667 6.533333
  91  512   37 85.057143 5.942857
   9   20   30 3.561905 5.438095
  91  520   30 86.313095 4.686905
  13   34   43 5.776190 7.223810
  87  480   43 80.032143 6.967857
  11   28   37 4.771429 6.228571
  89  498   37 82.914286 6.085714
  15   36   50 6.414286 8.585714
  85  464   50 77.123810 7.876190
  12   34   41 5.559524 6.440476
  88  484   41 80.990476 7.009524
  14   34   49 5.895238 8.104762
  86  468   49 77.864286 8.135714
  18   50   55 8.642857 9.357143
  82  440   55 73.159524 8.840476
  12   20   51 3.480952 8.519048
  88  478   51 79.723810 8.276190
  19   60   53 10.065476 8.934524
  81  434   53 72.448016 8.551984
  26   82   71 13.900000 12.100000
  74  376   71 62.398810 11.601190
  22   70   63 11.685714 10.314286
  78  404   63 67.610714 10.389286
  15   42   48 6.947619 8.052381
  85  462   48 76.976190 8.023810
  15   48   42 8.057143 6.942857
  85  468   42 78.166667 6.833333
  23   82   52 13.928571 9.071429
  77  414   52 68.766667 8.233333
  17   54   50 9.116667 7.883333
  83  446   50 74.748810 8.251190
  20   52   61 9.185714 10.814286
  80  426   61 70.592857 9.407143
  30  116   66 19.333333 10.666667
  70  352   66 58.994048 11.005952
  20   62   57 10.492857 9.507143
  80  424   57 70.608333 9.391667
  19   56   55 9.635714 9.364286
  81  434   55 72.391667 8.608333
  17   40   62 6.790476 10.209524
  83  436   62 72.745238 10.254762
  13   22   52 3.852381 9.147619
  87  474   52 78.671429 8.328571
  22   56   76 9.551190 12.448810
  78  392   76 65.608333 12.391667
  19   48   64 8.271429 10.728571
  81  424   64 70.736905 10.263095
  28   98   72 16.295238 11.704762
  72  358   72 59.970238 12.029762
  33  116   86 19.280952 13.719048
  67  312   86 52.550000 14.450000
  44  166   95 28.020238 15.979762
  56  244   95 40.651190 15.348810
  42  174   73 29.376190 12.623810
  58  280   73 46.480952 11.519048
  51  228   83 37.660714 13.339286
  49  206   83 34.594048 14.405952
  49  206   87 34.673810 14.326190
  51  220   87 36.661905 14.338095
  51  232   70 39.030952 11.969048
  49  228   70 37.676190 11.323810
  53  232   87 38.998810 14.001190
  47  194   87 32.623810 14.376190
  70  328   88 55.267857 14.732143
  30   96   88 15.666667 14.333333
  65  308   83 51.407143 13.592857
  35  126   83 21.204762 13.795238
  63  292   89 48.596429 14.403571
  37  130   89 22.119048 14.880952
  60  264   97 43.909524 16.090476
  40  142   97 24.111905 15.888095
  57  252   91 42.025000 14.975000
  43  166   91 27.819048 15.180952
  59  248  100 41.872619 17.127381
  41  152  100 25.134524 15.865476
  61  276   94 45.697619 15.302381
  39  136   94 23.080952 15.919048
  68  312   95 52.045238 15.954762
  32   98   95 16.213095 15.786905
  76  380   74 63.494048 12.505952
  24   72   74 11.944048 12.055952
  81  434   58 71.752381 9.247619
  19   50   58 8.633333 10.366667
  79  404   69 67.526190 11.473810
  21   58   69 9.521429 11.478571
  79  412   63 68.707143 10.292857
  21   62   63 10.457143 10.542857
  79  408   65 68.158333 10.841667
  21   62   65 10.433333 10.566667
  85  458   55 76.176190 8.823810
  15   32   55 5.533333 9.466667
  86  456   60 76.044048 9.955952
  14   24   60 4.023810 9.976190
  83  440   59 73.314286 9.685714
  17   42   59 7.327381 9.672619
  81  404   80 67.630952 13.369048
  19   36   80 6.091667 12.908333
  74  372   76 61.650000 12.350000
  26   76   76 12.877381 13.122619
  72  342   97 56.491667 15.508333
  28   64   97 11.135714 16.864286
  68  322   92 53.490476 14.509524
  32   94   92 16.138095 15.861905
  73  348   93 57.885714 15.114286
  27   66   93 11.342857 15.657143
  87  442   72 74.488095 12.511905
  13   14   72 2.142857 10.857143
  87  460   62 76.790476 10.209524
  13   16   62 2.757143 10.242857
  85  448   63 74.628571 10.371429
  15   26   63 4.554762 10.445238
  84  450   55 75.121429 8.878571
  16   40   55 6.895238 9.104762
  85  460   50 76.796429 8.203571
  15   40   50 6.761905 8.238095
  85  458   46 76.928571 8.071429
  15   50   46 7.992857 7.007143
  88  490   39 81.700000 6.300000
  12   32   39 5.369048 6.630952
  86  472   44 78.869048 7.130952
  14   40   44 6.766667 7.233333
  85  462   46 77.240476 7.759524
  15   46   46 7.590476 7.409524
  83  454   45 75.633333 7.366667
  17   56   45 9.391667 7.608333
  84  456   49 75.929762 8.070238
  16   46   49 7.808333 8.191667
  86  450   62 75.480952 10.519048
  14   26   62 4.240476 9.759524
  80  408   72 68.159524 11.840476
  20   48   72 8.023810 11.976190
  83  440   56 73.511905 9.488095
  17   48   56 7.980952 9.019048
  86  458   54 76.772619 9.227381
  14   34   54 5.452381 8.547619
  88  488   44 80.871429 7.128571
  12   24   44 4.100000 7.900000
  87  482   44 80.111905 6.888095
  13   30   44 5.416667 7.583333
  80  426   54 71.229762 8.770238
  20   66   54 11.240476 8.759524
  73  378   63 62.990476 10.009524
  27   96   63 16.334524 10.665476
  83  456   44 75.904762 7.095238
  17   56   44 9.592857 7.407143
  68  346   62 57.528571 10.471429
  32  130   62 21.904762 10.095238
  62  280   89 47.300000 14.700000
  38  142   89 23.647619 14.352381
  63  282   98 46.970238 16.029762
  37  122   98 20.610714 16.389286
  62  290   84 48.208333 13.791667
  38  142   84 23.692857 14.307143
  61  292   76 48.788095 12.211905
  39  156   76 26.314286 12.685714
  53  226   89 37.998810 15.001190
  47  196   89 32.573810 14.426190
  30  118   64 19.700000 10.300000
  70  354   64 59.356349 10.643651
  35  142   70 23.666667 11.333333
  65  318   70 53.150000 11.850000
  30  104   72 17.754762 12.245238
  70  352   72 58.414286 11.585714
  23   72   69 11.766667 11.233333
  77  390   69 65.411905 11.588095
  35  122   83 20.828571 14.171429
  65  312   83 51.829762 13.170238
  25   66   86 11.077381 13.922619
  75  362   86 60.890079 14.109921
  26   78   78 13.286905 12.713095
  74  366   78 61.276190 12.723810
  28   96   69 16.395238 11.604762
  72  366   69 60.996429 11.003571
  42  180   76 30.051190 11.948810
  58  268   76 45.076190 12.923810
  41  180   73 29.782143 11.217857
  59  274   73 46.480952 12.519048
  48  218   76 36.152381 11.847619
  52  230   76 38.976190 13.023810
  46  186   83 31.588095 14.411905
  54  248   83 40.869048 13.130952
  47  194   92 31.958333 15.041667
  53  222   92 37.307143 15.692857
  54  230   93 38.500000 15.500000
  46  184   93 30.703571 15.296429
  60  278   87 46.100000 13.900000
  40  148   87 25.076190 14.923810
  45  196   71 32.964286 12.035714
  55  262   71 43.833333 11.166667
  60  280   82 46.752381 13.247619
  40  156   82 26.288095 13.711905
  70  342   84 56.541667 13.458333
  30   90   84 15.340476 14.659524
  77  386   77 64.298810 12.701190
  23   60   77 10.225000 12.775000
  80  416   65 69.175000 10.825000
  20   54   65 9.242857 10.757143
  83  442   58 73.640476 9.359524
  17   42   58 7.261905 9.738095
  87  476   44 79.685714 7.314286
  13   36   44 6.085714 6.914286
  87  494   28 82.300000 4.700000
  13   50   28 8.427381 4.572619
  84  464   41 77.264286 6.735714
  16   54   41 9.110714 6.889286
  77  418   44 69.584524 7.415476
  23   94   44 15.835714 7.164286
  77  412   49 68.869048 8.130952
  23   90   49 15.042857 7.957143
  75  396   54 66.216667 8.783333
  25   96   54 16.252381 8.747619
  78  418   49 69.830952 8.169048
  22   84   49 13.769048 8.230952
  82  452   41 75.329762 6.670238
  18   66   41 11.109524 6.890476
  83  456   43 76.055952 6.944048
  17   58   43 9.845238 7.154762
  70  376   45 62.666667 7.333333
  30  134   45 22.442857 7.557143
  67  336   67 56.030952 10.969048
  33  130   67 21.644048 11.355952
  67  326   78 54.241667 12.758333
  33  118   78 19.904762 13.095238
  77  400   59 66.929762 10.070238
  23   82   59 13.557143 9.442857
  81  428   56 71.960714 9.039286
  19   60   56 9.983333 9.016667
  87  474   46 79.285714 7.714286
  13   34   46 5.590476 7.409524
  87  486   37 80.880952 6.119048
  13   40   37 6.609524 6.390476
  78  430   42 71.502381 6.497619
  22   86   42 14.604762 7.395238
  78  422   45 70.419048 7.580952
  22   88   45 14.657143 7.342857
  72  392   44 65.160714 6.839286
  28  120   44 20.284524 7.715476
  77  418   45 69.595238 7.404762
  23   92   45 15.376190 7.623810
  86  466   49 77.828571 8.171429
  14   36   49 5.952381 8.047619
  87  474   47 79.194048 7.805952
  13   32   47 5.304762 7.695238
  90  496   43 82.728571 7.271429
  10   18   43 2.995238 7.004762
  88  484   41 80.832143 7.167857
  12   34   41 5.476190 6.523810
  83  440   59 73.157143 9.842857
  17   42   59 7.252381 9.747619
  90  494   44 82.628571 7.371429
  10   18   44 3.095238 6.904762
  92  508   43 84.946429 7.053571
   8    6   43 0.976190 7.023810
  95  538   28 90.128571 4.871429
   5    6   28 0.904762 4.095238
  95  542   27 90.519048 4.480952
   5    4   27 0.666667 4.333333
  95  550   22 91.515476 3.484524
   5    6   22 1.126190 3.873810
  95  548   20 91.471429 3.528571
   5   12   20 1.875000 3.125000
  90  514   28 85.622619 4.377381
  10   30   28 5.166667 4.833333
  87  486   37 81.038095 5.961905
  13   40   37 6.719048 6.280952
  85  468   41 78.134524 6.865476
  15   50   41 8.282143 6.717857
  84  466   40 77.626190 6.373810
  16   54   40 9.357143 6.642857
  84  458   49 76.172619 7.827381
  16   44   49 7.661905 8.338095
  81  440   45 73.480952 7.519048
  19   70   45 11.680952 7.319048
  88  488   37 81.638095 6.361905
  12   38   37 6.109524 5.890476
  90  502   39 83.690476 6.309524
  10   20   39 3.328571 6.671429
  94  534   28 89.417857 4.582143
   6   10   28 1.595238 4.404762
  94  534   29 89.304762 4.695238
   6    8   29 1.283333 4.716667
  86  474   44 79.036905 6.963095
  14   38   44 6.707143 7.292857
  87  486   34 81.209524 5.790476
  13   46   34 7.604762 5.395238
  90  516   26 85.892857 4.107143
  10   32   26 5.538095 4.461905
  86  478   38 79.700000 6.300000
  14   46   38 7.747619 6.252381
  83  462   37 76.911905 6.088095
  17   64   37 10.871429 6.128571
  77  428   37 71.129762 5.870238
  23   98   37 16.630952 6.369048
  68  354   53 59.180952 8.819048
  32  140   53 23.302381 8.697619
  71  364   65 60.495238 10.504762
  29  106   65 17.938095 11.061905
  71  356   69 59.495238 11.504762
  29  106   69 17.752381 11.247619
  83  446   51 74.483333 8.516667
  17   52   51 8.714286 8.285714
  77  408   56 68.051190 8.948810
  23   80   56 13.571429 9.428571
  74  380   63 63.566667 10.433333
  26   94   63 15.633333 10.366667
  75  384   67 63.966667 11.033333
  25   82   67 13.895238 11.104762
  77  378   84 63.089286 13.910714
  23   54   84 9.008333 13.991667
  74  376   72 62.463095 11.536905
  26   80   72 13.800000 12.200000
  79  402   75 66.752381 12.247619
  21   48   75 8.273810 12.726190
  83  442   56 73.783333 9.216667
  17   46   56 7.682540 9.317460
  77  394   68 65.782143 11.217857
  23   70   68 11.909524 11.090476
  75  372   77 62.176190 12.823810
  25   74   77 12.342857 12.657143
  72  344   93 56.836905 15.163095
  28   70   93 12.061905 15.938095
  82  438   59 72.603571 9.396429
  18   44   59 7.629762 10.370238
  85  450   58 75.110714 9.889286
  15   34   58 5.600000 9.400000
  88  484   43 80.771429 7.228571
  12   30   43 5.004762 6.995238
  92  520   34 86.491667 5.508333
   8   12   34 2.142857 5.857143
  95  544   25 90.776190 4.223810
   5    6   25 0.961905 4.038095
  97  566   15 94.390476 2.609524
   3    4   15 0.642857 2.357143
  99  586    7 97.790476 1.209524
   1    0    7 0.000000 1.000000
 100  600    0 100.000000 0.000000
