   6   20   14 3.628571 2.371429
   1    0    7 0.000000 1.000000
   3    4   16 0.595238 2.404762
   1    0    6 0.000000 1.000000
   2    2    9 0.366667 1.633333
   3    6   14 0.904762 2.095238
   3    6   11 1.119048 1.880952
   1    0    6 0.000000 1.000000
   2    2    8 0.400000 1.600000
   1    0    6 0.000000 1.000000
   4    8   17 1.285714 2.714286
   1    0    7 0.000000 1.000000
   1    0    8 0.000000 1.000000
   3    6   14 0.935714 2.064286
   1    0    7 0.000000 1.000000
   4    6   18 1.042857 2.957143
   2    2   11 0.309524 1.690476
   2    0   11 0.000000 2.000000
   2    2   10 0.333333 1.666667
   2    2    9 0.366667 1.633333
   2    2    9 0.366667 1.633333
   1    0    6 0.000000 1.000000
   1    0    5 0.000000 1.000000
   2    2    8 0.400000 1.600000
   1    0    6 0.000000 1.000000
   3    4   11 0.816667 2.183333
   1    0    6 0.000000 1.000000
   3    4   12 0.766667 2.233333
   3    4   14 0.652381 2.347619
   1    0    6 0.000000 1.000000
   4   10   16 1.547619 2.452381
   2    2    9 0.366667 1.633333
   1    0    7 0.000000 1.000000
   1    0    7 0.000000 1.000000
   1    0    6 0.000000 1.000000
   3    4   14 0.652381 2.347619
   1    0    6 0.000000 1.000000
   1    0    7 0.000000 1.000000
   3    4   15 0.628571 2.371429
   2    2   11 0.309524 1.690476
   2    2    8 0.400000 1.600000
   1    0    5 0.000000 1.000000
   1    0    7 0.000000 1.000000
   3    4   14 0.652381 2.347619
   1    0    6 0.000000 1.000000
   2    2   10 0.342857 1.657143
   1    0    6 0.000000 1.000000
   2    2    9 0.366667 1.633333
   1    0    6 0.000000 1.000000
   1    0    7 0.000000 1.000000
   1    0    7 0.000000 1.000000
   2    2    9 0.366667 1.633333
   4    8   15 1.400000 2.600000
   1    0    6 0.000000 1.000000
   4    8   16 1.328571 2.671429
   5   14   15 2.461905 2.538095
   4   10   12 1.833333 2.166667
   4   10   15 1.619048 2.380952
   1    0    5 0.000000 1.000000
   1    0    7 0.000000 1.000000
   1    0    6 0.000000 1.000000
   7   20   21 3.395238 3.604762
   2    2   11 0.309524 1.690476
   1    0    6 0.000000 1.000000
   4    8   19 1.190476 2.809524
   1    0    6 0.000000 1.000000
   3    6   12 1.019048 1.980952
   2    2   12 0.285714 1.714286
   2    2    9 0.366667 1.633333
   2    2   12 0.285714 1.714286
   5   14   14 2.500000 2.500000
   1    0    6 0.000000 1.000000
   1    0    6 0.000000 1.000000
   1    0    6 0.000000 1.000000
  11   36   28 6.133333 4.866667
   5    8   23 1.261905 3.738095
   2    2   11 0.309524 1.690476
   1    0    6 0.000000 1.000000
   1    0    6 0.000000 1.000000
   2    2   10 0.342857 1.657143
   2    0   11 0.000000 2.000000
   8   20   28 3.390476 4.609524
   4   10   13 1.869048 2.130952
   3    4   13 0.733333 2.266667
   1    0    7 0.000000 1.000000
   1    0    7 0.000000 1.000000
   2    2   10 0.333333 1.666667
   4   10   15 1.647619 2.352381
   6   16   23 2.500000 3.500000
   8   24   25 3.900000 4.100000
   4    8   16 1.333333 2.666667
   2    2   11 0.309524 1.690476
   4   10   15 1.647619 2.352381
   7   18   26 2.966667 4.033333
   1    0    6 0.000000 1.000000
   6   14   23 2.338095 3.661905
   6    8   24 1.500000 4.500000
   2    2   12 0.285714 1.714286
   2    2   10 0.333333 1.666667
   1    0    6 0.000000 1.000000
   1    0    6 0.000000 1.000000
  10   26   31 4.585714 5.414286
   7   14   29 2.223810 4.776190
   2    2   11 0.309524 1.690476
   1    0    6 0.000000 1.000000
   3    4   14 0.666667 2.333333
   6   16   18 2.766667 3.233333
   9   28   24 4.833333 4.166667
   3    6   12 1.019048 1.980952
   1    0    6 0.000000 1.000000
   4    8   13 1.500000 2.500000
   2    2    9 0.366667 1.633333
   3    4   16 0.583333 2.416667
   8   16   29 2.828571 5.171429
   6   18   16 3.161905 2.838095
   3    4   13 0.700000 2.300000
   2    2   12 0.291667 1.708333
  14   44   39 7.361905 6.638095
  11   36   29 6.123810 4.876190
   5   12   20 1.876190 3.123810
   8   22   28 3.633333 4.366667
   1    0    7 0.000000 1.000000
   8   16   33 2.638095 5.361905
   7   20   21 3.528571 3.471429
   2    2   11 0.309524 1.690476
   2    2   10 0.342857 1.657143
   5   10   19 1.752381 3.247619
   7   18   26 2.990476 4.009524
   2    2    8 0.400000 1.600000
   4    8   16 1.409524 2.590476
   2    2   11 0.309524 1.690476
   3    2   17 0.309524 2.690476
  11   28   37 4.947619 6.052381
   6   16   22 2.495238 3.504762
   7   14   27 2.400000 4.600000
   2    2   10 0.342857 1.657143
   9   22   30 3.790476 5.209524
   8   12   34 2.185714 5.814286
   6   10   27 1.617857 4.382143
   2    2   10 0.333333 1.666667
   3    6   12 1.050000 1.950000
   8   18   34 2.809524 5.190476
  10   34   26 5.509524 4.490476
   3    6   12 1.019048 1.980952
   2    2    8 0.400000 1.600000
   3    2   16 0.342857 2.657143
  11   30   35 5.157143 5.842857
   3    4   14 0.709524 2.290476
   1    0    6 0.000000 1.000000
   1    0    6 0.000000 1.000000
   3    0   17 0.000000 3.000000
   8   16   33 2.595238 5.404762
   4    8   17 1.338095 2.661905
   5    6   26 0.967857 4.032143
   1    0    6 0.000000 1.000000
   6   12   23 2.028571 3.971429
  10   22   39 3.669048 6.330952
   4    4   21 0.709524 3.290476
   2    0   13 0.000000 2.000000
   2    2   11 0.309524 1.690476
   6   12   26 2.080952 3.919048
  11   36   30 5.876190 5.123810
   4    8   14 1.433333 2.566667
   1    0    7 0.000000 1.000000
   9   30   22 5.100000 3.900000
  18   54   49 9.428571 8.571429
   3    2   15 0.333333 2.666667
   2    2   11 0.309524 1.690476
   4   10   13 1.733333 2.266667
   2    0   12 0.000000 2.000000
   4    2   23 0.342857 3.657143
   2    0   11 0.000000 2.000000
   6    8   26 1.433333 4.566667
  12   38   33 6.442857 5.557143
   4    4   22 0.595238 3.404762
   3    6   12 1.019048 1.980952
   1    0    6 0.000000 1.000000
   7   10   33 1.701190 5.298810
   9   22   32 3.633333 5.366667
   5   12   18 2.000000 3.000000
   9   20   34 3.371429 5.628571
  30  120   63 20.050000 9.950000
   2    2    8 0.400000 1.600000
   2    0   11 0.000000 2.000000
   9   22   32 3.628571 5.371429
   1    0    6 0.000000 1.000000
   9   22   31 3.695238 5.304762
   9   18   35 3.095238 5.904762
   7   18   26 3.014286 3.985714
   1    0    6 0.000000 1.000000
   2    2   10 0.333333 1.666667
   3    4   14 0.652381 2.347619
   5    4   26 0.666667 4.333333
   3    4   16 0.595238 2.404762
  10   14   47 2.338095 7.661905
  32   98   90 16.560714 15.439286
   7   20   24 3.382143 3.617857
   3    4   14 0.666667 2.333333
   8   20   26 3.547619 4.452381
  10   30   29 5.100000 4.900000
  12   40   32 6.711905 5.288095
   4   10   15 1.619048 2.380952
   1    0    7 0.000000 1.000000
   1    0    6 0.000000 1.000000
   1    0    6 0.000000 1.000000
  13   32   47 5.352381 7.647619
  40  144   95 24.304762 15.695238
   7   12   31 1.971429 5.028571
   5   10   21 1.661905 3.338095
   5   10   20 1.666667 3.333333
  14   48   37 7.928571 6.071429
   6   18   20 2.942857 3.057143
   9   22   30 3.961905 5.038095
   2    2    8 0.400000 1.600000
  14   36   51 5.940476 8.059524
  38  124  100 21.217857 16.782143
   7   20   23 3.360714 3.639286
   5    6   25 0.976190 4.023810
   2    2   11 0.309524 1.690476
  11   32   34 5.300000 5.700000
   8   26   21 4.442857 3.557143
  16   64   31 10.871429 5.128571
   1    0    6 0.000000 1.000000
  11   22   43 3.780952 7.219048
  34  112   94 18.664286 15.335714
  12   44   27 7.504762 4.495238
   7   16   24 2.771429 4.228571
  11   22   42 3.785714 7.214286
  12   42   32 6.864286 5.135714
  13   34   45 5.771429 7.228571
  18   42   66 7.266667 10.733333
  34  110   97 18.407143 15.592857
   5    4   24 0.733333 4.266667
  15   42   47 7.258333 7.741667
  10   36   23 6.152381 3.847619
  15   46   46 7.557143 7.442857
  26   76   79 12.954762 13.045238
  29   76   99 12.776190 16.223810
   5    8   22 1.338095 3.661905
  18   50   57 8.384524 9.615476
  11   40   28 6.567857 4.432143
  12   26   46 4.476190 7.523810
  22   72   61 11.903571 10.096429
  30   76   99 12.980952 17.019048
   7   14   31 2.214286 4.785714
  16   40   57 6.809524 9.190476
   8   24   24 4.147619 3.852381
  11   34   32 5.655952 5.344048
  23   78   61 13.054762 9.945238
  31   90   91 15.390476 15.609524
  11   28   41 4.557143 6.442857
  12   28   47 4.523810 7.476190
   5    6   23 1.066667 3.933333
  17   56   45 9.400000 7.600000
  18   48   60 8.095238 9.904762
  31   90  101 14.992857 16.007143
  17   36   60 6.309524 10.690476
   6    6   31 0.904762 5.095238
   3    4   15 0.619048 2.380952
  15   52   39 8.595238 6.404762
  24   82   60 13.819048 10.180952
  40  138  103 23.034524 16.965476
  12   28   42 4.985714 7.014286
   4    2   20 0.333333 3.666667
   6   12   24 2.052381 3.947619
  20   78   46 12.854762 7.145238
  38  136   92 22.554762 15.445238
  32  120   70 20.065476 11.934524
   3    2   15 0.366667 2.633333
   7   18   25 3.014286 3.985714
  18   46   58 8.057143 9.942857
  44  160  105 26.758333 17.241667
  28  118   53 19.533333 8.466667
   1    0    7 0.000000 1.000000
   8   14   33 2.552381 5.447619
  13   24   50 4.295238 8.704762
  45  162  109 27.086905 17.913095
  33  126   75 20.865079 12.134921
  12   36   35 6.090476 5.909524
   9   12   44 1.941667 7.058333
  46  174  104 28.992857 17.007143
  33  120   75 20.461905 12.538095
  10   26   32 4.550000 5.450000
  13   36   47 5.783333 7.216667
  46  162  112 27.376190 18.623810
  31  112   73 18.859524 12.140476
   8   18   29 3.038095 4.961905
  27   76   93 12.297619 14.702381
  46  158  110 27.185714 18.814286
  19   48   68 7.950000 11.050000
   7   20   23 3.238095 3.761905
  44  152  109 25.797619 18.202381
  37  124  101 20.466667 16.533333
  12   24   47 4.048810 7.951190
   7   18   24 2.938095 4.061905
  35  112  100 18.585714 16.414286
  40  130  111 21.709524 18.290476
  18   54   51 9.300000 8.700000
   9   26   30 4.088095 4.911905
  35  130   77 21.976190 13.023810
  43  164   92 27.530952 15.469048
  13   36   45 5.942857 7.057143
  13   38   40 6.242857 6.757143
  32  104   87 17.295238 14.704762
  45  182   88 30.509524 14.490476
  10   24   37 3.980952 6.019048
  13   50   26 8.552381 4.447619
  30  112   66 18.880952 11.119048
  43  174   87 28.913095 14.086905
  14   40   45 6.642857 7.357143
   5   12   19 1.971429 3.028571
  36  144   73 24.147619 11.852381
  46  196   81 32.954365 13.045635
  13   38   37 6.666667 6.333333
   3    2   17 0.309524 2.690476
  50  220   77 37.167857 12.832143
  42  172   81 28.650000 13.350000
   5   10   21 1.657143 3.342857
   1    0    6 0.000000 1.000000
  46  196   80 32.697619 13.302381
  49  214   80 35.859524 13.140476
   4   10   14 1.666667 2.333333
  30  116   66 19.357143 10.642857
  64  312   69 52.461905 11.538095
   6   14   23 2.328571 3.671429
  20   64   56 10.816667 9.183333
  73  378   61 62.971429 10.028571
   7   18   23 3.171429 3.828571
  35  146   69 24.078571 10.921429
  59  272   78 45.586905 13.413095
   6   10   25 1.685714 4.314286
  28   94   73 15.692857 12.307143
  60  262   98 43.960714 16.039286
  12   28   45 4.673810 7.326190
  31  112   69 18.983333 12.016667
  57  256   91 42.277381 14.722619
  12   34   38 5.685714 6.314286
  25  100   48 16.895238 8.104762
  59  282   76 46.990476 12.009524
  16   50   44 8.490476 7.509524
  32  118   70 20.051190 11.948810
  38  148   83 24.504762 13.495238
  30  124   57 20.539683 9.460317
  28   90   77 15.289286 12.710714
  40  170   69 28.447619 11.552381
  32  126   68 20.961905 11.038095
  38  136   92 22.738095 15.261905
  36  142   76 23.219048 12.780952
  26   92   62 15.376190 10.623810
  46  210   68 35.039286 10.960714
  33  130   64 22.071429 10.928571
  21   84   44 14.019048 6.980952
  42  188   61 31.622222 10.377778
  43  188   74 31.304762 11.695238
  15   48   41 8.247619 6.752381
  31  124   63 20.861905 10.138095
  52  230   82 38.403571 13.596429
  17   48   53 8.057143 8.942857
  27  102   62 16.795238 10.204762
  51  226   82 37.614286 13.385714
  22   70   58 12.130952 9.869048
  27  102   64 17.003571 9.996429
  56  258   76 43.225000 12.775000
  17   64   36 10.861905 6.138095
  19   48   71 7.822619 11.177381
  66  304   88 51.013095 14.986905
  15   44   45 7.485714 7.514286
  14   20   64 3.429762 10.570238
  67  314   92 52.278571 14.721429
  19   62   48 10.530952 8.469048
  19   38   79 6.429762 12.570238
  71  320  104 53.748810 17.251190
  10   10   49 1.785714 8.214286
  21   52   73 8.833333 12.166667
  68  314   97 52.303571 15.696429
  11   18   46 3.061905 7.938095
  28   86   81 14.642857 13.357143
  62  270  104 45.034524 16.965476
  10   28   31 4.901190 5.098810
  16   54   45 8.852381 7.147619
  68  330   78 55.077381 12.922619
  16   44   49 7.690476 8.309524
  15   44   47 7.319048 7.680952
  73  376   62 62.644048 10.355952
  12   32   39 5.447619 6.552381
  10   24   38 3.909524 6.090476
  79  414   62 68.816667 10.183333
  11   22   40 3.952381 7.047619
  21   60   68 10.052381 10.947619
  66  312   82 52.397619 13.602381
  13   46   32 7.842857 5.157143
  15   30   63 4.947619 10.052381
  72  338   92 56.638095 15.361905
  13   46   31 7.819048 5.180952
  16   34   64 5.621429 10.378571
  68  312   96 52.092857 15.907143
  16   44   50 7.578571 8.421429
  12   30   39 5.459524 6.540476
  68  354   61 58.661905 9.338095
  20   70   46 12.071429 7.928571
  18   68   40 11.371429 6.628571
  68  344   64 57.389286 10.610714
  14   32   52 5.419048 8.580952
  18   56   52 9.522619 8.477381
  69  356   60 59.325000 9.675000
  13   28   48 4.794048 8.205952
  19   70   49 11.371429 7.628571
  63  302   72 50.880952 12.119048
  18   46   61 7.895238 10.104762
  15   36   53 6.147619 8.852381
  68  322   89 53.616667 14.383333
  17   36   64 6.152381 10.847619
  17   50   50 8.604762 8.395238
  65  296   96 49.252381 15.747619
  18   38   70 6.295238 11.704762
  15   28   64 4.519048 10.480952
  62  254  113 42.714286 19.285714
  23   56   85 9.215476 13.784524
  19   56   58 9.400000 9.600000
  63  292   91 48.401587 14.598413
  18   54   49 9.390476 8.609524
  22   72   60 12.133333 9.866667
  69  320   95 53.484524 15.515476
   9   18   35 3.185714 5.814286
  22   74   60 12.295238 9.704762
  63  288   90 48.258333 14.741667
  15   50   38 8.620238 6.379762
  28   94   69 16.189286 11.810714
  53  226   98 37.169048 15.830952
  19   78   35 13.090476 5.909524
  37  134   89 22.394048 14.605952
  43  132  122 22.295238 20.704762
  20   78   45 12.951190 7.048810
  32  126   63 21.363095 10.636905
  48  184  105 30.596429 17.403571
  20   66   56 11.019048 8.980952
  35  154   57 25.857143 9.142857
  46  184   92 30.922619 15.077381
  19   68   45 11.404762 7.595238
  33  140   59 23.385714 9.614286
  52  216   90 36.653571 15.346429
  15   48   47 7.786905 7.213095
  25   96   59 15.653571 9.346429
  59  260   90 43.761905 15.238095
  16   46   49 7.728571 8.271429
  19   54   57 9.223810 9.776190
  58  270   84 44.509524 13.490476
  23   88   47 15.052381 7.947619
  20   62   57 10.460714 9.539286
  47  188   94 31.430952 15.569048
  33  120   79 20.028571 12.971429
  15   38   55 6.200000 8.800000
  57  258   85 43.121429 13.878571
  28   92   72 15.638095 12.361905
  13   24   52 4.138095 8.861905
  56  240   99 39.761905 16.238095
  31   98   87 16.550000 14.450000
  12   24   49 4.038095 7.961905
  54  214  114 35.552381 18.447619
  34   96  103 16.340476 17.659524
   8   12   38 1.904762 6.095238
  69  318   91 53.521429 15.478571
  23   64   77 10.428571 12.571429
   7    8   33 1.385714 5.614286
  73  362   80 60.150000 12.850000
  20   58   59 9.938095 10.061905
   6   12   26 2.076190 3.923810
  71  332   95 55.496429 15.503571
  23   64   71 11.041667 11.958333
   6   10   27 1.661905 4.338095
  77  384   79 63.971429 13.028571
  17   46   54 7.883333 9.116667
   9   24   30 4.047619 4.952381
  76  390   70 64.494048 11.505952
  15   38   48 6.589286 8.410714
   8   12   35 2.052381 5.947619
  81  416   71 69.353571 11.646429
  11   28   38 4.705952 6.294048
  14   38   48 6.338095 7.661905
  73  348   86 58.533333 14.466667
  13   22   58 3.657143 9.342857
   9   20   36 3.236905 5.763095
  77  374   84 62.785714 14.214286
  14   26   60 4.304762 9.695238
   6   12   22 2.152381 3.847619
  82  422   69 70.570238 11.429762
  12   28   47 4.576190 7.423810
   7   22   17 3.933333 3.066667
  80  426   59 70.605952 9.394048
  13   26   50 4.557143 8.442857
   6   16   20 2.661905 3.338095
  81  430   57 71.647619 9.352381
  13   30   47 4.985714 8.014286
   3    0   20 0.000000 3.000000
  75  380   67 63.665476 11.334524
  22   74   59 12.577381 9.422619
   2    0   12 0.000000 2.000000
  76  394   61 65.761905 10.238095
  22   76   57 12.500000 9.500000
   3    6   12 1.019048 1.980952
  77  408   55 68.171429 8.828571
  20   70   49 12.029762 7.970238
   2    2   12 0.291667 1.708333
  74  378   63 63.340476 10.659524
  24   90   55 15.038095 8.961905
   3    6   13 0.952381 2.047619
  71  360   65 60.280952 10.719048
  26   98   58 16.247619 9.752381
   5   12   19 2.141667 2.858333
  69  344   73 57.383333 11.616667
  26   92   60 15.552381 10.447619
   3    6   13 0.952381 2.047619
  62  288   81 48.333333 13.666667
  35  136   76 22.809524 12.190476
   6   16   20 2.700000 3.300000
  62  296   74 49.492857 12.507143
  32  124   70 20.496429 11.503571
   8   22   26 3.747619 4.252381
  57  254   87 42.222619 14.777381
  35  128   83 21.376190 13.623810
   6   14   23 2.304762 3.695238
  57  254   86 42.886905 14.113095
  37  132   91 22.072619 14.927381
   4    8   16 1.385714 2.614286
  64  296   91 49.250000 14.750000
  32  110   79 18.584524 13.415476
   5   14   16 2.333333 2.666667
  63  280   95 47.047619 15.952381
  32  104   91 17.219048 14.780952
   4    4   19 0.742857 3.257143
  62  278   96 46.402381 15.597619
  34  106   97 17.909524 16.090476
   7   10   30 1.802381 5.197619
  74  368   78 61.222619 12.777381
  19   36   78 6.042857 12.957143
   6   12   21 2.166667 3.833333
  85  458   56 76.026190 8.973810
   9   14   39 2.428571 6.571429
   6   14   24 2.378571 3.621429
  81  418   67 69.811905 11.188095
  13   26   51 4.419048 8.580952
   2    2    9 0.366667 1.633333
  91  508   42 84.315476 6.684524
   7    6   33 1.100000 5.900000
   4    6   17 1.076190 2.923810
  85  456   57 75.771429 9.228571
  11   20   44 3.533333 7.466667
   5   10   21 1.666667 3.333333
  83  432   64 72.415476 10.584524
  12   30   43 5.004762 6.995238
   7   10   32 1.776190 5.223810
  81  410   76 68.370238 12.629762
  12   26   46 4.380952 7.619048
   4    6   19 0.952381 3.047619
  85  444   67 74.153571 10.846429
  11   16   48 2.738095 8.261905
   8   20   31 3.301190 4.698810
  73  354   81 59.295238 13.704762
  19   56   58 9.533333 9.466667
   7   10   34 1.595238 5.404762
  82  428   64 71.392857 10.607143
  11   20   44 3.430952 7.569048
  10   22   39 3.752381 6.247619
  84  444   61 74.096429 9.903571
   6    6   28 1.076190 4.923810
   7   12   30 2.038095 4.961905
  82  428   66 71.223810 10.776190
  11   28   36 4.904762 6.095238
   5   14   15 2.466667 2.533333
  78  420   54 69.596429 8.403571
  17   58   39 10.057143 6.942857
   6   10   26 1.704762 4.295238
  81  410   74 68.519048 12.480952
  13   28   52 4.628571 8.371429
  11   34   30 5.900000 5.100000
  70  352   72 58.521429 11.478571
  19   54   58 8.991667 10.008333
  12   34   40 5.528571 6.471429
  67  324   80 53.822619 13.177381
  21   62   60 10.704762 10.295238
  21   86   38 14.628571 6.371429
  59  274   78 45.952381 13.047619
  20   68   56 11.354762 8.645238
  28  122   47 20.442857 7.557143
  60  292   69 48.707143 11.292857
  12   34   36 5.963095 6.036905
  38  170   58 28.598810 9.401190
  49  226   68 37.819048 11.180952
  13   42   36 7.014286 5.985714
  43  188   67 31.700000 11.300000
  48  212   79 35.342857 12.657143
   9   16   38 2.685714 6.314286
  48  206   81 34.708333 13.291667
  47  208   77 34.709524 12.290476
   5    4   24 0.792857 4.207143
  53  248   67 41.482143 11.517857
  45  204   68 33.976190 11.023810
   2    0   13 0.000000 2.000000
  54  258   67 42.916667 11.083333
  43  184   72 30.876190 12.123810
   3    2   17 0.366667 2.633333
  72  370   66 61.301190 10.698810
  26   86   64 14.623810 11.376190
   2    2   12 0.291667 1.708333
  70  338   83 56.378571 13.621429
  27   80   82 13.566667 13.433333
   3    6   11 1.066667 1.933333
  75  370   75 62.090476 12.909524
  22   62   76 10.084524 11.915476
   3    4   13 0.733333 2.266667
  79  422   53 70.338095 8.661905
  16   50   47 8.352381 7.647619
   5   12   16 2.100000 2.900000
  82  442   53 73.552381 8.447619
  16   46   46 7.904762 8.095238
   2    2   11 0.309524 1.690476
  84  466   37 77.816667 6.183333
  16   60   37 9.900000 6.100000
  90  508   31 84.842857 5.157143
  10   30   31 4.889286 5.110714
  93  530   27 88.457143 4.542857
   7   16   27 2.595238 4.404762
  96  552   24 92.047619 3.952381
   4    0   24 0.000000 4.000000
  91  512   34 85.422619 5.577381
   9   20   34 3.428571 5.571429
  91  510   35 85.232143 5.767857
   9   20   35 3.390476 5.609524
  88  480   46 80.114286 7.885714
  12   28   46 4.615476 7.384524
  97  564   17 94.170238 2.829762
   3    2   17 0.333333 2.666667
 100  600    0 100.000000 0.000000
