   2    2   10 0.342857 1.657143
   1    0    6 0.000000 1.000000
   1    0    6 0.000000 1.000000
   1    0    7 0.000000 1.000000
   2    2   11 0.309524 1.690476
   1    0    6 0.000000 1.000000
   3    6   12 1.000000 2.000000
   2    2    9 0.366667 1.633333
   5   14   15 2.507143 2.492857
   1    0    6 0.000000 1.000000
   3    4   14 0.676190 2.323810
   5   12   17 2.085714 2.914286
   2    2   12 0.285714 1.714286
   1    0    5 0.000000 1.000000
   1    0    7 0.000000 1.000000
   1    0    6 0.000000 1.000000
   1    0    7 0.000000 1.000000
   3    6   12 1.019048 1.980952
   2    2   12 0.285714 1.714286
   3    6   10 1.133333 1.866667
   4   10   14 1.661905 2.338095
   1    0    6 0.000000 1.000000
   2    2   10 0.342857 1.657143
   1    0    7 0.000000 1.000000
   2    2   11 0.309524 1.690476
   1    0    6 0.000000 1.000000
   1    0    6 0.000000 1.000000
   2    2    9 0.366667 1.633333
   1    0    5 0.000000 1.000000
   2    2    9 0.366667 1.633333
   1    0    5 0.000000 1.000000
   1    0    7 0.000000 1.000000
   1    0    5 0.000000 1.000000
   3    6   11 1.066667 1.933333
   1    0    6 0.000000 1.000000
   2    2   11 0.325000 1.675000
   2    2   10 0.333333 1.666667
   1    0    6 0.000000 1.000000
   1    0    5 0.000000 1.000000
   2    2   10 0.342857 1.657143
   1    0    7 0.000000 1.000000
   3    4   13 0.742857 2.257143
   3    4   13 0.742857 2.257143
   5   12   16 2.111905 2.888095
   2    2   11 0.309524 1.690476
   1    0    6 0.000000 1.000000
   3    2   16 0.342857 2.657143
   1    0    7 0.000000 1.000000
   1    0    7 0.000000 1.000000
   1    0    7 0.000000 1.000000
   2    2    9 0.366667 1.633333
   1    0    5 0.000000 1.000000
   1    0    7 0.000000 1.000000
   2    2   11 0.309524 1.690476
   2    2   10 0.333333 1.666667
   1    0    6 0.000000 1.000000
   2    2   11 0.309524 1.690476
   5   14   17 2.347619 2.652381
   2    2    9 0.366667 1.633333
   4    8   17 1.285714 2.714286
   2    2   12 0.291667 1.708333
   1    0    5 0.000000 1.000000
   6   10   27 1.742857 4.257143
   3    2   15 0.366667 2.633333
   1    0    7 0.000000 1.000000
   1    0    6 0.000000 1.000000
   3    4   13 0.742857 2.257143
   3    6   12 1.000000 2.000000
   5   10   20 1.619048 3.380952
   1    0    5 0.000000 1.000000
   1    0    5 0.000000 1.000000
   2    2   10 0.333333 1.666667
   2    2   10 0.333333 1.666667
   3    4   11 0.800000 2.200000
   2    2   10 0.342857 1.657143
   1    0    6 0.000000 1.000000
   7   10   34 1.580952 5.419048
   6   14   24 2.347619 3.652381
   1    0    6 0.000000 1.000000
   5   14   15 2.428571 2.571429
   3    4   13 0.733333 2.266667
   1    0    6 0.000000 1.000000
   9   28   28 4.523810 4.476190
   6   12   23 2.085714 3.914286
   1    0    6 0.000000 1.000000
   2    2   11 0.309524 1.690476
   1    0    6 0.000000 1.000000
   5   10   18 1.761905 3.238095
   1    0    7 0.000000 1.000000
   3    4   14 0.666667 2.333333
   1    0    5 0.000000 1.000000
  10   32   28 5.447619 4.552381
   1    0    5 0.000000 1.000000
   4    4   22 0.619048 3.380952
   3    4   15 0.616667 2.383333
   7   16   23 2.885714 4.114286
   4    4   19 0.733333 3.266667
   1    0    7 0.000000 1.000000
   2    2   12 0.285714 1.714286
   1    0    7 0.000000 1.000000
   3    6   11 1.066667 1.933333
   1    0    6 0.000000 1.000000
   1    0    6 0.000000 1.000000
   1    0    6 0.000000 1.000000
   1    0    6 0.000000 1.000000
   5   10   17 1.895238 3.104762
   2    2    9 0.366667 1.633333
   8   20   31 3.300000 4.700000
   7   12   32 1.980952 5.019048
   2    2    8 0.416667 1.583333
   8   20   26 3.538095 4.461905
   1    0    6 0.000000 1.000000
   1    0    7 0.000000 1.000000
  10   26   35 4.228571 5.771429
   7   16   23 2.900000 4.100000
   1    0    6 0.000000 1.000000
   1    0    7 0.000000 1.000000
   2    2   12 0.285714 1.714286
   1    0    6 0.000000 1.000000
   2    2    8 0.400000 1.600000
   1    0    7 0.000000 1.000000
   6   16   21 2.700000 3.300000
   4    8   16 1.376190 2.623810
   1    0    6 0.000000 1.000000
   9   24   28 4.195238 4.804762
   2    2   12 0.285714 1.714286
   2    2   11 0.309524 1.690476
   1    0    6 0.000000 1.000000
   4   10   14 1.661905 2.338095
   3    4   15 0.619048 2.380952
   3    4   13 0.700000 2.300000
   4    8   17 1.285714 2.714286
   1    0    6 0.000000 1.000000
   2    2   11 0.309524 1.690476
   4    4   18 0.800000 3.200000
  10   28   30 4.866667 5.133333
   3    4   15 0.642857 2.357143
   1    0    6 0.000000 1.000000
   7   20   23 3.257143 3.742857
   3    4   13 0.742857 2.257143
   1    0    5 0.000000 1.000000
   9   28   27 4.821429 4.178571
  12   48   25 8.085714 3.914286
   2    2   10 0.333333 1.666667
   1    0    5 0.000000 1.000000
   1    0    6 0.000000 1.000000
   5   12   21 1.833333 3.166667
   3    4   14 0.676190 2.323810
   6   16   19 2.800000 3.200000
   1    0    7 0.000000 1.000000
  10   26   33 4.403571 5.596429
   3    4   12 0.766667 2.233333
   4   10   16 1.571429 2.428571
   2    2   10 0.333333 1.666667
   6   18   20 2.942857 3.057143
   2    0   13 0.000000 2.000000
  10   30   28 5.219048 4.780952
   2    2    9 0.366667 1.633333
   4   10   14 1.750000 2.250000
   3    4   12 0.766667 2.233333
   5   10   21 1.658333 3.341667
   7   12   29 2.125000 4.875000
   1    0    5 0.000000 1.000000
   3    4   15 0.642857 2.357143
   5    8   22 1.333333 3.666667
   3    4   14 0.709524 2.290476
  10   24   36 4.041667 5.958333
   5   14   16 2.328571 2.671429
   2    0   13 0.000000 2.000000
   6   16   19 2.771429 3.228571
   5   10   19 1.809524 3.190476
   1    0    6 0.000000 1.000000
   8   26   24 4.213095 3.786905
   2    2   12 0.285714 1.714286
   1    0    5 0.000000 1.000000
   6   12   23 2.104762 3.895238
  14   50   35 8.276190 5.723810
   1    0    7 0.000000 1.000000
   2    0   14 0.000000 2.000000
   2    2   10 0.333333 1.666667
  16   62   31 10.595238 5.404762
  11   30   36 5.076190 5.923810
   1    0    7 0.000000 1.000000
   5   10   19 1.719048 3.280952
   3    2   16 0.333333 2.666667
   1    0    6 0.000000 1.000000
  11   30   35 5.109524 5.890476
   2    2    9 0.366667 1.633333
   4    4   21 0.658333 3.341667
   8   28   19 4.809524 3.190476
   9   32   21 5.508333 3.491667
   9   26   26 4.566667 4.433333
   1    0    6 0.000000 1.000000
   3    6   12 1.050000 1.950000
   7   22   21 3.711905 3.288095
   1    0    6 0.000000 1.000000
   1    0    7 0.000000 1.000000
   1    0    7 0.000000 1.000000
  19   70   42 11.866667 7.133333
  15   48   46 7.940476 7.059524
   1    0    7 0.000000 1.000000
   2    2    9 0.366667 1.633333
   6   12   23 2.138095 3.861905
  11   30   36 5.052381 5.947619
   2    2    9 0.366667 1.633333
   3    2   16 0.333333 2.666667
   9   32   24 5.204762 3.795238
   5   14   15 2.404762 2.595238
   8   26   21 4.519048 3.480952
   2    2   11 0.309524 1.690476
   6   16   19 2.809524 3.190476
   2    2   11 0.309524 1.690476
  18   52   59 8.603571 9.396429
  18   46   62 7.809524 10.190476
   4    8   13 1.566667 2.433333
   6   10   27 1.695238 4.304762
  19   66   46 11.228571 7.771429
   2    2    9 0.366667 1.633333
   2    0   12 0.000000 2.000000
   4    6   20 0.928571 3.071429
   6   12   25 1.947619 4.052381
   4    6   20 0.958333 3.041667
  12   42   28 7.176190 4.823810
   1    0    6 0.000000 1.000000
  11   26   38 4.433333 6.566667
  25   92   60 15.378571 9.621429
   7   22   21 3.733333 3.266667
   4    6   16 1.133333 2.866667
  22   76   55 12.661905 9.338095
   2    2   11 0.309524 1.690476
   3    4   13 0.742857 2.257143
   2    0   11 0.000000 2.000000
   6   12   23 2.090476 3.909524
   5   10   17 1.833333 3.166667
  10   28   35 4.600000 5.400000
   9   14   41 2.238095 6.761905
  18   50   56 8.617857 9.382143
  13   42   34 7.157143 5.842857
   6   18   20 2.857143 3.142857
  26   74   85 12.401190 13.598810
   4    8   16 1.352381 2.647619
   2    0   13 0.000000 2.000000
   7   10   30 1.809524 5.190476
   3    0   18 0.000000 3.000000
  15   50   41 8.442857 6.557143
   9   22   33 3.523810 5.476190
  26  100   55 16.921429 9.078571
   9   24   31 3.980952 5.019048
   6   18   20 2.888095 3.111905
  19   44   67 7.490476 11.509524
   8   20   28 3.414286 4.585714
   9   18   36 3.028571 5.971429
   2    2   11 0.309524 1.690476
  13   44   35 7.380952 5.619048
   7    8   35 1.395238 5.604762
  18   60   51 9.738095 8.261905
  16   56   37 9.542857 6.457143
   5   14   15 2.400000 2.600000
  22   56   74 9.645238 12.354762
   5    6   23 1.033333 3.966667
   6   10   25 1.695238 4.304762
   1    0    6 0.000000 1.000000
  16   62   32 10.580952 5.419048
   6    8   26 1.385714 4.614286
  24   82   64 13.669048 10.330952
  14   42   44 6.838095 7.161905
  13   46   32 7.666667 5.333333
  15   26   66 4.442857 10.557143
   4    6   18 1.000000 3.000000
   8   24   24 4.166667 3.833333
   1    0    6 0.000000 1.000000
  16   68   28 11.380952 4.619048
   7   10   31 1.809524 5.190476
  28  110   57 18.630952 9.369048
  10   32   29 5.300000 4.700000
  16   58   38 9.876190 6.123810
  10   22   39 3.664286 6.335714
   2    0   13 0.000000 2.000000
   3    6   13 0.971429 2.028571
   2    2   10 0.333333 1.666667
   8   26   24 4.252381 3.747619
  10   22   37 3.815476 6.184524
  41  178   64 30.101190 10.898810
   4    4   19 0.676190 3.323810
  23   94   42 15.885714 7.114286
   7    4   42 0.571429 6.428571
   3    6   11 1.066667 1.933333
   9   20   35 3.357143 5.642857
  13   30   50 4.942857 8.057143
  34  134   69 22.490476 11.509524
   5    6   22 1.133333 3.866667
  25   86   69 14.042857 10.957143
  11   18   44 3.247619 7.752381
   5    6   24 1.042857 3.957143
  19   62   54 10.252381 8.747619
  33  110   85 18.722619 14.277381
   9   20   34 3.421429 5.578571
  30  108   71 18.238095 11.761905
   4    2   24 0.309524 3.690476
   2    2   11 0.309524 1.690476
  29  112   63 18.796825 10.203175
  36  144   72 24.259524 11.740476
   8   16   32 2.614286 5.385714
  20   66   56 10.828571 9.171429
   5    6   20 1.166667 3.833333
   2    2   10 0.342857 1.657143
  29   92   86 15.171429 13.828571
  44  166   95 27.944048 16.055952
   9   14   39 2.395238 6.604762
  15   38   51 6.497619 8.502381
   1    0    7 0.000000 1.000000
  17   38   65 6.350000 10.650000
  56  250   86 41.836905 14.163095
   3    2   17 0.309524 2.690476
  22   88   43 14.914286 7.085714
   2    2    9 0.366667 1.633333
  19   50   67 8.200000 10.800000
  48  184  107 30.691667 17.308333
  32  126   60 21.535714 10.464286
   1    0    6 0.000000 1.000000
  22   70   63 11.638095 10.361905
  34  120   83 20.097619 13.902381
  43  186   71 31.266667 11.733333
   1    0    7 0.000000 1.000000
  20   52   68 8.652381 11.347619
  41  148   94 25.076190 15.923810
  39  168   70 27.733333 11.266667
  23   68   67 11.652381 11.347619
  29   90   87 15.004762 13.995238
  48  214   74 35.615476 12.384524
  35  140   70 23.447619 11.552381
  40  146   91 24.844048 15.155952
  25   98   55 16.190476 8.809524
  35  124   81 21.023810 13.976190
  28   84   93 13.454762 14.545238
  37  144   74 24.340476 12.659524
  40  172   65 29.000000 11.000000
  17   38   67 6.347619 10.652381
  43  192   66 32.321429 10.678571
  40  152   83 25.911905 14.088095
  18   38   66 6.504762 11.495238
  42  168   93 27.591270 14.408730
  58  286   62 47.757143 10.242857
  12   24   49 4.114286 7.885714
  30  122   57 20.552381 9.447619
  53  250   73 41.455952 11.544048
  12   28   41 4.866667 7.133333
  35  146   62 24.410714 10.589286
  52  226   87 37.675000 14.325000
   8   12   37 2.000000 6.000000
  40  158   80 26.757143 13.242857
  52  202  104 34.110714 17.889286
  13   40   40 6.610714 6.389286
  35  128   86 21.226190 13.773810
  67  326   78 54.323810 12.676190
   7   14   29 2.271429 4.728571
  26   80   73 13.609524 12.390476
  57  258   90 42.865476 14.134524
   9   24   31 4.000000 5.000000
  34  108   89 18.866667 15.133333
  42  166   87 28.014286 13.985714
  12   36   37 6.151190 5.848810
  46  186   88 31.511905 14.488095
  41  150   92 25.344048 15.655952
  14   40   46 6.510714 7.489286
  45  182   90 30.317857 14.682143
  47  202   86 33.277381 13.722619
  16   54   43 9.028571 6.971429
  37  130   85 22.271429 14.728571
  46  204   73 33.976190 12.023810
  17   54   49 8.952381 8.047619
  37  158   62 26.484524 10.515476
  37  172   56 28.411905 8.588095
  27   84   71 14.680952 12.319048
  36  146   71 24.316667 11.683333
  37  150   70 24.988095 12.011905
  24   66   77 11.241667 12.758333
  39  168   69 27.795238 11.204762
  47  206   75 34.423810 12.576190
  16   44   53 7.414286 8.585714
  37  158   64 26.276190 10.723810
  40  158   82 26.400000 13.600000
  16   52   45 8.760714 7.239286
  44  192   71 32.196429 11.803571
  43  174   84 29.045238 13.954762
  22   80   51 13.580952 8.419048
  35  148   63 24.847619 10.152381
  41  130  110 22.066667 18.933333
  20   68   52 11.628571 8.371429
  39  152   88 25.151190 13.848810
  40  142   94 24.209524 15.790476
  21   68   56 11.555952 9.444048
  39  172   68 28.422619 10.577381
  38  146   81 24.378571 13.621429
  13   46   32 7.657143 5.342857
  49  218   77 36.545238 12.454762
  46  188   82 31.902381 14.097619
  14   34   53 5.731746 8.268254
  40  166   77 27.380952 12.619048
  43  160  101 26.455952 16.544048
  13   32   45 5.590476 7.409524
  44  162  100 27.402381 16.597619
  38  136   90 23.019048 14.980952
  17   52   47 8.876190 8.123810
  45  188   87 31.014286 13.985714
  45  176   94 29.503571 15.496429
  16   56   41 9.376190 6.623810
  39  156   77 26.211905 12.788095
  47  190   93 31.673810 15.326190
  13   38   43 6.300000 6.700000
  40  162   74 27.379762 12.620238
  63  282   95 47.146429 15.853571
   6   16   18 2.861905 3.138095
  31  102   87 17.009524 13.990476
  58  256   94 42.769048 15.230952
   5   14   17 2.285714 2.714286
  37  132   87 22.540476 14.459524
  63  300   81 49.742857 13.257143
  12   42   30 7.047619 4.952381
  25   70   77 11.804762 13.195238
  65  284  104 47.650000 17.350000
   5    8   22 1.333333 3.666667
  30   80  102 13.347619 16.652381
  65  290   99 48.869048 16.130952
   8   22   26 3.652381 4.347619
  27   82   81 13.800000 13.200000
  64  288   98 48.047619 15.952381
   9   18   34 3.114286 5.885714
  27   98   64 16.444048 10.555952
  68  288  112 48.870238 19.129762
   8   16   35 2.602381 5.397619
  24   70   79 11.480952 12.519048
  70  314  101 52.970238 17.029762
   5   12   19 1.904762 3.095238
  25   68   86 11.360714 13.639286
  69  332   79 55.729762 13.270238
   3    2   19 0.309524 2.690476
  28  102   66 17.259524 10.740476
  70  318   93 53.666667 16.333333
   5    4   29 0.700000 4.300000
  25   76   80 12.419048 12.580952
  77  390   72 65.275000 11.725000
   1    0    6 0.000000 1.000000
  22   60   72 9.969048 12.030952
  86  464   53 77.300000 8.700000
  14   30   53 5.150000 8.850000
  82  440   51 73.523810 8.476190
  18   58   51 9.701190 8.298810
  79  422   57 69.885714 9.114286
  21   64   57 11.088095 9.911905
  88  480   48 80.028571 7.971429
  12   24   48 4.085714 7.914286
  91  506   38 84.547619 6.452381
   9   18   38 2.866667 6.133333
  92  520   33 86.516667 5.483333
   8   14   33 2.361905 5.638095
  94  542   25 90.050000 3.950000
   6    8   25 1.466667 4.533333
  87  484   41 80.571429 6.428571
  13   34   41 5.814286 7.185714
  93  540   22 89.605952 3.394048
   7   16   22 2.871429 4.128571
  91  522   24 87.047619 3.952381
   9   30   24 4.875000 4.125000
  93  536   22 89.180952 3.819048
   7   20   22 3.338095 3.661905
  99  588    6 98.000000 1.000000
   1    0    6 0.000000 1.000000
  99  586    7 97.697619 1.302381
   1    0    7 0.000000 1.000000
 100  600    0 100.000000 0.000000
