   1    0    8 0.000000 1.000000
   1    0    7 0.000000 1.000000
   1    0    7 0.000000 1.000000
   2    2   10 0.333333 1.666667
   2    2   10 0.333333 1.666667
   1    0    5 0.000000 1.000000
   1    0    6 0.000000 1.000000
   1    0    6 0.000000 1.000000
   2    2    9 0.366667 1.633333
   1    0    7 0.000000 1.000000
   5   14   15 2.457143 2.542857
   1    0    6 0.000000 1.000000
   6   12   21 2.200000 3.800000
   5   12   16 2.133333 2.866667
   1    0    6 0.000000 1.000000
   2    2    8 0.400000 1.600000
   1    0    6 0.000000 1.000000
   1    0    6 0.000000 1.000000
   2    2   10 0.333333 1.666667
   3    4   12 0.792857 2.207143
   1    0    6 0.000000 1.000000
   1    0    6 0.000000 1.000000
   3    6   11 1.066667 1.933333
   1    0    6 0.000000 1.000000
   1    0    7 0.000000 1.000000
   2    2    8 0.400000 1.600000
   2    2    9 0.366667 1.633333
   1    0    6 0.000000 1.000000
   2    2    8 0.400000 1.600000
   1    0    7 0.000000 1.000000
   2    0   13 0.000000 2.000000
   3    4   12 0.766667 2.233333
   1    0    6 0.000000 1.000000
   1    0    8 0.000000 1.000000
   1    0    6 0.000000 1.000000
   2    0   12 0.000000 2.000000
   2    2    9 0.366667 1.633333
   1    0    7 0.000000 1.000000
   1    0    7 0.000000 1.000000
   2    2   10 0.342857 1.657143
   1    0    6 0.000000 1.000000
   1    0    7 0.000000 1.000000
   1    0    5 0.000000 1.000000
   1    0    6 0.000000 1.000000
   1    0    6 0.000000 1.000000
   1    0    7 0.000000 1.000000
   2    2   11 0.309524 1.690476
   3    4   14 0.652381 2.347619
   1    0    6 0.000000 1.000000
   1    0    7 0.000000 1.000000
   1    0    6 0.000000 1.000000
   1    0    8 0.000000 1.000000
   2    2    9 0.366667 1.633333
   1    0    6 0.000000 1.000000
   3    4   14 0.709524 2.290476
   3    4   16 0.619048 2.380952
   1    0    6 0.000000 1.000000
   3    4   16 0.595238 2.404762
   1    0    7 0.000000 1.000000
   2    0   10 0.000000 2.000000
   1    0    6 0.000000 1.000000
   3    4   14 0.666667 2.333333
   1    0    6 0.000000 1.000000
   2    2    9 0.366667 1.633333
   3    2   17 0.285714 2.714286
   1    0    5 0.000000 1.000000
   6   14   24 2.219048 3.780952
   3    2   18 0.325000 2.675000
   3    6   11 1.066667 1.933333
   7   16   26 2.716667 4.283333
   6   14   25 2.244048 3.755952
   2    2    9 0.366667 1.633333
   5    6   24 1.033333 3.966667
   4    6   17 1.033333 2.966667
   1    0    8 0.000000 1.000000
   1    0    7 0.000000 1.000000
   1    0    6 0.000000 1.000000
   7   16   24 2.790476 4.209524
   1    0    7 0.000000 1.000000
   3    4   15 0.619048 2.380952
   1    0    6 0.000000 1.000000
   1    0    5 0.000000 1.000000
   1    0    8 0.000000 1.000000
   3    4   12 0.766667 2.233333
   3    2   16 0.333333 2.666667
   3    2   15 0.416667 2.583333
   1    0    7 0.000000 1.000000
   6    8   27 1.442857 4.557143
   6   10   23 1.795238 4.204762
   1    0    5 0.000000 1.000000
   4    4   18 0.733333 3.266667
   1    0    6 0.000000 1.000000
   3    6   13 0.952381 2.047619
   1    0    8 0.000000 1.000000
   2    0   13 0.000000 2.000000
   1    0    6 0.000000 1.000000
   1    0    7 0.000000 1.000000
   1    0    6 0.000000 1.000000
   2    2   12 0.291667 1.708333
   1    0    6 0.000000 1.000000
   4    8   15 1.419048 2.580952
   6   12   21 2.104762 3.895238
   4    8   16 1.333333 2.666667
   6   18   17 3.128571 2.871429
   9   20   35 3.314286 5.685714
   4    4   20 0.742857 3.257143
   3    6   12 1.000000 2.000000
   1    0    5 0.000000 1.000000
  10   26   34 4.361905 5.638095
   2    2   11 0.309524 1.690476
   3    4   15 0.619048 2.380952
   4    6   18 1.000000 3.000000
   3    2   18 0.309524 2.690476
   1    0    6 0.000000 1.000000
   1    0    7 0.000000 1.000000
   8   18   27 3.166667 4.833333
   9   24   29 4.076190 4.923810
   2    2   12 0.291667 1.708333
   8   14   34 2.333333 5.666667
   3    6   11 1.066667 1.933333
   1    0    6 0.000000 1.000000
   2    2   10 0.333333 1.666667
   4    8   16 1.428571 2.571429
   2    2    9 0.366667 1.633333
   2    2    9 0.366667 1.633333
   4    2   22 0.450000 3.550000
   1    0    6 0.000000 1.000000
   8   16   31 2.666667 5.333333
  12   36   37 6.100000 5.900000
   2    2   12 0.285714 1.714286
   1    0    6 0.000000 1.000000
  12   36   37 5.823810 6.176190
   7   20   21 3.395238 3.604762
   4    8   18 1.261905 2.738095
   5    6   24 1.009524 3.990476
   1    0    6 0.000000 1.000000
   3    6   13 0.983333 2.016667
  16   64   31 10.865476 5.134524
   4   10   12 1.833333 2.166667
   7   10   33 1.709524 5.290476
   1    0    6 0.000000 1.000000
   4    4   19 0.700000 3.300000
   1    0    6 0.000000 1.000000
   1    0    7 0.000000 1.000000
   5   12   20 1.933333 3.066667
   7   16   24 2.804762 4.195238
   2    2    8 0.400000 1.600000
   9   28   25 4.885714 4.114286
  13   42   32 7.233333 5.766667
   2    2   10 0.333333 1.666667
   1    0    6 0.000000 1.000000
   6   12   25 1.952381 4.047619
   7   12   30 2.080952 4.919048
   5    8   21 1.385714 3.614286
  13   42   37 7.041667 5.958333
   1    0    5 0.000000 1.000000
   2    2    9 0.366667 1.633333
  15   36   60 5.685714 9.314286
   2    0   13 0.000000 2.000000
   3    4   15 0.642857 2.357143
   5    8   21 1.383333 3.616667
   3    4   14 0.709524 2.290476
   6   18   16 3.166667 2.833333
   9   18   38 2.933333 6.066667
   2    2    8 0.400000 1.600000
   9   30   24 5.038095 3.961905
  13   42   37 7.038095 5.961905
   2    2    9 0.366667 1.633333
   5   10   23 1.596429 3.403571
   3    2   16 0.333333 2.666667
   8   18   30 2.980952 5.019048
  16   52   44 8.676190 7.323810
   2    2   10 0.333333 1.666667
  14   28   53 4.919048 9.080952
   2    2   11 0.309524 1.690476
   6   14   23 2.261905 3.738095
   5   10   21 1.692857 3.307143
   6   16   19 2.766667 3.233333
   9   18   36 3.066667 5.933333
   3    6   11 1.066667 1.933333
  12   30   41 5.142857 6.857143
   5   14   17 2.290476 2.709524
   4    8   16 1.385714 2.614286
   5    6   23 1.066667 3.933333
   5    8   22 1.333333 3.666667
  10   14   45 2.371429 7.628571
  13   30   51 4.776190 8.223810
   2    2    9 0.366667 1.633333
  10   18   44 2.957143 7.042857
   6   14   19 2.500000 3.500000
   5   10   22 1.659524 3.340476
   5   10   18 1.766667 3.233333
   7   22   21 3.690476 3.309524
   8   12   37 1.995238 6.004762
   4   10   15 1.590476 2.409524
  17   52   49 8.938095 8.061905
   6   12   24 2.104762 3.895238
   2    2   10 0.333333 1.666667
   8   22   26 3.671429 4.328571
   2    0   11 0.000000 2.000000
  10   22   38 3.871429 6.128571
   9   30   24 5.000000 4.000000
   9   10   44 1.685714 7.314286
   8   28   20 4.826190 3.173810
   5   14   17 2.233333 2.766667
   5   12   17 2.100000 2.900000
   8   24   25 3.970238 4.029762
   6    4   31 0.700000 5.300000
   4   10   13 1.761905 2.238095
  18   44   63 7.323810 10.676190
   5    6   20 1.166667 3.833333
   2    2   12 0.285714 1.714286
  15   48   44 7.852381 7.147619
  15   36   52 6.244048 8.755952
   4    4   21 0.619048 3.380952
   9   22   34 3.680952 5.319048
   5   12   19 2.057143 2.942857
   4    4   21 0.642857 3.357143
   3    6   12 1.019048 1.980952
   9   26   28 4.441667 4.558333
   8   16   30 2.928571 5.071429
   6   12   23 2.066667 3.933333
  21   66   62 10.902381 10.097619
   6   18   18 3.028571 2.971429
   1    0    5 0.000000 1.000000
  18   60   52 9.826190 8.173810
  12   20   48 3.594048 8.405952
   3    4   13 0.742857 2.257143
   8   10   42 1.523810 6.476190
   2    2   10 0.342857 1.657143
   3    4   13 0.733333 2.266667
   3    4   15 0.642857 2.357143
   8   18   30 3.233333 4.766667
   6    8   29 1.285714 4.714286
   3    4   15 0.658333 2.341667
  27   98   62 16.511905 10.488095
   6   16   17 2.928571 3.071429
   3    6   11 1.085714 1.914286
  22   70   62 11.779762 10.220238
   8   12   36 2.033333 5.966667
   3    4   14 0.652381 2.347619
   6    6   30 1.009524 4.990476
   2    2   11 0.309524 1.690476
   3    4   16 0.625000 2.375000
   3    4   13 0.700000 2.300000
  12   40   33 6.683333 5.316667
   3    2   15 0.366667 2.633333
   2    0   12 0.000000 2.000000
  26   88   70 14.680952 11.319048
  10   24   36 4.038095 5.961905
   7   22   19 3.690476 3.309524
  21   68   58 11.457143 9.542857
   4    0   25 0.000000 4.000000
   5   14   16 2.333333 2.666667
   5    8   21 1.442857 3.557143
   1    0    6 0.000000 1.000000
   1    0    6 0.000000 1.000000
   5   10   17 1.800000 3.200000
   5    4   25 0.709524 4.290476
   9   22   33 3.733333 5.266667
   4   10   16 1.583333 2.416667
  28   88   77 14.947619 13.052381
   7   10   30 1.766667 5.233333
   6   18   19 2.928571 3.071429
  22   68   66 11.333333 10.666667
   3    2   17 0.333333 2.666667
   5   10   20 1.797619 3.202381
   5   14   17 2.280952 2.719048
   1    0    7 0.000000 1.000000
   5   14   17 2.280952 2.719048
   2    0   13 0.000000 2.000000
   4    2   20 0.400000 3.600000
   1    0    6 0.000000 1.000000
  40  174   62 29.276190 10.723810
   6   12   25 1.904762 4.095238
   3    4   15 0.642857 2.357143
  22   74   61 12.420238 9.579762
   5    4   24 0.676190 4.323810
   6   14   21 2.483333 3.516667
   3    2   20 0.250000 2.750000
   3    4   12 0.766667 2.233333
   2    2   11 0.309524 1.690476
   7   14   26 2.485714 4.514286
   3    2   16 0.400000 2.600000
   1    0    5 0.000000 1.000000
  48  214   76 35.785714 12.214286
   9   20   34 3.380952 5.619048
   1    0    7 0.000000 1.000000
  21   54   66 9.395238 11.604762
   3    4   15 0.658333 2.341667
   2    2   11 0.309524 1.690476
   3    4   17 0.571429 2.428571
   3    2   17 0.309524 2.690476
   6    8   27 1.376190 4.623810
   1    0    6 0.000000 1.000000
  48  218   73 36.235714 11.764286
  14   42   41 7.071429 6.928571
   2    2    8 0.400000 1.600000
  16   34   60 5.814286 10.185714
   3    4   15 0.619048 2.380952
   5   10   20 1.680952 3.319048
   2    0   13 0.000000 2.000000
   5   10   24 1.501190 3.498810
   4    6   19 0.952381 3.047619
   1    0    7 0.000000 1.000000
  38  144   80 24.198810 13.801190
  11   22   47 3.464286 7.535714
  23   66   69 11.219048 11.780952
   6   12   19 2.400000 3.600000
   4   10   16 1.578571 2.421429
   8   24   25 3.923810 4.076190
   3    2   17 0.342857 2.657143
   4    6   19 0.983333 3.016667
   2    2   10 0.333333 1.666667
  49  214   81 35.551190 13.448810
  16   42   49 7.333333 8.666667
  20   68   56 11.098810 8.901190
   2    2    9 0.366667 1.633333
   1    0    6 0.000000 1.000000
   3    6   11 1.085714 1.914286
   5    6   26 0.995238 4.004762
   4    6   18 1.000000 3.000000
   3    6   11 1.066667 1.933333
  59  260   88 44.007143 14.992857
  13   26   53 4.485714 8.514286
  12   32   42 5.242857 6.757143
   2    2   11 0.309524 1.690476
   2    2   11 0.309524 1.690476
   6   10   27 1.619048 4.380952
  14   34   48 5.947619 8.052381
  43  168   88 28.167857 14.832143
  15   36   57 5.857143 9.142857
  17   48   54 8.000000 9.000000
   3    4   13 0.733333 2.266667
   2    2   11 0.309524 1.690476
   3    2   17 0.309524 2.690476
  22   74   56 12.554762 9.445238
  50  230   72 38.221429 11.778571
  10   22   35 3.742857 6.257143
  11   20   48 3.242857 7.757143
   1    0    6 0.000000 1.000000
   3    4   14 0.666667 2.333333
   3    2   18 0.309524 2.690476
  20   58   65 9.576190 10.423810
  53  234   81 39.261905 13.738095
  11   24   39 4.221429 6.778571
   7   16   29 2.523810 4.476190
   4    6   16 1.100000 2.900000
   2    2   10 0.333333 1.666667
  21   56   71 9.310714 11.689286
  62  280   93 46.548810 15.451190
   8   12   33 2.183333 5.816667
   7   14   30 2.290476 4.709524
   2    0   11 0.000000 2.000000
  19   64   49 10.947619 8.052381
  59  272   82 45.601190 13.398810
   6   14   21 2.400000 3.600000
  12   34   42 5.490476 6.509524
   4    8   14 1.466667 2.533333
  25   84   63 14.395238 10.604762
  61  288   81 47.939286 13.060714
   2    0   13 0.000000 2.000000
   9   20   33 3.452381 5.547619
   3    4   14 0.666667 2.333333
  31  116   67 19.705952 11.294048
  55  258   69 43.259524 11.740476
   2    2   10 0.342857 1.657143
   7   10   35 1.547619 5.452381
   5   12   21 1.903571 3.096429
  25  102   52 16.711905 8.288095
  66  330   59 55.542857 10.457143
   1    0    7 0.000000 1.000000
   3    2   19 0.285714 2.714286
   5   12   17 2.038095 2.961905
  27  116   48 19.195238 7.804762
  65  336   53 56.133333 8.866667
   1    0    6 0.000000 1.000000
   1    0    7 0.000000 1.000000
   6   16   18 2.804762 3.195238
  27  108   52 18.385714 8.614286
  65  340   54 56.382143 8.617857
   1    0    6 0.000000 1.000000
   4    6   16 1.066667 2.933333
   3    6   12 1.000000 2.000000
  29  108   65 18.300000 10.700000
  59  294   59 49.095238 9.904762
   2    2   11 0.325000 1.675000
   7   12   32 2.034524 4.965476
   3    2   15 0.366667 2.633333
  33  126   71 21.076190 11.923810
  62  308   65 51.471429 10.528571
   1    0    7 0.000000 1.000000
   2    0   12 0.000000 2.000000
   2    2    9 0.366667 1.633333
  39  144   90 24.121429 14.878571
  51  244   62 40.873810 10.126190
   2    2   11 0.309524 1.690476
   6   12   22 2.166667 3.833333
   2    2   11 0.309524 1.690476
  47  208   72 35.104762 11.895238
  47  222   63 36.848810 10.151190
   4    4   21 0.652381 3.347619
   2    2    8 0.400000 1.600000
  47  212   71 35.582143 11.417857
  49  226   68 37.848810 11.151190
   4    6   17 1.185714 2.814286
  57  258   84 43.291667 13.708333
  38  154   75 25.759524 12.240476
   5    8   21 1.466667 3.533333
  57  258   85 43.179762 13.820238
  40  160   78 26.997619 13.002381
   3    2   17 0.309524 2.690476
  69  346   70 57.698810 11.301190
  30  112   66 18.776190 11.223810
   1    0    6 0.000000 1.000000
  70  350   68 58.564286 11.435714
  30  114   68 18.933333 11.066667
  58  272   73 45.754762 12.245238
  42  182   73 30.440476 11.559524
  61  292   73 48.628175 12.371825
  39  162   73 27.119048 11.880952
  58  286   63 47.857143 10.142857
  42  188   63 31.585714 10.414286
  42  190   63 31.672619 10.327381
  58  284   63 47.482143 10.517857
  45  200   72 33.242857 11.757143
  55  256   72 42.909524 12.090476
  55  242   90 40.305952 14.694048
  45  178   90 30.102381 14.897619
  48  220   69 36.695238 11.304762
  52  242   69 40.478571 11.521429
  39  156   79 25.894048 13.105952
  61  286   79 47.842857 13.157143
  31  108   75 18.321429 12.678571
  69  342   75 56.966667 12.033333
  44  152  112 25.410714 18.589286
  56  224  112 37.628571 18.371429
  47  168  113 28.095238 18.904762
  53  206  113 34.547619 18.452381
  45  160  112 26.676190 18.323810
  55  216  112 36.355952 18.644048
  42  156   97 26.300000 15.700000
  58  250   97 42.022619 15.977381
  40  130  108 21.939286 18.060714
  60  254  108 42.363095 17.636905
  45  172   97 29.241667 15.758333
  55  234   97 39.080952 15.919048
  43  164   94 27.309524 15.690476
  57  248   94 41.511111 15.488889
  51  206  101 34.629762 16.370238
  49  192  101 32.261905 16.738095
  48  194  104 31.972619 16.027381
  52  198  104 33.980952 18.019048
  47  202   79 33.880952 13.119048
  53  240   79 40.202381 12.797619
  52  222   88 37.352381 14.647619
  48  202   88 33.903571 14.096429
  52  222   92 36.977381 15.022619
  48  194   92 32.647619 15.352381
  59  264   92 44.183333 14.816667
  41  152   92 25.873810 15.126190
  64  288   96 48.058333 15.941667
  36  120   96 20.164286 15.835714
  58  260   88 43.329762 14.670238
  42  164   88 27.480952 14.519048
  52  232   76 39.138095 12.861905
  48  216   76 35.976190 12.023810
  56  258   83 42.827381 13.172619
  44  176   83 29.804762 14.195238
  66  310   86 51.903571 14.096429
  34  118   86 19.823810 14.176190
  75  372   77 62.330952 12.669048
  25   74   77 12.447619 12.552381
  70  346   75 57.769048 12.230952
  30  104   75 17.676190 12.323810
  57  252   88 42.166667 14.833333
  43  172   88 28.826190 14.173810
  58  258   88 43.207143 14.792857
  42  166   88 27.651190 14.348810
  56  254   81 42.454762 13.545238
  44  184   81 30.852381 13.147619
  42  174   78 28.979762 13.020238
  58  270   78 45.290476 12.709524
  37  146   76 24.361905 12.638095
  63  302   76 50.433333 12.566667
  36  132   83 22.227381 13.772619
  64  302   83 50.409524 13.590476
  37  120  101 20.145238 16.854762
  63  278  101 46.272619 16.727381
  49  208   80 34.997619 14.002381
  51  232   80 38.330952 12.669048
  30   92   88 15.359524 14.640476
  70  332   88 55.583333 14.416667
  20   40   80 6.610714 13.389286
  80  400   80 66.571429 13.428571
  15   36   56 6.107143 8.892857
  85  452   56 75.761905 9.238095
   7   10   36 1.647619 5.352381
  93  518   36 86.761905 6.238095
  14   34   52 5.671429 8.328571
  86  462   52 77.347619 8.652381
  14   22   62 3.738095 10.261905
  86  454   62 75.739286 10.260714
  21   56   64 9.692857 11.307143
  79  416   64 68.834524 10.165476
  18   56   51 9.569048 8.430952
  82  442   51 73.678571 8.321429
  13   38   37 6.596429 6.403571
  87  488   37 81.128571 5.871429
  13   46   35 7.419048 5.580952
  87  484   35 80.879762 6.120238
  15   40   50 6.728571 8.271429
  85  460   50 76.832143 8.167857
   9   12   43 2.009524 6.990476
  91  502   43 83.985714 7.014286
   4    4   22 0.625000 3.375000
  96  552   22 92.345238 3.654762
   9   20   30 3.533333 5.466667
  91  520   30 86.460714 4.539286
   8   18   35 2.859524 5.140476
  92  512   35 85.869048 6.130952
   3    0   20 0.000000 3.000000
  97  560   20 93.605952 3.394048
   5    6   25 0.985714 4.014286
  95  544   25 90.794048 4.205952
   4    4   20 0.700000 3.300000
  96  556   20 92.692857 3.307143
   4    6   17 1.033333 2.966667
  96  560   17 93.260714 2.739286
   1    0    6 0.000000 1.000000
  99  588    6 98.095238 0.904762
   4    4   20 0.676190 3.323810
  96  556   20 92.642857 3.357143
   2    2   10 0.342857 1.657143
  98  578   10 96.338095 1.661905
   1    0    6 0.000000 1.000000
  99  588    6 98.071429 0.928571
   2    2    8 0.416667 1.583333
  98  582    8 96.788095 1.211905
   2    0   12 0.000000 2.000000
  98  576   12 96.060714 1.939286
   1    0    6 0.000000 1.000000
  99  588    6 98.023810 0.976190
 100  600    0 100.000000 0.000000
