   1    0    7 0.000000 1.000000
   1    0    6 0.000000 1.000000
   2    2   11 0.309524 1.690476
   8   26   21 4.511905 3.488095
   3    6   11 1.066667 1.933333
   1    0    7 0.000000 1.000000
   1    0    6 0.000000 1.000000
   4    6   16 1.100000 2.900000
   3    4   12 0.733333 2.266667
   2    2   12 0.285714 1.714286
   2    2   10 0.333333 1.666667
   1    0    6 0.000000 1.000000
   1    0    6 0.000000 1.000000
   1    0    7 0.000000 1.000000
   2    2   10 0.333333 1.666667
   1    0    6 0.000000 1.000000
   1    0    6 0.000000 1.000000
   1    0    7 0.000000 1.000000
   1    0    6 0.000000 1.000000
   1    0    6 0.000000 1.000000
   1    0    6 0.000000 1.000000
   2    2    8 0.400000 1.600000
   3    4   14 0.709524 2.290476
   2    2    9 0.366667 1.633333
   2    2    9 0.366667 1.633333
   1    0    7 0.000000 1.000000
   1    0    7 0.000000 1.000000
   1    0    6 0.000000 1.000000
   1    0    6 0.000000 1.000000
   2    2   10 0.333333 1.666667
   1    0    7 0.000000 1.000000
   2    2   10 0.333333 1.666667
   3    6   12 1.000000 2.000000
   2    2    9 0.366667 1.633333
   1    0    5 0.000000 1.000000
   2    2   12 0.291667 1.708333
   1    0    7 0.000000 1.000000
   4    8   14 1.428571 2.571429
   3    6   12 1.019048 1.980952
   1    0    6 0.000000 1.000000
   1    0    6 0.000000 1.000000
   1    0    6 0.000000 1.000000
   4   10   13 1.761905 2.238095
   1    0    6 0.000000 1.000000
   1    0    5 0.000000 1.000000
   1    0    7 0.000000 1.000000
   1    0    7 0.000000 1.000000
   3    4   14 0.666667 2.333333
   1    0    7 0.000000 1.000000
   1    0    7 0.000000 1.000000
   1    0    6 0.000000 1.000000
   1    0    7 0.000000 1.000000
   1    0    7 0.000000 1.000000
   1    0    5 0.000000 1.000000
   1    0    6 0.000000 1.000000
   2    2    9 0.366667 1.633333
   1    0    6 0.000000 1.000000
   1    0    6 0.000000 1.000000
   2    2    9 0.366667 1.633333
   1    0    6 0.000000 1.000000
   4    4   17 0.766667 3.233333
  11   38   29 6.342857 4.657143
   2    2    8 0.400000 1.600000
   2    2    9 0.366667 1.633333
   4    8   16 1.328571 2.671429
   2    0   12 0.000000 2.000000
   3    6   11 1.085714 1.914286
   1    0    6 0.000000 1.000000
   3    2   16 0.366667 2.633333
   1    0    6 0.000000 1.000000
   2    2   10 0.333333 1.666667
   1    0    6 0.000000 1.000000
   1    0    7 0.000000 1.000000
   4   10   14 1.714286 2.285714
   1    0    6 0.000000 1.000000
   3    2   18 0.285714 2.714286
   1    0    6 0.000000 1.000000
   4    6   21 0.908333 3.091667
   1    0    8 0.000000 1.000000
   2    2   10 0.333333 1.666667
   1    0    7 0.000000 1.000000
   6   10   25 1.742857 4.257143
   7   18   24 2.980952 4.019048
   2    2    9 0.366667 1.633333
   4    6   18 1.009524 2.990476
   1    0    6 0.000000 1.000000
   3    4   14 0.666667 2.333333
   1    0    7 0.000000 1.000000
   9   30   21 5.276190 3.723810
   2    2   11 0.309524 1.690476
   2    2   10 0.333333 1.666667
   1    0    6 0.000000 1.000000
   7   12   30 2.052381 4.947619
   2    0   13 0.000000 2.000000
   4    4   23 0.595238 3.404762
   5   10   21 1.671429 3.328571
   2    2   10 0.333333 1.666667
   1    0    6 0.000000 1.000000
   2    0   13 0.000000 2.000000
   3    4   12 0.766667 2.233333
   3    6   11 1.066667 1.933333
   4    4   20 0.666667 3.333333
   2    2   10 0.333333 1.666667
   1    0    8 0.000000 1.000000
   1    0    6 0.000000 1.000000
   3    4   15 0.628571 2.371429
   3    4   14 0.676190 2.323810
   4    8   15 1.419048 2.580952
   4   10   13 1.728571 2.271429
   5   12   15 2.200000 2.800000
   7    8   33 1.376190 5.623810
   8   20   26 3.507143 4.492857
   2    2   11 0.309524 1.690476
   7   12   29 2.052381 4.947619
   3    4   16 0.619048 2.380952
   3    6   12 1.019048 1.980952
   2    2   10 0.342857 1.657143
   3    6   12 1.019048 1.980952
   2    2   10 0.333333 1.666667
   4    6   18 1.085714 2.914286
   5   14   14 2.500000 2.500000
   5   10   22 1.523810 3.476190
   1    0    8 0.000000 1.000000
   2    2   10 0.342857 1.657143
   9   24   30 4.166667 4.833333
   9   30   24 5.154762 3.845238
   2    2    8 0.400000 1.600000
   4    8   15 1.452381 2.547619
   1    0    7 0.000000 1.000000
   4   10   13 1.814286 2.185714
   1    0    5 0.000000 1.000000
   3    4   14 0.652381 2.347619
   2    0   12 0.000000 2.000000
   6   12   24 1.980952 4.019048
   3    4   14 0.666667 2.333333
   3    4   15 0.685714 2.314286
   8   22   28 3.571429 4.428571
   6    6   28 1.042857 4.957143
   1    0    6 0.000000 1.000000
   5    8   22 1.376190 3.623810
   3    2   14 0.400000 2.600000
   2    2   11 0.309524 1.690476
   5    8   22 1.352381 3.647619
   1    0    6 0.000000 1.000000
  11   32   39 4.990476 6.009524
   5   12   16 2.100000 2.900000
   3    4   13 0.700000 2.300000
   2    0   12 0.000000 2.000000
  11   22   44 3.652381 7.347619
   8   18   29 3.066667 4.933333
   5   10   19 1.752381 3.247619
   3    6   13 0.971429 2.028571
   2    2   12 0.285714 1.714286
   4    8   14 1.466667 2.533333
   2    0   14 0.000000 2.000000
  10   26   31 4.533333 5.466667
   5   10   21 1.595238 3.404762
   1    0    6 0.000000 1.000000
   8   12   39 1.908333 6.091667
   2    2    9 0.366667 1.633333
   4   10   14 1.695238 2.304762
   2    0   12 0.000000 2.000000
   1    0    5 0.000000 1.000000
   1    0    6 0.000000 1.000000
  10   30   29 5.038095 4.961905
   2    2    9 0.366667 1.633333
   7   16   24 2.819048 4.180952
   8   24   27 3.871429 4.128571
   2    2   11 0.309524 1.690476
   2    2   11 0.309524 1.690476
  13   40   37 6.916667 6.083333
   6   10   26 1.742857 4.257143
   4    4   18 0.733333 3.266667
   4    8   15 1.419048 2.580952
   3    6   11 1.066667 1.933333
   1    0    7 0.000000 1.000000
   6   12   23 2.095238 3.904762
  12   36   40 5.742857 6.257143
   8   22   27 3.642857 4.357143
   3    6   10 1.133333 1.866667
   4    4   21 0.700000 3.300000
   2    2   10 0.333333 1.666667
   6   10   25 1.719048 4.280952
   1    0    6 0.000000 1.000000
  11   36   28 6.138095 4.861905
   8   18   32 2.951190 5.048810
   5    8   23 1.352381 3.647619
   1    0    6 0.000000 1.000000
   4    8   19 1.190476 2.809524
  15   44   42 7.595238 7.404762
   8   22   28 3.623810 4.376190
   7   16   25 2.785714 4.214286
   1    0    5 0.000000 1.000000
   2    2    9 0.366667 1.633333
   2    2    9 0.366667 1.633333
   8   18   34 2.850000 5.150000
   9   16   40 2.638095 6.361905
   6   10   27 1.680952 4.319048
   2    2   11 0.309524 1.690476
   1    0    5 0.000000 1.000000
   2    2    9 0.366667 1.633333
   8   18   30 2.980952 5.019048
   3    6   12 1.000000 2.000000
  11   34   30 5.833333 5.166667
   3    2   17 0.309524 2.690476
   8   20   26 3.540476 4.459524
   1    0    7 0.000000 1.000000
  25   84   60 14.538095 10.461905
   9   24   31 3.919048 5.080952
   4    4   19 0.700000 3.300000
   4    4   17 0.766667 3.233333
   6   12   23 2.061905 3.938095
   2    2   11 0.309524 1.690476
   4    4   20 0.676190 3.323810
   4    2   24 0.309524 3.690476
   9   26   28 4.400000 4.600000
   2    2    9 0.366667 1.633333
   3    4   13 0.742857 2.257143
   5   10   20 1.728571 3.271429
   1    0    8 0.000000 1.000000
  13   46   33 7.671429 5.328571
   1    0    7 0.000000 1.000000
   7   14   32 2.130952 4.869048
   1    0    5 0.000000 1.000000
  33  118   80 19.680952 13.319048
   6   12   25 2.028571 3.971429
   1    0    7 0.000000 1.000000
   4    4   22 0.619048 3.380952
  18   70   39 11.757143 6.242857
   3    2   18 0.285714 2.714286
   4    8   16 1.333333 2.666667
   6   12   22 2.095238 3.904762
   1    0    5 0.000000 1.000000
   4    8   14 1.466667 2.533333
  10   32   29 5.323810 4.676190
   4   10   13 1.766667 2.233333
   5    8   21 1.385714 3.614286
  26   74   79 12.500000 13.500000
   3    0   18 0.000000 3.000000
   5    6   21 1.166667 3.833333
  29  126   53 20.985714 8.014286
   3    2   17 0.309524 2.690476
   3    6   10 1.133333 1.866667
  10   30   31 5.047619 4.952381
   8   26   23 4.435714 3.564286
   2    2   10 0.333333 1.666667
   7   22   20 3.747619 3.252381
   1    0    6 0.000000 1.000000
   3    4   14 0.652381 2.347619
  17   40   63 6.708333 10.291667
   6   10   26 1.785714 4.214286
   9   30   25 4.961905 4.038095
  34  146   59 24.314286 9.685714
   3    2   14 0.366667 2.633333
   7   12   29 2.010714 4.989286
   5    8   21 1.366667 3.633333
  11   30   40 4.821429 6.178571
   4    6   17 1.019048 2.980952
   4    6   16 1.133333 2.866667
  23   76   60 12.823810 10.176190
   6    8   28 1.352381 4.647619
   6    6   32 0.952381 5.047619
  31  128   63 21.104762 9.895238
   3    4   14 0.652381 2.347619
   3    0   17 0.000000 3.000000
  12   32   36 5.811905 6.188095
   7   12   33 1.911905 5.088095
   5   10   19 1.761905 3.238095
   4    8   14 1.495238 2.504762
  24   70   78 11.377381 12.622619
   7    8   33 1.409524 5.590476
   3    0   19 0.000000 3.000000
  42  176   77 29.352381 12.647619
   1    0    7 0.000000 1.000000
   3    2   17 0.309524 2.690476
   5    4   25 0.742857 4.257143
   8   18   25 3.204762 4.795238
   5   12   16 2.185714 2.814286
   2    2   11 0.309524 1.690476
  26   84   75 14.017857 11.982143
   1    0    6 0.000000 1.000000
   2    2   10 0.333333 1.666667
  48  208   82 34.790476 13.209524
   6    8   24 1.485714 4.514286
   1    0    7 0.000000 1.000000
   9   18   36 3.114286 5.885714
   7   20   20 3.514286 3.485714
  37  132   88 22.261905 14.738095
   2    2   10 0.333333 1.666667
   1    0    7 0.000000 1.000000
  35  142   70 23.638095 11.361905
   7   16   27 2.576190 4.423810
   1    0    6 0.000000 1.000000
  16   48   46 8.171429 7.828571
   1    0    6 0.000000 1.000000
  39  154   81 25.836905 13.163095
   1    0    7 0.000000 1.000000
   1    0    6 0.000000 1.000000
  31  118   69 19.795238 11.204762
  11   26   38 4.552381 6.447619
   1    0    5 0.000000 1.000000
  16   46   50 7.857143 8.142857
  41  150   99 24.830952 16.169048
   1    0    6 0.000000 1.000000
   6   18   17 3.076190 2.923810
  27   90   68 15.404762 11.595238
  12   32   39 5.457143 6.542857
   6   14   21 2.366667 3.633333
   7    8   38 1.238095 5.761905
  43  142  114 24.119048 18.880952
   4    6   19 0.938095 3.061905
   4   10   13 1.728571 2.271429
  26   76   77 12.941667 13.058333
  15   36   56 6.114286 8.885714
   6    6   32 0.952381 5.047619
   2    0   13 0.000000 2.000000
  44  168   93 28.557143 15.442857
   3    2   17 0.342857 2.657143
   8   26   21 4.385714 3.614286
  23   74   68 12.147619 10.852381
  16   32   63 5.453571 10.546429
   5    8   22 1.338095 3.661905
   1    0    6 0.000000 1.000000
  44  166   99 27.720238 16.279762
   7   14   28 2.352381 4.647619
   4    6   19 0.952381 3.047619
  14   28   59 4.739286 9.260714
  19   30   79 5.385714 13.614286
  12   44   28 7.419048 4.580952
  36  128   86 21.647619 14.352381
   5    4   27 0.733333 4.266667
   3    2   16 0.333333 2.666667
  17   44   60 7.380952 9.619048
  20   40   80 6.835714 13.164286
  19   78   35 12.970238 6.029762
  36  144   75 23.821429 12.178571
   5    6   26 0.916667 4.083333
   7   18   22 3.152381 3.847619
  20   70   50 11.847619 8.152381
  12   18   50 3.185714 8.814286
  20   76   45 12.636905 7.363095
  39  158   77 26.423810 12.576190
   5   10   21 1.714286 3.285714
  11   26   35 4.721429 6.278571
  10   26   35 4.204762 5.795238
   9   10   46 1.604762 7.395238
  26  106   50 17.938095 8.061905
  26   72   84 12.019048 13.980952
   3    6   11 1.066667 1.933333
   7   10   33 1.619048 5.380952
  12   40   33 6.719048 5.280952
  16   38   54 6.504762 9.495238
  36  156   63 25.870238 10.129762
  37  124  103 20.602381 16.397619
   1    0    6 0.000000 1.000000
  11   24   40 4.233333 6.766667
  11   26   37 4.538095 6.461905
   9   16   40 2.638095 6.361905
  31  118   66 19.814286 11.185714
  31   86   97 14.883333 16.116667
   2    2   11 0.309524 1.690476
  18   62   42 10.666667 7.333333
   8   12   39 1.904762 6.095238
  11   30   37 5.071429 5.928571
  30  116   66 19.157143 10.842857
  39  140  102 22.890476 16.109524
   1    0    6 0.000000 1.000000
   7   10   31 1.719048 5.280952
   6   10   25 1.733333 4.266667
  11   12   50 2.119048 8.880952
  36  142   72 23.700000 12.300000
  42  140  114 23.330952 18.669048
   7   16   28 2.657143 4.342857
  11   30   33 5.257143 5.742857
   8    6   41 1.076190 6.923810
  32  110   82 18.447619 13.552381
  48  174  110 29.596429 18.403571
  11   24   41 4.109524 6.890476
  10   16   45 2.650000 7.350000
   4    0   26 0.000000 4.000000
  27   94   70 15.688095 11.311905
  47  196   87 32.615476 14.384524
  15   34   54 5.777381 9.222619
   7   10   33 1.708333 5.291667
   2    2   11 0.309524 1.690476
  29  110   63 18.567857 10.432143
  49  204   88 34.205952 14.794048
  18   54   54 9.208333 8.791667
   5    8   26 1.166667 3.833333
   1    0    5 0.000000 1.000000
  27   84   77 13.928571 13.071429
  45  190   80 31.753571 13.246429
  28   82   85 13.811905 14.188095
   1    0    6 0.000000 1.000000
   3    4   14 0.666667 2.333333
  23   74   65 12.338095 10.661905
  50  204   93 34.551190 15.448810
  30   82   98 13.848810 16.151190
   3    2   17 0.309524 2.690476
  17   54   50 9.104762 7.895238
  55  242   84 41.220238 13.779762
  22   52   87 8.532143 13.467857
   1    0    6 0.000000 1.000000
  22   72   57 12.390476 9.609524
  50  210   93 35.065476 14.934524
  18   36   71 6.076190 11.923810
   8   26   19 4.652381 3.347619
  24   62   83 10.511905 13.488095
  47  200   85 33.271429 13.728571
  16   34   62 5.804762 10.195238
   7   18   23 3.038095 3.961905
  30  108   70 18.432143 11.567857
  38  132   93 22.364286 15.635714
  26   76   81 12.740476 13.259524
   4    8   19 1.190476 2.809524
  32  112   79 18.869048 13.130952
  41  154   92 25.826190 15.173810
  19   48   67 8.276190 10.723810
   2    2   11 0.309524 1.690476
  38  144   82 24.308333 13.691667
  39  146   95 24.119048 14.880952
  17   32   69 5.661905 11.338095
   9   32   20 5.552381 3.447619
  35  120   86 20.366667 14.633333
  33  112   79 19.113095 13.886905
  15   32   60 5.333333 9.666667
   9   24   27 4.195238 4.804762
  43  168   98 27.494048 15.505952
  34  128   77 21.557143 12.442857
  16   44   51 7.504762 8.495238
   6    6   29 1.028571 4.971429
  44  180   85 29.885714 14.114286
  22   74   59 12.452381 9.547619
  23   84   53 14.330952 8.669048
  10   24   38 3.971429 6.028571
  45  178   90 30.052381 14.947619
  29   94   75 16.204762 12.795238
  28  102   70 16.923810 11.076190
  12   28   43 4.747619 7.252381
  31  102   86 16.972619 14.027381
  44  166   95 28.171429 15.828571
  20   74   48 12.342857 7.657143
   8   14   34 2.357143 5.642857
  28   76   93 12.548810 15.451190
  45  160  100 27.519048 17.480952
  27  102   62 17.242857 9.757143
   6   12   24 2.066667 3.933333
  22   50   90 8.088095 13.911905
  42  178   80 29.200000 12.800000
  27  100   59 16.838095 10.161905
   7   14   28 2.338095 4.661905
  24   84   57 14.171429 9.828571
  40  168   71 28.091667 11.908333
  23   80   61 13.210714 9.789286
   7   12   28 2.061905 4.938095
  30  118   62 19.766667 10.233333
  47  210   74 35.216667 11.783333
  32  114   76 19.263095 12.736905
   2    0   11 0.000000 2.000000
  19   58   57 9.992857 9.007143
  41  188   58 31.509524 9.490476
  38  156   69 26.291667 11.708333
  21   74   55 12.295238 8.704762
  39  178   60 29.421429 9.578571
  50  220   72 37.489286 12.510714
  11   30   40 4.822619 6.177381
  42  172   81 28.822619 13.177381
  50  222   78 37.320238 12.679762
   8   12   35 2.042857 5.957143
  36  136   84 22.667857 13.332143
  57  242   95 40.678571 16.321429
   7   10   33 1.571429 5.428571
  37  146   79 24.441667 12.558333
  59  258   92 43.508333 15.491667
   4    2   23 0.342857 3.657143
  42  168   84 28.242857 13.757143
  50  194  105 32.566667 17.433333
   8   18   31 3.052381 4.947619
  47  174  101 29.529762 17.470238
  44  172   96 28.702381 15.297619
   9   22   35 3.611905 5.388095
  48  196   89 32.926190 15.073810
  44  176   90 29.322619 14.677381
   8   16   33 2.533333 5.466667
  47  206   78 34.323810 12.676190
  46  184   90 31.000000 15.000000
   7   16   26 2.680952 4.319048
  47  198   83 33.259524 13.740476
  48  194   94 32.404762 15.595238
   5    6   25 0.961905 4.038095
  41  168   81 27.744048 13.255952
  51  222   82 37.242857 13.757143
   8   20   27 3.376190 4.623810
  44  182   80 30.405952 13.594048
  51  228   79 37.976190 13.023810
   5   14   17 2.347619 2.652381
  43  166   90 27.800000 15.200000
  52  226   87 37.745238 14.254762
   5    4   27 0.666667 4.333333
  47  176  107 29.320238 17.679762
  52  204  106 34.203571 17.796429
   1    0    7 0.000000 1.000000
  40  148   98 24.492857 15.507143
  60  256   98 43.457143 16.542857
  33   90  107 14.980952 18.019048
  67  296  107 49.526190 17.473810
  30   64  115 10.830952 19.169048
  70  306  115 50.972619 19.027381
  18   26   82 4.463095 13.536905
  82  410   82 68.185714 13.814286
  22   46   91 7.560714 14.439286
  78  372   91 62.763492 15.236508
  25   74   76 12.441667 12.558333
  75  374   76 62.336905 12.663095
  19   50   63 8.630159 10.369841
  81  424   63 70.803571 10.196429
  19   58   52 9.980952 9.019048
  81  438   52 72.836905 8.163095
  20   56   63 9.616667 10.383333
  80  418   63 69.839286 10.160714
  21   82   45 13.652381 7.347619
  79  428   45 71.435714 7.564286
  18   64   43 10.661905 7.338095
  82  450   43 74.852381 7.147619
  20   74   44 12.652381 7.347619
  80  438   44 73.005952 6.994048
  14   44   40 7.380952 6.619048
  86  476   40 79.427381 6.572619
   9   24   31 3.852381 5.147619
  91  514   31 85.827381 5.172619
   6    6   30 1.066667 4.933333
  94  534   30 89.147619 4.852381
   5    8   24 1.328571 3.671429
  95  544   24 90.961905 4.038095
 100  600    0 100.000000 0.000000
