   1    0    6 0.000000 1.000000
   1    0    7 0.000000 1.000000
   3    6   12 1.019048 1.980952
   2    2    9 0.366667 1.633333
   1    0    6 0.000000 1.000000
   2    2    9 0.366667 1.633333
   3    4   12 0.766667 2.233333
   1    0    7 0.000000 1.000000
   2    2   11 0.309524 1.690476
   2    2   10 0.333333 1.666667
   2    2    9 0.366667 1.633333
   1    0    6 0.000000 1.000000
   1    0    7 0.000000 1.000000
   1    0    6 0.000000 1.000000
   1    0    5 0.000000 1.000000
   4    6   16 1.100000 2.900000
   1    0    5 0.000000 1.000000
   1    0    6 0.000000 1.000000
   1    0    6 0.000000 1.000000
   2    2   10 0.342857 1.657143
   3    4   15 0.691667 2.308333
   1    0    6 0.000000 1.000000
   1    0    6 0.000000 1.000000
   2    0   12 0.000000 2.000000
   2    0   12 0.000000 2.000000
   2    2   10 0.333333 1.666667
   1    0    6 0.000000 1.000000
   1    0    7 0.000000 1.000000
   2    2   10 0.333333 1.666667
   2    2   10 0.333333 1.666667
   1    0    6 0.000000 1.000000
   1    0    7 0.000000 1.000000
   5    8   22 1.376190 3.623810
   1    0    6 0.000000 1.000000
   1    0    7 0.000000 1.000000
   1    0    5 0.000000 1.000000
   1    0    7 0.000000 1.000000
   2    2   12 0.285714 1.714286
   1    0    6 0.000000 1.000000
   1    0    6 0.000000 1.000000
   3    6   14 0.904762 2.095238
   1    0    8 0.000000 1.000000
   3    6   10 1.185714 1.814286
   5   14   15 2.452381 2.547619
   1    0    5 0.000000 1.000000
   1    0    6 0.000000 1.000000
   2    2   10 0.333333 1.666667
   1    0    6 0.000000 1.000000
   1    0    6 0.000000 1.000000
   3    4   13 0.733333 2.266667
   1    0    6 0.000000 1.000000
   3    4   12 0.842857 2.157143
   4   10   15 1.614286 2.385714
   1    0    6 0.000000 1.000000
   2    2   11 0.309524 1.690476
   1    0    6 0.000000 1.000000
   2    2   10 0.333333 1.666667
   5   12   19 1.980952 3.019048
   2    2   10 0.342857 1.657143
   3    6   14 0.904762 2.095238
   1    0    6 0.000000 1.000000
   3    6   11 1.085714 1.914286
   1    0    7 0.000000 1.000000
   1    0    7 0.000000 1.000000
   5   14   15 2.428571 2.571429
   2    2    8 0.400000 1.600000
   1    0    6 0.000000 1.000000
   1    0    6 0.000000 1.000000
   2    2    8 0.400000 1.600000
   5   12   19 1.980952 3.019048
   2    2   10 0.333333 1.666667
   2    2   10 0.333333 1.666667
   4    4   21 0.676190 3.323810
   1    0    7 0.000000 1.000000
   1    0    6 0.000000 1.000000
   1    0    7 0.000000 1.000000
   1    0    6 0.000000 1.000000
   3    4   14 0.666667 2.333333
  13   42   38 7.105952 5.894048
   6   12   23 2.128571 3.871429
   3    6   11 1.066667 1.933333
   2    2   10 0.333333 1.666667
   5   14   15 2.495238 2.504762
   4    8   15 1.433333 2.566667
   4   10   13 1.766667 2.233333
   7   18   23 3.028571 3.971429
   3    4   14 0.676190 2.323810
   2    0   14 0.000000 2.000000
   4   10   13 1.761905 2.238095
   6   12   26 1.928571 4.071429
   2    2   10 0.333333 1.666667
   2    2   11 0.309524 1.690476
   3    6   12 1.019048 1.980952
   1    0    5 0.000000 1.000000
   7   18   23 2.947619 4.052381
   3    4   13 0.733333 2.266667
   1    0    6 0.000000 1.000000
   4    8   16 1.352381 2.647619
  15   52   38 8.785714 6.214286
   1    0    6 0.000000 1.000000
   2    2   10 0.333333 1.666667
   8   14   33 2.476190 5.523810
   7   16   27 2.647619 4.352381
   4    8   17 1.316667 2.683333
   3    4   13 0.700000 2.300000
  10   22   34 3.866667 6.133333
   5   12   15 2.200000 2.800000
   1    0    7 0.000000 1.000000
   7   22   24 3.416667 3.583333
   2    0   13 0.000000 2.000000
   6   12   25 1.995238 4.004762
  11   28   35 4.952381 6.047619
   2    2   10 0.333333 1.666667
   1    0    6 0.000000 1.000000
   3    4   13 0.742857 2.257143
   8   20   28 3.390476 4.609524
   6   16   19 2.766667 3.233333
  13   38   38 6.476190 6.523810
   1    0    6 0.000000 1.000000
   1    0    6 0.000000 1.000000
  10   22   40 3.485714 6.514286
   7   14   28 2.371429 4.628571
   4    6   17 1.033333 2.966667
   3    2   18 0.309524 2.690476
   9   24   34 3.726190 5.273810
   8   22   26 3.653571 4.346429
   1    0    5 0.000000 1.000000
   3    0   21 0.000000 3.000000
   1    0    6 0.000000 1.000000
   8   16   30 2.833333 5.166667
   7   20   25 3.198810 3.801190
   1    0    5 0.000000 1.000000
   2    2   10 0.342857 1.657143
  10   20   37 3.609524 6.390476
   8   24   26 3.857143 4.142857
  20   60   56 10.323810 9.676190
   4    8   18 1.261905 2.738095
   2    2   11 0.309524 1.690476
  11   32   36 5.279762 5.720238
   6    8   28 1.316667 4.683333
   1    0    6 0.000000 1.000000
   9   14   38 2.491667 6.508333
   8   16   31 2.733333 5.266667
   6    6   31 0.976190 5.023810
   5    4   26 0.709524 4.290476
   3    6   14 0.904762 2.095238
   4    6   16 1.100000 2.900000
  14   36   49 6.114286 7.885714
   6    8   27 1.319048 4.680952
  24   70   71 11.971429 12.028571
   2    2   11 0.309524 1.690476
   3    4   13 0.700000 2.300000
  10   26   36 4.361905 5.638095
   9   16   37 2.795238 6.204762
   1    0    6 0.000000 1.000000
   7   10   31 1.752381 5.247619
   7    8   36 1.261905 5.738095
   8   14   35 2.352381 5.647619
   2    0   12 0.000000 2.000000
  12   42   32 7.085714 4.914286
   4    8   15 1.400000 2.600000
  16   52   45 8.690476 7.309524
   4    2   22 0.309524 3.690476
  24   72   69 12.304762 11.695238
   1    0    6 0.000000 1.000000
  13   34   42 5.828571 7.171429
   8    8   41 1.352381 6.647619
   5    4   26 0.666667 4.333333
  11   26   41 4.280952 6.719048
   1    0    6 0.000000 1.000000
   1    0    7 0.000000 1.000000
  15   54   34 9.276190 5.723810
   2    2   10 0.342857 1.657143
  11   18   48 3.047619 7.952381
   2    0   10 0.000000 2.000000
  30  120   61 20.110714 9.889286
  12   28   43 4.809524 7.190476
   4    2   21 0.366667 3.633333
   4    4   20 0.666667 3.333333
  15   50   43 8.180952 6.819048
   3    6   13 0.952381 2.047619
   2    2   11 0.309524 1.690476
  15   38   51 6.380952 8.619048
   2    2   10 0.333333 1.666667
  17   38   66 6.405952 10.594048
  35  132   79 21.928571 13.071429
  11   30   34 5.152381 5.847619
   3    2   16 0.309524 2.690476
   2    2    9 0.366667 1.633333
  11   28   41 4.552381 6.447619
   2    2    9 0.366667 1.633333
   2    2    9 0.366667 1.633333
  15   26   62 4.571429 10.428571
  22   66   70 10.897619 11.102381
  32  102   87 17.545238 14.454762
   4    6   19 1.000000 3.000000
   2    2    8 0.400000 1.600000
   3    4   14 0.709524 2.290476
  18   52   57 8.741667 9.258333
   2    2   11 0.309524 1.690476
   2    2   10 0.333333 1.666667
  24   80   61 13.672619 10.327381
  25   76   77 12.817857 12.182143
  20   44   80 7.157143 12.842857
   4   10   14 1.661905 2.338095
   4    8   15 1.419048 2.580952
   3    4   16 0.619048 2.380952
  16   50   43 8.552381 7.447619
   1    0    6 0.000000 1.000000
   3    6   10 1.133333 1.866667
  19   52   63 8.685714 10.314286
  32  120   75 19.942857 12.057143
  12   22   47 3.833333 8.166667
   2    2   10 0.342857 1.657143
   5    8   23 1.333333 3.666667
   6   16   19 2.785714 3.214286
  23   86   51 14.759524 8.240476
   1    0    6 0.000000 1.000000
  22   72   62 11.834524 10.165476
  33  120   74 20.497619 12.502381
   5    4   27 0.642857 4.357143
   1    0    6 0.000000 1.000000
   1    0    7 0.000000 1.000000
   6   18   18 3.085714 2.914286
  29  102   72 16.977381 12.022619
   3    4   14 0.666667 2.333333
  25   68   79 11.619048 13.380952
  23   74   68 12.085714 10.914286
   9   16   38 2.845238 6.154762
   1    0    7 0.000000 1.000000
   3    2   16 0.333333 2.666667
   2    0   12 0.000000 2.000000
  35  130   77 22.185714 12.814286
   2    2   11 0.309524 1.690476
  20   52   68 8.880952 11.119048
  34  130   74 21.888095 12.111905
   5    4   27 0.652381 4.347619
   2    2   10 0.333333 1.666667
   2    2    9 0.366667 1.633333
  37  152   70 25.466667 11.533333
  25   58   88 10.033333 14.966667
  28   80   97 12.936905 15.063095
   6    6   28 1.033333 4.966667
  41  162   81 27.290476 13.709524
  30   80   91 14.004762 15.995238
  32  116   85 18.685714 13.314286
   5   10   20 1.733333 3.266667
  33  124   74 20.807143 12.192857
  36  112  103 18.964286 17.035714
  37  122  101 20.495238 16.504762
   2    0   11 0.000000 2.000000
  25   84   67 14.077381 10.922619
  45  176   94 29.405952 15.594048
  38  144   84 23.930952 14.069048
   1    0    6 0.000000 1.000000
  16   54   42 8.858333 7.141667
  40  158   82 26.242857 13.757143
  34  130   73 21.642857 12.357143
  26   96   61 16.094048 9.905952
  54  230   89 38.770238 15.229762
  31  118   71 19.519048 11.480952
  15   36   56 5.858333 9.141667
  43  164   93 27.572619 15.427381
  41  144  103 24.153571 16.846429
  16   38   58 6.398810 9.601190
  51  228   79 38.180952 12.819048
  29   86   84 14.676190 14.323810
  20   64   59 10.759524 9.240476
  51  220   83 36.878571 14.121429
  29   88   84 15.123810 13.876190
  20   60   65 9.625000 10.375000
  42  174   83 28.847619 13.152381
  32  108   80 18.345238 13.654762
  26   96   59 16.185714 9.814286
  25   94   57 15.670238 9.329762
  46  180   98 30.157143 15.842857
  29  100   71 16.988095 12.011905
  17   40   63 6.795238 10.204762
  55  230  104 38.042857 16.957143
  28   98   65 16.538095 11.461905
  16   38   59 6.491667 9.508333
  71  328   99 54.540476 16.459524
  13   22   54 3.716667 9.283333
  12   22   52 3.867857 8.132143
  68  318   93 52.991667 15.008333
  20   50   65 8.636905 11.363095
  13   36   40 6.200000 6.800000
  74  380   67 63.192857 10.807143
  13   34   43 5.776190 7.223810
  14   30   51 5.214286 8.785714
  72  360   75 60.125000 11.875000
  14   42   42 7.141667 6.858333
   7   12   31 2.059524 4.940476
  78  408   57 68.422619 9.577381
  15   46   46 7.600000 7.400000
  12   26   43 4.580952 7.419048
  64  320   67 53.051190 10.948810
  24   82   62 13.771429 10.228571
   8   10   39 1.661905 6.338095
  66  326   72 54.445238 11.554762
  26   86   67 14.713095 11.286905
   7   10   33 1.671429 5.328571
  71  324   96 54.396825 16.603175
  22   52   85 8.536905 13.463095
  12   30   42 5.038095 6.961905
  72  366   67 61.242857 10.757143
  16   36   59 6.047619 9.952381
  14   36   49 6.142857 7.857143
  73  362   78 60.426190 12.573810
  13   30   45 5.252381 7.747619
  10   16   45 2.630952 7.369048
  76  382   71 64.002381 11.997619
  14   34   52 5.695238 8.304762
   8   24   22 4.195238 3.804762
  82  454   40 75.601587 6.398413
  10   30   30 5.119048 4.880952
   5    8   19 1.433333 3.566667
  82  456   39 75.980952 6.019048
  13   48   30 8.100000 4.900000
   2    0   13 0.000000 2.000000
  78  422   46 70.545238 7.454762
  20   76   43 12.989286 7.010714
  73  388   50 64.657143 8.342857
  27  112   50 18.704762 8.295238
  62  318   51 53.336905 8.663095
  38  180   51 30.089286 7.910714
  76  396   60 65.865476 10.134524
  24   84   60 14.090476 9.909524
  82  436   55 72.911905 9.088095
  18   54   55 8.900000 9.100000
  80  422   59 70.569048 9.430952
  20   60   59 10.152381 9.847619
  80  430   55 71.515476 8.484524
  20   60   55 10.411905 9.588095
  83  442   54 73.909524 9.090476
  17   50   54 8.366667 8.633333
  72  358   74 59.897619 12.102381
  28   94   74 16.020238 11.979762
  58  254   92 42.588095 15.411905
  42  162   92 26.761905 15.238095
  62  292   82 48.608333 13.391667
  38  144   82 24.280952 13.719048
  65  302   89 50.473810 14.526190
  35  120   89 20.038095 14.961905
  54  238   85 39.990476 14.009524
  46  192   85 32.446429 13.553571
  53  234   82 39.440476 13.559524
  47  202   82 33.722619 13.277381
  53  220   96 36.827381 16.172619
  47  188   96 31.136905 15.863095
  59  244  100 41.485714 17.514286
  41  156  100 25.623810 15.376190
  57  236  104 39.646429 17.353571
  43  156  104 26.097619 16.902381
  56  230  107 38.455952 17.544048
  44  156  107 26.342857 17.657143
  54  212  110 35.534524 18.465476
  46  168  110 27.776190 18.223810
  51  188  118 31.471429 19.528571
  49  176  118 29.338095 19.661905
  51  202  103 34.061905 16.938095
  49  192  103 32.207143 16.792857
  55  236   94 39.444048 15.555952
  45  176   94 29.566667 15.433333
  56  234  104 38.669048 17.330952
  44  158  104 26.504762 17.495238
  71  346   78 58.013095 12.986905
  29   98   78 16.297619 12.702381
  68  326   83 54.250000 13.750000
  32  108   83 18.233333 13.766667
  66  306   90 51.107143 14.892857
  34  114   90 19.173810 14.826190
  66  300   92 50.571429 15.428571
  34  116   92 19.402381 14.597619
  64  300   79 50.465476 13.534524
  36  142   79 23.380952 12.619048
  73  382   54 63.985714 9.014286
  27  110   54 18.504762 8.495238
  82  438   53 73.188095 8.811905
  18   56   53 9.280952 8.719048
  88  482   45 80.452381 7.547619
  12   28   45 4.695238 7.304762
  95  552   18 92.128571 2.871429
   5   12   18 2.100000 2.900000
  92  514   35 85.938095 6.061905
   8   16   35 2.677381 5.322619
  92  520   32 86.651190 5.348810
   8   16   32 2.746429 5.253571
  93  532   28 88.529762 4.470238
   7   12   28 2.088095 4.911905
  88  494   35 82.247619 5.752381
  12   36   35 6.095238 5.904762
  90  498   40 83.355952 6.644048
  10   22   40 3.600000 6.400000
  81  428   60 71.160714 9.839286
  19   52   60 8.779762 10.220238
  78  412   57 68.666667 9.333333
  22   74   57 12.621429 9.378571
  78  402   62 67.307143 10.692857
  22   74   62 12.073810 9.926190
  76  382   70 64.180952 11.819048
  24   78   70 12.767857 11.232143
  74  378   64 63.176190 10.823810
  26   94   64 15.730952 10.269048
  74  380   65 63.301190 10.698810
  26   90   65 15.020238 10.979762
  69  326   89 54.323810 14.676190
  31   96   89 15.983333 15.016667
  67  322   80 53.859524 13.140476
  33  118   80 19.969048 13.030952
  75  386   65 64.260714 10.739286
  25   84   65 14.157143 10.842857
  80  408   72 68.171429 11.828571
  20   48   72 7.895238 12.104762
  86  450   61 75.489286 10.510714
  14   28   61 4.433333 9.566667
  87  464   56 77.489286 9.510714
  13   24   56 3.885714 9.114286
  86  470   48 78.204762 7.795238
  14   34   48 5.866667 8.133333
  93  522   35 87.300000 5.700000
   7    8   35 1.400000 5.600000
  96  556   20 92.722619 3.277381
   4    4   20 0.666667 3.333333
  98  578   10 96.395238 1.604762
   2    2   10 0.333333 1.666667
  96  562   14 93.657143 2.342857
   4   10   14 1.695238 2.304762
 100  600    0 100.000000 0.000000
