   3    6   15 0.869048 2.130952
   1    0    6 0.000000 1.000000
   5   14   17 2.261905 2.738095
   1    0    7 0.000000 1.000000
   1    0    6 0.000000 1.000000
   1    0    6 0.000000 1.000000
   1    0    6 0.000000 1.000000
   4    8   14 1.433333 2.566667
   1    0    7 0.000000 1.000000
   1    0    6 0.000000 1.000000
   3    6   11 1.085714 1.914286
   2    2    9 0.366667 1.633333
   1    0    5 0.000000 1.000000
   3    6   12 1.019048 1.980952
   1    0    7 0.000000 1.000000
   3    6   12 1.019048 1.980952
   2    2   10 0.333333 1.666667
   2    2   11 0.309524 1.690476
   1    0    6 0.000000 1.000000
   3    4   15 0.619048 2.380952
   1    0    5 0.000000 1.000000
   3    6   11 1.066667 1.933333
   3    6   11 1.085714 1.914286
   1    0    7 0.000000 1.000000
   2    2   10 0.333333 1.666667
   2    2   12 0.291667 1.708333
   2    0   11 0.000000 2.000000
   3    6   12 1.000000 2.000000
   1    0    6 0.000000 1.000000
   1    0    6 0.000000 1.000000
   1    0    6 0.000000 1.000000
   1    0    7 0.000000 1.000000
   3    6   11 1.085714 1.914286
   2    2   11 0.309524 1.690476
   1    0    7 0.000000 1.000000
   2    2    7 0.450000 1.550000
   1    0    6 0.000000 1.000000
   1    0    6 0.000000 1.000000
   2    2   10 0.333333 1.666667
   2    2   10 0.333333 1.666667
   2    2   10 0.342857 1.657143
   1    0    6 0.000000 1.000000
   2    2   11 0.309524 1.690476
   1    0    6 0.000000 1.000000
   2    2    8 0.400000 1.600000
   1    0    6 0.000000 1.000000
   1    0    7 0.000000 1.000000
   1    0    6 0.000000 1.000000
   1    0    6 0.000000 1.000000
   1    0    5 0.000000 1.000000
   3    4   14 0.676190 2.323810
   1    0    7 0.000000 1.000000
   2    2   11 0.309524 1.690476
   3    4   11 0.816667 2.183333
   1    0    6 0.000000 1.000000
   2    2   10 0.333333 1.666667
   1    0    7 0.000000 1.000000
   2    2   10 0.333333 1.666667
   6   14   24 2.251190 3.748810
   1    0    6 0.000000 1.000000
   2    2    9 0.366667 1.633333
   2    2    9 0.366667 1.633333
   4   10   14 1.719048 2.280952
   4    8   14 1.466667 2.533333
   5   14   14 2.500000 2.500000
   4    8   16 1.376190 2.623810
   5   12   18 1.971429 3.028571
   1    0    6 0.000000 1.000000
   3    4   17 0.559524 2.440476
   5   14   12 2.733333 2.266667
   3    2   18 0.309524 2.690476
   2    2   13 0.267857 1.732143
   4    4   20 0.666667 3.333333
   1    0    7 0.000000 1.000000
   4   10   15 1.619048 2.380952
   4    8   14 1.485714 2.514286
   3    2   16 0.333333 2.666667
   3    4   13 0.733333 2.266667
   1    0    7 0.000000 1.000000
   4    8   14 1.433333 2.566667
   1    0    7 0.000000 1.000000
   3    4   12 0.766667 2.233333
   1    0    6 0.000000 1.000000
   1    0    8 0.000000 1.000000
   2    0   13 0.000000 2.000000
   3    2   16 0.333333 2.666667
   2    2   10 0.333333 1.666667
   1    0    6 0.000000 1.000000
   2    2   10 0.333333 1.666667
   1    0    6 0.000000 1.000000
   1    0    9 0.000000 1.000000
   3    6   10 1.133333 1.866667
   1    0    6 0.000000 1.000000
   2    2    8 0.400000 1.600000
   1    0    6 0.000000 1.000000
   1    0    6 0.000000 1.000000
   9   24   31 3.923810 5.076190
   1    0    6 0.000000 1.000000
   2    2   10 0.333333 1.666667
   4    4   20 0.676190 3.323810
   4   10   14 1.666667 2.333333
   5    8   20 1.466667 3.533333
  10   32   29 5.280952 4.719048
   2    0   13 0.000000 2.000000
   8   22   26 3.838095 4.161905
   2    0   13 0.000000 2.000000
   1    0    6 0.000000 1.000000
   1    0    6 0.000000 1.000000
   3    6   14 0.904762 2.095238
   5    6   25 0.991667 4.008333
   2    0   12 0.000000 2.000000
   2    2   10 0.333333 1.666667
   5   12   17 2.100000 2.900000
   8   22   24 3.919048 4.080952
   4   10   12 1.935714 2.064286
   2    2    8 0.416667 1.583333
   3    4   15 0.619048 2.380952
   1    0    6 0.000000 1.000000
   1    0    7 0.000000 1.000000
   1    0    6 0.000000 1.000000
   1    0    7 0.000000 1.000000
   2    2    9 0.366667 1.633333
   5   12   18 2.041667 2.958333
   2    2    9 0.366667 1.633333
   1    0    7 0.000000 1.000000
   3    6   12 1.000000 2.000000
   9   22   31 3.771429 5.228571
   3    4   13 0.733333 2.266667
   1    0    6 0.000000 1.000000
   7   10   31 1.733333 5.266667
   4   10   14 1.719048 2.280952
   3    2   19 0.309524 2.690476
   3    2   17 0.333333 2.666667
  12   32   39 5.380952 6.619048
   4    4   19 0.766667 3.233333
   2    2   11 0.309524 1.690476
   3    4   12 0.766667 2.233333
   4   10   15 1.614286 2.385714
  10   32   27 5.466667 4.533333
   3    4   14 0.709524 2.290476
   1    0    6 0.000000 1.000000
   2    2   12 0.285714 1.714286
   3    4   13 0.700000 2.300000
   2    2   12 0.285714 1.714286
   1    0    7 0.000000 1.000000
   3    2   17 0.309524 2.690476
  11   38   28 6.391667 4.608333
   6   12   22 2.159524 3.840476
   1    0    5 0.000000 1.000000
   2    0   12 0.000000 2.000000
  10   30   31 5.073810 4.926190
   1    0    7 0.000000 1.000000
   2    2   10 0.333333 1.666667
   5   10   19 1.695238 3.304762
   4    4   20 0.700000 3.300000
   3    2   14 0.450000 2.550000
   8   12   35 2.125000 5.875000
   8   26   21 4.435714 3.564286
   6    8   28 1.319048 4.680952
   6   16   18 2.866667 3.133333
   6   10   25 1.738095 4.261905
  10   28   33 4.661905 5.338095
   2    0   13 0.000000 2.000000
   2    2    9 0.366667 1.633333
   3    4   15 0.642857 2.357143
   3    6   13 0.971429 2.028571
   2    2   11 0.309524 1.690476
   2    2   11 0.309524 1.690476
   8   22   27 3.623810 4.376190
   7   18   23 3.009524 3.990476
   1    0    7 0.000000 1.000000
   1    0    6 0.000000 1.000000
  11   34   33 5.609524 5.390476
   4   10   14 1.714286 2.285714
   5   10   21 1.642857 3.357143
   3    4   15 0.685714 2.314286
   7   16   25 2.780952 4.219048
   6   16   21 2.666667 3.333333
   5    6   22 1.076190 3.923810
  10   30   31 5.161905 4.838095
   5   10   18 1.728571 3.271429
  12   30   43 5.038095 6.961905
   1    0    6 0.000000 1.000000
   6   10   25 1.800000 4.200000
   5   10   20 1.671429 3.328571
   2    2   11 0.309524 1.690476
   6   10   25 1.661905 4.338095
  12   38   34 6.350000 5.650000
   9   18   38 2.998810 6.001190
   1    0    7 0.000000 1.000000
   4    6   19 0.938095 3.061905
   2    2    9 0.366667 1.633333
   3    2   15 0.366667 2.633333
   7   24   18 4.028571 2.971429
  16   62   34 10.414286 5.585714
   5    8   23 1.285714 3.714286
  15   36   55 6.033333 8.966667
   2    2   11 0.309524 1.690476
  10   24   34 4.185714 5.814286
   5   10   19 1.864286 3.135714
   1    0    8 0.000000 1.000000
   7   18   22 3.147619 3.852381
  13   26   50 4.514286 8.485714
   7    6   37 0.976190 6.023810
   1    0    6 0.000000 1.000000
   3    4   15 0.642857 2.357143
   1    0    7 0.000000 1.000000
   5   10   18 1.766667 3.233333
   2    0   13 0.000000 2.000000
  18   70   36 11.980952 6.019048
  10   32   28 5.309524 4.690476
   9   18   35 3.047619 5.952381
   2    2   10 0.342857 1.657143
  14   38   46 6.271429 7.728571
   4   10   16 1.600000 2.400000
   2    2    9 0.366667 1.633333
  10   30   30 5.095238 4.904762
  12   42   30 7.033333 4.966667
  11   34   31 5.814286 5.185714
   1    0    6 0.000000 1.000000
   2    0   13 0.000000 2.000000
   1    0    6 0.000000 1.000000
   4    6   19 0.952381 3.047619
   2    2   10 0.333333 1.666667
  16   48   48 7.911905 8.088095
  10   30   28 5.095238 4.904762
   9   18   36 2.985714 6.014286
   1    0    6 0.000000 1.000000
  13   42   36 7.252381 5.747619
   1    0    6 0.000000 1.000000
   2    0   13 0.000000 2.000000
  12   36   36 6.085714 5.914286
  15   50   40 8.400000 6.600000
   9   22   31 3.738095 5.261905
   1    0    6 0.000000 1.000000
   1    0    6 0.000000 1.000000
   2    2   11 0.309524 1.690476
   1    0    7 0.000000 1.000000
   1    0    6 0.000000 1.000000
   7   12   30 2.116667 4.883333
   8   22   25 3.666667 4.333333
   9   18   38 2.964286 6.035714
   9   26   26 4.557143 4.442857
  20   56   65 9.596429 10.403571
   3    6   11 1.066667 1.933333
  12   30   42 5.123810 6.876190
  17   58   44 9.695238 7.304762
   8   26   22 4.385714 3.614286
   1    0    6 0.000000 1.000000
   1    0    6 0.000000 1.000000
   5    6   23 1.058333 3.941667
   4    8   18 1.291667 2.708333
  11   28   37 4.752381 6.247619
   6   14   23 2.304762 3.695238
  23   78   60 12.938095 10.061905
  26   88   66 14.935714 11.064286
  15   44   47 7.280952 7.719048
  16   56   36 9.614286 6.385714
   1    0    6 0.000000 1.000000
   8   14   34 2.380952 5.619048
   6   14   22 2.333333 3.666667
   6   14   22 2.419048 3.580952
   7   22   19 3.747619 3.252381
  16   30   66 5.133333 10.866667
  30   98   86 16.248810 13.751190
  10   20   41 3.404762 6.595238
  13   42   37 7.085714 5.914286
   2    2   12 0.285714 1.714286
   9   14   42 2.280952 6.719048
   5   12   20 1.933333 3.066667
   8   22   27 3.678571 4.321429
   3    2   16 0.342857 2.657143
  14   34   51 5.795238 8.204762
  35  126   79 21.447619 13.552381
  11   18   44 3.200000 7.800000
  12   46   24 7.875000 4.125000
  14   40   46 6.466667 7.533333
   5   12   21 1.903571 3.096429
   6   12   23 2.095238 3.904762
   2    0   11 0.000000 2.000000
  15   42   47 7.161905 7.838095
  29  100   73 16.790476 12.209524
  17   56   47 9.492857 7.507143
  18   70   41 11.523810 6.476190
  13   32   46 5.333333 7.666667
   4    8   17 1.285714 2.714286
   3    4   13 0.700000 2.300000
   1    0    5 0.000000 1.000000
  13   38   40 6.447619 6.552381
  28   92   74 15.614286 12.385714
  20   72   48 12.023810 7.976190
  20   72   48 11.961905 8.038095
  15   58   31 9.828571 5.171429
   2    0   12 0.000000 2.000000
   2    2    9 0.366667 1.633333
   1    0    8 0.000000 1.000000
  23   94   45 15.633333 7.366667
  15   44   47 7.333333 7.666667
  22   78   52 13.352381 8.647619
  24   82   66 13.538095 10.461905
  11   36   31 6.125000 4.875000
   2    2    8 0.416667 1.583333
   1    0    8 0.000000 1.000000
  19   68   43 11.780952 7.219048
  16   36   57 6.257143 9.742857
  27   88   75 14.584524 12.415476
  26   96   61 16.151190 9.848810
  14   52   30 8.876190 5.123810
   4    8   19 1.278571 2.721429
  15   40   51 6.747619 8.252381
  11   20   45 3.403571 7.596429
  30  106   72 18.140476 11.859524
  25   82   72 13.507143 11.492857
  15   42   46 7.057143 7.942857
  10   26   33 4.452381 5.547619
  19   48   68 7.877381 11.122619
  16   42   50 7.171429 8.828571
  15   34   57 5.623810 9.376190
  34  126   80 21.100000 12.900000
  16   54   43 8.895238 7.104762
   6   14   20 2.471429 3.528571
  18   52   58 8.480952 9.519048
  18   42   62 7.290476 10.709524
   8    6   43 1.009524 6.990476
  26   90   67 15.142857 10.857143
  26  110   48 18.486905 7.513095
   4   10   15 1.595238 2.404762
   7    6   37 0.952381 6.047619
  21   62   61 10.480952 10.519048
  16   38   56 6.466667 9.533333
  24   64   82 10.866667 13.133333
  30  110   69 18.461905 11.538095
   3    4   12 0.766667 2.233333
   6   10   29 1.571429 4.428571
  16   38   56 6.527381 9.472619
  21   70   56 11.996429 9.003571
  35  110   94 18.850000 16.150000
  13   32   52 5.097619 7.902381
   7   16   27 2.835714 4.164286
   6   10   24 1.933333 4.066667
  20   58   60 9.823810 10.176190
  19   52   65 8.739286 10.260714
  35  106  107 17.478571 17.521429
   8   16   29 2.925000 5.075000
   9   20   37 3.488095 5.511905
   9   30   22 5.125000 3.875000
  19   56   59 9.319048 9.680952
  20   52   66 8.904762 11.095238
  52  198  115 33.173810 18.826190
   5    4   24 0.733333 4.266667
   5    8   23 1.385714 3.614286
   4    4   21 0.642857 3.357143
  23   68   70 11.366667 11.633333
  11   14   51 2.338095 8.661905
  52  210  104 34.966667 17.033333
   6   10   28 1.626190 4.373810
   4   10   15 1.590476 2.409524
   4    8   15 1.400000 2.600000
  22   48   82 8.080952 13.919048
  12   28   42 4.776190 7.223810
  56  222  115 37.260714 18.739286
   7   12   29 2.076190 4.923810
   3    6   11 1.085714 1.914286
   4    4   21 0.642857 3.357143
  22   58   74 9.671429 12.328571
   8   12   36 2.076190 5.923810
  56  218  117 36.695238 19.304762
   6   12   24 2.042857 3.957143
   4    8   15 1.361905 2.638095
   5    6   26 0.952381 4.047619
  20   64   56 10.652381 9.347619
   9   12   42 2.009524 6.990476
  60  252  103 42.803571 17.196429
   3    2   17 0.342857 2.657143
   8   14   33 2.417857 5.582143
   5    6   26 0.952381 4.047619
  18   46   64 7.566667 10.433333
   6   12   25 1.975000 4.025000
  55  250   83 41.600000 13.400000
  23   78   56 13.309524 9.690476
  10   20   40 3.400000 6.600000
  11   18   49 3.064286 7.935714
   1    0    6 0.000000 1.000000
  50  222   80 36.919048 13.080952
  29  106   67 17.798810 11.201190
   7    8   33 1.433333 5.566667
  14   32   52 5.433333 8.566667
  43  172   87 28.514286 14.485714
  22   62   72 10.304762 11.695238
   7    8   32 1.433333 5.566667
  28   94   73 15.760714 12.239286
  51  238   70 39.445238 11.554762
  19   54   59 9.002381 9.997619
   6    8   27 1.385714 4.614286
  24   72   72 12.057143 11.942857
  48  216   70 36.095238 11.904762
  22   64   69 11.040476 10.959524
   7   10   32 1.638095 5.361905
  23   70   69 11.747619 11.252381
  55  264   70 43.671429 11.328571
  18   40   64 6.976190 11.023810
   3    0   20 0.000000 3.000000
  24   72   70 12.276190 11.723810
  66  314   84 52.207143 13.792857
  19   48   65 8.023810 10.976190
   1    0    6 0.000000 1.000000
  14   20   63 3.578571 10.421429
  72  354   85 58.604762 13.395238
  11   12   50 2.252381 8.747619
  17   36   63 6.185714 10.814286
  79  414   61 68.984524 10.015476
   9   20   33 3.395238 5.604762
  12   22   50 3.685714 8.314286
  75  396   57 65.795238 9.204762
   9   22   33 3.580952 5.419048
  16   38   54 6.557143 9.442857
  73  384   51 64.147619 8.852381
   9   26   25 4.514286 4.485714
  18   62   52 9.915476 8.084524
  76  396   58 66.319048 9.680952
   8   18   30 3.066667 4.933333
  16   50   48 8.366667 7.633333
  72  364   65 60.751190 11.248810
  11   26   39 4.461905 6.538095
  17   46   60 7.371429 9.628571
  69  348   66 57.853571 11.146429
  11   34   31 5.685714 5.314286
  20   66   55 10.771429 9.228571
  70  358   62 59.750000 10.250000
  14   48   36 8.138095 5.861905
  16   54   42 9.104762 6.895238
  84  452   52 75.395238 8.604762
   8   20   30 3.302381 4.697619
   8   16   30 2.795238 5.204762
  88  468   57 78.414286 9.585714
   6    6   31 1.042857 4.957143
   6    6   32 0.961905 5.038095
  89  478   53 79.900000 9.100000
   6    8   29 1.395238 4.604762
   5    4   28 0.595238 4.404762
  90  506   36 84.286905 5.713095
   9   22   30 3.964286 5.035714
   1    0    6 0.000000 1.000000
  91  506   40 84.430952 6.569048
   4    6   21 0.904762 3.095238
   5    8   19 1.466667 3.533333
  85  464   47 77.154762 7.845238
   5    8   21 1.442857 3.557143
  10   34   26 5.671429 4.328571
  84  458   45 76.585714 7.414286
   5    8   22 1.352381 3.647619
  11   42   25 7.170238 3.829762
  73  388   50 64.875000 8.125000
   4   10   15 1.671429 2.328571
  23   94   43 15.858333 7.141667
  51  212   94 35.338095 15.661905
  11   38   27 6.490476 4.509524
  38  146   83 24.379762 13.620238
  44  180   83 30.275000 13.725000
  15   54   37 9.088095 5.911905
  41  174   72 29.247619 11.752381
  44  166   97 27.842857 16.157143
  17   62   41 10.295238 6.704762
  39  148   86 24.598810 14.401190
  30   96   86 16.072619 13.927381
  19   60   52 10.164286 8.835714
  51  216   90 35.976190 15.023810
  31  120   65 20.277381 10.722619
  21   80   46 13.423810 7.576190
  48  214   75 35.742857 12.257143
  21   64   62 11.004762 9.995238
  22   72   61 12.344048 9.655952
  57  254   87 42.695238 14.304762
  14   28   55 4.728571 9.271429
  29  120   56 20.095238 8.904762
  57  258   83 43.453571 13.546429
  10   22   37 3.642857 6.357143
  37  160   65 26.728571 10.271429
  53  232   84 38.939286 14.060714
   7   18   24 3.057143 3.942857
  32  114   79 19.048810 12.951190
  61  268   97 44.996429 16.003571
   4    8   15 1.395238 2.604762
  38  126  101 21.529762 16.470238
  58  238  112 39.902381 18.097619
   5    8   21 1.466667 3.533333
  43  148  113 24.828571 18.171429
  52  204  106 34.400000 17.600000
   3    0   19 0.000000 3.000000
  43  156  103 25.942857 17.057143
  54  224   98 37.646429 16.353571
   2    0   13 0.000000 2.000000
  63  262  110 44.340476 18.659524
  35  110  105 18.259524 16.740476
   3    4   14 0.652381 2.347619
  65  282  106 47.414286 17.585714
  32   88  106 14.466667 17.533333
   3    4   14 0.676190 2.323810
  57  232  112 38.551190 18.448810
  40  120  118 20.126190 19.873810
   4    4   21 0.595238 3.404762
  48  174  111 29.314286 18.685714
  48  176  114 29.261905 18.738095
   6    8   25 1.483333 4.516667
  39  118  118 19.731349 19.268651
  55  214  117 35.615476 19.384524
   8   18   31 2.914286 5.085714
  36  116  100 19.438095 16.561905
  56  230  105 38.486905 17.513095
  12   36   35 6.228571 5.771429
  37  134   86 22.702381 14.297619
  51  212   97 35.171429 15.828571
   6   14   23 2.285714 3.714286
  31   92   98 15.334524 15.665476
  63  268  105 45.151190 17.848810
   3    4   16 0.595238 2.404762
  38  122  103 20.780952 17.219048
  59  248  107 41.388095 17.611905
  46  158  119 26.551190 19.448810
  54  204  119 34.340476 19.659524
  57  228  112 38.350000 18.650000
  43  148  112 24.736905 18.263095
  62  274   95 46.372619 15.627381
  38  136   95 22.641667 15.358333
  66  310   87 51.523810 14.476190
  34  116   87 19.517857 14.482143
  68  310   97 51.961905 16.038095
  32   96   97 16.138095 15.861905
  64  302   84 50.191667 13.808333
  36  130   84 21.714286 14.285714
  73  346   95 57.677381 15.322619
  27   64   95 10.966667 16.033333
  64  286   95 48.002381 15.997619
  36  124   95 20.495238 15.504762
  75  370   79 61.990476 13.009524
  25   72   79 11.933333 13.066667
  80  396   82 66.122619 13.877381
  20   40   82 6.705952 13.294048
  83  438   59 73.240476 9.759524
  17   44   59 7.166667 9.833333
  87  486   40 80.638095 6.361905
  13   34   40 5.833333 7.166667
  85  452   55 75.714286 9.285714
  15   38   55 6.271429 8.728571
  87  472   48 78.842857 8.157143
  13   32   48 5.236905 7.763095
  85  462   47 77.257143 7.742857
  15   44   47 7.319048 7.680952
  82  438   55 73.050000 8.950000
  18   52   55 8.954762 9.045238
  78  400   66 66.875000 11.125000
  22   68   66 11.371429 10.628571
  81  416   68 69.658333 11.341667
  19   48   68 7.966667 11.033333
  83  432   67 71.804762 11.195238
  17   34   67 5.761905 11.238095
  87  466   54 77.961905 9.038095
  13   26   54 4.307143 8.692857
  81  418   67 69.765476 11.234524
  19   48   67 8.000000 11.000000
  80  434   46 72.466667 7.533333
  20   74   46 12.463095 7.536905
  85  454   58 75.565476 9.434524
  15   30   58 5.080952 9.919048
  95  544   26 90.629762 4.370238
   5    4   26 0.642857 4.357143
  96  556   19 92.727381 3.272619
   4    6   19 1.019048 2.980952
  95  550   19 91.833333 3.166667
   5   12   19 1.900000 3.100000
  86  486   30 81.046429 4.953571
  14   54   30 9.066667 4.933333
  90  514   26 85.609524 4.390476
  10   34   26 5.542857 4.457143
  88  498   32 82.922619 5.077381
  12   38   32 6.560714 5.439286
  90  500   39 83.348810 6.651190
  10   22   39 3.604762 6.395238
  93  538   22 89.578968 3.421032
   7   18   22 3.171429 3.828571
  94  540   25 89.809524 4.190476
   6   10   25 1.704762 4.295238
  98  574   13 95.814286 2.185714
   2    0   13 0.000000 2.000000
 100  600    0 100.000000 0.000000
