   4   10   14 1.708333 2.291667
   1    0    6 0.000000 1.000000
   1    0    6 0.000000 1.000000
   5   12   17 2.061905 2.938095
   2    2    9 0.366667 1.633333
   4    8   17 1.338095 2.661905
   1    0    6 0.000000 1.000000
   4    6   16 1.100000 2.900000
   3    2   15 0.333333 2.666667
   2    2   10 0.342857 1.657143
   3    4   15 0.642857 2.357143
   1    0    5 0.000000 1.000000
   1    0    7 0.000000 1.000000
   4    8   16 1.404762 2.595238
   2    2   10 0.333333 1.666667
   3    4   13 0.685714 2.314286
   1    0    6 0.000000 1.000000
   1    0    6 0.000000 1.000000
   1    0    5 0.000000 1.000000
   1    0    6 0.000000 1.000000
   3    4   14 0.709524 2.290476
   2    2   10 0.342857 1.657143
   4   10   14 1.666667 2.333333
   1    0    6 0.000000 1.000000
   2    2    9 0.366667 1.633333
   2    2    9 0.366667 1.633333
   1    0    7 0.000000 1.000000
   2    2   11 0.309524 1.690476
   3    4   14 0.709524 2.290476
   1    0    7 0.000000 1.000000
   1    0    6 0.000000 1.000000
   1    0    6 0.000000 1.000000
   1    0    6 0.000000 1.000000
   1    0    5 0.000000 1.000000
   1    0    6 0.000000 1.000000
   1    0    7 0.000000 1.000000
   1    0    7 0.000000 1.000000
   1    0    6 0.000000 1.000000
   2    2   10 0.342857 1.657143
   3    4   13 0.733333 2.266667
   4   10   14 1.821429 2.178571
   2    2   10 0.342857 1.657143
   1    0    7 0.000000 1.000000
   3    6   12 1.019048 1.980952
   1    0    7 0.000000 1.000000
   2    2   12 0.291667 1.708333
   2    2   10 0.333333 1.666667
   1    0    6 0.000000 1.000000
   1    0    6 0.000000 1.000000
   2    2   11 0.309524 1.690476
   1    0    6 0.000000 1.000000
   1    0    5 0.000000 1.000000
   6   16   20 2.780952 3.219048
   1    0    6 0.000000 1.000000
   3    0   19 0.000000 3.000000
   1    0    6 0.000000 1.000000
   4    6   17 1.085714 2.914286
   5   14   17 2.261905 2.738095
   6   14   24 2.266667 3.733333
   4    6   18 1.000000 3.000000
   3    2   14 0.366667 2.633333
   2    2   11 0.309524 1.690476
   8   18   28 3.166667 4.833333
   3    6   13 0.971429 2.028571
   1    0    6 0.000000 1.000000
   8   26   20 4.485714 3.514286
   1    0    6 0.000000 1.000000
   5   10   20 1.652381 3.347619
   2    2   12 0.285714 1.714286
   1    0    7 0.000000 1.000000
   2    2   10 0.333333 1.666667
   2    2   10 0.333333 1.666667
   5   14   16 2.333333 2.666667
   3    4   14 0.666667 2.333333
   3    6   11 1.066667 1.933333
   1    0    5 0.000000 1.000000
   4    8   15 1.361905 2.638095
   5   14   15 2.404762 2.595238
   2    2   10 0.333333 1.666667
   2    2   10 0.333333 1.666667
   1    0    6 0.000000 1.000000
   1    0    7 0.000000 1.000000
   1    0    6 0.000000 1.000000
   1    0    7 0.000000 1.000000
   1    0    6 0.000000 1.000000
   2    2   10 0.333333 1.666667
   6   12   26 1.904762 4.095238
   1    0    7 0.000000 1.000000
   2    0   12 0.000000 2.000000
   1    0    7 0.000000 1.000000
   3    4   15 0.619048 2.380952
   3    4   15 0.642857 2.357143
   8   16   33 2.850000 5.150000
   1    0    6 0.000000 1.000000
  16   62   31 10.604762 5.395238
   1    0    7 0.000000 1.000000
  14   52   32 8.838095 5.161905
   3    4   13 0.700000 2.300000
   4    8   17 1.285714 2.714286
   3    4   14 0.666667 2.333333
   2    2    9 0.366667 1.633333
   2    2   10 0.333333 1.666667
   5   12   19 1.923810 3.076190
   8   20   27 3.366667 4.633333
   4    8   13 1.528571 2.471429
   2    2   11 0.309524 1.690476
   1    0    6 0.000000 1.000000
   3    2   17 0.342857 2.657143
   1    0    6 0.000000 1.000000
   1    0    5 0.000000 1.000000
   5   14   14 2.533333 2.466667
   7   16   26 2.685714 4.314286
   2    2    9 0.366667 1.633333
   2    2   10 0.333333 1.666667
   2    2   10 0.333333 1.666667
   3    2   18 0.309524 2.690476
   2    2   10 0.333333 1.666667
  12   38   33 6.466667 5.533333
   2    2   11 0.309524 1.690476
  19   72   38 12.373810 6.626190
   2    2   11 0.309524 1.690476
  11   28   34 5.042857 5.957143
   2    2   10 0.333333 1.666667
   2    2   11 0.325000 1.675000
   1    0    8 0.000000 1.000000
   5   10   20 1.704762 3.295238
   4   10   14 1.666667 2.333333
   1    0    7 0.000000 1.000000
   1    0    6 0.000000 1.000000
   5   10   21 1.638095 3.361905
   1    0    6 0.000000 1.000000
   1    0    6 0.000000 1.000000
  13   44   35 7.357143 5.642857
  12   36   36 5.919048 6.080952
   2    2   10 0.333333 1.666667
   4    6   17 1.076190 2.923810
   1    0    5 0.000000 1.000000
   6   16   19 2.733333 3.266667
   1    0    6 0.000000 1.000000
  13   34   46 5.552381 7.447619
   1    0    5 0.000000 1.000000
   7   12   32 1.890476 5.109524
   5    8   24 1.334524 3.665476
   3    6   11 1.085714 1.914286
   5    8   27 1.172619 3.827381
   4    2   21 0.366667 3.633333
   4    8   14 1.466667 2.533333
   1    0    6 0.000000 1.000000
  10   24   36 4.111905 5.888095
   1    0    6 0.000000 1.000000
  20   60   57 10.483333 9.516667
   9   30   26 4.989286 4.010714
   3    4   12 0.766667 2.233333
   8   24   22 4.200000 3.800000
   2    0   12 0.000000 2.000000
   4    8   15 1.366667 2.633333
   1    0    6 0.000000 1.000000
   9   14   44 2.130952 6.869048
   3    0   19 0.000000 3.000000
   2    2    9 0.366667 1.633333
   1    0    5 0.000000 1.000000
   6   10   27 1.635714 4.364286
   7   10   29 1.833333 5.166667
   3    4   14 0.650000 2.350000
   3    6   12 1.019048 1.980952
  13   36   46 5.838095 7.161905
  26   86   68 14.666667 11.333333
   6   14   20 2.504762 3.495238
   5   10   19 1.733333 3.266667
   6   12   26 1.860714 4.139286
   2    2   10 0.342857 1.657143
   3    6   11 1.066667 1.933333
   9   12   42 2.000000 7.000000
   3    2   14 0.400000 2.600000
   2    2   10 0.342857 1.657143
   7   20   24 3.190476 3.809524
   9   22   31 3.761905 5.238095
   5    8   23 1.304762 3.695238
   2    2   10 0.342857 1.657143
   2    0   12 0.000000 2.000000
  17   42   61 6.971429 10.028571
  22   78   55 12.957143 9.042857
   1    0    6 0.000000 1.000000
   6   14   23 2.238095 3.761905
   6   14   22 2.400000 3.600000
   3    2   16 0.366667 2.633333
   2    0   12 0.000000 2.000000
   6   14   22 2.519048 3.480952
   4   10   15 1.614286 2.385714
   7   10   33 1.638095 5.361905
   3    2   16 0.333333 2.666667
   4    4   20 0.676190 3.323810
   1    0    6 0.000000 1.000000
  35  132   77 22.173810 12.826190
  22   78   52 13.409524 8.590476
   3    6   10 1.133333 1.866667
   6   14   25 2.435714 3.564286
   5    6   23 1.116667 3.883333
   1    0    6 0.000000 1.000000
   3    0   20 0.000000 3.000000
   2    2    9 0.366667 1.633333
   3    6   12 1.019048 1.980952
   5   10   21 1.608333 3.391667
   3    2   17 0.285714 2.714286
   6   18   16 3.204762 2.795238
  38  140   88 23.409524 14.590476
  25   88   61 14.690476 10.309524
   1    0    6 0.000000 1.000000
  10   20   36 3.571429 6.428571
   3    4   14 0.666667 2.333333
   1    0    6 0.000000 1.000000
   3    2   15 0.366667 2.633333
   2    0   12 0.000000 2.000000
   8   16   31 2.652381 5.347619
   2    2   10 0.333333 1.666667
   8   28   21 4.623810 3.376190
  41  140  108 23.288095 17.711905
  21   66   63 10.880952 10.119048
  15   56   36 9.346429 5.653571
   3    6   11 1.066667 1.933333
   3    2   17 0.333333 2.666667
   4    4   23 0.601190 3.398810
   6   12   22 2.128571 3.871429
   1    0    6 0.000000 1.000000
   4   10   14 1.719048 2.280952
  52  228   84 38.180952 13.819048
  12   34   35 5.900000 6.100000
  16   50   43 8.557143 7.442857
   9   24   30 3.961905 5.038095
   2    0   14 0.000000 2.000000
   2    2   11 0.309524 1.690476
   1    0    6 0.000000 1.000000
   1    0    7 0.000000 1.000000
   1    0    6 0.000000 1.000000
  47  202   82 33.428571 13.571429
  21   78   45 13.330952 7.669048
  11   24   42 4.023810 6.976190
   4    4   20 0.676190 3.323810
   1    0    6 0.000000 1.000000
   2    2   10 0.333333 1.666667
   2    2    9 0.366667 1.633333
  55  230   98 38.708333 16.291667
  25   86   67 14.070238 10.929762
  11   28   36 4.900000 6.100000
   2    2   11 0.309524 1.690476
   4   10   12 1.935714 2.064286
  56  270   71 44.915476 11.084524
  27  108   52 18.245238 8.754762
   8    6   38 1.100000 6.900000
   1    0    6 0.000000 1.000000
   3    4   14 0.676190 2.323810
  63  308   71 51.328571 11.671429
  25  104   49 17.230952 7.769048
   9   16   40 2.647619 6.352381
  70  344   74 57.385714 12.614286
  21   68   58 11.238095 9.761905
   1    0    6 0.000000 1.000000
  72  366   63 61.590476 10.409524
  27  104   61 17.265476 9.734524
  73  368   73 61.298810 11.701190
  27   86   73 14.671429 12.328571
  78  408   58 68.359524 9.640476
  22   76   58 12.751190 9.248810
  73  354   81 59.442857 13.557143
  27   84   81 14.140476 12.859524
  75  366   83 61.241667 13.758333
  25   68   83 11.464286 13.535714
  68  344   67 57.196429 10.803571
  32  122   67 20.696429 11.303571
  74  376   63 63.209524 10.790476
  26   98   63 16.095238 9.904762
  72  350   83 58.415476 13.584524
  28   84   83 14.260714 13.739286
  79  398   73 66.478571 12.521429
  21   56   73 9.296825 11.703175
  73  356   81 59.433333 13.566667
  27   82   81 13.795238 13.204762
  72  332   97 55.483333 16.516667
  28   74   97 12.366667 15.633333
  81  398   87 66.603571 14.396429
  19   28   87 4.695238 14.304762
  78  400   71 66.409524 11.590476
  22   58   71 9.951190 12.048810
  80  424   59 70.728571 9.271429
  20   58   59 10.036905 9.963095
  84  446   60 74.341667 9.658333
  16   34   60 5.947619 10.052381
  71  370   65 61.125000 9.875000
  29  100   65 17.388095 11.611905
  74  380   61 63.728571 10.271429
  26   98   61 16.413095 9.586905
  75  390   60 65.136508 9.863492
  25   90   60 15.028571 9.971429
  87  468   54 78.152381 8.847619
  13   24   54 3.980952 9.019048
  69  336   83 55.528571 13.471429
  31   98   83 16.826190 14.173810
  80  414   67 69.102381 10.897619
  20   52   67 8.808333 11.191667
  77  368   91 61.534524 15.465476
  23   50   91 8.290476 14.709524
  71  334   96 55.757143 15.242857
  29   74   96 12.960714 16.039286
  66  302   90 50.928571 15.071429
  34  118   90 19.595238 14.404762
  69  342   71 57.235714 11.764286
  31  116   71 19.376190 11.623810
  80  402   77 67.303571 12.696429
  20   44   77 7.295238 12.704762
  86  460   55 76.752381 9.247619
  14   30   55 5.007143 8.992857
  81  436   49 73.001190 7.998810
  19   66   49 11.190476 7.809524
  83  458   42 76.272619 6.727381
  17   58   42 9.964286 7.035714
  85  474   34 79.195238 5.804762
  15   58   34 9.623810 5.376190
  89  504   31 83.917857 5.082143
  11   34   31 5.842857 5.157143
  92  518   32 86.616667 5.383333
   8   18   32 3.123810 4.876190
  95  546   23 91.161905 3.838095
   5    8   23 1.314286 3.685714
  99  588    6 98.061905 0.938095
   1    0    6 0.000000 1.000000
 100  600    0 100.000000 0.000000
