   1    0    6 0.000000 1.000000
   1    0    7 0.000000 1.000000
   6   18   16 3.166667 2.833333
   1    0    5 0.000000 1.000000
   1    0    5 0.000000 1.000000
   2    2   10 0.333333 1.666667
   3    6   12 1.000000 2.000000
   2    2    9 0.366667 1.633333
   1    0    6 0.000000 1.000000
   1    0    7 0.000000 1.000000
   4    8   16 1.385714 2.614286
   3    4   14 0.666667 2.333333
   3    4   12 0.766667 2.233333
   2    2   12 0.285714 1.714286
   4    8   15 1.433333 2.566667
   1    0    7 0.000000 1.000000
   2    2   10 0.333333 1.666667
   2    2    8 0.400000 1.600000
   1    0    7 0.000000 1.000000
   1    0    6 0.000000 1.000000
   1    0    6 0.000000 1.000000
   2    2    8 0.400000 1.600000
   1    0    5 0.000000 1.000000
   1    0    6 0.000000 1.000000
   1    0    6 0.000000 1.000000
   1    0    9 0.000000 1.000000
   2    2   10 0.342857 1.657143
   1    0    7 0.000000 1.000000
   3    4   14 0.666667 2.333333
   1    0    7 0.000000 1.000000
   1    0    7 0.000000 1.000000
   6   14   25 2.166667 3.833333
   3    4   13 0.700000 2.300000
   1    0    6 0.000000 1.000000
   2    0   12 0.000000 2.000000
   1    0    5 0.000000 1.000000
   1    0    6 0.000000 1.000000
   2    2   12 0.285714 1.714286
   2    2   11 0.309524 1.690476
   1    0    7 0.000000 1.000000
   4    4   21 0.616667 3.383333
   1    0    5 0.000000 1.000000
   3    4   13 0.742857 2.257143
   1    0    6 0.000000 1.000000
   4    6   17 1.066667 2.933333
   1    0    5 0.000000 1.000000
   1    0    6 0.000000 1.000000
   1    0    6 0.000000 1.000000
   3    4   13 0.742857 2.257143
   1    0    6 0.000000 1.000000
   2    2   10 0.333333 1.666667
   1    0    5 0.000000 1.000000
   1    0    7 0.000000 1.000000
   2    2   10 0.333333 1.666667
   8   26   22 4.428571 3.571429
   1    0    7 0.000000 1.000000
   2    2    9 0.366667 1.633333
   1    0    8 0.000000 1.000000
   1    0    6 0.000000 1.000000
   3    4   15 0.619048 2.380952
   1    0    6 0.000000 1.000000
   1    0    7 0.000000 1.000000
   3    4   15 0.642857 2.357143
  12   44   27 7.378571 4.621429
   4   10   13 1.864286 2.135714
   4    6   17 1.033333 2.966667
   1    0    6 0.000000 1.000000
   2    2    9 0.366667 1.633333
   1    0    6 0.000000 1.000000
   4    6   18 1.019048 2.980952
   6   18   17 3.190476 2.809524
   1    0    5 0.000000 1.000000
  10   28   29 4.938095 5.061905
   2    0   13 0.000000 2.000000
   4    8   15 1.366667 2.633333
   2    2   11 0.309524 1.690476
   6    6   31 0.976190 5.023810
   1    0    5 0.000000 1.000000
   8   22   27 3.733333 4.266667
   5    4   27 0.676190 4.323810
   1    0    6 0.000000 1.000000
   2    0   13 0.000000 2.000000
   1    0    6 0.000000 1.000000
   6   10   25 1.752381 4.247619
  14   50   32 8.542857 5.457143
   1    0    7 0.000000 1.000000
   4    4   18 0.742857 3.257143
   1    0    7 0.000000 1.000000
   1    0    5 0.000000 1.000000
   4    8   17 1.261905 2.738095
   7   12   31 1.952381 5.047619
   1    0    6 0.000000 1.000000
   6   14   25 2.411905 3.588095
   5   14   16 2.333333 2.666667
   1    0    7 0.000000 1.000000
   6   16   22 2.542857 3.457143
   3    4   15 0.619048 2.380952
   2    2    8 0.400000 1.600000
   1    0    7 0.000000 1.000000
   8   10   35 1.876190 6.123810
   4    8   18 1.238095 2.761905
  10   32   28 5.595238 4.404762
   6   16   17 2.900000 3.100000
   2    2    9 0.366667 1.633333
   7   20   23 3.285714 3.714286
   8   18   32 2.895238 5.104762
  11   30   38 4.885714 6.114286
   9   14   38 2.471429 6.528571
   1    0    6 0.000000 1.000000
   5   12   16 2.104762 2.895238
   4    6   18 1.019048 2.980952
   6   10   24 1.766667 4.233333
   6   12   25 1.971429 4.028571
   3    4   13 0.700000 2.300000
   5    8   22 1.385714 3.614286
   3    4   15 0.628571 2.371429
  20   80   40 13.466667 6.533333
   5   12   19 1.904762 3.095238
  14   54   30 9.159524 4.840476
   9   16   37 2.752381 6.247619
   5   14   16 2.447619 2.552381
   6    8   28 1.352381 4.647619
   1    0    6 0.000000 1.000000
   1    0    6 0.000000 1.000000
   9   30   23 5.139286 3.860714
   6    8   26 1.466667 4.533333
   4    2   23 0.325000 3.675000
   5    4   25 0.666667 4.333333
   2    2    9 0.366667 1.633333
  28  114   59 18.795238 9.204762
  11   38   26 6.533333 4.466667
  13   48   32 7.852381 5.147619
  13   36   41 6.100000 6.900000
   6   12   24 2.023810 3.976190
   1    0    6 0.000000 1.000000
   3    6   12 1.000000 2.000000
   5   12   18 1.957143 3.042857
   7   22   23 3.597619 3.402381
   2    0   10 0.000000 2.000000
   4    2   21 0.400000 3.600000
  29  102   71 17.171429 11.828571
  10   30   30 4.923810 5.076190
  20   80   42 13.377381 6.622619
  12   30   42 5.057143 6.942857
   5   12   17 2.100000 2.900000
   2    0   12 0.000000 2.000000
   4   10   15 1.647619 2.352381
   1    0    6 0.000000 1.000000
   1    0    6 0.000000 1.000000
   3    6   12 1.019048 1.980952
  33  134   64 22.511905 10.488095
   7   16   27 2.571429 4.428571
  32  134   57 22.425000 9.575000
   6    4   35 0.619048 5.380952
  10   30   29 5.128571 4.871429
   6   12   24 1.995238 4.004762
   5   14   18 2.195238 2.804762
   1    0    5 0.000000 1.000000
  24   82   62 13.566667 10.433333
  15   40   47 6.914286 8.085714
  33  126   72 20.980952 12.019048
   8   16   27 3.033333 4.966667
  12   36   34 6.180952 5.819048
   5   10   23 1.577381 3.422619
   6   16   19 2.838095 3.161905
  34  128   80 21.421429 12.578571
  10   28   32 4.719048 5.280952
  25   80   71 13.309524 11.690476
   7   10   32 1.685714 5.314286
   9   28   27 4.757143 4.242857
   8   30   19 5.117857 2.882143
   4    6   17 1.052381 2.947619
  40  160   77 26.961905 13.038095
  10   24   38 3.989286 6.010714
  22   72   60 12.166667 9.833333
   2    0   11 0.000000 2.000000
  13   34   41 5.795238 7.204762
   7   20   24 3.261905 3.738095
   8   20   27 3.323810 4.676190
  29  108   63 18.338095 10.661905
  15   40   52 6.614286 8.385714
  26   90   70 14.755952 11.244048
   6   12   22 2.166667 3.833333
   9   22   31 3.704762 5.295238
  16   60   36 10.052381 5.947619
   3    2   14 0.400000 2.600000
  25   72   83 11.767857 13.232143
  19   46   69 7.565476 11.434524
  22   56   75 9.445238 12.554762
   8   22   26 3.704762 4.295238
   7   10   32 1.752381 5.247619
  14   48   38 7.935714 6.064286
   3    2   15 0.366667 2.633333
  29   98   75 16.526190 12.473810
  16   30   67 4.926190 11.073810
  23   62   75 10.523810 12.476190
   9   24   32 3.911905 5.088095
   3    4   14 0.666667 2.333333
   8   16   29 2.771429 5.228571
   3    2   17 0.333333 2.666667
  33  122   81 20.004762 12.995238
  28   78   87 13.398810 14.601190
  16   36   58 6.195238 9.804762
   8   20   29 3.142857 4.857143
   1    0    7 0.000000 1.000000
   5    4   28 0.619048 4.380952
  31  100   82 17.121429 13.878571
  33  116   82 19.451190 13.548810
  22   78   54 13.236905 8.763095
   7   12   29 2.152381 4.847619
   5    6   27 0.904762 4.095238
  25   82   68 13.642857 11.357143
  33  110   88 18.363095 14.636905
  30  108   70 18.348810 11.651190
  11   32   37 5.157143 5.842857
   9   14   39 2.347619 6.652381
  17   54   47 9.090476 7.909524
  39  118  115 19.914286 19.085714
  24   68   76 11.442857 12.557143
   8   16   33 2.619048 5.380952
   9   30   22 5.050000 3.950000
  16   52   44 8.733333 7.266667
  45  166  105 27.885714 17.114286
  22   54   78 8.961905 13.038095
   7   18   25 3.061905 3.938095
   5   10   18 1.766667 3.233333
  25   84   68 13.972619 11.027381
  38  132   97 22.061905 15.938095
  25   78   70 13.173810 11.826190
  13   42   34 7.238095 5.761905
   4   10   14 1.661905 2.338095
  28  114   56 19.125000 8.875000
  36  124   89 20.876190 15.123810
  19   50   67 8.176190 10.823810
   6   14   21 2.366667 3.633333
   1    0    7 0.000000 1.000000
  33  146   55 24.260714 8.739286
  41  152   93 25.686905 15.313095
  19   60   52 10.322619 8.677381
  10   22   37 3.752381 6.247619
   2    2   10 0.333333 1.666667
  27  104   60 17.208333 9.791667
  50  206   94 34.408333 15.591667
  11   20   45 3.323810 7.676190
   9   20   37 3.357937 5.642063
   3    4   13 0.742857 2.257143
  39  168   71 27.776190 11.223810
  43  154   96 26.504762 16.495238
   6   10   27 1.719048 4.280952
   7   10   32 1.709524 5.290476
   2    2   10 0.333333 1.666667
  48  198   92 33.176190 14.823810
  38  132   93 22.323810 15.676190
   5   10   21 1.661905 3.338095
   7   16   25 2.761905 4.238095
   2    2    9 0.366667 1.633333
  50  208   89 35.048810 14.951190
  31  112   78 18.284524 12.715476
  10   28   33 4.780952 5.219048
   4    6   17 1.066667 2.933333
   2    2   11 0.309524 1.690476
  53  220   99 36.873810 16.126190
  34  116   86 19.441667 14.558333
   7   14   29 2.247619 4.752381
   2    2   11 0.325000 1.675000
   1    0    7 0.000000 1.000000
  54  210  110 35.352381 18.647619
  35  124   89 20.745238 14.254762
   8   22   25 3.907143 4.092857
   4    8   18 1.250000 2.750000
   2    2   12 0.285714 1.714286
  53  224   97 37.307143 15.692857
  32  108   79 18.552381 13.447619
   9   28   24 4.942857 4.057143
   8   20   24 3.638095 4.361905
  62  272  103 45.325000 16.675000
  26   74   82 12.461905 13.538095
   4    6   19 0.976190 3.023810
   6   14   23 2.261905 3.738095
  65  286  106 47.645238 17.354762
  26   66   90 11.154762 14.845238
   3    4   11 0.800000 2.200000
   4    6   18 1.000000 3.000000
  63  274  107 45.516667 17.483333
  29   80   92 13.638095 15.361905
   4    8   15 1.471429 2.528571
   6   14   24 2.190476 3.809524
  70  328   86 55.247619 14.752381
  22   60   74 10.004762 11.995238
   2    0   14 0.000000 2.000000
   3    2   17 0.309524 2.690476
  68  334   71 56.153571 11.846429
  24   68   76 11.566667 12.433333
   5   12   20 1.852381 3.147619
   7   18   25 2.952381 4.047619
  70  340   76 57.111905 12.888095
  21   64   64 10.633333 10.366667
   2    2   11 0.309524 1.690476
   4    6   16 1.100000 2.900000
  77  390   72 65.132143 11.867857
  19   44   72 7.392857 11.607143
   6   14   21 2.433333 3.566667
  81  426   60 71.145238 9.854762
  13   26   53 4.342857 8.657143
   8   18   32 2.857143 5.142857
  80  416   64 69.514286 10.485714
  12   22   48 3.828571 8.171429
   8   20   29 3.423810 4.576190
  77  384   77 64.226190 12.773810
  15   22   68 3.773810 11.226190
   4    8   14 1.466667 2.533333
  73  368   72 61.509524 11.490476
  23   76   62 12.795238 10.204762
   4    4   21 0.642857 3.357143
  78  394   70 65.914286 12.085714
  18   52   59 8.480952 9.519048
   3    4   16 0.619048 2.380952
  63  310   68 51.822619 11.177381
  34  138   64 23.282143 10.717857
  10   34   24 5.928571 4.071429
  58  274   71 46.073810 11.926190
  32  124   73 20.650000 11.350000
   9   22   33 3.642857 5.357143
  70  354   63 59.222619 10.777381
  21   68   60 11.321429 9.678571
  20   52   65 8.948810 11.051190
  64  304   82 50.651190 13.348810
  16   34   63 5.719048 10.280952
  18   44   69 7.190476 10.809524
  70  328   85 55.497619 14.502381
  12   38   36 6.419048 5.580952
  34  112   89 19.246429 14.753571
  57  258   88 42.767857 14.232143
   9   26   27 4.433333 4.566667
  28  104   64 17.547619 10.452381
  64  314   68 52.604762 11.395238
   8   26   24 4.247619 3.752381
  27  100   63 16.944444 10.055556
  65  324   67 54.138095 10.861905
   8   18   28 3.180952 4.819048
  22   76   57 12.644048 9.355952
  74  378   66 63.294048 10.705952
   4    4   19 0.733333 3.266667
  22   76   56 12.900000 9.100000
  75  390   60 65.136905 9.863095
   3    2   16 0.309524 2.690476
  21   58   70 9.652381 11.347619
  73  354   81 59.345238 13.654762
   6   10   27 1.617857 4.382143
  21   64   65 10.795238 10.204762
  78  394   70 66.023810 11.976190
   1    0    7 0.000000 1.000000
  18   36   70 6.252381 11.747619
  80  410   71 68.395238 11.604762
   2    2   11 0.309524 1.690476
  21   46   75 8.033333 12.966667
  78  396   77 65.757143 12.242857
   1    0    6 0.000000 1.000000
  27   84   82 13.946429 13.053571
  73  352   82 59.304762 13.695238
  18   48   65 7.857143 10.142857
  82  422   65 70.973810 11.026190
  15   30   58 5.161905 9.838095
  85  454   58 75.591667 9.408333
  11   24   45 4.000000 7.000000
  89  486   45 81.521429 7.478571
  12   32   40 5.442857 6.557143
  88  488   40 81.380952 6.619048
  15   48   44 7.971429 7.028571
  85  464   44 77.678571 7.321429
  11   20   44 3.509524 7.490476
  89  492   44 81.859524 7.140476
  15   30   60 5.071429 9.928571
  85  450   60 75.038095 9.961905
  17   46   57 7.747619 9.252381
  83  440   57 73.246429 9.753571
  31  130   55 21.867857 9.132143
  69  360   55 59.984524 9.015476
  19   40   73 6.804762 12.195238
  81  414   73 68.919048 12.080952
  29  102   72 17.235714 11.764286
  71  354   72 59.365476 11.634524
  30  108   76 17.844048 12.155952
  70  340   76 56.934524 13.065476
  27  100   62 16.638095 10.361905
  73  376   62 62.852381 10.147619
  28   92   79 15.552381 12.447619
  72  350   79 58.721429 13.278571
  35  114   98 19.071429 15.928571
  65  290   98 48.550000 16.450000
  27   84   76 14.265476 12.734524
  73  364   76 60.638095 12.361905
  20   46   81 7.258333 12.741667
  80  392   81 66.033333 13.966667
  18   48   61 8.038095 9.961905
  82  430   61 71.785714 10.214286
  15   30   65 4.857143 10.142857
  85  440   65 73.864286 11.135714
  27   80   78 13.728571 13.271429
  73  364   78 60.510714 12.489286
  29   86   85 14.504762 14.495238
  71  344   85 57.278571 13.721429
  31  112   77 18.552381 12.447619
  69  334   77 55.866667 13.133333
  37  146   76 24.530952 12.469048
  63  302   76 50.417857 12.582143
  45  180   93 29.813095 15.186905
  55  234   93 39.255952 15.744048
  36  132   84 22.128571 13.871429
  64  300   84 50.065476 13.934524
  36  146   68 24.576190 11.423810
  64  318   68 52.866667 11.133333
  40  136   98 23.109524 16.890476
  60  268   98 44.436905 15.563095
  40  138   99 23.428571 16.571429
  60  264   99 43.852381 16.147619
  29  106   71 17.609524 11.390476
  71  352   71 59.107143 11.892857
  29  108   68 17.947619 11.052381
  71  356   68 59.541667 11.458333
  31  120   67 20.210714 10.789286
  69  346   67 57.904762 11.095238
  39  156   75 26.251190 12.748810
  61  294   75 48.800000 12.200000
  49  214   80 35.847619 13.152381
  51  226   80 37.597619 13.402381
  52  232   81 38.661905 13.338095
  48  206   81 34.330952 13.669048
  44  188   72 31.885714 12.114286
  56  268   72 44.611905 11.388095
  40  168   75 28.009524 11.990476
  60  282   75 47.195238 12.804762
  33  118   80 19.757143 13.242857
  67  322   80 53.894048 13.105952
  25   80   70 13.250000 11.750000
  75  380   70 63.327381 11.672619
  29  102   72 17.204762 11.795238
  71  354   72 59.263095 11.736905
  31  120   68 20.008333 10.991667
  69  344   68 57.779762 11.220238
  22   64   69 10.580952 11.419048
  78  398   69 66.532143 11.467857
  20   58   66 9.736905 10.263095
  80  410   66 68.885714 11.114286
  30   98   77 16.741667 13.258333
  70  348   77 57.486905 12.513095
  31   88   98 14.707143 16.292857
  69  316   98 53.050000 15.950000
  37  112  111 19.026190 17.973810
  63  266  111 44.736905 18.263095
  47  154  122 26.152381 20.847619
  53  202  122 33.139286 19.860714
  42  146  108 24.280952 17.719048
  58  238  108 40.105952 17.894048
  49  186  112 30.952381 18.047619
  51  190  112 32.464286 18.535714
  48  186  103 31.189286 16.810714
  52  208  103 34.847619 17.152381
  55  224  102 38.028571 16.971429
  45  172  102 28.582143 16.417857
  59  250  103 41.959524 17.040476
  41  144  103 24.280952 16.719048
  58  238  112 39.829762 18.170238
  42  138  112 23.135714 18.864286
  53  212  107 35.438095 17.561905
  47  174  107 29.378571 17.621429
  59  252  102 42.077381 16.922619
  41  144  102 24.141667 16.858333
  57  228  114 38.200000 18.800000
  43  144  114 24.216667 18.783333
  58  256   93 42.775000 15.225000
  42  158   93 26.440476 15.559524
  50  178  120 30.179762 19.820238
  50  182  120 30.373810 19.626190
  54  226   95 37.982143 16.017857
  46  184   95 30.690476 15.309524
  54  220  101 36.983333 17.016667
  46  178  101 29.565476 16.434524
  70  338   86 56.215476 13.784524
  30   90   86 15.280952 14.719048
  68  332   76 55.390476 12.609524
  32  116   76 19.461905 12.538095
  69  320   90 53.872619 15.127381
  31  100   90 16.561905 14.438095
  77  392   70 65.590476 11.409524
  23   68   70 11.466667 11.533333
  80  428   56 71.052381 8.947619
  20   60   56 10.442857 9.557143
  84  458   45 76.522619 7.477381
  16   52   45 8.666667 7.333333
  90  500   41 83.304762 6.695238
  10   18   41 3.142857 6.857143
  89  496   38 82.790476 6.209524
  11   28   38 4.809524 6.190476
  86  464   55 77.028571 8.971429
  14   26   55 4.445238 9.554762
  83  444   59 73.333333 9.666667
  17   38   59 6.642857 10.357143
  81  408   76 68.317857 12.682143
  19   40   76 6.771429 12.228571
  83  422   74 70.705952 12.294048
  17   30   74 5.046429 11.953571
  76  384   72 64.186905 11.813095
  24   72   72 12.232143 11.767857
  76  384   70 64.295238 11.704762
  24   76   70 12.633333 11.366667
  74  372   70 62.119048 11.880952
  26   88   70 14.680952 11.319048
  68  324   89 53.657143 14.342857
  32   98   89 16.635714 15.364286
  58  278   74 46.047619 11.952381
  42  174   74 29.571429 12.428571
  48  192   98 32.083333 15.916667
  52  212   98 35.704762 16.295238
  51  204  102 34.239286 16.760714
  49  192  102 32.108333 16.891667
  61  262  104 43.615476 17.384524
  39  130  104 21.742857 17.257143
  57  250   99 41.309524 15.690476
  43  152   99 25.790476 17.209524
  55  238   92 39.860714 15.139286
  45  178   92 29.825000 15.175000
  67  324   75 54.140476 12.859524
  33  126   75 20.980952 12.019048
  61  278   88 46.783333 14.216667
  39  146   88 24.628571 14.371429
  59  282   71 47.247619 11.752381
  41  176   71 29.284524 11.715476
  63  302   76 50.447619 12.552381
  37  146   76 24.632143 12.367857
  66  324   70 54.257143 11.742857
  34  136   70 22.695238 11.304762
  73  362   74 60.897619 12.102381
  27   90   74 15.009524 11.990476
  82  436   55 72.809524 9.190476
  18   54   55 9.008333 8.991667
  83  468   32 77.995238 5.004762
  17   68   32 11.557143 5.442857
  81  448   40 74.604762 6.395238
  19   72   40 12.214286 6.785714
  89  498   37 83.023810 5.976190
  11   28   37 4.700000 6.300000
  92  530   21 88.433333 3.566667
   8   28   21 4.784524 3.215476
  95  544   26 90.642857 4.357143
   5    4   26 0.642857 4.357143
  99  586    7 97.847619 1.152381
   1    0    7 0.000000 1.000000
  98  580    9 96.550000 1.450000
   2    2    9 0.366667 1.633333
  97  572   11 95.228571 1.771429
   3    6   11 1.066667 1.933333
  98  576   11 96.161905 1.838095
   2    2   11 0.309524 1.690476
  99  586    7 97.766667 1.233333
   1    0    7 0.000000 1.000000
  98  580    9 96.619048 1.380952
   2    2    9 0.366667 1.633333
  96  564   14 93.880952 2.119048
   4    8   14 1.500000 2.500000
  98  580    9 96.561905 1.438095
   2    2    9 0.366667 1.633333
  96  556   20 92.752381 3.247619
   4    4   20 0.676190 3.323810
  90  512   28 85.248810 4.751190
  10   32   28 5.319048 4.680952
  96  554   22 92.385714 3.614286
   4    2   22 0.342857 3.657143
  98  576   11 96.107143 1.892857
   2    2   11 0.325000 1.675000
  94  542   23 90.247619 3.752381
   6   12   23 2.171429 3.828571
  98  578   10 96.428571 1.571429
   2    2   10 0.333333 1.666667
  98  574   13 95.804762 2.195238
   2    0   13 0.000000 2.000000
 100  600    0 100.000000 0.000000
