   1    0    5 0.000000 1.000000
   1    0    7 0.000000 1.000000
   3    4   13 0.742857 2.257143
   3    2   13 0.450000 2.550000
   1    0    6 0.000000 1.000000
   1    0    7 0.000000 1.000000
   2    2   11 0.309524 1.690476
   2    2    9 0.366667 1.633333
   4   10   13 1.921429 2.078571
   1    0    6 0.000000 1.000000
   1    0    7 0.000000 1.000000
   1    0    6 0.000000 1.000000
   4   10   14 1.719048 2.280952
   1    0    7 0.000000 1.000000
   1    0    6 0.000000 1.000000
   4    6   17 1.076190 2.923810
   2    2   10 0.333333 1.666667
   2    2    9 0.366667 1.633333
   1    0    5 0.000000 1.000000
   1    0    6 0.000000 1.000000
   6   16   23 2.517857 3.482143
   1    0    6 0.000000 1.000000
   1    0    7 0.000000 1.000000
   1    0    7 0.000000 1.000000
   2    2   10 0.333333 1.666667
   3    4   14 0.666667 2.333333
   2    2   12 0.285714 1.714286
   1    0    7 0.000000 1.000000
   1    0    7 0.000000 1.000000
   1    0    6 0.000000 1.000000
   2    2   10 0.333333 1.666667
   1    0    7 0.000000 1.000000
   2    2   10 0.333333 1.666667
   1    0    5 0.000000 1.000000
   1    0    7 0.000000 1.000000
   2    2    7 0.450000 1.550000
   3    6   13 0.971429 2.028571
   2    2   11 0.309524 1.690476
   2    2   11 0.309524 1.690476
   1    0    6 0.000000 1.000000
   1    0    5 0.000000 1.000000
   1    0    6 0.000000 1.000000
   2    2    8 0.400000 1.600000
   1    0    6 0.000000 1.000000
   3    6   11 1.085714 1.914286
   1    0    6 0.000000 1.000000
   1    0    5 0.000000 1.000000
   3    4   13 0.733333 2.266667
   1    0    6 0.000000 1.000000
   2    2   10 0.342857 1.657143
   1    0    7 0.000000 1.000000
   1    0    7 0.000000 1.000000
   1    0    6 0.000000 1.000000
   1    0    6 0.000000 1.000000
   2    2    9 0.366667 1.633333
   1    0    7 0.000000 1.000000
   4    8   15 1.419048 2.580952
   1    0    6 0.000000 1.000000
   3    4   11 0.800000 2.200000
   4    8   15 1.385714 2.614286
   2    2    9 0.366667 1.633333
   2    2   10 0.333333 1.666667
   1    0    7 0.000000 1.000000
   3    4   15 0.642857 2.357143
   1    0    6 0.000000 1.000000
   2    2   10 0.333333 1.666667
   3    6   12 1.019048 1.980952
   4    8   18 1.292857 2.707143
   2    2    9 0.366667 1.633333
   4    8   17 1.275000 2.725000
   1    0    7 0.000000 1.000000
   2    0   14 0.000000 2.000000
   4    6   19 1.050000 2.950000
   2    0   11 0.000000 2.000000
   2    2    9 0.366667 1.633333
   3    2   16 0.309524 2.690476
   3    4   15 0.642857 2.357143
   3    4   11 0.800000 2.200000
   1    0    7 0.000000 1.000000
   1    0    6 0.000000 1.000000
   1    0    6 0.000000 1.000000
   5    8   23 1.333333 3.666667
  11   34   30 5.900000 5.100000
   4    8   15 1.419048 2.580952
   3    4   15 0.642857 2.357143
   1    0    7 0.000000 1.000000
   2    2   11 0.325000 1.675000
   2    0   11 0.000000 2.000000
   3    4   15 0.685714 2.314286
   3    4   13 0.742857 2.257143
   1    0    6 0.000000 1.000000
   1    0    5 0.000000 1.000000
   1    0    6 0.000000 1.000000
   1    0    6 0.000000 1.000000
   7   22   21 3.633333 3.366667
   3    4   12 0.766667 2.233333
   6   18   17 3.157143 2.842857
   1    0    7 0.000000 1.000000
   1    0    6 0.000000 1.000000
   1    0    6 0.000000 1.000000
   2    2   10 0.342857 1.657143
   1    0    6 0.000000 1.000000
   1    0    6 0.000000 1.000000
   6   16   19 2.744048 3.255952
   5   14   18 2.166667 2.833333
   2    2    9 0.366667 1.633333
   1    0    7 0.000000 1.000000
   7   12   29 2.019048 4.980952
   3    6   11 1.085714 1.914286
   5    8   21 1.416667 3.583333
   3    6   11 1.085714 1.914286
   5    8   20 1.483333 3.516667
   1    0    6 0.000000 1.000000
   1    0    6 0.000000 1.000000
   3    2   18 0.309524 2.690476
  18   60   52 9.733333 8.266667
   4    8   16 1.352381 2.647619
   2    0   11 0.000000 2.000000
   2    2   10 0.333333 1.666667
   5    8   20 1.400000 3.600000
   5    8   24 1.292857 3.707143
   1    0    6 0.000000 1.000000
   1    0    6 0.000000 1.000000
   4    8   18 1.238095 2.761905
   2    2    9 0.366667 1.633333
  11   40   24 6.864286 4.135714
   1    0    5 0.000000 1.000000
   3    2   13 0.450000 2.550000
   1    0    8 0.000000 1.000000
   1    0    6 0.000000 1.000000
   2    2   12 0.285714 1.714286
  10   34   26 5.804762 4.195238
   1    0    5 0.000000 1.000000
   7   20   24 3.328571 3.671429
   3    2   15 0.366667 2.633333
   2    2   11 0.309524 1.690476
   1    0    6 0.000000 1.000000
   3    2   15 0.366667 2.633333
   4    4   22 0.634524 3.365476
   3    2   16 0.366667 2.633333
   4   10   15 1.590476 2.409524
   3    2   15 0.400000 2.600000
  21   64   63 10.771429 10.228571
   1    0    6 0.000000 1.000000
   2    2    9 0.366667 1.633333
   2    2   10 0.342857 1.657143
   3    6   12 1.000000 2.000000
   5    8   21 1.352381 3.647619
   4    4   22 0.642857 3.357143
   2    2    8 0.400000 1.600000
  13   48   29 8.254762 4.745238
   3    2   17 0.309524 2.690476
   2    2    9 0.366667 1.633333
   1    0    6 0.000000 1.000000
   3    4   12 0.766667 2.233333
   4   10   17 1.494048 2.505952
   2    2   10 0.342857 1.657143
   3    6   12 1.019048 1.980952
   4    6   17 1.085714 2.914286
   1    0    6 0.000000 1.000000
   1    0    6 0.000000 1.000000
   3    2   19 0.291667 2.708333
   5    6   24 1.067857 3.932143
   7   14   31 2.238095 4.761905
   5   12   18 2.028571 2.971429
  23   66   72 11.259524 11.740476
   2    2   11 0.325000 1.675000
   2    2    9 0.366667 1.633333
   4    6   16 1.100000 2.900000
   3    6   12 1.019048 1.980952
   5    8   22 1.319048 3.680952
   2    2    9 0.366667 1.633333
   1    0    6 0.000000 1.000000
  17   50   52 8.309524 8.690476
   2    2   10 0.342857 1.657143
   4    6   17 1.076190 2.923810
   1    0    6 0.000000 1.000000
   1    0    6 0.000000 1.000000
   3    6   11 1.085714 1.914286
   4    8   15 1.433333 2.566667
   6   18   19 2.985714 3.014286
   6   10   27 1.666667 4.333333
   2    2    9 0.366667 1.633333
   5   10   19 1.814286 3.185714
   7   12   33 1.980952 5.019048
   4    2   22 0.342857 3.657143
  27   76   85 12.776190 14.223810
   3    4   14 0.709524 2.290476
   1    0    6 0.000000 1.000000
   1    0    6 0.000000 1.000000
   1    0    7 0.000000 1.000000
   4    4   20 0.652381 3.347619
  12   38   37 6.171429 5.828571
   1    0    6 0.000000 1.000000
   1    0    7 0.000000 1.000000
   1    0    6 0.000000 1.000000
   4    4   20 0.642857 3.357143
   8   26   20 4.557143 3.442857
   3    6   12 1.000000 2.000000
   8   26   23 4.261905 3.738095
   1    0    6 0.000000 1.000000
   8   16   30 2.814286 5.185714
   7   16   26 2.745238 4.254762
   4    4   20 0.685714 3.314286
  34  116   88 19.639286 14.360714
   1    0    7 0.000000 1.000000
   1    0    7 0.000000 1.000000
   1    0    6 0.000000 1.000000
   1    0    6 0.000000 1.000000
   4    4   17 0.783333 3.216667
  19   54   62 8.932143 10.067857
   1    0    6 0.000000 1.000000
   1    0    6 0.000000 1.000000
   1    0    7 0.000000 1.000000
  10   32   26 5.525000 4.475000
   4    6   17 1.109524 2.890476
   7   22   21 3.619048 3.380952
   4    4   17 0.766667 3.233333
  10   22   38 3.695238 6.304762
  13   40   36 6.844048 6.155952
  23   72   70 11.920238 11.079762
   5   14   16 2.304762 2.695238
   2    2   10 0.342857 1.657143
  18   54   51 9.371429 8.628571
   1    0    5 0.000000 1.000000
   5   10   21 1.726190 3.273810
   6   16   21 2.623810 3.376190
   4   10   14 1.661905 2.338095
  13   32   43 5.585714 7.414286
  14   34   56 5.263095 8.736905
  13   40   36 6.938095 6.061905
  20   74   44 12.500000 7.500000
   4    8   17 1.275000 2.725000
   2    2   12 0.285714 1.714286
  11   22   44 3.652381 7.347619
   1    0    7 0.000000 1.000000
   4    8   16 1.385714 2.614286
  10   34   26 5.669048 4.330952
   3    2   16 0.342857 2.657143
  22   68   64 11.414286 10.585714
  19   46   66 8.116667 10.883333
  10   24   33 4.300000 5.700000
  15   28   64 4.709524 10.290476
   5    8   24 1.250000 3.750000
   6   10   27 1.661905 4.338095
  15   42   46 7.319048 7.680952
   9   24   29 4.100000 4.900000
   1    0    6 0.000000 1.000000
  14   30   54 5.209524 8.790476
  11   16   47 2.721429 8.278571
  20   84   38 13.833333 6.166667
  22   66   69 11.026190 10.973810
   2    0   12 0.000000 2.000000
   5    6   23 1.076190 3.923810
  13   46   33 7.723810 5.276190
  18   56   49 9.471429 8.528571
  11   26   42 4.238095 6.761905
  11   26   36 4.704762 6.295238
  18   70   41 11.554762 6.445238
  23   68   71 11.322619 11.677381
   1    0    7 0.000000 1.000000
   5   10   21 1.719048 3.280952
  11   34   31 5.747619 5.252381
   8   12   33 2.276190 5.723810
  22   78   54 13.340476 8.659524
  16   56   38 9.564286 6.435714
  19   72   45 12.010714 6.989286
  18   50   59 8.379762 9.620238
   1    0    7 0.000000 1.000000
   5   10   20 1.685714 3.314286
   6   12   28 1.839286 4.160714
  11   30   38 4.838095 6.161905
  38  158   65 26.945238 11.054762
  10   30   29 5.180952 4.819048
  18   68   42 11.459524 6.540476
  12   34   36 5.766667 6.233333
   2    2    9 0.366667 1.633333
   8   20   28 3.430952 4.569048
  18   64   43 10.904762 7.095238
  42  170   82 28.452381 13.547619
   3    2   16 0.342857 2.657143
  20   68   52 11.309524 8.690476
   7    8   36 1.295238 5.704762
   7   12   28 2.095238 4.904762
  19   56   57 9.609524 9.390476
  47  202   82 33.497619 13.502381
   2    0   13 0.000000 2.000000
  19   46   68 7.900000 11.100000
   6    8   28 1.361905 4.638095
   6    4   31 0.700000 5.300000
  32  116   75 19.433333 12.566667
  33  120   83 19.719048 13.280952
   6   16   17 2.933333 3.066667
  15   26   67 4.263095 10.736905
   8   12   33 2.200000 5.800000
   5    6   22 1.109524 3.890476
  31  102   91 16.745238 14.254762
  31  130   56 21.714286 9.285714
   4   10   14 1.714286 2.285714
  20   52   66 8.869048 11.130952
   9   24   27 4.280952 4.719048
   6   12   26 1.957143 4.042857
  31   92   89 15.666667 15.333333
  35  142   70 23.652381 11.347619
  19   60   53 10.100000 8.900000
   9   32   24 5.152381 3.847619
   3    4   15 0.628571 2.371429
  29   80   95 13.542857 15.457143
  33  126   73 20.985714 12.014286
  26   78   75 13.259524 12.740476
   9   26   28 4.442857 4.557143
   5   10   21 1.714286 3.285714
  43  150  106 25.313095 17.686905
  23   62   77 10.404762 12.595238
  23   60   79 10.003571 12.996429
   6    8   27 1.319048 4.680952
   3    6   12 1.000000 2.000000
  42  154  102 25.571429 16.428571
  18   46   62 7.728571 10.271429
  34  108   93 18.228571 15.771429
   3    0   17 0.000000 3.000000
  11   36   27 6.295238 4.704762
  36  122  100 20.039286 15.960714
  20   52   67 8.661905 11.338095
  27   74   85 12.509524 14.490476
   6   10   27 1.642857 4.357143
   9   26   29 4.280952 4.719048
  41  146   99 24.714286 16.285714
  23   84   52 14.261905 8.738095
  24   62   83 10.371429 13.628571
   3    2   17 0.342857 2.657143
   2    2    8 0.400000 1.600000
  46  198   79 32.977381 13.022619
  29  100   73 16.947619 12.052381
  23   76   64 12.685714 10.314286
  55  224  103 37.690476 17.309524
  32  114   82 18.909524 13.090476
  13   20   57 3.404762 9.595238
  59  254   96 42.923810 16.076190
  33  130   70 21.659524 11.340476
   8    8   42 1.295238 6.704762
  54  224   98 37.732143 16.267857
  39  148   85 25.059524 13.940476
   7    2   43 0.333333 6.666667
  61  264   95 44.819048 16.180952
  36  120  103 19.553571 16.446429
   3    4   14 0.709524 2.290476
  67  332   72 55.170238 11.829762
  30  110   69 18.476190 11.523810
   3    4   13 0.742857 2.257143
  67  328   83 54.171429 12.828571
  31   94   84 16.323810 14.676190
   2    0   11 0.000000 2.000000
  74  370   71 62.209524 11.790476
  25   76   76 12.557143 12.442857
   1    0    7 0.000000 1.000000
  86  458   54 76.983333 9.016667
  14   34   54 5.446429 8.553571
  89  500   37 83.059524 5.940476
  11   26   37 4.557143 6.442857
  97  564   18 94.004762 2.995238
   3    0   18 0.000000 3.000000
 100  600    0 100.000000 0.000000
