   1    0    6 0.000000 1.000000
   2    2    9 0.366667 1.633333
   1    0    7 0.000000 1.000000
   2    2   11 0.309524 1.690476
   1    0    6 0.000000 1.000000
   2    2   11 0.309524 1.690476
   1    0    6 0.000000 1.000000
   1    0    7 0.000000 1.000000
   1    0    7 0.000000 1.000000
   2    2   11 0.309524 1.690476
   2    0   13 0.000000 2.000000
   3    4   13 0.700000 2.300000
   2    2   10 0.333333 1.666667
   1    0    6 0.000000 1.000000
   2    2   10 0.333333 1.666667
   2    2   11 0.309524 1.690476
   1    0    7 0.000000 1.000000
   1    0    5 0.000000 1.000000
   2    2   10 0.333333 1.666667
   2    2   10 0.333333 1.666667
   8   26   20 4.559524 3.440476
   1    0    5 0.000000 1.000000
   2    2    9 0.366667 1.633333
   2    2   10 0.333333 1.666667
   2    2   10 0.342857 1.657143
   1    0    5 0.000000 1.000000
   2    2   11 0.309524 1.690476
   1    0    6 0.000000 1.000000
   1    0    7 0.000000 1.000000
   6   18   19 2.947619 3.052381
   3    4   12 0.750000 2.250000
   2    2   10 0.333333 1.666667
   1    0    7 0.000000 1.000000
   2    2   11 0.309524 1.690476
   2    2    8 0.400000 1.600000
   1    0    7 0.000000 1.000000
   2    2   11 0.309524 1.690476
   2    2   10 0.342857 1.657143
   3    4   12 0.766667 2.233333
   1    0    7 0.000000 1.000000
   4    6   17 1.052381 2.947619
   5   14   14 2.500000 2.500000
   1    0    6 0.000000 1.000000
   3    4   15 0.642857 2.357143
   1    0    6 0.000000 1.000000
   1    0    6 0.000000 1.000000
   1    0    6 0.000000 1.000000
   4    8   16 1.328571 2.671429
   3    2   15 0.366667 2.633333
   2    2   11 0.309524 1.690476
   4    8   18 1.214286 2.785714
   6   18   19 3.070238 2.929762
   1    0    7 0.000000 1.000000
   1    0    6 0.000000 1.000000
   2    0   12 0.000000 2.000000
   3    4   15 0.642857 2.357143
   1    0    6 0.000000 1.000000
   1    0    6 0.000000 1.000000
   2    0   13 0.000000 2.000000
   4    6   18 1.050000 2.950000
   3    6   11 1.085714 1.914286
   2    0   14 0.000000 2.000000
   6   12   23 2.028571 3.971429
   3    4   12 0.733333 2.266667
   2    2   10 0.333333 1.666667
   1    0    5 0.000000 1.000000
   3    2   16 0.333333 2.666667
   7   22   21 3.595238 3.404762
   9   30   25 4.988095 4.011905
   2    2   10 0.333333 1.666667
   2    2   10 0.333333 1.666667
   1    0    5 0.000000 1.000000
   2    0   14 0.000000 2.000000
   2    2   11 0.309524 1.690476
   4    6   16 1.100000 2.900000
   4    8   15 1.452381 2.547619
   2    2    9 0.366667 1.633333
   4    6   17 1.052381 2.947619
   3    4   14 0.709524 2.290476
   1    0    5 0.000000 1.000000
   4   10   14 1.685714 2.314286
   6   12   22 2.152381 3.847619
   5   10   18 1.800000 3.200000
   8   24   21 4.171429 3.828571
   6   12   25 2.023810 3.976190
   1    0    5 0.000000 1.000000
   4    8   16 1.385714 2.614286
   2    0   12 0.000000 2.000000
   1    0    6 0.000000 1.000000
   1    0    6 0.000000 1.000000
   4   10   14 1.719048 2.280952
   3    4   15 0.619048 2.380952
   2    0   13 0.000000 2.000000
   3    4   13 0.700000 2.300000
   1    0    8 0.000000 1.000000
   1    0    8 0.000000 1.000000
   4    6   18 1.042857 2.957143
  14   50   34 8.511905 5.488095
   6   14   23 2.223810 3.776190
   1    0    6 0.000000 1.000000
   2    2    9 0.366667 1.633333
   1    0    7 0.000000 1.000000
   1    0    5 0.000000 1.000000
   4    4   22 0.619048 3.380952
   1    0    6 0.000000 1.000000
   4    4   18 0.733333 3.266667
   3    2   16 0.333333 2.666667
   2    2   10 0.333333 1.666667
   6   18   18 2.995238 3.004762
   9   22   32 3.776190 5.223810
   5    8   21 1.400000 3.600000
   8   16   31 2.833333 5.166667
   4    4   19 0.709524 3.290476
   3    4   14 0.676190 2.323810
   3    0   19 0.000000 3.000000
   4    4   19 0.733333 3.266667
   2    2   10 0.333333 1.666667
   2    2    9 0.366667 1.633333
   2    2    8 0.400000 1.600000
   4    6   18 1.019048 2.980952
  11   38   27 6.423810 4.576190
   5    4   25 0.733333 4.266667
   7   16   28 2.541667 4.458333
   6   10   24 1.785714 4.214286
   1    0    7 0.000000 1.000000
   4    4   21 0.642857 3.357143
   1    0    6 0.000000 1.000000
   8   22   27 3.676190 4.323810
   4    6   18 1.042857 2.957143
   4    6   20 0.904762 3.095238
   2    2   10 0.333333 1.666667
   5    8   23 1.409524 3.590476
   5    6   26 0.952381 4.047619
   3    4   17 0.571429 2.428571
  12   36   40 5.730952 6.269048
   9   22   28 3.971429 5.028571
   2    2   11 0.309524 1.690476
   2    0   11 0.000000 2.000000
   5    8   22 1.400000 3.600000
   1    0    7 0.000000 1.000000
   1    0    6 0.000000 1.000000
   4   10   13 1.766667 2.233333
  10   36   25 6.000000 4.000000
   7   12   28 2.100000 4.900000
  11   38   28 6.347619 4.652381
   8   20   29 3.309524 4.690476
   1    0    5 0.000000 1.000000
   5   14   16 2.357143 2.642857
   9   18   35 3.114286 5.885714
   2    2   11 0.309524 1.690476
   1    0    6 0.000000 1.000000
   5    8   20 1.419048 3.580952
   2    2   10 0.333333 1.666667
   2    2   11 0.309524 1.690476
   4    4   23 0.583333 3.416667
   5   10   21 1.619048 3.380952
   4    6   18 1.042857 2.957143
   2    2   10 0.333333 1.666667
   4    6   17 1.033333 2.966667
  16   60   37 10.052381 5.947619
  10   24   35 4.019048 5.980952
   9   26   27 4.414286 4.585714
   7   20   24 3.209524 3.790476
   8   22   26 3.638095 4.361905
   4    6   18 1.085714 2.914286
   8   18   27 3.219048 4.780952
   4   10   15 1.619048 2.380952
   3    6   11 1.085714 1.914286
   8   26   20 4.533333 3.466667
   2    2   10 0.333333 1.666667
   1    0    5 0.000000 1.000000
   2    2   10 0.333333 1.666667
   5   12   18 2.038095 2.961905
   8   22   26 3.676190 4.323810
   3    2   16 0.366667 2.633333
   7   18   26 2.933333 4.066667
   7   16   26 2.666667 4.333333
   5   10   21 1.638095 3.361905
  13   36   41 6.104762 6.895238
   9   20   31 3.469048 5.530952
   6   16   20 2.747619 3.252381
   9   28   26 4.723810 4.276190
  10   30   30 5.103571 4.896429
   2    2   10 0.342857 1.657143
   3    6   14 0.904762 2.095238
   7   18   26 2.990476 4.009524
   3    6   10 1.133333 1.866667
   2    0   12 0.000000 2.000000
  10   32   25 5.576190 4.423810
   7   12   31 2.004762 4.995238
  10   28   34 4.661905 5.338095
   8   24   22 4.219048 3.780952
   8   20   31 3.142857 4.857143
   7   14   28 2.376190 4.623810
  12   38   37 6.200000 5.800000
  10   32   29 5.476190 4.523810
  10   28   31 4.847619 5.152381
   2    2    9 0.366667 1.633333
   6   10   24 1.800000 4.200000
   5    8   22 1.304762 3.695238
   3    6   11 1.066667 1.933333
   5    8   24 1.328571 3.671429
   6    8   30 1.295238 4.704762
  13   32   45 5.580952 7.419048
   8   14   31 2.609524 5.390476
   8   16   31 2.728571 5.271429
  12   36   38 5.909524 6.090476
  11   26   40 4.361905 6.638095
   7   18   27 2.913095 4.086905
  10   30   30 4.976190 5.023810
   6   16   19 2.733333 3.266667
   2    2   11 0.309524 1.690476
   3    2   17 0.333333 2.666667
   7   14   23 2.666667 4.333333
   2    2   10 0.333333 1.666667
   2    0   13 0.000000 2.000000
   8   14   36 2.257143 5.742857
  19   62   49 10.633333 8.366667
  14   38   44 6.554762 7.445238
   3    2   19 0.267857 2.732143
  10   32   29 5.238095 4.761905
   7   10   33 1.677381 5.322619
   9   24   31 3.890476 5.109524
   8   16   28 2.916667 5.083333
   9   24   32 3.995238 5.004762
   1    0    7 0.000000 1.000000
  10   20   37 3.471429 6.528571
   4   10   14 1.661905 2.338095
   5    4   26 0.666667 4.333333
  31  122   65 20.400000 10.600000
  11   26   41 4.309524 6.690476
   4    4   21 0.619048 3.380952
   3    6   11 1.066667 1.933333
   3    2   18 0.309524 2.690476
   9   22   30 3.833333 5.166667
  12   32   38 5.714286 6.285714
   5   12   17 2.038095 2.961905
  13   26   53 4.323810 8.676190
   2    2   11 0.309524 1.690476
   1    0    6 0.000000 1.000000
  29   98   80 16.115873 12.884127
  11   26   37 4.585714 6.414286
   3    2   16 0.342857 2.657143
   7   14   30 2.290476 4.709524
   6    8   28 1.333333 4.666667
  17   70   31 11.933333 5.066667
  24   76   65 13.076190 10.923810
   2    2   10 0.333333 1.666667
  26   96   63 15.947619 10.052381
  10   20   38 3.361905 6.638095
   2    0   13 0.000000 2.000000
   6   10   27 1.642857 4.357143
   3    2   18 0.309524 2.690476
  19   68   44 11.536905 7.463095
  32  100   89 17.017857 14.982143
  33  120   77 20.166667 12.833333
   8    8   38 1.466667 6.533333
   6   12   23 2.230952 3.769048
   3    2   17 0.309524 2.690476
  14   30   57 4.811905 9.188095
  36  124   92 20.652381 15.347619
  27   86   76 14.625000 12.375000
   8    8   41 1.309524 6.690476
  10   22   38 3.742857 6.257143
   2    0   13 0.000000 2.000000
  12   20   51 3.390476 8.609524
  41  134  111 22.495238 18.504762
  25   74   76 12.476190 12.523810
   9   16   37 2.723810 6.276190
   8   18   31 3.052381 4.947619
   7   14   28 2.385714 4.614286
  51  202  104 33.916667 17.083333
  28  102   68 16.795238 11.204762
   9   22   33 3.685714 5.314286
   8   16   32 2.700000 5.300000
   2    0   12 0.000000 2.000000
  53  222   93 37.185714 15.814286
  31   98   90 16.376190 14.623810
   9   28   26 4.827381 4.172619
   3    4   16 0.619048 2.380952
   4    4   19 0.766667 3.233333
  53  206  109 34.600000 18.400000
  21   46   82 7.538095 13.461905
   9   20   33 3.442857 5.557143
   1    0    6 0.000000 1.000000
   3    4   13 0.742857 2.257143
  66  292  104 48.923810 17.076190
  20   44   80 7.221429 12.778571
  11   38   27 6.500000 4.500000
   1    0    5 0.000000 1.000000
   2    2   10 0.333333 1.666667
  66  302   92 50.600000 15.400000
  26   80   81 13.059524 12.940476
  11   22   45 3.619048 7.380952
   1    0    6 0.000000 1.000000
   2    2   10 0.333333 1.666667
  60  264   90 44.483333 15.516667
  23   64   78 10.716667 12.283333
  16   46   53 7.533333 8.466667
   2    2   11 0.309524 1.690476
  59  266   80 45.242857 13.757143
  21   56   71 9.361905 11.638095
  17   46   52 7.971429 9.028571
   2    2   12 0.291667 1.708333
  60  280   81 46.957143 13.042857
  24   64   80 10.966667 13.033333
   8   12   34 2.100000 5.900000
   1    0    6 0.000000 1.000000
  67  318   86 53.092857 13.907143
  25   74   73 12.461905 12.538095
   6   10   27 1.614286 4.385714
   1    0    8 0.000000 1.000000
  68  324   84 54.021429 13.978571
  13   28   54 4.623810 8.376190
  11   24   39 4.234524 6.765476
   3    4   13 0.700000 2.300000
  73  352   86 58.853571 14.146429
  13   36   42 6.000000 7.000000
  12   34   38 5.771429 6.228571
   1    0    7 0.000000 1.000000
  74  376   67 62.805952 11.194048
   8   14   32 2.538095 5.461905
   8   18   31 3.048810 4.951190
   2    2   10 0.333333 1.666667
  82  426   67 70.958333 11.041667
  11   30   36 5.023810 5.976190
   3    2   17 0.309524 2.690476
   2    2   11 0.309524 1.690476
  84  444   58 74.254762 9.745238
  16   54   40 9.338095 6.661905
   3    2   15 0.366667 2.633333
  81  434   55 72.229762 8.770238
  10   30   31 4.909524 5.090476
   6   16   20 2.723810 3.276190
  84  452   51 75.585714 8.414286
   9   16   38 2.804762 6.195238
   7   20   22 3.419048 3.580952
  84  444   60 74.141667 9.858333
   7   14   28 2.352381 4.647619
  15   56   34 9.471429 5.528571
  78  406   62 67.773810 10.226190
   4    8   16 1.385714 2.614286
  22   78   53 13.000000 9.000000
  74  380   65 63.453571 10.546429
   6   12   22 2.209524 3.790476
  29  100   79 16.490476 12.509524
  65  302   85 50.882143 14.117857
   6   14   24 2.238095 3.761905
  34  108   94 18.245238 15.754762
  60  260  100 43.598810 16.401190
   6    6   31 1.009524 4.990476
  36  118   97 20.009524 15.990476
  58  250   98 41.882143 16.117857
   3    0   19 0.000000 3.000000
  30   88   89 14.995238 15.004762
  67  308   96 51.430952 15.569048
   5    8   19 1.428571 3.571429
  41  142  108 23.755952 17.244048
  54  214  109 35.804762 18.195238
   7   10   33 1.604762 5.395238
  44  148  116 24.961905 19.038095
  49  188  105 31.647619 17.352381
   2    0   12 0.000000 2.000000
  48  184  105 30.553571 17.446429
  50  198  101 33.050000 16.950000
   5   10   18 1.800000 3.200000
  40  126  114 21.133333 18.866667
  55  220  112 36.969048 18.030952
   6   12   23 2.161905 3.838095
  31   96   96 15.865476 15.134524
  63  276   97 46.638095 16.361905
  12   42   30 7.038095 4.961905
  35  112   97 18.878571 16.121429
  53  228   91 38.142857 14.857143
  11   22   44 3.742857 7.257143
  26   78   77 13.125000 12.875000
  63  296   83 49.392857 13.607143
  10   12   49 2.019048 7.980952
  34  116   90 19.538095 14.461905
  56  236   97 39.651190 16.348810
   4    6   18 0.971429 3.028571
  34  124   79 21.009524 12.990476
  62  284   89 47.640476 14.359524
   2    2   11 0.309524 1.690476
  35  128   84 21.442857 13.557143
  63  280   95 47.241667 15.758333
   1    0    6 0.000000 1.000000
  28   82   83 14.000000 14.000000
  71  340   89 56.351190 14.648810
   3    6   13 0.952381 2.047619
  33   96   96 16.630952 16.369048
  64  284  105 47.291667 16.708333
   4    4   20 0.676190 3.323810
  31   88   95 15.080952 15.919048
  65  286  107 47.569048 17.430952
   4    4   21 0.652381 3.347619
  31   78  109 12.977381 18.022619
  65  272  116 45.583333 19.416667
   7   16   25 2.657143 4.342857
  38  120  113 19.750000 18.250000
  55  212  114 35.878571 19.121429
   8   18   31 2.957143 5.042857
  28   78   91 13.110714 14.889286
  64  290   92 48.636905 15.363095
  15   54   36 8.995238 6.004762
  10   20   43 3.344048 6.655952
  75  388   59 65.221429 9.778571
  14   48   36 7.976190 6.023810
  12   22   49 3.761905 8.238095
  74  374   71 62.296429 11.703571
  14   48   37 8.038095 5.961905
   7   10   31 1.766667 5.233333
  79  422   52 70.525000 8.475000
   8   22   25 3.866667 4.133333
   9   18   36 3.144048 5.855952
  83  446   53 74.433333 8.566667
   5   10   20 1.719048 3.280952
   3    2   16 0.309524 2.690476
  92  522   30 87.142063 4.857937
   2    0   11 0.000000 2.000000
   3    2   16 0.366667 2.633333
  95  548   23 91.216667 3.783333
   1    0    6 0.000000 1.000000
   2    2   11 0.309524 1.690476
  97  568   13 94.898810 2.101190
   4    4   22 0.619048 3.380952
  96  552   22 92.200000 3.800000
   3    4   13 0.733333 2.266667
  97  570   13 94.819048 2.180952
   3    4   14 0.709524 2.290476
  97  568   14 94.761905 2.238095
   6   10   28 1.671429 4.328571
  94  534   28 89.280952 4.719048
   2    0   11 0.000000 2.000000
  98  578   11 96.260714 1.739286
   1    0    5 0.000000 1.000000
  99  590    5 98.228571 0.771429
   3    4   13 0.685714 2.314286
  97  570   13 94.928571 2.071429
   1    0    6 0.000000 1.000000
  99  588    6 97.966667 1.033333
 100  600    0 100.000000 0.000000
