   4    6   16 1.102381 2.897619
   2    2    9 0.366667 1.633333
   1    0    6 0.000000 1.000000
   1    0    7 0.000000 1.000000
   1    0    7 0.000000 1.000000
   2    2    8 0.400000 1.600000
   4   10   15 1.683333 2.316667
   1    0    5 0.000000 1.000000
   1    0    6 0.000000 1.000000
   1    0    7 0.000000 1.000000
   2    2   11 0.309524 1.690476
   1    0    6 0.000000 1.000000
   1    0    7 0.000000 1.000000
   1    0    7 0.000000 1.000000
   2    2   10 0.342857 1.657143
   2    2   11 0.309524 1.690476
   1    0    8 0.000000 1.000000
   1    0    7 0.000000 1.000000
   2    2    9 0.366667 1.633333
   1    0    6 0.000000 1.000000
   2    2   11 0.309524 1.690476
   2    2    9 0.366667 1.633333
   1    0    7 0.000000 1.000000
   2    2    8 0.400000 1.600000
   1    0    7 0.000000 1.000000
   3    6   11 1.066667 1.933333
   1    0    7 0.000000 1.000000
   1    0    6 0.000000 1.000000
   3    4   14 0.709524 2.290476
   1    0    5 0.000000 1.000000
   1    0    6 0.000000 1.000000
   2    2   10 0.342857 1.657143
   2    2    9 0.366667 1.633333
   3    4   16 0.619048 2.380952
   1    0    6 0.000000 1.000000
   4    8   15 1.361905 2.638095
   1    0    6 0.000000 1.000000
   1    0    6 0.000000 1.000000
   1    0    5 0.000000 1.000000
   3    4   13 0.700000 2.300000
   1    0    7 0.000000 1.000000
   6   12   23 2.095238 3.904762
   1    0    7 0.000000 1.000000
   2    2   13 0.267857 1.732143
   1    0    5 0.000000 1.000000
   1    0    5 0.000000 1.000000
   5   10   17 1.933333 3.066667
   2    2   10 0.333333 1.666667
   1    0    6 0.000000 1.000000
   3    4   15 0.642857 2.357143
   1    0    6 0.000000 1.000000
   3    6   13 0.952381 2.047619
   2    2    8 0.400000 1.600000
   2    2    9 0.366667 1.633333
   1    0    7 0.000000 1.000000
   1    0    6 0.000000 1.000000
   4    6   17 1.066667 2.933333
   3    4   14 0.666667 2.333333
  10   34   27 5.671429 4.328571
   2    2    9 0.366667 1.633333
   3    4   17 0.650000 2.350000
   4   10   15 1.647619 2.352381
   3    4   13 0.700000 2.300000
   1    0    6 0.000000 1.000000
   1    0    6 0.000000 1.000000
   3    6   10 1.133333 1.866667
   1    0    5 0.000000 1.000000
   3    4   14 0.666667 2.333333
   2    2    8 0.400000 1.600000
   3    6   13 0.971429 2.028571
   2    2    9 0.366667 1.633333
   9   18   39 2.933333 6.066667
   1    0    5 0.000000 1.000000
   2    2   11 0.309524 1.690476
   2    2    8 0.400000 1.600000
   7   22   19 3.738095 3.261905
   2    0   12 0.000000 2.000000
   5    6   24 1.009524 3.990476
   4    6   18 1.085714 2.914286
   4   10   15 1.683333 2.316667
   3    6   13 0.952381 2.047619
   1    0    7 0.000000 1.000000
   3    2   17 0.309524 2.690476
   8   22   26 3.733333 4.266667
   3    6   11 1.066667 1.933333
   1    0    7 0.000000 1.000000
   2    2   11 0.309524 1.690476
   6   16   19 2.738095 3.261905
   3    4   15 0.642857 2.357143
   3    2   16 0.309524 2.690476
   1    0    6 0.000000 1.000000
   1    0    6 0.000000 1.000000
   1    0    7 0.000000 1.000000
   4   10   12 1.833333 2.166667
   1    0    7 0.000000 1.000000
   5   14   15 2.597619 2.402381
   2    0   11 0.000000 2.000000
   9   24   31 3.976190 5.023810
   4   10   15 1.647619 2.352381
   2    2   10 0.333333 1.666667
   7   16   28 2.542857 4.457143
   3    2   16 0.333333 2.666667
  18   74   34 12.519048 5.480952
   4    6   18 1.000000 3.000000
   4    6   17 1.066667 2.933333
  17   52   47 8.923810 8.076190
   2    2   10 0.342857 1.657143
   5   10   19 1.766667 3.233333
   5    6   25 0.985714 4.014286
   1    0    7 0.000000 1.000000
   1    0    6 0.000000 1.000000
   2    2   10 0.333333 1.666667
   1    0    6 0.000000 1.000000
   3    6   11 1.066667 1.933333
   3    4   15 0.628571 2.371429
   8   26   22 4.361905 3.638095
   5   10   17 1.861905 3.138095
   4    8   18 1.214286 2.785714
   4    4   20 0.742857 3.257143
  10   24   36 4.105952 5.894048
  20   82   42 13.428571 6.571429
   1    0    7 0.000000 1.000000
  25   88   58 15.197619 9.802381
   2    2    9 0.366667 1.633333
  10   36   25 6.047619 3.952381
   4    4   21 0.625000 3.375000
   2    2    9 0.366667 1.633333
   2    2    9 0.366667 1.633333
   1    0    6 0.000000 1.000000
   4    6   17 1.109524 2.890476
   7   20   21 3.490476 3.509524
   7   18   24 3.138095 3.861905
   2    0   13 0.000000 2.000000
   5    4   27 0.676190 4.323810
   2    0   13 0.000000 2.000000
   6   10   25 1.700000 4.300000
  16   58   37 9.800000 6.200000
  29  114   60 19.000000 10.000000
   3    4   15 0.642857 2.357143
  12   44   26 7.542857 4.457143
   6   10   26 1.676190 4.323810
   2    2    9 0.366667 1.633333
   2    0   12 0.000000 2.000000
   2    2   10 0.342857 1.657143
   1    0    7 0.000000 1.000000
   8   24   25 3.869048 4.130952
   7   14   27 2.419048 4.580952
   2    2   10 0.342857 1.657143
   5    6   21 1.100000 3.900000
   2    0   13 0.000000 2.000000
   9   16   41 2.509524 6.490476
  14   44   39 7.358333 6.641667
  24   86   59 14.453571 9.546429
   4    6   19 0.976190 3.023810
   6   16   19 2.671429 3.328571
   4    6   16 1.066667 2.933333
   2    2   11 0.309524 1.690476
   2    2   10 0.333333 1.666667
   3    4   13 0.700000 2.300000
   5   12   19 2.004762 2.995238
  13   38   44 6.238095 6.761905
   7   10   27 1.942857 5.057143
   1    0    6 0.000000 1.000000
   6    4   30 0.733333 5.266667
  16   54   44 9.009524 6.990476
  24   82   65 13.509524 10.490476
  11   34   32 5.690476 5.309524
   5    4   24 0.709524 4.290476
   1    0    7 0.000000 1.000000
   1    0    6 0.000000 1.000000
   4    8   15 1.419048 2.580952
   1    0    6 0.000000 1.000000
  16   40   56 6.738095 9.261905
   6   10   29 1.714286 4.285714
   4    6   15 1.133333 2.866667
   7   12   31 1.972619 5.027381
  12   26   45 4.390476 7.609524
  24   84   63 13.880952 10.119048
  19   78   35 13.176190 5.823810
   8   22   26 3.776190 4.223810
   3    4   13 0.733333 2.266667
   7   20   23 3.285714 3.714286
  26   92   64 15.309524 10.690476
   4   10   15 1.619048 2.380952
   4    6   16 1.133333 2.866667
   4    4   18 0.800000 3.200000
   3    2   18 0.333333 2.666667
  28   90   75 15.233333 12.766667
  13   42   40 6.752381 6.247619
  12   28   40 4.961905 7.038095
  14   46   37 7.919048 6.080952
  19   48   66 8.092857 10.907143
   4    8   13 1.500000 2.500000
   2    0   15 0.000000 2.000000
  10   30   34 4.883333 5.116667
   3    2   17 0.309524 2.690476
  24   74   71 12.344048 11.655952
  12   42   29 7.116667 4.883333
  10   18   44 2.952381 7.047619
  12   32   43 5.204762 6.795238
  18   44   66 7.438095 10.561905
   4    4   19 0.709524 3.290476
  12   32   37 5.490476 6.509524
   1    0    6 0.000000 1.000000
  32  114   76 19.214286 12.785714
  11   20   45 3.400000 7.600000
   3    0   16 0.000000 3.000000
   4    4   20 0.666667 3.333333
  22   78   53 13.060714 8.939286
   6   16   21 2.585714 3.414286
  19   74   40 12.385714 6.614286
  31  120   65 20.205952 10.794048
  15   34   59 5.500000 9.500000
   1    0    7 0.000000 1.000000
   4    8   14 1.500000 2.500000
  33  132   66 22.152381 10.847619
   5   14   15 2.433333 2.566667
  20   62   58 10.626190 9.373810
  30  124   54 20.988095 9.011905
   7    8   38 1.253571 5.746429
   1    0    6 0.000000 1.000000
   1    0    7 0.000000 1.000000
  34  136   67 22.700000 11.300000
   7   18   26 2.875000 4.125000
  24   86   57 14.452381 9.547619
  26   84   65 14.642857 11.357143
   7    8   40 1.196429 5.803571
   3    4   14 0.676190 2.323810
  43  184   79 30.466667 12.533333
   2    0   12 0.000000 2.000000
  16   58   40 9.519048 6.480952
  32  130   57 22.009524 9.990476
   4    4   18 0.766667 3.233333
   1    0    6 0.000000 1.000000
  46  194   87 32.113095 13.886905
   3    4   15 0.642857 2.357143
  14   46   35 7.890476 6.109524
  30  118   60 20.042857 9.957143
   6    8   27 1.376190 4.623810
  40  154   91 25.492857 14.507143
  20   74   45 12.480952 7.519048
  33  126   70 21.309524 11.690476
   7   14   26 2.509524 4.490476
  36  126   86 21.365476 14.634524
  17   52   53 8.457143 8.542857
  39  164   71 27.539286 11.460714
   8   18   30 3.052381 4.947619
  28   88   80 14.769048 13.230952
  27  104   60 17.197619 9.802381
  42  176   72 29.695238 12.304762
   3    2   18 0.309524 2.690476
  24   72   72 12.107143 11.892857
  22   66   67 11.090476 10.909524
  53  248   69 41.578571 11.421429
   1    0    6 0.000000 1.000000
  30  110   73 18.433333 11.566667
  14   36   45 6.261905 7.738095
  56  266   70 44.628571 11.371429
  34  142   59 24.080952 9.919048
   8   14   36 2.314286 5.685714
  58  276   73 45.817857 12.182143
  45  200   73 33.376190 11.623810
  11   24   42 3.990476 7.009524
  44  186   75 31.384524 12.615476
  40  164   78 27.354762 12.645238
  11   24   37 4.569048 6.430952
  49  216   81 35.909524 13.090476
  38  142   88 23.628571 14.371429
  11   24   41 4.204762 6.795238
  51  208   97 35.133333 15.866667
  35  114   99 18.929762 16.070238
   4    4   19 0.700000 3.300000
  61  266   98 44.648016 16.351984
  31   92   94 15.389286 15.610714
   1    0    7 0.000000 1.000000
  68  314   93 52.402381 15.597619
  37  110  107 18.784524 18.215476
  63  276  107 45.784921 17.215079
  30   88   90 14.923810 15.076190
  70  332   90 55.370238 14.629762
  29   86   92 14.361905 14.638095
  71  330   92 55.704762 15.295238
  30   96   87 15.955952 14.044048
  70  330   87 55.436905 14.563095
  28  102   63 17.385714 10.614286
  72  372   63 62.000000 10.000000
  29   84   91 14.090476 14.909524
  71  334   91 55.695238 15.304762
  27   80   76 13.790476 13.209524
  73  368   76 61.005952 11.994048
  25   64   96 10.485714 14.514286
  75  344   96 58.592857 16.407143
  22   70   60 11.823810 10.176190
  78  410   60 68.429762 9.570238
  29  102   70 17.080952 11.919048
  71  358   70 59.617857 11.382143
  35  150   59 25.190476 9.809524
  65  332   59 55.352381 9.647619
  35  128   83 21.604762 13.395238
  65  306   83 51.090476 13.909524
  29   88   86 14.898810 14.101190
  71  340   86 56.715476 14.284524
  30   96   87 16.028571 13.971429
  70  330   87 55.305159 14.694841
  41  166   81 27.582143 13.417857
  59  272   81 45.419048 13.580952
  37  128   93 21.452381 15.547619
  63  286   93 47.650000 15.350000
  34  122   86 20.042857 13.957143
  66  306   86 51.357143 14.642857
  47  188   92 31.509524 15.490476
  53  228   92 38.372619 14.627381
  65  294   95 49.685714 15.314286
  35  116   95 19.565476 15.434524
  61  264  108 43.638095 17.361905
  39  120  108 20.472619 18.527381
  55  192  134 32.740476 22.259524
  45  140  134 23.579762 21.420238
  54  206  115 34.540476 19.459524
  46  164  115 27.219048 18.780952
  52  216   94 36.347619 15.652381
  48  196   94 32.670238 15.329762
  48  186  107 30.758333 17.241667
  52  200  107 33.711905 18.288095
  37  102  115 17.376190 19.623810
  63  268  115 44.508333 18.491667
  51  184  122 30.996429 20.003571
  49  172  122 28.530952 20.469048
  40  134  111 22.154762 17.845238
  60  244  111 41.057143 18.942857
  44  158  105 26.828571 17.171429
  56  232  105 38.888889 17.111111
  41  154   95 25.589286 15.410714
  59  256   95 42.995238 16.004762
  40  152   91 25.116667 14.883333
  60  266   91 44.872619 15.127381
  41  156   88 26.426190 14.573810
  59  268   88 44.816667 14.183333
  44  156   99 26.669048 17.330952
  56  246   99 40.507143 15.492857
  44  162  103 27.145238 16.854762
  56  232  103 38.785714 17.214286
  42  142  111 23.647619 18.352381
  58  236  111 39.659524 18.340476
  47  174  103 29.550000 17.450000
  53  220  103 36.300000 16.700000
  34  102   99 17.191667 16.808333
  66  300   99 50.022619 15.977381
  34  116   90 19.347619 14.652381
  66  304   90 51.052381 14.947619
  40  138   98 23.176190 16.823810
  60  266   98 44.146429 15.853571
  38  128   99 21.461905 16.538095
  62  274   99 45.622619 16.377381
  43  144  110 24.430952 18.569048
  57  236  110 39.355952 17.644048
  34  114   93 18.935714 15.064286
  66  300   93 50.360714 15.639286
  35  130   83 21.716667 13.283333
  65  304   83 50.965476 14.034524
  27   96   67 15.961905 11.038095
  73  370   67 61.771429 11.228571
  22   56   74 9.580952 12.419048
  78  396   74 65.867857 12.132143
  29   92   80 15.680952 13.319048
  71  348   80 57.926190 13.073810
  26   74   80 12.523810 13.476190
  74  366   80 60.866667 13.133333
  49  190  103 31.896429 17.103571
  51  204  103 34.260714 16.739286
  50  192  111 31.844048 18.155952
  50  186  111 31.423810 18.576190
  46  174   98 29.465476 16.534524
  54  230   98 38.380952 15.619048
  35  130   81 21.742857 13.257143
  65  308   81 51.652381 13.347619
  38  126   95 21.628571 16.371429
  62  284   95 46.886905 15.113095
  29   84   90 14.147619 14.852381
  71  336   90 56.200000 14.800000
  13   16   62 2.696429 10.303571
  87  460   62 76.798413 10.201587
  16   34   61 5.900000 10.100000
  84  444   61 73.996429 10.003571
  18   38   66 6.580952 11.419048
  82  430   66 71.366667 10.633333
  14   40   45 6.595238 7.404762
  86  470   45 78.342857 7.657143
   3    4   17 0.601190 2.398810
  97  562   17 93.848810 3.151190
   1    0    6 0.000000 1.000000
  99  588    6 98.014286 0.985714
 100  600    0 100.000000 0.000000
