   1    0    6 0.000000 1.000000
   3    6   13 0.952381 2.047619
   4    6   14 1.200000 2.800000
   1    0    7 0.000000 1.000000
   3    4   15 0.642857 2.357143
   3    4   13 0.700000 2.300000
   1    0    6 0.000000 1.000000
   2    2    9 0.366667 1.633333
   1    0    6 0.000000 1.000000
   1    0    6 0.000000 1.000000
   1    0    7 0.000000 1.000000
   1    0    5 0.000000 1.000000
   4   10   14 1.675000 2.325000
   3    6   13 0.952381 2.047619
   1    0    5 0.000000 1.000000
   2    2   10 0.333333 1.666667
   1    0    8 0.000000 1.000000
   2    2    9 0.366667 1.633333
   2    2    9 0.366667 1.633333
   1    0    6 0.000000 1.000000
   1    0    6 0.000000 1.000000
   2    2   11 0.309524 1.690476
   1    0    7 0.000000 1.000000
   1    0    6 0.000000 1.000000
   1    0    6 0.000000 1.000000
   1    0    6 0.000000 1.000000
   1    0    6 0.000000 1.000000
   5   12   15 2.200000 2.800000
   1    0    5 0.000000 1.000000
   1    0    6 0.000000 1.000000
   8   20   26 3.480952 4.519048
   3    4   12 0.733333 2.266667
   3    6   12 1.050000 1.950000
   2    2   11 0.309524 1.690476
   1    0    5 0.000000 1.000000
   3    6   13 0.952381 2.047619
   1    0    7 0.000000 1.000000
   1    0    6 0.000000 1.000000
   3    4   13 0.733333 2.266667
   1    0    7 0.000000 1.000000
   2    2   11 0.309524 1.690476
   1    0    6 0.000000 1.000000
   1    0    7 0.000000 1.000000
   1    0    8 0.000000 1.000000
   1    0    6 0.000000 1.000000
   1    0    6 0.000000 1.000000
   1    0    6 0.000000 1.000000
   1    0    6 0.000000 1.000000
   1    0    6 0.000000 1.000000
   2    2   11 0.309524 1.690476
   1    0    6 0.000000 1.000000
   2    0   12 0.000000 2.000000
   2    2   12 0.291667 1.708333
   1    0    6 0.000000 1.000000
   1    0    6 0.000000 1.000000
   1    0    6 0.000000 1.000000
   1    0    6 0.000000 1.000000
   4   10   16 1.547619 2.452381
   1    0    8 0.000000 1.000000
   1    0    6 0.000000 1.000000
   4    8   16 1.352381 2.647619
   2    2    9 0.366667 1.633333
   6   18   17 3.076190 2.923810
   3    4   14 0.666667 2.333333
   3    4   13 0.700000 2.300000
   1    0    7 0.000000 1.000000
   2    2    9 0.366667 1.633333
   3    6   11 1.066667 1.933333
   1    0    7 0.000000 1.000000
   1    0    6 0.000000 1.000000
   1    0    6 0.000000 1.000000
   1    0    7 0.000000 1.000000
   2    0   13 0.000000 2.000000
   5    8   23 1.309524 3.690476
   1    0    6 0.000000 1.000000
   4    4   23 0.595238 3.404762
   3    4   15 0.642857 2.357143
  13   52   27 8.733333 4.266667
   1    0    5 0.000000 1.000000
   3    4   11 0.816667 2.183333
   9   22   31 3.761905 5.238095
   1    0    7 0.000000 1.000000
   3    6   13 0.952381 2.047619
   1    0    6 0.000000 1.000000
   1    0    5 0.000000 1.000000
  13   40   32 7.071429 5.928571
   3    6   12 1.050000 1.950000
   1    0    7 0.000000 1.000000
   2    2   10 0.333333 1.666667
   2    2   11 0.309524 1.690476
   1    0    6 0.000000 1.000000
   3    4   13 0.742857 2.257143
   4   10   15 1.595238 2.404762
  13   48   32 7.876190 5.123810
   1    0    6 0.000000 1.000000
   3    2   16 0.333333 2.666667
   3    6   13 0.952381 2.047619
   6   12   22 2.200000 3.800000
   4    4   23 0.601190 3.398810
   2    2   11 0.309524 1.690476
   5    8   23 1.241667 3.758333
   3    4   11 0.800000 2.200000
  13   36   41 6.066667 6.933333
   2    2    8 0.400000 1.600000
   1    0    7 0.000000 1.000000
   5    8   21 1.333333 3.666667
   1    0    6 0.000000 1.000000
   8   24   22 4.050000 3.950000
   2    2   11 0.309524 1.690476
   1    0    6 0.000000 1.000000
  13   30   46 5.103571 7.896429
   2    2   10 0.333333 1.666667
   2    2   12 0.285714 1.714286
   4    4   18 0.766667 3.233333
   5   10   20 1.666667 3.333333
   4    8   16 1.333333 2.666667
  20   78   42 13.150000 6.850000
   5   12   19 1.971429 3.028571
   2    0   12 0.000000 2.000000
   5   10   20 1.738095 3.261905
   4    8   18 1.261905 2.738095
   2    2   11 0.309524 1.690476
   9   22   31 3.766667 5.233333
   4    4   19 0.652381 3.347619
   6   10   26 1.709524 4.290476
   1    0    6 0.000000 1.000000
   1    0    7 0.000000 1.000000
   4    4   19 0.709524 3.290476
   4    6   19 0.952381 3.047619
   2    2    9 0.366667 1.633333
  10   16   45 2.633333 7.366667
   1    0    6 0.000000 1.000000
   7   16   25 2.679762 4.320238
   8   20   28 3.352381 4.647619
   8   18   30 2.985714 5.014286
   4    4   20 0.700000 3.300000
  24   94   51 15.583333 8.416667
   1    0    6 0.000000 1.000000
   2    2    9 0.366667 1.633333
  12   42   30 7.033333 4.966667
   3    4   14 0.666667 2.333333
   2    2    9 0.366667 1.633333
   5    6   22 1.100000 3.900000
   4   10   15 1.678571 2.321429
   5    6   25 0.976190 4.023810
   1    0    6 0.000000 1.000000
   1    0    6 0.000000 1.000000
   3    6   12 1.019048 1.980952
   1    0    6 0.000000 1.000000
   6   18   17 3.128571 2.871429
   8   14   35 2.271429 5.728571
   2    2   11 0.309524 1.690476
   2    2   11 0.309524 1.690476
   6   14   22 2.376190 3.623810
   4    2   20 0.366667 3.633333
  45  206   67 34.085714 10.914286
   1    0    6 0.000000 1.000000
   9   24   32 3.928571 5.071429
   4   10   15 1.590476 2.409524
   2    2    9 0.366667 1.633333
   8   20   26 3.500000 4.500000
   2    2    8 0.400000 1.600000
   1    0    7 0.000000 1.000000
   1    0    5 0.000000 1.000000
   2    2   10 0.333333 1.666667
  13   30   48 5.066667 7.933333
   1    0    7 0.000000 1.000000
   2    2   10 0.333333 1.666667
   1    0    6 0.000000 1.000000
  63  288   89 48.172619 14.827381
   1    0    6 0.000000 1.000000
  14   30   52 5.204762 8.795238
   5   12   18 1.971429 3.028571
   7   18   25 2.923810 4.076190
   2    2   10 0.333333 1.666667
   2    2   11 0.309524 1.690476
   2    2   10 0.342857 1.657143
   2    2   11 0.309524 1.690476
   7   20   21 3.395238 3.604762
   2    2    9 0.366667 1.633333
  62  296   76 49.376190 12.623810
   8    8   38 1.409524 6.590476
  12   44   29 7.322619 4.677381
   2    0   12 0.000000 2.000000
   1    0    6 0.000000 1.000000
   3    4   16 0.595238 2.404762
   1    0    6 0.000000 1.000000
  11   32   32 5.528571 5.471429
   2    2   10 0.333333 1.666667
  63  306   74 50.934524 12.065476
   3    0   19 0.000000 3.000000
  10   22   41 3.738095 6.261905
   2    0   12 0.000000 2.000000
   5   10   19 1.771429 3.228571
   4    6   15 1.166667 2.833333
  12   34   39 5.604762 6.395238
   1    0    5 0.000000 1.000000
  59  274   81 45.553571 13.446429
   4    2   24 0.285714 3.714286
   5   10   19 1.728571 3.271429
   4    6   17 1.085714 2.914286
   9   26   29 4.276190 4.723810
   6   12   22 2.152381 3.847619
  12   36   35 6.066667 5.933333
   1    0    6 0.000000 1.000000
  62  276   97 45.902381 16.097619
   9   20   35 3.328571 5.671429
   6   18   17 3.047619 2.952381
   5    6   26 0.904762 4.095238
   3    4   13 0.700000 2.300000
   2    0   11 0.000000 2.000000
  20   54   64 9.214286 10.785714
  50  208   95 34.802381 15.197619
  11   30   34 5.247619 5.752381
   9   26   27 4.428571 4.571429
   6    8   31 1.309524 4.690476
   3    6   12 1.019048 1.980952
   1    0    5 0.000000 1.000000
  19   44   76 7.047619 11.952381
  42  170   84 28.178571 13.821429
  13   38   42 6.290476 6.709524
  13   46   30 7.794048 5.205952
   6    8   24 1.500000 4.500000
   7   10   28 1.869048 5.130952
  18   32   71 5.590476 12.409524
  46  190   86 31.840476 14.159524
  11   20   46 3.463095 7.536905
   8   16   32 2.771429 5.228571
  10   20   42 3.280952 6.719048
   7   14   31 2.221429 4.778571
  22   66   67 11.071429 10.928571
  34  122   86 20.429762 13.570238
   5    4   25 0.700000 4.300000
  15   46   42 7.890476 7.109524
  15   56   33 9.490476 5.509524
   9   18   35 3.052381 5.947619
  15   38   53 6.419048 8.580952
  34  118   86 19.985714 14.014286
  10   26   31 4.452381 5.547619
  16   38   58 6.473810 9.526190
  18   52   55 8.785714 9.214286
   7   14   31 2.214286 4.785714
  14   36   51 5.885714 8.114286
  42  164   86 27.560714 14.439286
  16   48   46 8.433333 7.566667
  10   30   30 5.080952 4.919048
  15   38   53 6.276190 8.723810
   3    2   16 0.366667 2.633333
  13   40   37 6.852381 6.147619
  30   98   84 16.328571 13.671429
  21   74   50 12.576190 8.423810
  11   34   34 5.600000 5.400000
  18   58   48 10.000000 8.000000
   7   14   29 2.414286 4.585714
   7   12   30 1.942857 5.057143
  34  128   79 21.401190 12.598810
  15   60   30 10.269048 4.730952
  14   26   52 4.733333 9.266667
  22   68   67 11.297619 10.702381
   8   16   32 2.671429 5.328571
   6   16   22 2.552381 3.447619
  26   86   68 14.614286 11.385714
  17   58   42 9.828571 7.171429
  19   74   40 12.473810 6.526190
  19   46   67 7.809524 11.190476
  13   30   51 5.004762 7.995238
   2    2   11 0.309524 1.690476
  45  198   72 33.057143 11.942857
  12   28   46 4.702381 7.297619
   6   12   24 2.071429 3.928571
  21   58   63 10.266667 10.733333
  14   30   56 5.188095 8.811905
   1    0    6 0.000000 1.000000
  36  138   75 23.617857 12.382143
  21   72   50 12.439286 8.560714
   2    2   12 0.285714 1.714286
  21   56   70 9.571429 11.428571
  19   50   69 8.185714 10.814286
   5   12   17 2.119048 2.880952
  35  118   95 19.734524 15.265476
  19   64   50 10.828571 8.171429
   4    6   17 1.066667 2.933333
  20   58   61 9.757143 10.242857
  17   44   58 7.423810 9.576190
   7   20   23 3.294048 3.705952
  37  114  102 19.552381 17.447619
  13   30   48 5.000000 8.000000
   2    0   12 0.000000 2.000000
  21   70   59 11.480952 9.519048
  20   50   72 8.300000 11.700000
   5    2   30 0.309524 4.690476
  35  128   81 21.772619 13.227381
  13   30   44 5.200000 7.800000
   2    2   11 0.309524 1.690476
   9   10   45 1.604762 7.395238
  36  124   93 20.804762 15.195238
   3    0   18 0.000000 3.000000
  40  164   73 27.696429 12.303571
  10   14   47 2.280952 7.719048
   1    0    6 0.000000 1.000000
   7    8   37 1.341667 5.658333
  39  136   97 23.104762 15.895238
   4    4   20 0.709524 3.290476
  46  190   79 32.247619 13.752381
   5    4   28 0.666667 4.333333
   2    2   11 0.309524 1.690476
  16   44   52 7.371429 8.628571
  27   72   94 11.852381 15.147619
  46  188   84 31.766667 14.233333
   7   16   29 2.554762 4.445238
   4    6   16 1.100000 2.900000
  23   70   69 11.800000 11.200000
  20   42   80 6.976190 13.023810
  47  210   78 34.565476 12.434524
   3    2   18 0.309524 2.690476
   3    2   15 0.333333 2.666667
  27   88   72 14.900000 12.100000
  20   48   67 8.414286 11.585714
  45  170   99 28.294048 16.705952
   1    0    7 0.000000 1.000000
   1    0    6 0.000000 1.000000
  33  110   91 18.447619 14.552381
  20   40   77 6.859524 13.140476
  48  198   91 33.030159 14.969841
  27   84   76 14.223810 12.776190
  25   76   75 12.485714 12.514286
  40  144   98 23.961905 16.038095
  39  140   92 23.523810 15.476190
  21   62   64 10.346429 10.653571
  17   28   74 4.738095 12.261905
  41  150  100 24.819048 16.180952
  42  162   86 27.458333 14.541667
  23   72   71 12.073810 10.926190
  38  152   74 25.523810 12.476190
  39  150   81 25.338095 13.661905
  22   56   80 9.210714 12.789286
  40  168   72 27.966667 12.033333
  38  134   90 22.734524 15.265476
  32  102   92 17.021429 14.978571
  30  106   76 17.761905 12.238095
  38  124  100 20.880952 17.119048
  26   78   78 13.221429 12.778571
  38  140   88 23.495238 14.504762
  36  130   86 21.838095 14.161905
  28   86   81 14.380952 13.619048
  37  144   80 23.947619 13.052381
  35  120   89 20.100000 14.900000
  23   58   82 9.671429 13.328571
  46  182   90 30.676190 15.323810
  31   92   96 15.214286 15.785714
  30  100   82 16.623810 13.376190
  36  124   93 20.833333 15.166667
  34  100  101 17.119048 16.880952
  43  176   84 29.353571 13.646429
  34  124   79 20.886905 13.113095
  23   54   83 9.157143 13.842857
  49  222   73 37.198810 11.801190
  37  126   95 21.238095 15.761905
  14   36   48 6.095238 7.904762
  44  202   61 33.832143 10.167857
  33  120   84 19.739286 13.260714
  23   80   53 13.795238 9.204762
  63  318   61 53.080952 9.919048
  19   56   57 9.509524 9.490476
  18   56   52 9.476190 8.523810
  51  244   65 40.722619 10.277381
  14   46   36 7.866667 6.133333
  35  142   67 23.884524 11.115476
  54  254   69 42.484524 11.515476
  13   36   42 5.961905 7.038095
  33  136   63 22.747619 10.252381
  56  264   72 44.185714 11.814286
  17   46   57 7.747619 9.252381
  27   96   65 16.176190 10.823810
  59  282   71 47.147619 11.852381
  16   46   51 7.709524 8.290476
  25   92   58 15.358333 9.641667
  68  338   69 56.676190 11.323810
  15   42   48 7.111905 7.888095
  17   46   57 7.752381 9.247619
  67  330   71 55.069048 11.930952
  22   74   59 12.452381 9.547619
  11   16   50 2.728571 8.271429
  56  258   80 43.096429 12.903571
  26   82   72 13.765476 12.234524
  18   32   76 5.407143 12.592857
  53  214   98 36.347619 16.652381
  24   88   64 14.151190 9.848810
  23   52   84 8.909524 14.090476
  49  182  113 30.407143 18.592857
  32  104   83 18.011905 13.988095
  19   36   82 5.842857 13.157143
  49  196   99 32.769841 16.230159
  31  114   71 19.214286 11.785714
  20   38   82 6.615476 13.384524
  49  196   99 32.591667 16.408333
  32  116   79 19.297619 12.702381
  19   42   68 7.119048 11.880952
  49  192  101 31.880952 17.119048
  33  126   73 21.029762 11.970238
  18   40   68 6.780952 11.219048
  55  238   90 40.111905 14.888095
  35  146   66 24.626190 10.373810
  10   16   44 2.785714 7.214286
  55  230  102 38.469048 16.530952
  31  112   76 18.702381 12.297619
  14   30   50 5.128571 8.871429
  42  150  109 24.750000 17.250000
  37  116   98 20.145238 16.854762
  21   54   73 8.895238 12.104762
  51  214   89 36.040476 14.959524
  25   78   75 12.766667 12.233333
  24   84   60 14.238095 9.761905
  54  232   93 38.803571 15.196429
  25   86   64 14.521429 10.478571
  21   62   63 10.657143 10.342857
  56  248   91 41.329762 14.670238
  25   72   75 12.309524 12.690476
  19   52   62 8.859524 10.140476
  55  224  107 37.505952 17.494048
  24   56   88 9.369048 14.630952
  21   58   67 9.759524 11.240476
  55  218  109 36.792857 18.207143
  32   96   97 16.071429 15.928571
  13   22   58 3.580952 9.419048
  53  210  110 34.859524 18.140476
  36  114  101 19.122222 16.877778
  11   28   37 4.714286 6.285714
  52  218   90 36.771429 15.228571
  42  174   81 28.671429 13.328571
   6    6   31 0.985714 5.014286
  48  186  104 30.975000 17.025000
  40  154   85 25.842857 14.157143
  12   24   47 3.985714 8.014286
  37  136   91 22.352381 14.647619
  53  224   88 38.204762 14.795238
  10   20   41 3.338095 6.661905
  35  138   73 23.182143 11.817857
  58  264   84 44.158333 13.841667
   7   16   25 2.719048 4.280952
  44  178   82 30.155952 13.844048
  52  226   91 37.494048 14.505952
   4    8   15 1.400000 2.600000
  52  192  111 32.900000 19.100000
  46  170  115 27.798810 18.201190
   2    2   10 0.333333 1.666667
  54  220  104 37.033333 16.966667
  46  172  104 28.847619 17.152381
  42  150   99 25.400000 16.600000
  58  252   99 41.942857 16.057143
  43  158  106 26.148810 16.851190
  57  230  106 39.200000 17.800000
  45  174  101 28.707143 16.292857
  55  224  101 37.909524 17.090476
  38  128  101 21.401190 16.598810
  62  270  101 44.979762 17.020238
  34  116   88 19.494048 14.505952
  66  308   88 51.479762 14.520238
  33  100   96 16.808333 16.191667
  67  308   96 51.277381 15.722619
  37  136   82 23.042857 13.957143
  63  300   82 49.780952 13.219048
  35  128   82 21.528571 13.471429
  65  308   82 51.378571 13.621429
  41  158   88 26.463095 14.536905
  59  266   88 44.377381 14.622619
  45  176  102 28.525000 16.475000
  55  220  102 37.045238 17.954762
  42  142  109 23.800000 18.200000
  58  240  109 39.976190 18.023810
  36  128   92 21.378571 14.621429
  64  288   92 48.591667 15.408333
  34  116   90 19.285714 14.714286
  66  304   90 50.982143 15.017857
  35  110   98 18.635714 16.364286
  65  294   98 48.947619 16.052381
  34  142   62 23.945238 10.054762
  66  334   62 55.823810 10.176190
  23   66   70 11.102381 11.897619
  77  394   70 65.673810 11.326190
  25   84   66 14.176190 10.823810
  75  384   66 64.294048 10.705952
  29  106   63 18.026190 10.973810
  71  368   63 61.066667 9.933333
  35  148   62 24.717857 10.282143
  65  328   62 54.814286 10.185714
  44  190   70 31.890476 12.109524
  56  270   70 44.639286 11.360714
  50  212   85 35.628571 14.371429
  50  218   85 36.066667 13.933333
  63  286   87 48.129762 14.870238
  37  140   87 23.158333 13.841667
  73  354   80 59.390476 13.609524
  27   86   80 14.195238 12.804762
  73  346   92 57.647619 15.352381
  27   70   92 11.690476 15.309524
  70  318   99 53.583333 16.416667
  30   84   99 14.023810 15.976190
  78  384   81 64.414286 13.585714
  22   54   81 8.829762 13.170238
  81  420   68 69.839286 11.160714
  19   44   68 7.604762 11.395238
  83  438   58 73.271429 9.728571
  17   46   58 7.623810 9.376190
  85  460   49 76.780952 8.219048
  15   42   49 6.923810 8.076190
  87  466   55 77.865476 9.134524
  13   24   55 4.047619 8.952381
  75  384   63 64.265079 10.734921
  25   90   63 14.759524 10.240476
  71  350   80 58.322619 12.677381
  29   90   80 15.382143 13.617857
  73  354   86 59.036905 13.963095
  27   74   86 12.730952 14.269048
  74  378   67 63.083333 10.916667
  26   88   67 14.647619 11.352381
  74  360   82 60.252381 13.747619
  26   76   82 12.584524 13.415476
  71  326   98 54.546429 16.453571
  29   78   98 12.852381 16.147619
  64  304   81 50.719048 13.280952
  36  134   81 22.619048 13.380952
  77  392   69 65.527381 11.472619
  23   70   69 11.684524 11.315476
  79  404   69 67.488095 11.511905
  21   58   69 9.940476 11.059524
  78  392   73 65.569048 12.430952
  22   62   73 10.295635 11.704365
  78  404   59 67.704762 10.295238
  22   78   59 12.647619 9.352381
  79  424   52 70.619048 8.380952
  21   72   52 12.064286 8.935714
  66  342   53 57.135714 8.864286
  34  152   53 25.457143 8.542857
  74  396   50 66.069048 7.930952
  26  104   50 17.680952 8.319048
  84  456   50 76.094048 7.905952
  16   44   50 7.604762 8.395238
  85  462   50 76.925000 8.075000
  15   38   50 6.657143 8.342857
  85  456   53 76.271429 8.728571
  15   38   53 6.389286 8.610714
  91  504   42 84.039286 6.960714
   9   12   42 1.997619 7.002381
  86  480   37 79.933333 6.066667
  14   46   37 7.885714 6.114286
  84  462   43 77.014286 6.985714
  16   52   43 8.829762 7.170238
  79  426   50 71.085714 7.914286
  21   74   50 12.604762 8.395238
  84  442   60 73.994048 10.005952
  16   38   60 6.319048 9.680952
  84  454   51 75.661905 8.338095
  16   44   51 7.480952 8.519048
  82  438   58 72.677381 9.322619
  18   46   58 7.821429 10.178571
  88  486   41 81.269048 6.730952
  12   32   41 5.466667 6.533333
  95  554   17 92.275000 2.725000
   5   12   17 2.066667 2.933333
  99  588    6 97.933333 1.066667
   1    0    6 0.000000 1.000000
 100  600    0 100.000000 0.000000
