   1    0    7 0.000000 1.000000
   2    2    9 0.366667 1.633333
   2    2   11 0.309524 1.690476
   2    2    9 0.366667 1.633333
   1    0    6 0.000000 1.000000
   2    2   11 0.309524 1.690476
   1    0    6 0.000000 1.000000
   1    0    7 0.000000 1.000000
   1    0    8 0.000000 1.000000
   1    0    6 0.000000 1.000000
   1    0    6 0.000000 1.000000
   3    6   13 0.971429 2.028571
   1    0    6 0.000000 1.000000
   2    2   10 0.333333 1.666667
   1    0    7 0.000000 1.000000
   1    0    6 0.000000 1.000000
   1    0    6 0.000000 1.000000
   2    2   11 0.309524 1.690476
   3    6   10 1.133333 1.866667
   1    0    6 0.000000 1.000000
   3    6    9 1.233333 1.766667
   1    0    7 0.000000 1.000000
   1    0    5 0.000000 1.000000
   1    0    6 0.000000 1.000000
   1    0    6 0.000000 1.000000
   1    0    7 0.000000 1.000000
   1    0    7 0.000000 1.000000
   1    0    7 0.000000 1.000000
   6   16   21 2.595238 3.404762
   1    0    7 0.000000 1.000000
   4    6   15 1.133333 2.866667
   1    0    7 0.000000 1.000000
   1    0    7 0.000000 1.000000
   1    0    6 0.000000 1.000000
   1    0    6 0.000000 1.000000
   3    6   12 1.019048 1.980952
   2    2    9 0.366667 1.633333
   1    0    6 0.000000 1.000000
   1    0    6 0.000000 1.000000
   2    2    9 0.366667 1.633333
   2    2    9 0.366667 1.633333
   3    4   13 0.700000 2.300000
   2    2   10 0.342857 1.657143
   2    2   11 0.309524 1.690476
   3    6    9 1.233333 1.766667
   1    0    7 0.000000 1.000000
   1    0    6 0.000000 1.000000
   2    2    9 0.366667 1.633333
   2    2    8 0.400000 1.600000
   2    2    9 0.366667 1.633333
   2    2    8 0.416667 1.583333
   2    2   11 0.325000 1.675000
   1    0    7 0.000000 1.000000
   1    0    7 0.000000 1.000000
   1    0    8 0.000000 1.000000
   1    0    5 0.000000 1.000000
   2    2   11 0.309524 1.690476
   1    0    5 0.000000 1.000000
   2    2   11 0.309524 1.690476
   1    0    6 0.000000 1.000000
   1    0    6 0.000000 1.000000
   1    0    6 0.000000 1.000000
   3    6   12 1.050000 1.950000
   1    0    8 0.000000 1.000000
   3    4   13 0.733333 2.266667
   1    0    6 0.000000 1.000000
   2    2   13 0.267857 1.732143
   1    0    6 0.000000 1.000000
   1    0    6 0.000000 1.000000
   2    2    9 0.366667 1.633333
   2    2    8 0.400000 1.600000
   6   12   25 1.952381 4.047619
   2    2   11 0.309524 1.690476
   1    0    6 0.000000 1.000000
   3    6   13 0.952381 2.047619
   7   16   25 2.728571 4.271429
   4    4   19 0.709524 3.290476
   2    2   10 0.342857 1.657143
   4    6   17 1.066667 2.933333
   2    2   11 0.309524 1.690476
   1    0    6 0.000000 1.000000
   6   16   20 2.671429 3.328571
   1    0    6 0.000000 1.000000
   1    0    8 0.000000 1.000000
   1    0    7 0.000000 1.000000
   9   28   24 4.852381 4.147619
   1    0    6 0.000000 1.000000
   4    6   15 1.166667 2.833333
   8   24   23 4.185714 3.814286
   6   14   21 2.476190 3.523810
   2    2    9 0.366667 1.633333
   1    0    6 0.000000 1.000000
   5   10   22 1.571429 3.428571
   1    0    7 0.000000 1.000000
   2    2    9 0.366667 1.633333
   1    0    6 0.000000 1.000000
   2    2   11 0.309524 1.690476
   1    0    6 0.000000 1.000000
   4    6   18 1.042857 2.957143
   5   10   23 1.517857 3.482143
   2    2    9 0.366667 1.633333
   4    8   16 1.328571 2.671429
   1    0    6 0.000000 1.000000
   4    2   22 0.366667 3.633333
   4    6   18 1.042857 2.957143
   1    0    6 0.000000 1.000000
   7   16   27 2.680952 4.319048
   3    0   20 0.000000 3.000000
   1    0    7 0.000000 1.000000
   8   22   27 3.623810 4.376190
   2    2   10 0.333333 1.666667
  13   42   36 7.090476 5.909524
   1    0    6 0.000000 1.000000
   3    2   15 0.366667 2.633333
   8   22   26 3.752381 4.247619
   5    8   21 1.385714 3.614286
  11   22   42 3.780952 7.219048
   2    2    9 0.366667 1.633333
   5   14   15 2.433333 2.566667
   5   14   14 2.533333 2.466667
   1    0    7 0.000000 1.000000
   3    4   12 0.833333 2.166667
   9   30   23 5.166667 3.833333
   2    2   11 0.309524 1.690476
   1    0    7 0.000000 1.000000
   4    2   21 0.366667 3.633333
   1    0    6 0.000000 1.000000
   1    0    6 0.000000 1.000000
  10   26   34 4.376190 5.623810
  17   60   44 9.946429 7.053571
  17   56   48 9.213095 7.786905
   1    0    7 0.000000 1.000000
   7   18   25 3.009524 3.990476
   4    8   15 1.400000 2.600000
   2    2   11 0.309524 1.690476
  17   48   49 8.423810 8.576190
   1    0    6 0.000000 1.000000
   3    4   15 0.619048 2.380952
   1    0    6 0.000000 1.000000
   9   28   28 4.585714 4.414286
   2    2   11 0.309524 1.690476
   1    0    7 0.000000 1.000000
   9   22   32 3.871429 5.128571
   1    0    5 0.000000 1.000000
  14   40   44 6.628571 7.371429
  17   52   47 8.996429 8.003571
  14   34   52 5.670238 8.329762
  11   22   43 3.804762 7.195238
   7   22   19 3.771429 3.228571
   2    0   12 0.000000 2.000000
  12   30   42 4.942857 7.057143
  19   78   38 12.879762 6.120238
   6   18   19 2.933333 3.066667
   4   10   16 1.547619 2.452381
  18   48   55 8.371429 9.628571
  12   28   43 4.852381 7.147619
  13   42   36 6.923810 6.076190
  11   28   36 4.947619 6.052381
   3    6   13 0.952381 2.047619
   2    2    9 0.366667 1.633333
  12   30   45 4.989286 7.010714
  13   50   28 8.495238 4.504762
   5   14   16 2.385714 2.614286
   1    0    7 0.000000 1.000000
  14   32   48 5.561905 8.438095
   4    2   23 0.366667 3.633333
  20   84   37 14.138095 5.861905
  13   42   39 6.892857 6.107143
   6   18   16 3.147619 2.852381
   1    0    7 0.000000 1.000000
  23   80   57 13.614286 9.385714
  10   22   38 3.666667 6.333333
   9   30   24 5.090476 3.909524
   2    2   11 0.309524 1.690476
  11   18   49 2.976190 8.023810
   1    0    7 0.000000 1.000000
  19   82   33 13.647619 5.352381
  16   56   39 9.486905 6.513095
   6   18   19 2.920238 3.079762
  26   90   62 15.454762 10.545238
  14   40   45 6.614286 7.385714
   7   12   29 2.052381 4.947619
   1    0    7 0.000000 1.000000
   5    2   28 0.366667 4.633333
  20   82   38 13.757143 6.242857
  20   76   42 12.901190 7.098810
   6   20   17 3.403571 2.596429
  27  102   60 17.147619 9.852381
  10   20   39 3.450000 6.550000
  11   34   31 5.714286 5.285714
   1    0    7 0.000000 1.000000
   5    6   24 0.952381 4.047619
  23   96   41 15.980952 7.019048
  19   72   45 11.959524 7.040476
   6   16   22 2.509524 3.490476
  25   92   55 15.552381 9.447619
  10   22   37 3.838095 6.161905
  17   66   37 10.961905 6.038095
  10   24   37 3.990476 6.009524
  20   78   43 13.150000 6.850000
  10   22   36 3.846429 6.153571
   4    4   20 0.652381 3.347619
  29  108   66 18.004762 10.995238
  15   52   36 8.847619 6.152381
  14   48   36 7.892857 6.107143
   8   12   35 2.004762 5.995238
  21   74   49 12.658333 8.341667
   8   12   38 1.967857 6.032143
   7   14   32 2.166667 4.833333
  27  100   62 16.803571 10.196429
  20   76   43 12.766667 7.233333
  16   44   53 7.252381 8.747619
   7   12   29 2.066667 4.933333
  11   22   44 3.747619 7.252381
  11   28   39 4.638095 6.361905
  12   24   46 4.138095 7.861905
  23   84   56 13.905952 9.094048
  23   80   56 13.558333 9.441667
  12   20   53 3.366667 8.633333
  12   30   42 5.028571 6.971429
  14   38   43 6.438095 7.561905
  12   24   47 4.080952 7.919048
  11   26   42 4.252381 6.747619
  16   56   43 9.119048 6.880952
  12   24   49 3.829762 8.170238
  16   36   58 6.219048 9.780952
  17   52   52 8.507143 8.492857
  23   80   58 13.555952 9.444048
  14   30   50 5.285714 8.714286
   9   12   43 1.945238 7.054762
   9   28   28 4.690476 4.309524
   5    4   24 0.733333 4.266667
  10   16   43 2.661905 7.338095
  23   76   64 12.564286 10.435714
  33  128   72 21.319048 11.680952
  12   38   33 6.453571 5.546429
  11   24   41 4.166667 6.833333
   6   14   23 2.238095 3.761905
   7    8   34 1.419048 5.580952
   5    4   24 0.700000 4.300000
  21   44   78 7.661905 13.338095
  31  110   79 18.266667 12.733333
  14   52   33 8.695238 5.304762
  14   32   53 5.391667 8.608333
   8   18   31 3.000000 5.000000
  12   40   32 6.747619 5.252381
   2    0   12 0.000000 2.000000
  20   56   61 9.557143 10.442857
  36  134   84 22.554762 13.445238
  13   40   37 6.671429 6.328571
  13   26   51 4.380952 8.619048
   4    4   23 0.619048 3.380952
  15   58   32 9.746429 5.253571
   1    0    5 0.000000 1.000000
  19   56   60 9.180952 9.819048
  37  134   81 23.161905 13.838095
  16   58   41 9.689286 6.310714
  10   16   47 2.636905 7.363095
   2    0   12 0.000000 2.000000
  11   30   36 5.104762 5.895238
  29  102   77 16.879762 12.120238
  32  108   78 18.500000 13.500000
  20   74   45 12.380952 7.619048
   8   10   40 1.669048 6.330952
   8   12   36 2.166667 5.833333
  34  106  100 17.882143 16.117857
  31   98   86 16.773810 14.226190
  24   76   64 13.014286 10.985714
   3    2   20 0.267857 2.732143
  11   26   37 4.640476 6.359524
  31  100   80 17.126190 13.873810
  28   88   85 14.353571 13.646429
  25   80   77 12.954762 12.045238
   5    6   21 1.159524 3.840476
   5    4   25 0.666667 4.333333
  35  126   84 21.200000 13.800000
  34  120   84 19.998810 14.001190
  22   54   81 8.771429 13.228571
   4    4   18 0.742857 3.257143
   5    4   25 0.642857 4.357143
  42  160   93 26.986905 15.013095
  31   98   84 16.680952 14.319048
  18   44   68 7.060714 10.939286
   4    4   20 0.666667 3.333333
   3    2   14 0.400000 2.600000
  54  238   89 39.711905 14.288095
  20   50   67 8.676190 11.323810
  18   54   56 9.028571 8.971429
   5   12   18 2.038095 2.961905
   8   14   34 2.380952 5.619048
  43  182   76 30.408333 12.591667
  23   60   75 10.257143 12.742857
  23   82   58 13.490476 9.509524
   3    2   17 0.309524 2.690476
   8   12   38 1.902381 6.097619
  27  108   54 18.080952 8.919048
  27   68   96 11.447619 15.552381
  35  132   75 22.430952 12.569048
   3    2   15 0.333333 2.666667
   9   14   43 2.285714 6.714286
  26  104   50 17.442857 8.557143
  31  106   81 17.647619 13.352381
  32  122   67 20.647619 11.352381
   2    2   11 0.309524 1.690476
   8   12   36 1.980952 6.019048
  33  124   75 20.838095 12.161905
  32  106   86 17.791667 14.208333
  26   78   77 13.125000 12.875000
   1    0    6 0.000000 1.000000
   7   10   35 1.595238 5.404762
  37  136   85 22.841667 14.158333
  22   50   84 8.498810 13.501190
  32  108   81 18.409524 13.590476
   2    2    9 0.366667 1.633333
   5    8   23 1.385714 3.614286
  43  158   97 26.645238 16.354762
  18   34   78 5.554762 12.445238
  32  110   81 18.726190 13.273810
   2    2    9 0.366667 1.633333
   5    4   26 0.676190 4.323810
  41  162   86 27.207143 13.792857
  21   50   78 8.272619 12.727381
  28   90   75 15.083333 12.916667
   5    8   21 1.483333 3.516667
   6    8   30 1.285714 4.714286
  40  144   99 23.859524 16.140476
  21   64   61 10.833333 10.166667
  28  104   61 17.700000 10.300000
   5    4   25 0.733333 4.266667
  11   26   40 4.352381 6.647619
  47  166  112 27.947619 19.052381
  13   20   58 3.352381 9.647619
  22   80   56 13.198810 8.801190
   7   20   22 3.333333 3.666667
   3    0   19 0.000000 3.000000
  37  114  109 19.276190 17.723810
  10   14   46 2.438095 7.561905
  39  148   84 25.221429 13.778571
  11   24   42 4.019048 6.980952
  45  186   83 31.170238 13.829762
   4    4   19 0.709524 3.290476
  44  184   81 30.871429 13.128571
   7    8   35 1.371429 5.628571
  55  234   98 38.964286 16.035714
   1    0    6 0.000000 1.000000
  37  126   95 21.147619 15.852381
   7   14   27 2.428571 4.571429
  45  170  106 28.122619 16.877381
   2    2   10 0.333333 1.666667
  47  178  100 30.251190 16.748810
   6   14   20 2.566667 3.433333
  32   96   93 16.561905 15.438095
   2    2   11 0.309524 1.690476
  53  224   96 37.527381 15.472619
  13   36   42 6.197619 6.802381
  44  162  103 27.192857 16.807143
   4   10   15 1.647619 2.352381
  38  134   89 22.750000 15.250000
  14   50   37 8.252381 5.747619
  35  120   90 19.928571 15.071429
   3    6   11 1.066667 1.933333
  45  190   79 31.665476 13.334524
  17   62   42 10.152381 6.847619
  34   98  108 16.385714 17.614286
   6   14   20 2.404762 3.595238
  48  194   90 32.627381 15.372619
  12   22   54 3.504762 8.495238
  35  102  101 17.635714 17.364286
   7   18   23 3.119048 3.880952
  42  168   92 27.596429 14.403571
  16   38   58 6.539286 9.460714
  39  136   99 22.671429 16.328571
   3    6   12 1.019048 1.980952
  41  174   68 29.328571 11.671429
  17   40   65 6.395238 10.604762
  47  182  100 30.457143 16.542857
   7   20   20 3.533333 3.466667
  30  114   66 19.300000 10.700000
  16   30   68 4.930952 11.069048
  39  114  114 19.490476 19.509524
  11   40   28 6.642857 4.357143
  35  134   78 22.214286 12.785714
  15   24   68 3.836905 11.163095
  38  114  113 19.280952 18.719048
  11   30   39 4.974603 6.025397
  33  116   83 19.422619 13.577381
  18   44   61 7.600000 10.400000
  39  158   91 25.422222 13.577778
   6   10   25 1.911905 4.088095
  37  126   86 21.833333 15.166667
  18   62   42 10.602381 7.397619
  39  148   80 25.278571 13.721429
   6   10   27 1.661905 4.338095
  29   88   88 14.654762 14.345238
  26  106   53 17.623016 8.376984
  29   88   89 14.585714 14.414286
  11   26   39 4.404762 6.595238
  30   84   94 14.400000 15.600000
  30  116   64 19.366667 10.633333
  17   30   71 5.001190 11.998810
  15   48   47 7.795238 7.204762
  37  112  107 18.857143 18.142857
  31  132   53 22.175000 8.825000
  16   36   61 5.926190 10.073810
  12   26   49 4.329762 7.670238
  39  144   91 23.914286 15.085714
  33  134   59 22.804762 10.195238
  21   68   59 11.379762 9.620238
  10   14   49 2.288095 7.711905
  41  136  107 23.152381 17.847619
  28  100   67 16.809524 11.190476
  20   76   44 12.808333 7.191667
   6   10   26 1.695238 4.304762
  43  156  101 26.092857 16.907143
  31  126   61 20.971429 10.028571
  20   66   52 11.223810 8.776190
   6    8   30 1.328571 4.671429
  43  150  110 25.140476 17.859524
  31  110   74 18.633333 12.366667
  33  122   73 20.422619 12.577381
   6    8   25 1.433333 4.566667
  34  106  103 17.558333 16.441667
  27   76   87 12.676190 14.323810
  39  142   95 23.627381 15.372619
   6   10   23 1.819048 4.180952
  36  120   96 20.080952 15.919048
  19   50   64 8.536905 10.463095
  46  174  102 29.071429 16.928571
   5    6   25 1.009524 3.990476
  32  102   88 17.172619 14.827381
  17   54   49 9.195238 7.804762
  47  190   92 31.782143 15.217857
   3    2   17 0.309524 2.690476
  35  122   84 20.647619 14.352381
  15   42   51 6.836905 8.163095
  51  222   90 36.908333 14.091667
   4   10   12 1.916667 2.083333
  31  116   67 19.619048 11.380952
  14   32   51 5.557143 8.442857
  60  268   91 45.094048 14.905952
   3    2   18 0.285714 2.714286
  25   88   59 15.089286 9.910714
  12   30   44 4.900000 7.100000
  63  292   85 48.895238 14.104762
  30  116   64 19.516667 10.483333
   7   10   33 1.595238 5.404762
  68  322   82 54.120238 13.879762
  28  100   71 16.507143 11.492857
   4    2   23 0.366667 3.633333
  72  348   86 58.122619 13.877381
  24   72   69 12.261905 11.738095
   4    0   25 0.000000 4.000000
  70  322   97 54.055952 15.944048
  29   82   94 13.678571 15.321429
   1    0    5 0.000000 1.000000
  78  386   82 64.408333 13.591667
  22   50   82 8.371429 13.628571
  66  296  106 48.713095 17.286905
  34   92  106 15.969048 18.030952
  75  358   88 60.476190 14.523810
  25   66   88 11.138095 13.861905
  78  394   75 65.688095 12.311905
  22   56   75 9.366667 12.633333
  79  398   75 66.600000 12.400000
  21   52   75 8.685714 12.314286
  83  434   66 72.019048 10.980952
  17   34   66 5.866667 11.133333
  80  412   67 68.876190 11.123810
  20   54   67 9.161905 10.838095
  73  376   65 62.658333 10.341667
  27   94   65 15.923810 11.076190
  64  328   58 54.477381 9.522619
  36  156   58 26.221429 9.778571
  67  332   68 55.451190 11.548810
  33  132   68 21.985714 11.014286
  76  392   58 65.851190 10.148810
  24   92   58 14.857143 9.142857
  69  350   66 58.164286 10.835714
  31  118   66 19.990476 11.009524
  72  354   77 59.338095 12.661905
  28   92   77 15.290476 12.709524
  73  360   79 59.717857 13.282143
  27   82   79 13.850000 13.150000
  61  276   89 46.154762 14.845238
  39  146   89 24.722619 14.277381
  63  284   87 47.895238 15.104762
  37  142   87 23.352381 13.647619
  61  290   77 48.517857 12.482143
  39  156   77 26.083333 12.916667
  62  308   62 51.454762 10.545238
  38  168   62 27.954762 10.045238
  70  348   76 57.958333 12.041667
  30  100   76 16.954762 13.045238
  76  380   77 63.313095 12.686905
  24   66   77 11.215476 12.784524
  82  424   71 70.645238 11.354762
  18   34   71 5.790476 12.209524
  82  416   71 69.835714 12.164286
  18   42   71 6.738095 11.261905
  86  452   63 75.540476 10.459524
  14   22   63 3.625000 10.375000
  88  466   60 77.935714 10.064286
  12   14   60 2.314286 9.685714
  93  524   33 87.561905 5.438095
   7   10   33 1.638095 5.361905
  96  560   16 93.304762 2.695238
   4    8   16 1.333333 2.666667
  96  550   23 91.995238 4.004762
   4    4   23 0.676190 3.323810
  98  576   11 96.141667 1.858333
   2    2   11 0.309524 1.690476
  97  570   13 94.933333 2.066667
   3    4   13 0.700000 2.300000
  98  570   15 95.438095 2.561905
   2    0   15 0.000000 2.000000
  96  558   19 92.876190 3.123810
   4    4   19 0.700000 3.300000
  90  508   34 84.579762 5.420238
  10   24   34 4.083333 5.916667
  94  540   25 89.953571 4.046429
   6   10   25 1.647619 4.352381
  97  566   15 94.423810 2.576190
   3    4   15 0.685714 2.314286
  90  518   25 85.957143 4.042857
  10   32   25 5.580952 4.419048
  93  530   27 88.336905 4.663095
   7   16   27 2.616667 4.383333
  97  560   19 93.822619 3.177381
   3    2   19 0.309524 2.690476
  95  554   16 92.376190 2.623810
   5   14   16 2.380952 2.619048
  99  586    7 97.797619 1.202381
   1    0    7 0.000000 1.000000
  99  586    7 97.780952 1.219048
   1    0    7 0.000000 1.000000
  98  582    8 96.809524 1.190476
   2    2    8 0.400000 1.600000
  95  552   18 91.939286 3.060714
   5   12   18 1.990476 3.009524
  95  548   23 91.261905 3.738095
   5    6   23 1.076190 3.923810
  91  514   32 85.666667 5.333333
   9   22   32 3.714286 5.285714
  87  472   48 78.792857 8.207143
  13   32   48 5.247619 7.752381
  86  472   45 78.600000 7.400000
  14   38   45 6.490476 7.509524
  91  514   31 85.757143 5.242857
   9   24   31 3.976190 5.023810
  88  498   31 82.955952 5.044048
  12   40   31 6.657143 5.342857
  89  498   37 83.042857 5.957143
  11   28   37 4.930952 6.069048
  84  458   43 76.716667 7.283333
  16   56   43 9.200000 6.800000
  86  476   44 79.047619 6.952381
  14   36   44 6.421429 7.578571
  84  454   50 75.876190 8.123810
  16   46   50 7.700000 8.300000
  96  550   24 91.966667 4.033333
   4    2   24 0.309524 3.690476
  99  588    6 97.980952 1.019048
   1    0    6 0.000000 1.000000
 100  600    0 100.000000 0.000000
