   4   10   13 1.761905 2.238095
   2    2   10 0.333333 1.666667
   1    0    7 0.000000 1.000000
   1    0    6 0.000000 1.000000
   2    2   11 0.309524 1.690476
   1    0    7 0.000000 1.000000
   3    6   10 1.185714 1.814286
   1    0    7 0.000000 1.000000
   1    0    5 0.000000 1.000000
   2    2    9 0.366667 1.633333
   1    0    8 0.000000 1.000000
   3    4   13 0.700000 2.300000
   1    0    7 0.000000 1.000000
   4    6   21 0.910714 3.089286
   5   14   15 2.428571 2.571429
   5   10   18 1.800000 3.200000
   2    2   13 0.267857 1.732143
   2    2    8 0.400000 1.600000
   1    0    7 0.000000 1.000000
   1    0    7 0.000000 1.000000
   1    0    6 0.000000 1.000000
   2    2    9 0.366667 1.633333
   2    2    8 0.400000 1.600000
   1    0    6 0.000000 1.000000
   6   18   19 2.904762 3.095238
   1    0    6 0.000000 1.000000
   1    0    6 0.000000 1.000000
   1    0    7 0.000000 1.000000
   1    0    6 0.000000 1.000000
   3    4   14 0.709524 2.290476
   1    0    5 0.000000 1.000000
   1    0    5 0.000000 1.000000
   1    0    5 0.000000 1.000000
   3    4   14 0.676190 2.323810
   1    0    7 0.000000 1.000000
   1    0    6 0.000000 1.000000
   2    2   10 0.342857 1.657143
   1    0    5 0.000000 1.000000
   1    0    6 0.000000 1.000000
   1    0    6 0.000000 1.000000
   1    0    6 0.000000 1.000000
   1    0    6 0.000000 1.000000
   2    2   10 0.333333 1.666667
   1    0    6 0.000000 1.000000
   2    2   10 0.333333 1.666667
   2    0   12 0.000000 2.000000
   1    0    6 0.000000 1.000000
   5   10   19 1.728571 3.271429
   1    0    6 0.000000 1.000000
   4    8   16 1.385714 2.614286
   2    2    9 0.366667 1.633333
   2    2   12 0.285714 1.714286
   1    0    6 0.000000 1.000000
   4    8   14 1.433333 2.566667
   1    0    7 0.000000 1.000000
   3    4   14 0.709524 2.290476
   1    0    6 0.000000 1.000000
   1    0    7 0.000000 1.000000
   1    0    6 0.000000 1.000000
   1    0    7 0.000000 1.000000
   1    0    5 0.000000 1.000000
   2    2    9 0.366667 1.633333
   2    2   11 0.309524 1.690476
   1    0    6 0.000000 1.000000
   5   12   18 2.000000 3.000000
   1    0    6 0.000000 1.000000
   1    0    8 0.000000 1.000000
   3    4   13 0.733333 2.266667
   1    0    7 0.000000 1.000000
   1    0    7 0.000000 1.000000
   6   18   18 3.085714 2.914286
  11   36   31 5.985714 5.014286
   1    0    7 0.000000 1.000000
   2    2    7 0.450000 1.550000
   2    2   12 0.291667 1.708333
   2    2   10 0.342857 1.657143
   3    4   14 0.652381 2.347619
   4    8   16 1.428571 2.571429
   3    4   14 0.652381 2.347619
   1    0    7 0.000000 1.000000
   3    4   13 0.742857 2.257143
   1    0    5 0.000000 1.000000
   2    2   12 0.291667 1.708333
   5    8   23 1.271429 3.728571
   1    0    6 0.000000 1.000000
   9   24   29 3.985714 5.014286
   6   12   23 2.185714 3.814286
   3    2   14 0.400000 2.600000
   3    4   15 0.642857 2.357143
   2    2    7 0.450000 1.550000
   3    4   15 0.619048 2.380952
   1    0    6 0.000000 1.000000
   5    6   25 1.019048 3.980952
   1    0    5 0.000000 1.000000
   4    8   16 1.295238 2.704762
   2    2   10 0.333333 1.666667
   1    0    7 0.000000 1.000000
   4   10   17 1.535714 2.464286
   1    0    5 0.000000 1.000000
   2    0   12 0.000000 2.000000
   1    0    6 0.000000 1.000000
   2    2    9 0.366667 1.633333
   7   18   25 2.970238 4.029762
  10   28   32 4.757143 5.242857
   5    6   23 1.033333 3.966667
   2    2    8 0.400000 1.600000
   2    2   10 0.333333 1.666667
   2    0   12 0.000000 2.000000
   5    8   24 1.261905 3.738095
   2    2   10 0.342857 1.657143
   5   12   15 2.200000 2.800000
   2    2   11 0.309524 1.690476
   3    6   11 1.085714 1.914286
   4    4   21 0.709524 3.290476
   1    0    5 0.000000 1.000000
   9   24   30 4.100000 4.900000
  11   40   25 6.864286 4.135714
   2    0   13 0.000000 2.000000
   1    0    6 0.000000 1.000000
   4    8   17 1.304762 2.695238
   2    2   10 0.342857 1.657143
   5   10   19 1.695238 3.304762
   7   14   26 2.538095 4.461905
   2    2    9 0.366667 1.633333
  11   36   32 5.903571 5.096429
   1    0    5 0.000000 1.000000
   1    0    6 0.000000 1.000000
   1    0    7 0.000000 1.000000
  13   30   48 5.019048 7.980952
   2    0   11 0.000000 2.000000
   1    0    7 0.000000 1.000000
   4    8   15 1.366667 2.633333
   6   12   23 2.095238 3.904762
   2    2   11 0.309524 1.690476
  10   24   33 4.200000 5.800000
   1    0    6 0.000000 1.000000
   5   14   17 2.266667 2.733333
   1    0    5 0.000000 1.000000
  14   50   38 8.073810 5.926190
   7   16   27 2.576190 4.423810
   3    2   15 0.366667 2.633333
   2    2   10 0.333333 1.666667
   8   20   29 3.290476 4.709524
   5   10   20 1.661905 3.338095
   7   18   22 3.100000 3.900000
   1    0    6 0.000000 1.000000
   2    2   10 0.342857 1.657143
   1    0    5 0.000000 1.000000
  16   44   52 7.390476 8.609524
   2    2   12 0.285714 1.714286
   2    0   14 0.000000 2.000000
   4   10   14 1.714286 2.285714
   7   12   30 2.008333 4.991667
  12   40   32 6.819048 5.180952
   4    4   20 0.676190 3.323810
   3    6   11 1.066667 1.933333
  15   56   34 9.442857 5.557143
   6    6   30 1.000000 5.000000
   3    4   15 0.685714 2.314286
   9   18   36 3.135714 5.864286
   4    4   18 0.733333 3.266667
   9   20   32 3.547619 5.452381
   1    0    7 0.000000 1.000000
  13   24   56 4.019048 8.980952
   2    0   13 0.000000 2.000000
   3    6   13 0.952381 2.047619
   4   10   14 1.695238 2.304762
   8   20   26 3.566667 4.433333
  10   34   28 5.671429 4.328571
   7   20   22 3.385714 3.614286
  22   76   55 12.772619 9.227381
   5    4   25 0.700000 4.300000
   3    2   15 0.366667 2.633333
   4    2   23 0.342857 3.657143
   3    2   14 0.416667 2.583333
  10   18   43 2.980952 7.019048
   1    0    7 0.000000 1.000000
  12   22   50 3.801190 8.198810
   6   14   21 2.433333 3.566667
   4    4   23 0.642857 3.357143
  16   58   36 9.809524 6.190476
   4    2   21 0.342857 3.657143
   8   12   35 2.128571 5.871429
  19   56   59 9.372619 9.627381
  10   24   37 3.976190 6.023810
   6   10   26 1.638095 4.361905
   7   12   31 1.986905 5.013095
   3    6   12 1.019048 1.980952
   3    4   13 0.733333 2.266667
  14   30   54 5.223810 8.776190
   3    2   18 0.285714 2.714286
   6   12   24 2.076190 3.923810
  13   36   42 6.128571 6.871429
   6   12   25 1.980952 4.019048
  34  136   65 22.902381 11.097619
   5   12   18 2.000000 3.000000
   2    0   14 0.000000 2.000000
   7   14   25 2.500000 4.500000
   4    4   17 0.783333 3.216667
   7   18   24 3.023810 3.976190
  11   20   48 3.266667 7.733333
   3    2   16 0.342857 2.657143
   5    8   22 1.352381 3.647619
  18   54   52 9.209524 8.790476
   8   12   35 1.980952 6.019048
  28  104   67 17.152381 10.847619
   7   14   30 2.227381 4.772619
  10   18   43 3.226190 6.773810
   1    0    6 0.000000 1.000000
   5    6   22 1.176190 3.823810
   6    6   28 1.109524 4.890476
   5    6   26 1.019048 3.980952
   4   10   14 1.661905 2.338095
  20   70   50 11.547619 8.452381
  17   64   38 10.723810 6.276190
  26   98   60 16.100000 9.900000
   6   18   17 3.100000 2.900000
   4    6   17 1.019048 2.980952
   5   12   17 2.108333 2.891667
   6   12   26 1.933333 4.066667
  12   24   45 4.233333 7.766667
   2    2   11 0.309524 1.690476
   3    4   16 0.667857 2.332143
  21   66   62 11.003571 9.996429
  15   56   34 9.414286 5.585714
  27  106   55 17.858333 9.141667
   5   10   19 1.700000 3.300000
   5   10   20 1.614286 3.385714
   5   12   20 1.904762 3.095238
   6   12   22 2.119048 3.880952
  16   46   50 7.614286 8.385714
   3    6   13 0.952381 2.047619
  17   36   68 5.980952 11.019048
  12   36   33 6.171429 5.828571
  34  138   66 23.322619 10.677381
   2    2   10 0.333333 1.666667
   4   10   13 1.761905 2.238095
   2    2   12 0.285714 1.714286
   5   10   23 1.511905 3.488095
  21   62   66 10.295238 10.704762
   1    0    7 0.000000 1.000000
  15   32   56 5.485714 9.514286
  14   50   32 8.575000 5.425000
  38  148   77 24.733333 13.266667
   2    2   10 0.333333 1.666667
   3    2   18 0.342857 2.657143
  10   30   28 5.147619 4.852381
  17   36   61 6.285714 10.714286
   3    6   12 1.019048 1.980952
  11   26   43 4.142857 6.857143
  13   46   33 7.645238 5.354762
  41  174   73 29.089286 11.910714
   1    0    6 0.000000 1.000000
  16   44   49 7.566667 8.433333
  13   22   52 3.904762 9.095238
   7   20   24 3.336905 3.663095
  10   32   28 5.304762 4.695238
  15   58   32 9.571429 5.428571
  38  166   67 27.479762 10.520238
  17   54   50 8.966667 8.033333
  13   20   54 3.500000 9.500000
   6   14   22 2.376190 3.623810
  11   18   53 2.795238 8.204762
  10   24   37 3.895238 6.104762
  43  166   88 28.071429 14.928571
  22   82   52 13.523810 8.476190
  13   30   48 4.946429 8.053571
   4   10   14 1.695238 2.304762
  11   20   43 3.509524 7.490476
   7   16   28 2.542857 4.457143
  43  168   89 28.127381 14.872619
  24   96   50 16.039286 7.960714
  17   44   59 7.723810 9.276190
   3    4   13 0.700000 2.300000
  14   28   57 4.733333 9.266667
   6    4   32 0.666667 5.333333
  36  130   83 22.005952 13.994048
  25   84   65 14.261905 10.738095
  21   66   58 11.295238 9.704762
   1    0    6 0.000000 1.000000
  11   18   48 3.080952 7.919048
   1    0    7 0.000000 1.000000
  41  150   98 24.785714 16.214286
  30  102   76 17.320238 12.679762
  18   36   75 5.904762 12.095238
   6   16   18 2.828571 3.171429
   7   12   32 2.023810 4.976190
   1    0    6 0.000000 1.000000
  38  134   93 22.671429 15.328571
  41  130  111 22.327381 18.672619
  16   32   65 5.348810 10.651190
   1    0    6 0.000000 1.000000
   3    6   12 1.019048 1.980952
   1    0    6 0.000000 1.000000
  38  116  116 19.442460 18.557540
  35  118   96 19.571429 15.428571
  14   32   51 5.309524 8.690476
  51  196  107 33.059524 17.940476
  33  108   93 17.838095 15.161905
   7   14   27 2.385714 4.614286
  60  262   96 44.003571 15.996429
  30  106   73 17.859524 12.140476
   3    4   14 0.666667 2.333333
  67  316   87 52.713095 14.286905
  34  132   77 21.600000 12.400000
   3    2   16 0.342857 2.657143
  63  286   87 47.807143 15.192857
  30  100   76 17.004762 12.995238
   1    0    7 0.000000 1.000000
  69  338   79 56.258333 12.741667
  42  168   78 28.771429 13.228571
   5   10   21 1.695238 3.304762
  53  240   83 39.616667 13.383333
  48  212   75 35.407143 12.592857
   8   14   31 2.558333 5.441667
  44  180   88 29.747619 14.252381
  44  194   74 32.078571 11.921429
   7   16   25 2.757143 4.242857
  49  216   75 36.278571 12.721429
  46  198   78 33.058333 12.941667
   9   24   28 4.095238 4.904762
  45  182   90 30.180952 14.819048
  32  126   67 20.895238 11.104762
  18   62   47 10.352381 7.647619
  50  202   96 33.920238 16.079762
  42  166   86 27.842857 14.157143
  19   64   53 10.614286 8.385714
  39  126  105 21.314286 17.685714
  41  166   83 27.359524 13.640476
  23   82   54 13.939286 9.060714
  36  116   99 19.700000 16.300000
  40  142   98 23.525000 16.475000
  17   50   52 8.319048 8.680952
  43  172   86 28.777381 14.222619
  36  116  102 19.080952 16.919048
  11   24   41 4.214286 6.785714
  53  220   97 37.100000 15.900000
  29   72  103 11.895238 17.104762
  10   20   44 3.130952 6.869048
  61  254  107 43.129762 17.870238
  26   46  110 7.766667 18.233333
  10   20   39 3.452381 6.547619
  64  266  119 44.453968 19.546032
  21   32   98 5.544444 15.455556
  10   16   41 2.738095 7.261905
  69  290  123 48.629762 20.370238
  29   84   88 14.285714 14.714286
   9   14   41 2.280952 6.719048
  62  266  107 44.097619 17.902381
  38  148   83 24.516667 13.483333
   4    6   18 1.019048 2.980952
  58  262   83 44.042857 13.957143
  32   96   94 16.430952 15.569048
   6    8   29 1.319048 4.680952
  62  280   93 46.709524 15.290476
  18   36   73 6.033333 11.966667
   2    0   13 0.000000 2.000000
  80  398   80 66.752381 13.247619
   9   22   34 3.571429 5.428571
   1    0    7 0.000000 1.000000
  90  496   41 83.128571 6.871429
  10   24   35 4.161905 5.838095
  90  506   35 84.466667 5.533333
  12   42   28 7.183333 4.816667
  88  502   28 83.526190 4.473810
   7   16   25 2.719048 4.280952
  93  534   25 88.969048 4.030952
   6   14   21 2.433333 3.566667
  94  544   21 90.642857 3.357143
   6   16   23 2.632143 3.367857
  94  538   23 90.022619 3.977381
   1    0    7 0.000000 1.000000
  99  586    7 97.757143 1.242857
 100  600    0 100.000000 0.000000
