   2    2   10 0.333333 1.666667
   1    0    6 0.000000 1.000000
   2    2   10 0.333333 1.666667
   1    0    6 0.000000 1.000000
   1    0    7 0.000000 1.000000
   1    0    6 0.000000 1.000000
   1    0    6 0.000000 1.000000
   1    0    6 0.000000 1.000000
   1    0    7 0.000000 1.000000
   1    0    6 0.000000 1.000000
   3    4   14 0.666667 2.333333
   3    6   12 1.019048 1.980952
   3    6   13 0.952381 2.047619
   4   10   13 1.733333 2.266667
   2    2    9 0.366667 1.633333
   1    0    6 0.000000 1.000000
   3    6   12 1.019048 1.980952
   1    0    6 0.000000 1.000000
   3    4   15 0.642857 2.357143
   1    0    7 0.000000 1.000000
   2    2    9 0.366667 1.633333
   1    0    7 0.000000 1.000000
   1    0    6 0.000000 1.000000
   1    0    6 0.000000 1.000000
   1    0    6 0.000000 1.000000
   1    0    7 0.000000 1.000000
   1    0    6 0.000000 1.000000
   1    0    6 0.000000 1.000000
   2    2    9 0.366667 1.633333
   1    0    7 0.000000 1.000000
   3    6   13 0.952381 2.047619
   1    0    6 0.000000 1.000000
   1    0    6 0.000000 1.000000
   3    4   13 0.700000 2.300000
   1    0    6 0.000000 1.000000
   6   12   21 2.200000 3.800000
   3    4   13 0.700000 2.300000
   1    0    6 0.000000 1.000000
   1    0    7 0.000000 1.000000
   1    0    6 0.000000 1.000000
   2    2   10 0.333333 1.666667
   3    4   12 0.766667 2.233333
   3    6   11 1.085714 1.914286
   2    2   11 0.325000 1.675000
   1    0    7 0.000000 1.000000
   1    0    5 0.000000 1.000000
   2    2   11 0.309524 1.690476
   3    6   12 1.019048 1.980952
   2    2   10 0.333333 1.666667
   1    0    5 0.000000 1.000000
   1    0    6 0.000000 1.000000
   2    2   12 0.285714 1.714286
   1    0    6 0.000000 1.000000
   5   12   17 2.033333 2.966667
   1    0    6 0.000000 1.000000
   1    0    6 0.000000 1.000000
   1    0    7 0.000000 1.000000
   4    6   18 1.000000 3.000000
   1    0    7 0.000000 1.000000
   1    0    6 0.000000 1.000000
   2    2    9 0.366667 1.633333
   5   12   17 2.066667 2.933333
   6   14   24 2.190476 3.809524
   3    4   15 0.616667 2.383333
   4    6   15 1.166667 2.833333
   1    0    6 0.000000 1.000000
   1    0    5 0.000000 1.000000
   1    0    6 0.000000 1.000000
   1    0    7 0.000000 1.000000
   4    8   15 1.419048 2.580952
   2    2    9 0.366667 1.633333
   1    0    6 0.000000 1.000000
   4   10   13 1.761905 2.238095
   1    0    5 0.000000 1.000000
   3    2   18 0.285714 2.714286
   1    0    7 0.000000 1.000000
   1    0    6 0.000000 1.000000
   6   12   24 2.000000 4.000000
   5    6   23 1.066667 3.933333
   6   14   22 2.357143 3.642857
   1    0    6 0.000000 1.000000
   1    0    7 0.000000 1.000000
   7   20   20 3.483333 3.516667
   2    2   11 0.309524 1.690476
   3    4   13 0.700000 2.300000
   2    2   12 0.285714 1.714286
   2    0   12 0.000000 2.000000
   5    8   24 1.304762 3.695238
   2    2   11 0.309524 1.690476
   8   26   19 4.547619 3.452381
   2    2   11 0.309524 1.690476
   1    0    6 0.000000 1.000000
   7   16   24 2.866667 4.133333
   1    0    6 0.000000 1.000000
   2    2   11 0.309524 1.690476
   2    2   10 0.333333 1.666667
   6   12   21 2.166667 3.833333
   6   12   22 2.100000 3.900000
   2    2   12 0.291667 1.708333
   4    8   18 1.214286 2.785714
   2    2    9 0.366667 1.633333
   1    0    7 0.000000 1.000000
   4    8   18 1.291667 2.708333
   2    2   11 0.309524 1.690476
   2    0   12 0.000000 2.000000
   3    2   16 0.333333 2.666667
   1    0    6 0.000000 1.000000
   1    0    6 0.000000 1.000000
   5    6   26 0.952381 4.047619
   7   12   30 2.077381 4.922619
   3    6   12 1.019048 1.980952
   4    8   14 1.433333 2.566667
   6   12   26 1.947619 4.052381
   1    0    6 0.000000 1.000000
   6   14   20 2.428571 3.571429
   6   18   16 3.233333 2.766667
   1    0    7 0.000000 1.000000
   5   10   20 1.685714 3.314286
   1    0    7 0.000000 1.000000
   7   14   28 2.308333 4.691667
   1    0    5 0.000000 1.000000
   6    8   28 1.350000 4.650000
   1    0    6 0.000000 1.000000
   4   10   15 1.647619 2.352381
   3    4   13 0.700000 2.300000
   3    4   14 0.676190 2.323810
   6   14   23 2.285714 3.714286
   3    4   15 0.642857 2.357143
   2    2   10 0.333333 1.666667
   1    0    6 0.000000 1.000000
   2    2   10 0.333333 1.666667
   6   14   22 2.414286 3.585714
   7   16   27 2.666667 4.333333
  10   18   41 3.114286 6.885714
   2    2   11 0.309524 1.690476
  10   36   24 6.014286 3.985714
   8   16   32 2.661905 5.338095
   3    2   17 0.309524 2.690476
   7   14   26 2.400000 4.600000
   2    2   10 0.342857 1.657143
   3    6   12 1.019048 1.980952
  11   32   32 5.552381 5.447619
   1    0    7 0.000000 1.000000
   1    0    5 0.000000 1.000000
  11   30   33 5.304762 5.695238
   1    0    7 0.000000 1.000000
   1    0    6 0.000000 1.000000
  11   34   34 5.580952 5.419048
   1    0    6 0.000000 1.000000
   2    2   10 0.333333 1.666667
   1    0    5 0.000000 1.000000
   5   12   17 2.038095 2.961905
  10   32   28 5.290476 4.709524
   4    2   23 0.309524 3.690476
   3    4   13 0.700000 2.300000
  10   34   27 5.738095 4.261905
   3    2   16 0.342857 2.657143
   1    0    6 0.000000 1.000000
  15   48   46 7.895238 7.104762
   1    0    6 0.000000 1.000000
   3    2   14 0.400000 2.600000
  15   54   35 9.190476 5.809524
   2    2   10 0.333333 1.666667
   8   14   32 2.461905 5.538095
   4   10   14 1.675000 2.325000
  13   42   37 7.019048 5.980952
   1    0    7 0.000000 1.000000
   4    6   19 0.938095 3.061905
   6   10   25 1.733333 4.266667
   9   20   33 3.423810 5.576190
   3    2   18 0.285714 2.714286
   2    2   11 0.309524 1.690476
   9   22   31 3.790476 5.209524
   2    2   11 0.309524 1.690476
  18   52   53 8.878571 9.121429
   1    0    6 0.000000 1.000000
   3    2   16 0.333333 2.666667
  15   54   37 9.052381 5.947619
   1    0    7 0.000000 1.000000
   4    4   23 0.619048 3.380952
   5   12   19 2.004762 2.995238
  21   78   46 13.475000 7.525000
   8   22   25 3.757143 4.242857
   8   26   24 4.190476 3.809524
   8   18   27 3.166667 4.833333
   2    2   11 0.309524 1.690476
   2    2   10 0.333333 1.666667
  14   34   51 5.690476 8.309524
   6   16   20 2.666667 3.333333
   7   18   22 3.066667 3.933333
   1    0    6 0.000000 1.000000
  13   32   45 5.366667 7.633333
   3    2   17 0.309524 2.690476
   1    0    6 0.000000 1.000000
  20   74   46 12.365476 7.634524
  11   32   33 5.390476 5.609524
   2    0   12 0.000000 2.000000
  13   38   39 6.495238 6.504762
   2    2   10 0.333333 1.666667
  13   26   54 4.358333 8.641667
   6   18   19 2.904762 3.095238
  11   38   27 6.550000 4.450000
   3    4   12 0.792857 2.207143
  15   44   47 7.442857 7.557143
   3    6   12 1.000000 2.000000
   2    2    9 0.366667 1.633333
  13   36   44 5.861905 7.138095
   5   14   15 2.404762 2.595238
   3    6   13 0.952381 2.047619
   4    6   17 1.066667 2.933333
   1    0    6 0.000000 1.000000
  14   30   54 5.119048 8.880952
   5    8   23 1.328571 3.671429
  18   72   35 12.161905 5.838095
  10   34   25 5.838095 4.161905
  22   80   53 13.290476 8.709524
   4    8   16 1.295238 2.704762
   8   20   30 3.166667 4.833333
   3    6   11 1.066667 1.933333
   8   20   28 3.325000 4.675000
  26   84   69 14.433333 11.566667
   7   16   28 2.566667 4.433333
  19   76   39 12.629762 6.370238
   7   12   30 2.076190 4.923810
  18   64   43 10.797619 7.202381
   6   14   22 2.300000 3.700000
   8   16   33 2.638095 5.361905
   3    6   11 1.085714 1.914286
  12   30   44 4.932143 7.067857
  19   52   63 8.610714 10.389286
  10   22   35 3.880952 6.119048
  17   52   49 8.538095 8.461905
   4    6   20 0.916667 3.083333
  21   74   51 12.500000 8.500000
   4    4   20 0.652381 3.347619
   8   12   35 2.158333 5.841667
   4    8   15 1.452381 2.547619
  10   22   40 3.571429 6.428571
  12   22   52 3.609524 8.390476
  12   20   49 3.557143 8.442857
  21   62   66 10.276190 10.723810
   8   22   28 3.609524 4.390476
  21   56   67 9.442857 11.557143
   3    4   17 0.571429 2.428571
   9   26   26 4.385714 4.614286
   2    2   10 0.342857 1.657143
   9   24   30 4.023810 4.976190
  15   36   57 6.130952 8.869048
  13   26   53 4.316667 8.683333
  18   44   62 7.523810 10.476190
   8   24   27 3.951190 4.048810
  23   68   64 12.030952 10.969048
   3    2   19 0.333333 2.666667
   5    6   22 1.076190 3.923810
   2    2   11 0.309524 1.690476
  13   32   40 5.826190 7.173810
  12   30   46 4.980952 7.019048
  18   56   50 9.447619 8.552381
  12   30   42 5.066667 6.933333
  11   40   28 6.585714 4.414286
  24   94   50 15.857143 8.142857
   1    0    8 0.000000 1.000000
   9   18   35 2.985714 6.014286
  15   40   50 6.700000 8.300000
  20   62   58 10.457143 9.542857
  12   38   34 6.347619 5.652381
  17   64   37 10.875000 6.125000
  26  108   48 18.185714 7.814286
   8   14   36 2.385714 5.614286
  18   44   61 7.480952 10.519048
  15   44   49 7.398810 7.601190
   6   18   17 3.066667 2.933333
  20   78   42 13.103571 6.896429
  33  148   49 24.971429 8.028571
   5   10   20 1.785714 3.214286
  23   80   56 13.623810 9.376190
  16   62   36 10.263095 5.736905
   2    2   10 0.333333 1.666667
  24   92   51 15.490476 8.509524
  30  118   63 19.776190 10.223810
   3    2   19 0.285714 2.714286
  30  108   73 18.095238 11.904762
  10   22   37 3.780952 6.219048
   2    2    9 0.366667 1.633333
  23   76   64 12.819048 10.180952
  32   98   90 16.703571 15.296429
   6   20   16 3.457143 2.542857
  34  112   89 19.142857 14.857143
   8    8   44 1.190476 6.809524
   8   18   29 3.176190 4.823810
  16   30   69 4.895238 11.104762
  28   94   71 16.038095 11.961905
  10   34   27 5.680952 4.319048
  33   96   99 16.100000 16.900000
  14   20   65 3.338095 10.661905
  11   32   34 5.385714 5.614286
  15   32   59 5.333333 9.666667
  17   56   46 9.400000 7.600000
   7   20   21 3.404762 3.595238
  29   82   92 13.891667 15.108333
  17   56   48 9.280952 7.719048
  12   42   30 6.895238 5.104762
  20   58   62 9.700000 10.300000
  15   40   49 6.780952 8.219048
   3    6   12 1.019048 1.980952
  25   72   77 12.186905 12.813095
  18   60   45 10.280952 7.719048
  19   62   55 10.109524 8.890476
  22   58   72 9.745238 12.254762
  13   34   47 5.652381 7.347619
   1    0    6 0.000000 1.000000
  37  138   84 23.038095 13.961905
  14   54   32 8.971429 5.028571
  15   52   36 8.967857 6.032143
  20   54   66 9.147619 10.852381
  13   36   42 6.028571 6.971429
   1    0    6 0.000000 1.000000
  25   82   67 13.714286 11.285714
  27  118   44 19.820238 7.179762
   6   16   20 2.690476 3.309524
  32  106   86 17.909524 14.090476
   9   18   37 2.990476 6.009524
  13   18   64 2.854762 10.145238
  40  168   65 28.691667 11.308333
   7   12   31 1.976190 5.023810
  27   70   95 11.960714 15.039286
  13   28   49 4.776190 8.223810
  12   22   46 3.852381 8.147619
  43  176   81 29.842857 13.157143
   7    8   37 1.261905 5.738095
  25   80   71 13.400000 11.600000
  13   24   55 4.000000 9.000000
  13   34   43 5.823810 7.176190
  48  184  102 31.148810 16.851190
   5    4   27 0.676190 4.323810
  24   64   79 10.769048 13.230952
  10   18   45 2.895238 7.104762
   5   12   19 2.028571 2.971429
  44  178   90 29.596429 14.403571
  11   32   35 5.257143 5.742857
  24   74   66 12.695238 11.304762
  16   36   58 6.392857 9.607143
  42  166   89 27.763095 14.236905
   4    6   19 0.976190 3.023810
  20   60   60 10.121429 9.878571
  34  114   86 19.409524 14.590476
  48  184  104 30.832143 17.167857
   3    2   15 0.366667 2.633333
  22   58   77 9.602381 12.397619
  27   78   82 13.276190 13.723810
  36  132   82 22.247619 13.752381
   2    2   10 0.333333 1.666667
  18   46   63 7.828571 10.171429
  44  168   97 27.996429 16.003571
  29  100   76 16.604762 12.395238
   2    2   11 0.309524 1.690476
  17   52   51 8.623810 8.376190
  52  216   92 36.350000 15.650000
  25   66   80 11.247619 13.752381
   1    0    6 0.000000 1.000000
  22   80   52 13.347619 8.652381
  52  232   84 38.569048 13.430952
  26   82   70 14.019048 11.980952
  23   78   64 12.976190 10.023810
  51  210   96 35.128571 15.871429
  41  158   87 26.755952 14.244048
  23   70   68 11.685714 11.314286
  36  126   91 21.028571 14.971429
  38  122  103 20.609524 17.390476
  18   46   65 7.552381 10.447619
  44  172   92 28.838095 15.161905
  44  180   85 30.051190 13.948810
  13   14   63 2.442857 10.557143
  43  186   72 31.108333 11.891667
  32  122   64 20.747619 11.252381
  17   36   65 6.234524 10.765476
  51  230   83 37.787698 13.212302
  35  138   72 23.166667 11.833333
  15   24   69 3.857143 11.142857
  50  220   77 37.166667 12.833333
  34  130   72 21.947619 12.052381
  17   44   60 7.342857 9.657143
  49  222   72 37.314286 11.685714
  36  122   93 20.771429 15.228571
  14   36   49 6.028571 7.971429
  50  212   88 35.335714 14.664286
  35  122   90 20.496429 14.503571
  13   36   43 5.904762 7.095238
  52  234   75 39.498810 12.501190
  36  138   74 23.341667 12.658333
  20   70   52 11.688095 8.311905
  44  178   88 29.697619 14.302381
  24   66   77 11.125000 12.875000
  25   80   66 13.657143 11.342857
  51  200  111 33.297619 17.702381
  27   98   67 16.190476 10.809524
  18   36   68 6.261905 11.738095
  55  226  105 37.740476 17.259524
  31  108   74 18.396429 12.603571
  15   34   61 5.404762 9.595238
  54  232   91 38.800000 15.200000
  34  114   87 19.385714 14.614286
  15   36   57 5.966667 9.033333
  51  216   90 36.254762 14.745238
  40  142   94 24.195238 15.804762
  13   26   54 4.364286 8.635714
  47  190   94 31.760714 15.239286
  45  174   96 29.059524 15.940476
   7   10   32 1.614286 5.385714
  48  188  100 31.380952 16.619048
  44  166   95 28.178571 15.821429
   7   12   34 1.980952 5.019048
  49  202   91 33.984524 15.015476
  30  104   79 17.071429 12.928571
   5   10   22 1.594048 3.405952
  65  292   93 49.392857 15.607143
  30   86   91 14.496429 15.503571
   3    6   13 0.952381 2.047619
  67  300  104 50.076190 16.923810
  26   66   90 11.216667 14.783333
   2    2   10 0.333333 1.666667
  72  334   98 55.840476 16.159524
  22   64   65 11.200000 10.800000
   3    4   15 0.642857 2.357143
  75  376   76 62.611905 12.388095
  31  126   59 21.361905 9.638095
   4    8   18 1.261905 2.738095
  65  322   67 54.067857 10.932143
  32  112   80 18.780952 13.219048
  12   36   32 6.314286 5.685714
  56  254   86 42.363095 13.636905
  15   42   51 6.858333 8.141667
  19   64   50 10.719048 8.280952
  66  314   79 52.630952 13.369048
  20   68   51 11.478571 8.521429
  24   84   59 14.080952 9.919048
  56  262   76 43.628571 12.371429
  20   64   56 10.775000 9.225000
  28   96   69 16.400000 11.600000
  52  240   75 39.879762 12.120238
  25   82   66 13.950000 11.050000
  21   60   65 10.348810 10.651190
  54  260   67 43.116667 10.883333
  27   96   64 16.261905 10.738095
  26  100   58 16.538095 9.461905
  47  220   62 36.603571 10.396429
  23   74   63 12.590476 10.409524
  37  152   70 25.433333 11.566667
  40  180   61 30.123810 9.876190
  37  150   74 24.888095 12.111905
  39  156   70 26.635714 12.364286
  24   84   66 13.661905 10.338095
  24   66   78 11.052381 12.947619
  44  188   74 31.623810 12.376190
  32  112   82 18.680952 13.319048
  29   84   88 14.478571 14.521429
  40  170   70 28.403571 11.596429
  31  116   72 19.202381 11.797619
  44  164   99 27.553571 16.446429
  20   48   74 7.939286 12.060714
  36  122   93 20.680952 15.319048
  39  120  107 20.629762 18.370238
  20   56   66 9.504762 10.495238
  41  168   83 27.822619 13.177381
  42  158   97 26.257143 15.742857
  16   40   53 6.957143 9.042857
  42  182   70 30.435714 11.564286
  31  116   70 19.500000 11.500000
  16   62   35 10.347619 5.652381
  53  260   57 43.638095 9.361905
  35  126   84 21.119048 13.880952
  24   98   48 16.329762 7.670238
  41  182   62 30.598810 10.401190
  39  168   68 28.038095 10.961905
  30  126   49 21.352381 8.647619
  31  130   59 21.725000 9.275000
  54  232   91 38.873810 15.126190
  19   62   57 10.014286 8.985714
  27   88   70 15.019048 11.980952
  65  302   88 50.463095 14.536905
  22   80   50 13.621429 8.378571
  13   24   56 3.897619 9.102381
  64  306   80 51.109524 12.890476
  25   92   56 15.595238 9.404762
  11   40   26 6.761905 4.238095
  58  260   88 43.407143 14.592857
  33  134   63 22.653571 10.346429
   9   28   27 4.586905 4.413095
  49  188  101 32.022619 16.977381
  34  132   76 22.034524 11.965476
  17   62   41 10.509524 6.490476
  42  158   93 26.565476 15.434524
  50  216   83 36.147619 13.852381
   8   20   30 3.214286 4.785714
  46  168  110 28.165476 17.834524
  48  182  104 30.795238 17.204762
   6   12   24 2.038095 3.961905
  46  162  112 27.233333 18.766667
  52  198  116 33.123810 18.876190
   2    0   12 0.000000 2.000000
  48  184  103 30.752381 17.247619
  50  198  102 33.270238 16.729762
   2    0   13 0.000000 2.000000
  46  158  116 26.595238 19.404762
  54  210  116 34.692857 19.307143
  43  156  108 25.628571 17.371429
  57  228  108 38.417857 18.582143
  51  212   95 35.428571 15.571429
  49  198   95 33.219048 15.780952
  52  198  106 33.776190 18.223810
  48  190  106 31.226190 16.773810
  45  162  109 26.926190 18.073810
  55  220  109 37.176190 17.823810
  42  154  107 25.584524 16.415476
  58  232  107 39.560714 18.439286
  43  168   91 27.866667 15.133333
  57  250   91 42.150000 14.850000
  45  194   81 32.334524 12.665476
  55  244   81 41.135714 13.864286
  46  178   95 30.042857 15.957143
  54  232   95 38.670238 15.329762
  40  150   94 24.926190 15.073810
  60  262   94 44.111905 15.888095
  39  148   87 24.886905 14.113095
  61  278   87 46.658333 14.341667
  49  226   69 37.679762 11.320238
  51  236   69 39.582143 11.417857
  38  158   72 26.271429 11.728571
  62  298   72 49.957143 12.042857
  32  110   79 18.673810 13.326190
  68  332   79 55.261905 12.738095
  36  128   85 21.619048 14.380952
  64  302   85 50.238095 13.761905
  36  128   88 21.366667 14.633333
  64  296   88 49.504762 14.495238
  44  160  106 26.600000 17.400000
  56  228  106 38.138095 17.861905
  50  210   92 35.373810 14.626190
  50  206   92 34.823810 15.176190
  39  156   83 25.676190 13.323810
  61  278   83 46.902381 14.097619
  45  176   91 29.714286 15.285714
  55  242   91 40.298810 14.701190
  45  184   88 30.602381 14.397619
  55  240   88 40.276190 14.723810
  46  188   92 31.359524 14.640476
  54  228   92 38.415476 15.584524
  46  200   72 33.728571 12.271429
  54  256   72 42.582143 11.417857
  33   94  100 16.028571 16.971429
  67  306  100 50.657143 16.342857
  41  112  129 19.066667 21.933333
  59  230  129 37.982540 21.017460
  30   74  108 12.314286 17.685714
  70  310  108 51.992857 18.007143
  31   94   93 15.797619 15.202381
  69  320   93 53.871429 15.128571
  31   92   94 15.314286 15.685714
  69  320   94 53.172619 15.827381
  29   96   76 16.192857 12.807143
  71  352   76 58.410714 12.589286
  29  102   70 17.375000 11.625000
  71  358   70 59.739286 11.260714
  33  128   67 21.621429 11.378571
  67  338   67 56.028571 10.971429
  38  168   60 28.310714 9.689286
  62  312   60 52.161905 9.838095
  33  142   60 23.266667 9.733333
  67  338   60 56.733333 10.266667
  37  160   63 26.780952 10.219048
  63  314   63 52.496429 10.503571
  38  154   69 26.316667 11.683333
  62  308   69 51.133333 10.866667
  33  124   76 20.572619 12.427381
  67  324   76 54.340476 12.659524
  41  156   88 26.598810 14.401190
  59  268   88 44.642857 14.357143
  22   72   62 11.776190 10.223810
  78  404   62 67.630952 10.369048
  26   84   73 14.100000 11.900000
  74  370   73 61.950000 12.050000
  30  130   55 21.370238 8.629762
  70  360   55 60.652381 9.347619
  37  156   65 26.128571 10.871429
  63  314   65 52.428571 10.571429
  31  116   68 19.528571 11.471429
  69  348   68 57.997619 11.002381
  23   88   54 14.576190 8.423810
  77  404   54 67.698810 9.301190
  18   58   47 9.863095 8.136905
  82  448   47 74.428571 7.571429
  20   64   57 10.807143 9.192857
  80  422   57 70.711905 9.288095
  22   66   64 11.151190 10.848810
  78  406   64 67.671429 10.328571
  23   58   73 10.240476 12.759524
  77  396   73 65.482143 11.517857
  21   40   86 6.750000 14.250000
  79  388   86 64.951190 14.048810
  17   30   70 5.333333 11.666667
  83  430   70 71.630952 11.369048
  18   44   62 7.757143 10.242857
  82  432   62 71.830952 10.169048
  12   28   44 4.757143 7.242857
  88  484   44 80.669048 7.330952
   9   18   36 3.123810 5.876190
  91  510   36 85.085714 5.914286
   6    6   33 0.880952 5.119048
  94  528   33 88.285714 5.714286
   3    4   15 0.642857 2.357143
  97  566   15 94.546429 2.453571
   1    0    6 0.000000 1.000000
  99  588    6 98.014286 0.985714
 100  600    0 100.000000 0.000000
