   4    8   14 1.433333 2.566667
   2    2   11 0.309524 1.690476
   1    0    6 0.000000 1.000000
   3    4   12 0.733333 2.266667
   1    0    7 0.000000 1.000000
   2    2   11 0.309524 1.690476
   1    0    6 0.000000 1.000000
   1    0    7 0.000000 1.000000
   2    2   10 0.333333 1.666667
   1    0    6 0.000000 1.000000
   2    2    9 0.366667 1.633333
   1    0    6 0.000000 1.000000
   6   18   17 3.119048 2.880952
   3    6   11 1.119048 1.880952
   2    2    9 0.366667 1.633333
   3    6   10 1.133333 1.866667
   1    0    6 0.000000 1.000000
   2    2   11 0.309524 1.690476
   1    0    6 0.000000 1.000000
   2    2   11 0.309524 1.690476
   1    0    6 0.000000 1.000000
   3    4   14 0.666667 2.333333
   3    6   10 1.133333 1.866667
   2    2   10 0.333333 1.666667
   1    0    6 0.000000 1.000000
   3    4   15 0.685714 2.314286
   2    2   10 0.342857 1.657143
   2    2   11 0.309524 1.690476
   2    2   10 0.342857 1.657143
   2    2    9 0.366667 1.633333
   2    2   10 0.333333 1.666667
   1    0    6 0.000000 1.000000
   1    0    8 0.000000 1.000000
   1    0    7 0.000000 1.000000
   1    0    6 0.000000 1.000000
   1    0    6 0.000000 1.000000
   1    0    6 0.000000 1.000000
   2    2   11 0.309524 1.690476
   4   10   15 1.650000 2.350000
   5   12   17 2.028571 2.971429
   2    2   10 0.342857 1.657143
   1    0    6 0.000000 1.000000
   1    0    6 0.000000 1.000000
   1    0    6 0.000000 1.000000
   2    2   12 0.291667 1.708333
   2    2    8 0.400000 1.600000
   1    0    6 0.000000 1.000000
   1    0    6 0.000000 1.000000
   2    2   10 0.333333 1.666667
   1    0    6 0.000000 1.000000
   1    0    6 0.000000 1.000000
   1    0    6 0.000000 1.000000
   1    0    6 0.000000 1.000000
   1    0    6 0.000000 1.000000
   1    0    7 0.000000 1.000000
   5   12   19 1.904762 3.095238
   5   14   17 2.400000 2.600000
   1    0    7 0.000000 1.000000
   1    0    6 0.000000 1.000000
   6   12   21 2.161905 3.838095
   1    0    6 0.000000 1.000000
   2    2   11 0.309524 1.690476
   7   20   23 3.314286 3.685714
   1    0    6 0.000000 1.000000
   1    0    6 0.000000 1.000000
   4    8   16 1.333333 2.666667
  11   30   34 5.142857 5.857143
   1    0    7 0.000000 1.000000
   3    6   13 0.952381 2.047619
   1    0    6 0.000000 1.000000
   1    0    6 0.000000 1.000000
   1    0    6 0.000000 1.000000
   4    8   17 1.285714 2.714286
   2    0   13 0.000000 2.000000
   5    8   20 1.433333 3.566667
   1    0    7 0.000000 1.000000
   4   10   13 1.733333 2.266667
   1    0    6 0.000000 1.000000
   1    0    6 0.000000 1.000000
   1    0    6 0.000000 1.000000
   2    2    8 0.400000 1.600000
   3    6   13 0.952381 2.047619
   8   18   30 3.071429 4.928571
   3    4   14 0.666667 2.333333
   1    0    7 0.000000 1.000000
   1    0    5 0.000000 1.000000
   1    0    7 0.000000 1.000000
   1    0    6 0.000000 1.000000
   3    6   12 1.000000 2.000000
   3    4   13 0.733333 2.266667
   1    0    5 0.000000 1.000000
   2    2   10 0.333333 1.666667
   5   10   19 1.700000 3.300000
   5    8   23 1.361905 3.638095
   1    0    7 0.000000 1.000000
   2    0   13 0.000000 2.000000
   5   12   19 1.928571 3.071429
   5   12   19 2.057143 2.942857
   6   12   25 1.995238 4.004762
   7   16   26 2.671429 4.328571
   1    0    6 0.000000 1.000000
   3    6   12 1.019048 1.980952
   5    6   25 0.971429 4.028571
   1    0    7 0.000000 1.000000
   7   16   24 2.800000 4.200000
   8   24   23 4.161905 3.838095
   4   10   12 1.935714 2.064286
   1    0    5 0.000000 1.000000
   4   10   14 1.661905 2.338095
  13   40   35 7.019048 5.980952
  10   30   30 5.238095 4.761905
   1    0    6 0.000000 1.000000
   1    0    6 0.000000 1.000000
   3    4   13 0.700000 2.300000
   1    0    7 0.000000 1.000000
   1    0    8 0.000000 1.000000
   1    0    7 0.000000 1.000000
   2    2   10 0.342857 1.657143
   2    0   12 0.000000 2.000000
  13   46   33 7.673810 5.326190
   6   10   25 1.761905 4.238095
   4    6   16 1.100000 2.900000
   1    0    5 0.000000 1.000000
   3    4   15 0.628571 2.371429
   2    2    9 0.366667 1.633333
   1    0    7 0.000000 1.000000
  14   46   39 7.816667 6.183333
   6   10   27 1.638095 4.361905
   3    6   11 1.066667 1.933333
   7   20   21 3.404762 3.595238
  19   62   50 10.652381 8.347619
   7   16   27 2.695238 4.304762
   3    6   14 0.904762 2.095238
   5   10   20 1.680952 3.319048
   1    0    6 0.000000 1.000000
   1    0    6 0.000000 1.000000
   1    0    7 0.000000 1.000000
   2    2    9 0.366667 1.633333
  13   46   32 7.742857 5.257143
   9   22   30 3.771429 5.228571
   2    2   11 0.309524 1.690476
   2    2   10 0.333333 1.666667
   1    0    6 0.000000 1.000000
  26  104   50 17.828571 8.171429
   5    4   30 0.595238 4.404762
  11   36   27 6.264286 4.735714
   8   16   34 2.657143 5.342857
  13   46   34 7.714286 5.285714
   5   14   14 2.533333 2.466667
   1    0    6 0.000000 1.000000
   1    0    7 0.000000 1.000000
   2    0   15 0.000000 2.000000
   2    0   12 0.000000 2.000000
  15   50   40 8.555952 6.444048
   1    0    6 0.000000 1.000000
   3    4   14 0.652381 2.347619
  30  106   65 18.311905 11.688095
   6    8   27 1.409524 4.590476
  11   36   28 6.204762 4.795238
  10   26   40 4.050000 5.950000
  11   22   46 3.600000 7.400000
   8   28   20 4.742857 3.257143
   1    0    5 0.000000 1.000000
   6   12   25 2.000000 4.000000
  23   82   59 13.505952 9.494048
   1    0    6 0.000000 1.000000
  33  120   74 20.384524 12.615476
   4   10   14 1.657143 2.342857
  10   34   25 5.738095 4.261905
  10   22   42 3.526190 6.473810
   5    8   23 1.328571 3.671429
   7   16   23 2.952381 4.047619
   7   18   25 2.928571 4.071429
  26   90   65 15.171429 10.828571
   1    0    7 0.000000 1.000000
  30   92   88 15.642857 14.357143
   9   30   24 5.035714 3.964286
  10   32   29 5.315476 4.684524
   5   14   16 2.333333 2.666667
   5    6   21 1.133333 3.866667
   7   18   25 3.221429 3.778571
   7   16   26 2.671429 4.328571
  28  104   65 17.346032 10.653968
  27   84   81 13.742857 13.257143
  14   40   40 7.071429 6.928571
   8   14   33 2.492857 5.507143
   5    8   24 1.261905 3.738095
   5    8   22 1.395238 3.604762
   6   10   25 1.719048 4.280952
   8   24   26 3.857143 4.142857
  23   70   71 11.551190 11.448810
  34  122   77 20.742857 13.257143
  19   68   46 11.640476 7.359524
   4   10   15 1.608333 2.391667
   4    4   20 0.676190 3.323810
   2    0   12 0.000000 2.000000
   6   10   25 1.719048 4.280952
  10   24   37 4.035714 5.964286
  22   60   68 10.266667 11.733333
  32  122   72 20.261905 11.738095
  18   60   49 10.066667 7.933333
   1    0    6 0.000000 1.000000
   7   12   30 2.028571 4.971429
   1    0    6 0.000000 1.000000
   9   18   36 3.114286 5.885714
  10   14   46 2.428571 7.571429
  23   62   74 10.729762 12.270238
  29   96   79 15.871429 13.128571
  17   64   40 10.564286 6.435714
   1    0    6 0.000000 1.000000
   9   22   31 3.771429 5.228571
  11   30   36 5.128571 5.871429
   5   10   22 1.590476 3.409524
  15   32   57 5.500000 9.500000
  28  108   61 18.030952 9.969048
  35  148   62 24.747619 10.252381
   5    6   23 1.052381 3.947619
  12   34   37 5.691667 6.308333
   9   30   24 5.085714 3.914286
  18   50   61 8.386905 9.613095
  21   68   59 11.430952 9.569048
  31  118   66 19.798810 11.201190
   3    0   19 0.000000 3.000000
  18   48   57 8.214286 9.785714
   4    8   18 1.238095 2.761905
  15   32   59 5.430952 9.569048
  23   76   67 12.333333 10.666667
  36  140   74 23.475000 12.525000
   1    0    6 0.000000 1.000000
  21   38   82 6.709524 14.290476
   1    0    5 0.000000 1.000000
   9   16   39 2.619048 6.380952
  15   46   44 7.758333 7.241667
  56  254   87 42.301190 13.698810
   1    0    5 0.000000 1.000000
  18   44   60 7.571429 10.428571
   1    0    6 0.000000 1.000000
   7   10   33 1.575000 5.425000
  14   40   43 6.747619 7.252381
  56  268   68 44.841667 11.158333
   1    0    7 0.000000 1.000000
  21   70   55 12.004762 8.995238
   7   18   20 3.250000 3.750000
   2    2   10 0.333333 1.666667
  23   94   45 15.671429 7.328571
  54  256   66 42.971429 11.028571
   1    0    6 0.000000 1.000000
  13   28   55 4.504762 8.495238
   4    6   19 1.019048 2.980952
   2    2    9 0.366667 1.633333
  34  150   54 25.290476 8.709524
  46  208   70 34.504762 11.495238
   5   12   17 2.064286 2.935714
   9   18   35 3.061905 5.938095
   5   12   18 2.019048 2.980952
   3    6   10 1.133333 1.866667
  29  116   57 19.619048 9.380952
  52  246   64 41.178571 10.821429
   4    8   19 1.166667 2.833333
   7   12   32 2.001190 4.998810
   7   18   25 3.038095 3.961905
   4    8   15 1.385714 2.614286
  40  154   84 26.070238 13.929762
  44  192   73 31.800000 12.200000
   3    2   17 0.342857 2.657143
   2    0   12 0.000000 2.000000
  11   34   31 5.571429 5.428571
   3    4   15 0.685714 2.314286
  34  128   79 21.085714 12.914286
  48  198   89 33.088095 14.911905
   3    4   12 0.766667 2.233333
   1    0    6 0.000000 1.000000
  11   38   30 6.372619 4.627381
   1    0    6 0.000000 1.000000
  32  112   79 18.994048 13.005952
  55  232   96 38.991667 16.008333
   1    0    7 0.000000 1.000000
  10   24   31 4.347619 5.652381
  40  142  104 23.190476 16.809524
  48  170  117 28.571429 19.428571
   2    2   10 0.333333 1.666667
   6   10   26 1.728571 4.271429
  32   92   99 15.509524 16.490476
  61  250  117 41.722619 19.277381
   1    0    6 0.000000 1.000000
   4    6   19 1.019048 2.980952
  27   86   76 14.400000 12.600000
  69  318   95 53.142857 15.857143
   9   22   33 3.614286 5.385714
  26   88   70 14.623810 11.376190
  65  290   97 48.748810 16.251190
   6   10   27 1.619048 4.380952
  35  140   72 23.257143 11.742857
  59  262   89 44.188095 14.811905
   7   10   34 1.595238 5.404762
  26   88   66 14.864286 11.135714
  67  322   80 53.890476 13.109524
  13   28   49 4.800000 8.200000
  41  162   79 27.376190 13.623810
  46  204   78 33.723810 12.276190
  17   44   59 7.303571 9.696429
  41  154   87 26.201190 14.798810
  42  158   98 25.985714 16.014286
  23   62   80 10.359524 12.640476
  25   60   91 10.041667 14.958333
  52  202  105 34.198810 17.801190
  26   88   71 14.684524 11.315476
  16   32   67 5.252381 10.747619
  58  246   96 41.461905 16.538095
  24   88   56 14.652381 9.347619
  18   48   60 8.080952 9.919048
  58  262   86 43.839286 14.160714
  16   38   60 6.363095 9.636905
  22   76   56 12.811905 9.188095
  62  282   88 47.561905 14.438095
  14   36   51 5.855952 8.144048
  20   70   48 11.895238 8.104762
  66  310   85 51.782143 14.217857
  15   36   50 6.328571 8.671429
  21   78   51 12.845238 8.154762
  64  300   85 50.050000 13.950000
  10   18   42 3.134524 6.865476
  12   24   48 4.061905 7.938095
  78  392   76 65.280952 12.719048
   7    8   32 1.409524 5.590476
  21   62   63 10.452381 10.547619
  72  352   83 58.447619 13.552381
   1    0    7 0.000000 1.000000
  29  104   69 17.577381 11.422619
  70  348   72 58.023810 11.976190
   1    0    8 0.000000 1.000000
  26   82   72 13.809524 12.190476
  73  362   76 60.435714 12.564286
   1    0    6 0.000000 1.000000
  19   52   65 8.361905 10.638095
  80  410   67 68.519048 11.480952
   2    2   10 0.333333 1.666667
  15   42   51 6.866667 8.133333
  83  438   57 73.388095 9.611905
   4   10   15 1.647619 2.352381
  13   28   49 4.747619 8.252381
  83  444   54 74.088095 8.911905
   1    0    6 0.000000 1.000000
  12   34   39 5.804762 6.195238
  87  478   43 79.967857 7.032143
   1    0    7 0.000000 1.000000
  16   66   29 11.095238 4.904762
  83  464   34 77.432143 5.567857
   8   14   33 2.450000 5.550000
  92  520   33 86.576190 5.423810
   7   20   23 3.367857 3.632143
  93  534   23 89.071429 3.928571
   3    4   13 0.685714 2.314286
  97  570   13 95.044048 1.955952
   1    0    6 0.000000 1.000000
  99  588    6 97.990476 1.009524
 100  600    0 100.000000 0.000000
