   2    2    9 0.366667 1.633333
   2    2    8 0.400000 1.600000
   1    0    6 0.000000 1.000000
   1    0    6 0.000000 1.000000
   1    0    6 0.000000 1.000000
   2    2   11 0.309524 1.690476
   1    0    6 0.000000 1.000000
   1    0    6 0.000000 1.000000
   2    2   11 0.309524 1.690476
   1    0    7 0.000000 1.000000
   1    0    6 0.000000 1.000000
   2    2    9 0.366667 1.633333
   2    2    7 0.450000 1.550000
   2    2   11 0.309524 1.690476
   4   10   14 1.666667 2.333333
   5   14   14 2.566667 2.433333
   3    6   12 1.000000 2.000000
   3    4   12 0.792857 2.207143
   1    0    7 0.000000 1.000000
   1    0    6 0.000000 1.000000
   2    2    8 0.400000 1.600000
   1    0    6 0.000000 1.000000
   1    0    6 0.000000 1.000000
   2    2   11 0.309524 1.690476
   3    6   11 1.066667 1.933333
   2    2    8 0.400000 1.600000
   1    0    7 0.000000 1.000000
   1    0    7 0.000000 1.000000
   3    6   12 1.019048 1.980952
   1    0    6 0.000000 1.000000
   1    0    8 0.000000 1.000000
   1    0    6 0.000000 1.000000
   1    0    7 0.000000 1.000000
   3    4   14 0.709524 2.290476
   1    0    7 0.000000 1.000000
   2    2    9 0.366667 1.633333
   2    2    9 0.366667 1.633333
   2    2   11 0.309524 1.690476
   1    0    6 0.000000 1.000000
   1    0    6 0.000000 1.000000
   2    2   12 0.291667 1.708333
   1    0    6 0.000000 1.000000
   2    2    8 0.400000 1.600000
   1    0    6 0.000000 1.000000
   1    0    6 0.000000 1.000000
   2    2   10 0.333333 1.666667
   1    0    5 0.000000 1.000000
   2    2   10 0.342857 1.657143
   1    0    6 0.000000 1.000000
   1    0    5 0.000000 1.000000
   3    2   18 0.309524 2.690476
   3    6   11 1.085714 1.914286
   1    0    7 0.000000 1.000000
   2    2   13 0.267857 1.732143
   5   12   19 2.028571 2.971429
   2    0   13 0.000000 2.000000
   5   10   21 1.614286 3.385714
   5   14   16 2.450000 2.550000
   1    0    6 0.000000 1.000000
   1    0    6 0.000000 1.000000
   1    0    7 0.000000 1.000000
   2    2   10 0.333333 1.666667
   2    2   10 0.333333 1.666667
   2    2   11 0.309524 1.690476
   3    6   12 1.000000 2.000000
   1    0    6 0.000000 1.000000
   6   14   20 2.466667 3.533333
   4    8   18 1.214286 2.785714
   3    2   15 0.366667 2.633333
   1    0    6 0.000000 1.000000
   1    0    6 0.000000 1.000000
   1    0    8 0.000000 1.000000
   6   18   18 2.947619 3.052381
   1    0    7 0.000000 1.000000
   2    2    9 0.366667 1.633333
   1    0    6 0.000000 1.000000
   6   14   22 2.376190 3.623810
   1    0    7 0.000000 1.000000
   1    0    5 0.000000 1.000000
   3    4   13 0.700000 2.300000
   2    2    8 0.400000 1.600000
   6   16   20 2.713095 3.286905
   4   10   12 1.833333 2.166667
   1    0    7 0.000000 1.000000
   1    0    6 0.000000 1.000000
   1    0    6 0.000000 1.000000
   1    0    7 0.000000 1.000000
   1    0    5 0.000000 1.000000
   3    4   14 0.666667 2.333333
   6    6   27 1.150000 4.850000
   5    8   23 1.295238 3.704762
   2    2   10 0.342857 1.657143
   1    0    7 0.000000 1.000000
   5    8   23 1.309524 3.690476
   1    0    6 0.000000 1.000000
   2    2   10 0.333333 1.666667
   7   20   24 3.252381 3.747619
   3    4   15 0.619048 2.380952
   3    6   11 1.066667 1.933333
   2    0   12 0.000000 2.000000
   4    4   17 0.766667 3.233333
   2    2   10 0.342857 1.657143
   8   14   35 2.338095 5.661905
   2    2   10 0.333333 1.666667
   1    0    6 0.000000 1.000000
   1    0    7 0.000000 1.000000
   2    2   10 0.333333 1.666667
   6   16   19 2.954762 3.045238
   1    0    6 0.000000 1.000000
   1    0    7 0.000000 1.000000
   1    0    6 0.000000 1.000000
   2    0   13 0.000000 2.000000
   1    0    7 0.000000 1.000000
   1    0    5 0.000000 1.000000
   4   10   12 1.833333 2.166667
   8   18   28 3.114286 4.885714
  11   38   25 6.604762 4.395238
   3    4   14 0.709524 2.290476
   1    0    7 0.000000 1.000000
   1    0    7 0.000000 1.000000
   2    0   12 0.000000 2.000000
   6    4   32 0.676190 5.323810
   5    8   20 1.466667 3.533333
   3    4   16 0.592857 2.407143
   1    0    6 0.000000 1.000000
   2    0   14 0.000000 2.000000
   3    4   15 0.616667 2.383333
   4    8   15 1.400000 2.600000
   4    8   15 1.442857 2.557143
   3    4   15 0.642857 2.357143
   1    0    6 0.000000 1.000000
   4    4   20 0.685714 3.314286
   2    2   10 0.333333 1.666667
   5    8   21 1.385714 3.614286
   3    4   15 0.642857 2.357143
   2    2    9 0.366667 1.633333
   5    8   22 1.342857 3.657143
   5    8   27 1.119048 3.880952
   1    0    5 0.000000 1.000000
   1    0    6 0.000000 1.000000
   1    0    7 0.000000 1.000000
   1    0    7 0.000000 1.000000
   8   26   23 4.385714 3.614286
   5    6   24 1.042857 3.957143
  21   76   45 13.042857 7.957143
   1    0    6 0.000000 1.000000
   1    0    5 0.000000 1.000000
  10   22   37 3.761905 6.238095
   2    0   13 0.000000 2.000000
   2    2   10 0.333333 1.666667
   4    8   15 1.395238 2.604762
   2    2   10 0.333333 1.666667
   2    2   12 0.291667 1.708333
   9   24   30 4.042857 4.957143
   8   24   23 4.052381 3.947619
   1    0    7 0.000000 1.000000
   3    2   16 0.366667 2.633333
   6   18   18 3.085714 2.914286
   5    8   22 1.333333 3.666667
   3    6   11 1.119048 1.880952
   3    4   13 0.733333 2.266667
  10   30   28 5.121429 4.878571
   4    6   17 1.052381 2.947619
   1    0    7 0.000000 1.000000
   5   14   15 2.588095 2.411905
   1    0    6 0.000000 1.000000
  16   56   40 9.323810 6.676190
   1    0    7 0.000000 1.000000
  10   24   35 4.090476 5.909524
   1    0    8 0.000000 1.000000
   2    2   10 0.333333 1.666667
   8   24   25 3.909524 4.090476
   3    2   18 0.309524 2.690476
   8   20   28 3.385714 4.614286
   2    0   11 0.000000 2.000000
   1    0    6 0.000000 1.000000
   3    6   15 0.869048 2.130952
   7   22   20 3.838095 3.161905
   4    8   20 1.208333 2.791667
   2    2   10 0.333333 1.666667
  13   38   41 6.367857 6.632143
   7   22   17 3.900000 3.100000
   6   10   21 2.000000 4.000000
   6   12   25 1.914286 4.085714
   1    0    6 0.000000 1.000000
  17   64   41 10.509524 6.490476
  11   28   37 4.776190 6.223810
   1    0    6 0.000000 1.000000
   8   20   26 3.600000 4.400000
   3    2   16 0.342857 2.657143
   6   10   25 1.695238 4.304762
   2    2    9 0.366667 1.633333
   3    6   14 0.904762 2.095238
   3    6   13 0.952381 2.047619
   4    6   18 1.042857 2.957143
   5   10   19 1.733333 3.266667
   3    4   14 0.666667 2.333333
  13   16   60 2.833333 10.166667
   7   22   20 3.723810 3.276190
   4    8   17 1.304762 2.695238
   1    0    5 0.000000 1.000000
   1    0    6 0.000000 1.000000
  16   46   51 7.642857 8.357143
  14   38   46 6.342857 7.657143
   2    2    9 0.366667 1.633333
  15   56   36 9.379762 5.620238
   1    0    6 0.000000 1.000000
   6   14   23 2.261905 3.738095
   1    0    6 0.000000 1.000000
   7   20   26 3.460714 3.539286
   3    4   12 0.766667 2.233333
   4    6   21 0.896429 3.103571
   1    0    5 0.000000 1.000000
   2    2   12 0.291667 1.708333
   8   12   35 2.000000 6.000000
   4   10   13 1.733333 2.266667
   1    0    6 0.000000 1.000000
  22   70   57 12.180952 9.819048
  19   76   39 12.723810 6.276190
   3    6   14 0.916667 2.083333
  18   62   44 10.728571 7.271429
   1    0    5 0.000000 1.000000
   3    2   16 0.309524 2.690476
   1    0    7 0.000000 1.000000
   5   10   20 1.719048 3.280952
   7   18   23 3.128571 3.871429
   3    6   13 0.952381 2.047619
   1    0    7 0.000000 1.000000
   3    4   14 0.709524 2.290476
   1    0    6 0.000000 1.000000
  29  108   61 18.575000 10.425000
  18   64   44 10.814286 7.185714
   5   12   21 1.939286 3.060714
  24   88   56 14.809524 9.190476
   1    0    7 0.000000 1.000000
   1    0    6 0.000000 1.000000
  14   54   27 9.233333 4.766667
  13   42   38 6.938095 6.061905
   3    4   16 0.667857 2.332143
   1    0    7 0.000000 1.000000
   5   12   20 1.880952 3.119048
   2    2   10 0.342857 1.657143
  18   60   45 10.257143 7.742857
  14   30   57 4.857143 9.142857
   4    4   18 0.700000 3.300000
  24   78   63 13.357143 10.642857
   2    2   10 0.342857 1.657143
   9   24   29 4.180952 4.819048
  12   34   36 5.728571 6.271429
  11   36   29 6.152381 4.847619
   2    2   12 0.285714 1.714286
  25  100   51 16.757143 8.242857
  13   32   47 5.357143 7.642857
   2    0   13 0.000000 2.000000
  24   74   69 12.542857 11.457143
   1    0    6 0.000000 1.000000
   2    2   10 0.333333 1.666667
  18   56   51 9.516667 8.483333
   8   24   27 3.903571 4.096429
   2    2   10 0.333333 1.666667
  29   98   75 16.651190 12.348810
  15   42   48 6.995238 8.004762
  25   86   63 14.422619 10.577381
  14   36   45 6.352381 7.647619
   9   24   29 4.202381 4.797619
   2    0   11 0.000000 2.000000
  31  114   72 19.190476 11.809524
  16   48   48 8.057143 7.942857
  28   94   79 15.285714 12.714286
  10   20   41 3.366667 6.633333
   3    4   14 0.666667 2.333333
   1    0    8 0.000000 1.000000
  34  114   90 19.138095 14.861905
  16   48   49 7.990476 8.009524
  36  132   80 22.284524 13.715476
  10   18   42 3.000000 7.000000
   1    0    7 0.000000 1.000000
  36  132   83 22.100000 13.900000
  25   86   60 14.704762 10.295238
  28   94   78 15.538095 12.461905
   5    4   27 0.642857 4.357143
   3    6   15 0.869048 2.130952
  37  132   88 22.285714 14.714286
  24   70   75 11.554762 12.445238
  31  102   81 17.290476 13.709524
   4    2   22 0.366667 3.633333
   7   16   25 2.833333 4.166667
  32  112   84 18.316667 13.683333
  21   38   82 6.728571 14.271429
  36  134   85 22.378571 13.621429
   8   16   31 2.761905 5.238095
   8   22   27 3.595238 4.404762
  24   66   81 10.938095 13.061905
  18   46   60 7.795238 10.204762
  42  156   95 26.161905 15.838095
   4    6   17 1.142857 2.857143
  15   56   34 9.290476 5.709524
  28   98   71 16.410714 11.589286
  18   50   63 8.182143 9.817857
  35  124   81 21.151190 13.848810
   5   14   16 2.361905 2.638095
  11   20   46 3.485714 7.514286
  38  136   88 23.014286 14.985714
  16   36   63 5.939286 10.060714
  30   80  101 13.276190 16.723810
   5   10   18 1.852381 3.147619
   4    4   19 0.709524 3.290476
  41  138  116 22.483333 18.516667
  15   42   45 7.309524 7.690476
  35  104  104 17.788095 17.211905
   5   10   19 1.833333 3.166667
   3    0   18 0.000000 3.000000
  48  160  122 26.952381 21.047619
  11   26   43 4.233333 6.766667
  33  102  100 16.771429 16.228571
   2    2   10 0.333333 1.666667
  60  258  103 43.015476 16.984524
   5    8   21 1.419048 3.580952
  33  104   94 17.423810 15.576190
  60  258   97 43.590476 16.409524
  12   36   37 6.085714 5.914286
  28   76   96 12.588095 15.411905
  65  286  103 48.033333 16.966667
  11   30   36 4.909524 6.090476
  24   64   81 10.927381 13.072619
  66  310   87 51.570238 14.429762
  16   54   38 9.295238 6.704762
  18   40   71 6.557143 11.442857
  70  344   74 57.640476 12.359524
  15   54   37 9.179762 5.820238
  15   26   65 4.565476 10.434524
  64  298   87 49.741667 14.258333
  21   74   49 12.590476 8.409524
  15   24   68 3.889286 11.110714
  57  262   83 43.480952 13.519048
  21   82   42 14.059524 6.940476
  22   68   63 11.634524 10.365476
  54  230   94 38.590476 15.409524
  28  116   50 19.585714 8.414286
  18   42   68 7.038095 10.961905
  59  248  104 41.685714 17.314286
  27  102   62 17.128571 9.871429
  14   24   60 4.071429 9.928571
  64  300   83 50.266667 13.733333
  22   86   46 14.555952 7.444048
  14   34   51 5.707143 8.292857
  61  270   94 45.583333 15.416667
  19   46   71 7.576190 11.423810
  20   60   59 10.253571 9.746429
  69  340   70 57.471429 11.528571
  15   36   60 5.685714 9.314286
  16   42   52 7.180952 8.819048
  66  306   83 51.473810 14.526190
  10   18   42 2.942857 7.057143
  24   80   71 13.142460 10.857540
  74  364   77 61.086905 12.913095
   8   22   28 3.569048 4.430952
  18   56   53 9.439286 8.560714
  78  392   77 65.291667 12.708333
   6    8   28 1.352381 4.647619
  16   46   49 7.739286 8.260714
  69  322   88 54.123810 14.876190
  12   34   39 5.761905 6.238095
  19   66   51 10.827381 8.172619
  66  306   92 50.935714 15.064286
  14   50   33 8.495238 5.504762
  20   56   63 9.295238 10.704762
  62  308   63 51.576190 10.423810
  24   98   43 16.580952 7.419048
  14   40   48 6.552381 7.447619
  70  360   59 60.141667 9.858333
  20   74   45 12.400000 7.600000
  10   22   40 3.595238 6.404762
  69  356   56 59.611905 9.388095
  16   52   45 8.826190 7.173810
  15   54   37 9.102381 5.897619
  72  370   60 61.813095 10.186905
  19   58   58 9.728571 9.271429
   9   18   36 2.910714 6.089286
  65  294   93 49.180952 15.819048
  25   82   71 13.688095 11.311905
  10   18   42 2.852381 7.147619
  66  298   95 50.254762 15.745238
  25   68   81 11.536905 13.463095
   9   20   38 3.166667 5.833333
  60  258  102 43.114286 16.885714
  31  102   88 16.858333 14.141667
   9   26   24 4.714286 4.285714
  72  358   75 59.757143 12.242857
  24   70   71 11.828571 12.171429
   4   10   16 1.571429 2.428571
  83  452   48 75.314286 7.685714
  17   52   48 8.880952 8.119048
  78  416   54 69.247619 8.752381
  22   76   54 13.046429 8.953571
  68  350   61 58.014286 9.985714
  32  128   61 21.471429 10.528571
  66  318   76 53.461905 12.538095
  34  130   76 21.742857 12.257143
  76  378   78 63.060714 12.939286
  24   66   78 11.004762 12.995238
  68  324   85 53.848810 14.151190
  32  106   85 17.832143 14.167857
  67  296  107 49.392857 17.607143
  33   90  107 14.952381 18.047619
  69  334   77 56.050000 12.950000
  31  112   77 18.461905 12.538095
  65  302   91 50.342857 14.657143
  35  116   91 19.919048 15.080952
  62  304   70 50.691667 11.308333
  38  156   70 26.407143 11.592857
  52  238   78 39.470238 12.529762
  48  206   78 34.747619 13.252381
  45  176   95 29.413095 15.586905
  55  234   95 39.385714 15.614286
  46  164  117 27.211905 18.788095
  54  202  117 34.069048 19.930952
  54  226   97 37.696429 16.303571
  46  180   97 30.051190 15.948810
  68  338   70 56.584524 11.415476
  32  122   70 20.242857 11.757143
  61  278   87 46.330952 14.669048
  39  148   87 24.703571 14.296429
  64  286   98 47.878571 16.121429
  36  118   98 19.700000 16.300000
  69  332   82 55.507143 13.492857
  31  104   82 17.652381 13.347619
  56  232  107 38.340476 17.659524
  44  154  107 26.080952 17.919048
  59  262   91 43.840476 15.159524
  41  156   91 26.192857 14.807143
  63  274  102 45.900000 17.100000
  37  122  102 20.171429 16.828571
  65  292   93 49.185714 15.814286
  35  122   93 20.045238 14.954762
  58  250   99 41.851190 16.148810
  42  152   99 25.546429 16.453571
  52  218   97 36.234524 15.765476
  48  188   97 32.078571 15.921429
  56  228  108 38.165476 17.834524
  44  156  108 26.298810 17.701190
  52  210  112 34.308333 17.691667
  48  166  112 28.514286 19.485714
  58  236  115 39.396429 18.603571
  42  134  115 22.714286 19.285714
  59  248  106 41.595238 17.404762
  41  140  106 23.704762 17.295238
  65  284   98 48.158333 16.841667
  35  120   98 19.421429 15.578571
  69  318  101 52.914286 16.085714
  31   80  101 13.907143 17.092857
  64  282  108 46.927381 17.072619
  36  102  108 17.633333 18.366667
  57  244  103 40.222619 16.777381
  43  150  103 25.640476 17.359524
  70  322   97 54.053571 15.946429
  30   84   97 14.148810 15.851190
  57  252   97 41.834524 15.165476
  43  154   97 26.307143 16.692857
  68  326   79 54.716667 13.283333
  32  116   79 19.215476 12.784524
  63  282   92 47.500000 15.500000
  37  134   92 22.176190 14.823810
  64  286   92 48.341667 15.658333
  36  130   92 21.366667 14.633333
  70  340   85 56.322619 13.677381
  30   90   85 15.495238 14.504762
  64  306   78 50.960714 13.039286
  36  138   78 23.133333 12.866667
  64  284   98 47.598810 16.401190
  36  120   98 19.983333 16.016667
  76  374   81 62.820238 13.179762
  24   64   81 10.700000 13.300000
  80  408   72 67.979762 12.020238
  20   48   72 7.985714 12.014286
  76  390   69 64.886905 11.113095
  24   72   69 12.304762 11.695238
  84  442   60 73.776190 10.223810
  16   38   60 6.325000 9.675000
  81  420   68 69.976190 11.023810
  19   44   68 7.576190 11.423810
  89  484   48 81.039286 7.960714
  11   20   48 3.238095 7.761905
  87  480   44 79.869048 7.130952
  13   32   44 5.495238 7.504762
  90  506   35 84.180952 5.819048
  10   24   35 4.128571 5.871429
  99  588    6 97.988095 1.011905
   1    0    6 0.000000 1.000000
  99  586    7 97.750000 1.250000
   1    0    7 0.000000 1.000000
  98  576   11 96.123810 1.876190
   2    2   11 0.309524 1.690476
  99  586    7 97.800000 1.200000
   1    0    7 0.000000 1.000000
 100  600    0 100.000000 0.000000
