   1    0    6 0.000000 1.000000
   3    6   10 1.133333 1.866667
   4   10   15 1.619048 2.380952
   1    0    8 0.000000 1.000000
   1    0    6 0.000000 1.000000
   2    2    8 0.400000 1.600000
   2    2   10 0.342857 1.657143
   2    2   10 0.333333 1.666667
   3    6   13 0.971429 2.028571
   3    6   10 1.185714 1.814286
   3    4   13 0.733333 2.266667
   3    6   10 1.133333 1.866667
   2    2   10 0.342857 1.657143
   2    2   10 0.333333 1.666667
   1    0    6 0.000000 1.000000
   1    0    6 0.000000 1.000000
   1    0    6 0.000000 1.000000
   2    2   10 0.342857 1.657143
   1    0    8 0.000000 1.000000
   5   10   20 1.675000 3.325000
   2    2   10 0.333333 1.666667
   1    0    7 0.000000 1.000000
   1    0    7 0.000000 1.000000
   3    4   13 0.700000 2.300000
   2    2   11 0.309524 1.690476
   1    0    6 0.000000 1.000000
   2    2   10 0.342857 1.657143
   2    2    9 0.366667 1.633333
   2    2   10 0.342857 1.657143
   1    0    6 0.000000 1.000000
   3    6   15 0.857143 2.142857
   2    2   10 0.342857 1.657143
   1    0    7 0.000000 1.000000
   1    0    6 0.000000 1.000000
   1    0    5 0.000000 1.000000
   1    0    5 0.000000 1.000000
   1    0    6 0.000000 1.000000
   3    6   12 1.050000 1.950000
   2    2   10 0.333333 1.666667
   1    0    7 0.000000 1.000000
   2    2    9 0.366667 1.633333
   3    6   10 1.133333 1.866667
   2    2   10 0.342857 1.657143
   1    0    7 0.000000 1.000000
   1    0    5 0.000000 1.000000
   2    2   12 0.285714 1.714286
   2    2   11 0.309524 1.690476
   1    0    6 0.000000 1.000000
   2    2    8 0.400000 1.600000
   2    2   12 0.285714 1.714286
   1    0    5 0.000000 1.000000
   1    0    6 0.000000 1.000000
   1    0    6 0.000000 1.000000
   2    2   10 0.333333 1.666667
   1    0    6 0.000000 1.000000
   4    6   20 0.875000 3.125000
   8   22   24 3.825000 4.175000
   1    0    6 0.000000 1.000000
   4   10   14 1.666667 2.333333
   1    0    5 0.000000 1.000000
   3    6   13 0.952381 2.047619
   6   10   27 1.638095 4.361905
   4    6   16 1.066667 2.933333
   1    0    7 0.000000 1.000000
   7   20   19 3.578571 3.421429
   1    0    6 0.000000 1.000000
   3    4   14 0.666667 2.333333
   2    2    9 0.366667 1.633333
   3    4   17 0.571429 2.428571
   2    2    8 0.400000 1.600000
   4    8   15 1.442857 2.557143
   3    2   18 0.285714 2.714286
   5   12   19 1.952381 3.047619
   3    4   14 0.666667 2.333333
   1    0    7 0.000000 1.000000
   1    0    7 0.000000 1.000000
   2    2   10 0.333333 1.666667
   2    2   10 0.333333 1.666667
   1    0    6 0.000000 1.000000
   1    0    6 0.000000 1.000000
   2    2   11 0.309524 1.690476
   2    0   11 0.000000 2.000000
   4    6   18 1.028571 2.971429
   8   24   23 4.100000 3.900000
   2    2   10 0.333333 1.666667
   3    4   14 0.652381 2.347619
   2    2    9 0.366667 1.633333
   1    0    7 0.000000 1.000000
   3    4   14 0.650000 2.350000
  11   32   32 5.630952 5.369048
   3    2   15 0.333333 2.666667
   2    0   11 0.000000 2.000000
   7   12   29 2.138095 4.861905
   5   14   15 2.433333 2.566667
   1    0    6 0.000000 1.000000
   1    0    7 0.000000 1.000000
  13   46   34 7.528571 5.471429
   3    4   16 0.595238 2.404762
   2    2    8 0.400000 1.600000
   7   16   28 2.672619 4.327381
   2    0   12 0.000000 2.000000
   8   22   26 3.785714 4.214286
   4    6   14 1.200000 2.800000
   1    0    7 0.000000 1.000000
   4    6   17 1.066667 2.933333
   1    0    7 0.000000 1.000000
   4    6   17 1.076190 2.923810
   1    0    5 0.000000 1.000000
   3    0   18 0.000000 3.000000
   4    6   18 1.000000 3.000000
   7   20   25 3.195238 3.804762
   2    2   13 0.277778 1.722222
   2    2   12 0.291667 1.708333
   2    2    8 0.400000 1.600000
  12   28   41 5.026190 6.973810
   2    2    9 0.366667 1.633333
   2    2    9 0.366667 1.633333
  10   24   37 3.961905 6.038095
   4    6   18 1.009524 2.990476
  18   52   55 8.766667 9.233333
   1    0    6 0.000000 1.000000
   1    0    7 0.000000 1.000000
   7    8   35 1.261905 5.738095
   2    2   10 0.333333 1.666667
   4    4   19 0.700000 3.300000
   5    8   23 1.309524 3.690476
   6   18   20 2.904762 3.095238
   1    0    6 0.000000 1.000000
   1    0    6 0.000000 1.000000
   3    2   16 0.366667 2.633333
   3    4   15 0.642857 2.357143
  13   38   39 6.533333 6.466667
   2    2   10 0.342857 1.657143
   3    4   15 0.691667 2.308333
   9   30   23 5.175000 3.825000
   1    0    7 0.000000 1.000000
   4    8   16 1.385714 2.614286
  13   40   36 6.734524 6.265476
   2    0   13 0.000000 2.000000
  23   82   64 13.264286 9.735714
   3    2   18 0.285714 2.714286
   3    6   11 1.066667 1.933333
   7   18   22 3.195238 3.804762
   3    2   15 0.366667 2.633333
   2    2    9 0.366667 1.633333
   6   12   22 2.242857 3.757143
   2    0   12 0.000000 2.000000
   5   10   20 1.666667 3.333333
  10   20   38 3.528571 6.471429
   7   18   24 3.014286 3.985714
  11   34   33 5.772619 5.227381
   1    0    8 0.000000 1.000000
   3    2   16 0.366667 2.633333
  14   46   38 7.780952 6.219048
   3    4   14 0.676190 2.323810
  15   38   53 6.457143 8.542857
   7   18   22 3.166667 3.833333
   4    6   17 1.033333 2.966667
   6   10   25 1.761905 4.238095
   3    4   14 0.652381 2.347619
   2    2   10 0.333333 1.666667
   7   16   27 2.690476 4.309524
  11   34   32 5.833333 5.166667
   2    2    7 0.450000 1.550000
  11   34   34 5.500000 5.500000
  14   52   33 8.588095 5.411905
   3    4   14 0.666667 2.333333
  16   56   39 9.614286 6.385714
   3    4   13 0.733333 2.266667
  10   24   38 4.082143 5.917857
   9   26   29 4.342857 4.657143
   4    8   18 1.238095 2.761905
  11   30   35 5.228571 5.771429
   3    6   11 1.085714 1.914286
   7   14   27 2.428571 4.571429
   8   20   29 3.564286 4.435714
   1    0    6 0.000000 1.000000
  11   36   28 6.257143 4.742857
  12   38   34 6.314286 5.685714
   2    2   10 0.333333 1.666667
  20   68   53 11.414286 8.585714
   3    4   16 0.667857 2.332143
   3    4   13 0.700000 2.300000
   8   24   24 4.214286 3.785714
   4    4   20 0.642857 3.357143
  16   56   38 9.385714 6.614286
   5   10   19 1.728571 3.271429
  11   30   37 4.942857 6.057143
   9   24   29 4.066667 4.933333
   7   22   21 3.608333 3.391667
   7   18   22 3.157143 3.842857
   3    4   15 0.619048 2.380952
  21   58   67 9.867857 11.132143
   2    2   11 0.309524 1.690476
   5   12   20 1.928571 3.071429
   9   22   31 3.833333 5.166667
   6    8   27 1.376190 4.623810
  12   40   33 6.614286 5.385714
   6   18   18 2.995238 3.004762
   7   22   20 3.676190 3.323810
  13   46   31 7.852381 5.147619
   9   30   25 4.965476 4.034524
   8   22   25 3.766667 4.233333
   4    4   21 0.642857 3.357143
  14   34   55 5.409524 8.590476
   1    0    6 0.000000 1.000000
   1    0    6 0.000000 1.000000
  14   42   39 7.170238 6.829762
   4    4   20 0.666667 3.333333
  16   58   37 9.777381 6.222619
   2    0   12 0.000000 2.000000
   2    0   12 0.000000 2.000000
  20   84   33 14.247619 5.752381
  14   56   30 9.252381 4.747619
   8   20   27 3.557143 4.442857
   2    2    8 0.400000 1.600000
  21   64   65 10.466667 10.533333
   5   14   16 2.333333 2.666667
   3    4   13 0.742857 2.257143
   4    4   20 0.666667 3.333333
   1    0    6 0.000000 1.000000
  12   42   28 7.133333 4.866667
   4    4   20 0.676190 3.323810
  13   38   39 6.538095 6.461905
  27   98   68 16.195238 10.804762
   7   14   28 2.447619 4.552381
   1    0    7 0.000000 1.000000
  24   64   83 10.590476 13.409524
   2    2   10 0.333333 1.666667
   5   10   18 1.842857 3.157143
   1    0    6 0.000000 1.000000
  15   42   48 6.952381 8.047619
   4    4   20 0.676190 3.323810
  24   86   58 14.620238 9.379762
  17   32   68 5.423810 11.576190
   5    4   28 0.619048 4.380952
   3    4   13 0.742857 2.257143
  20   52   70 8.690476 11.309524
   3    6   14 0.916667 2.083333
  31  106   81 17.886905 13.113095
   4    4   21 0.642857 3.357143
  24   62   75 10.704762 13.295238
  10   10   50 1.819048 8.180952
   7   12   28 2.128571 4.871429
  13   26   57 4.103571 8.896429
   6   14   22 2.347619 3.652381
  26   88   73 14.261905 11.738095
  14   42   39 7.352381 6.647619
  32  108   79 18.597619 13.402381
   2    0   12 0.000000 2.000000
   2    2   12 0.291667 1.708333
  19   60   58 10.002381 8.997619
   5   12   16 2.133333 2.866667
  21   54   70 9.057143 11.942857
  17   44   52 7.578571 9.421429
  34  126   81 20.914286 13.085714
   2    2   11 0.309524 1.690476
  17   44   61 7.228571 9.771429
  13   46   32 7.779762 5.220238
  10   20   41 3.280952 6.719048
  15   28   66 4.471429 10.528571
  44  160   95 27.494444 16.505556
   1    0    7 0.000000 1.000000
  12   18   56 3.080952 8.919048
  10   20   41 3.380952 6.619048
   9   16   36 2.861905 6.138095
  21   56   70 9.620238 11.379762
  48  192   95 32.217857 15.782143
  29   94   78 16.002381 12.997619
   5    4   27 0.652381 4.347619
   7   18   24 3.047619 3.952381
  12   18   54 3.023810 8.976190
  47  172  111 28.747619 18.252381
  24   74   70 12.423810 11.576190
   7   22   19 3.819048 3.180952
   6   12   23 2.095238 3.904762
  15   44   45 7.585714 7.414286
  48  178  113 29.795238 18.204762
  23   68   69 11.623810 11.376190
   6   16   20 2.688095 3.311905
  12   32   36 5.571429 6.428571
  14   42   44 6.984524 7.015476
  45  174   99 28.985714 16.014286
  16   54   44 9.123810 6.876190
   6   16   19 2.728571 3.271429
  20   70   51 11.546429 8.453571
  18   58   49 9.838095 8.161905
  40  154   85 25.919048 14.080952
  14   36   46 6.233333 7.766667
  11   40   25 6.819048 4.180952
  25   76   76 12.715476 12.284524
   9   16   37 2.930952 6.069048
  41  162   86 27.090476 13.909524
  16   46   47 7.795238 8.204762
  15   62   30 10.329762 4.670238
  25   92   57 15.400000 9.600000
   7    8   35 1.319048 5.680952
  37  156   67 26.033333 10.966667
  14   44   40 7.433333 6.566667
  17   62   40 10.466667 6.533333
  14   38   44 6.479762 7.520238
   9   18   39 2.990476 6.009524
  46  208   67 34.801190 11.198810
  12   34   37 5.780952 6.219048
  18   68   40 11.490476 6.509524
  15   50   38 8.525000 6.475000
  10   30   29 5.052381 4.947619
  45  196   78 32.271429 12.728571
   8   22   27 3.671429 4.328571
  28  108   59 18.476190 9.523810
  15   50   40 8.533333 6.466667
  15   58   32 9.795238 5.204762
  34  144   60 24.101190 9.898810
   4    0   26 0.000000 4.000000
  24   80   63 13.404762 10.595238
  17   62   41 10.244048 6.755952
  16   62   33 10.571429 5.428571
  39  172   61 28.890476 10.109524
   5    6   19 1.200000 3.800000
  28  100   70 16.752381 11.247619
  12   38   33 6.514286 5.485714
  18   70   41 11.629762 6.370238
  37  170   53 28.588095 8.411905
   4    4   20 0.666667 3.333333
  24   74   67 12.709524 11.290476
  13   36   44 5.863095 7.136905
  23   82   53 13.904762 9.095238
  36  154   66 25.646429 10.353571
   6    8   27 1.385714 4.614286
  36  132   86 22.029762 13.970238
  10   18   43 2.990476 7.009524
  13   32   46 5.435714 7.564286
  35  128   80 21.713095 13.286905
   1    0    6 0.000000 1.000000
  31   88   99 14.908333 16.091667
   5   10   20 1.708333 3.291667
  15   36   53 6.142857 8.857143
  48  204   84 34.363095 13.636905
  36  102  109 17.295238 18.704762
   8   22   28 3.709524 4.290476
  20   64   57 10.745238 9.254762
  36  142   76 23.457143 12.542857
  24   56   93 9.102381 14.897619
  15   52   36 8.764286 6.235714
  20   68   50 11.580952 8.419048
  41  182   63 30.414286 10.585714
  20   38   86 6.384524 13.615476
  12   30   39 5.171429 6.828571
  30  114   63 19.471429 10.528571
  38  154   76 25.800000 12.200000
  21   48   76 8.228571 12.771429
  13   38   38 6.533333 6.466667
  31  124   62 20.684524 10.315476
  35  148   66 24.703571 10.296429
   8    8   45 1.208333 6.791667
  28  104   62 17.552381 10.447619
  27  104   59 17.184524 9.815476
  37  138   80 23.369048 13.630952
  13   40   38 6.680952 6.319048
  36  128   85 21.709524 14.290476
  25   84   67 13.877381 11.122619
  26   96   62 15.747619 10.252381
   8   14   29 2.666667 5.333333
  36  118   99 19.940476 16.059524
  28  106   65 17.659524 10.340476
  28  100   69 16.759524 11.240476
   4    2   22 0.309524 3.690476
  34  108   97 18.185714 15.814286
  36  136   81 22.744048 13.255952
  26   94   60 15.880952 10.119048
   3    0   19 0.000000 3.000000
  25   66   82 11.242857 13.757143
  58  254   94 42.722619 15.277381
  14   50   35 8.452381 5.547619
  23   86   53 14.314286 8.685714
  64  312   69 52.361905 11.638095
  13   40   40 6.633333 6.366667
  20   50   72 8.323810 11.676190
  66  300   94 50.334524 15.665476
  14   46   38 7.861905 6.138095
  17   36   66 6.095238 10.904762
  72  334   96 55.891667 16.108333
  11   22   46 3.696429 7.303571
  16   28   68 4.921429 11.078571
  76  370   88 61.719048 14.280952
   8   12   34 2.128571 5.871429
  15   26   69 4.283333 10.716667
  73  344   88 57.983333 15.016667
  12   38   35 6.571429 5.428571
   5    6   23 1.076190 3.923810
  80  428   54 71.238095 8.761905
  15   48   41 8.075000 6.925000
   4    2   20 0.366667 3.633333
  79  410   65 68.466667 10.533333
  17   48   55 8.061905 8.938095
   3    2   16 0.309524 2.690476
  81  418   71 69.640476 11.359524
  16   30   63 5.271429 10.728571
   2    2   10 0.333333 1.666667
  72  360   75 59.871429 12.128571
  26   80   73 13.771429 12.228571
   3    4   14 0.676190 2.323810
  71  340   89 56.607143 14.392857
  26   72   81 12.547619 13.452381
   1    0    7 0.000000 1.000000
  84  436   66 72.895238 11.104762
  15   30   61 4.923810 10.076190
   1    0    6 0.000000 1.000000
  87  470   53 78.314286 8.685714
  12   24   47 4.204762 7.795238
  86  466   49 77.869048 8.130952
  14   36   49 6.071429 7.928571
  87  484   39 80.680952 6.319048
  13   38   39 6.500000 6.500000
  90  504   37 84.054762 5.945238
  10   22   37 3.742857 6.257143
  88  490   42 81.490476 6.509524
  12   26   42 4.730952 7.269048
  89  504   33 83.714286 5.285714
  11   30   33 5.166667 5.833333
  80  438   42 73.050000 6.950000
  20   78   42 13.070238 6.929762
  79  418   54 69.866667 9.133333
  21   74   54 12.214286 8.785714
  85  452   59 75.332143 9.667857
  15   30   59 4.880952 10.119048
  88  492   38 81.923810 6.076190
  12   32   38 5.442857 6.557143
  80  428   49 71.676190 8.323810
  20   74   49 12.402381 7.597619
  79  424   50 70.664286 8.335714
  21   76   50 12.740476 8.259524
  78  424   45 70.536905 7.463095
  22   86   45 14.514286 7.485714
  88  468   55 78.580952 9.419048
  12   22   55 3.501190 8.498810
  90  502   40 83.558333 6.441667
  10   18   40 3.100000 6.900000
  89  490   44 81.665476 7.334524
  11   22   44 3.714286 7.285714
  78  422   46 70.402381 7.597619
  22   86   46 14.507143 7.492857
  68  354   54 59.092857 8.907143
  32  138   54 23.141667 8.858333
  76  402   57 66.913095 9.086905
  24   84   57 14.195238 9.804762
  68  348   62 57.892857 10.107143
  32  128   62 21.514286 10.485714
  64  304   81 50.696429 13.303571
  36  134   81 22.484524 13.515476
  65  328   65 54.600000 10.400000
  35  142   65 23.938095 11.061905
  68  324   79 54.654762 13.345238
  32  118   79 19.564286 12.435714
  69  336   82 55.958333 13.041667
  31  100   82 16.923810 14.076190
  74  368   74 61.760714 12.239286
  26   84   74 13.976190 12.023810
  80  428   57 71.010714 8.989286
  20   58   57 10.171429 9.828571
  83  444   55 74.090476 8.909524
  17   46   55 7.771429 9.228571
  67  332   68 55.763095 11.236905
  33  132   68 22.088095 10.911905
  69  352   63 58.785714 10.214286
  31  122   63 20.438095 10.561905
  71  358   67 59.978571 11.021429
  29  108   67 18.052381 10.947619
  75  384   66 64.184921 10.815079
  25   84   66 14.313095 10.686905
  74  394   51 65.721429 8.278571
  26  104   51 17.547619 8.452381
  75  404   49 67.319048 7.680952
  25   98   49 16.623810 8.376190
  78  406   60 67.809524 10.190476
  22   74   60 12.171429 9.828571
  90  508   33 84.604762 5.395238
  10   26   33 4.342857 5.657143
  94  538   26 89.692857 4.307143
   6   10   26 1.661905 4.338095
  92  528   25 87.900000 4.100000
   8   22   25 3.728571 4.271429
  96  556   20 92.716667 3.283333
   4    4   20 0.652381 3.347619
  97  566   15 94.519048 2.480952
   3    4   15 0.619048 2.380952
  97  570   13 95.038095 1.961905
   3    4   13 0.700000 2.300000
  99  586    7 97.790476 1.209524
   1    0    7 0.000000 1.000000
 100  600    0 100.000000 0.000000
