   2    2   11 0.309524 1.690476
   2    2   11 0.309524 1.690476
   1    0    6 0.000000 1.000000
   1    0    6 0.000000 1.000000
   4    8   18 1.261905 2.738095
   1    0    6 0.000000 1.000000
   4    6   16 1.100000 2.900000
   4    6   15 1.166667 2.833333
   2    2    9 0.366667 1.633333
   1    0    6 0.000000 1.000000
   1    0    6 0.000000 1.000000
   1    0    7 0.000000 1.000000
   1    0    5 0.000000 1.000000
   1    0    5 0.000000 1.000000
   1    0    7 0.000000 1.000000
   2    2    9 0.366667 1.633333
   1    0    6 0.000000 1.000000
   1    0    5 0.000000 1.000000
   1    0    5 0.000000 1.000000
   1    0    6 0.000000 1.000000
   3    6   12 1.000000 2.000000
   1    0    7 0.000000 1.000000
   1    0    6 0.000000 1.000000
   2    0   11 0.000000 2.000000
   1    0    7 0.000000 1.000000
   2    2   10 0.333333 1.666667
   2    2    9 0.366667 1.633333
   3    2   19 0.291667 2.708333
   5   14   16 2.328571 2.671429
   2    2   12 0.285714 1.714286
   1    0    6 0.000000 1.000000
   1    0    6 0.000000 1.000000
   1    0    6 0.000000 1.000000
   2    2   10 0.333333 1.666667
   3    4   14 0.709524 2.290476
   1    0    7 0.000000 1.000000
   5   12   16 2.104762 2.895238
   1    0    6 0.000000 1.000000
   1    0    7 0.000000 1.000000
   1    0    7 0.000000 1.000000
   3    4   14 0.709524 2.290476
   1    0    6 0.000000 1.000000
   1    0    7 0.000000 1.000000
   2    2    9 0.366667 1.633333
   5   14   15 2.400000 2.600000
   1    0    5 0.000000 1.000000
   1    0    7 0.000000 1.000000
   2    2   11 0.325000 1.675000
   2    2    9 0.366667 1.633333
   1    0    6 0.000000 1.000000
   1    0    6 0.000000 1.000000
   2    2    9 0.366667 1.633333
   1    0    6 0.000000 1.000000
   1    0    7 0.000000 1.000000
   1    0    6 0.000000 1.000000
   1    0    7 0.000000 1.000000
   1    0    6 0.000000 1.000000
   1    0    5 0.000000 1.000000
   1    0    6 0.000000 1.000000
   3    6   12 1.019048 1.980952
   1    0    7 0.000000 1.000000
   2    0   11 0.000000 2.000000
   2    2   10 0.333333 1.666667
   7   10   31 1.752381 5.247619
   5   12   18 2.000000 3.000000
   2    2    8 0.400000 1.600000
   2    2   10 0.333333 1.666667
   8   22   24 3.833333 4.166667
   1    0    7 0.000000 1.000000
   1    0    6 0.000000 1.000000
   1    0    6 0.000000 1.000000
   4   10   14 1.714286 2.285714
   3    4   13 0.742857 2.257143
   2    0   12 0.000000 2.000000
  10   26   34 4.380952 5.619048
  10   28   33 4.696429 5.303571
   6   16   22 2.595238 3.404762
   1    0    7 0.000000 1.000000
   1    0    6 0.000000 1.000000
   4    4   18 0.733333 3.266667
   2    2    9 0.366667 1.633333
   1    0    6 0.000000 1.000000
   7   18   25 3.014286 3.985714
   1    0    6 0.000000 1.000000
   2    2   10 0.333333 1.666667
   1    0    7 0.000000 1.000000
   5   14   17 2.314286 2.685714
   1    0    7 0.000000 1.000000
   1    0    7 0.000000 1.000000
   2    2    9 0.366667 1.633333
   1    0    6 0.000000 1.000000
   3    4   14 0.666667 2.333333
   1    0    7 0.000000 1.000000
   5   14   17 2.285714 2.714286
   8   16   30 2.841667 5.158333
   2    0   14 0.000000 2.000000
   1    0    6 0.000000 1.000000
   8   20   28 3.414286 4.585714
   1    0    6 0.000000 1.000000
   2    2    9 0.366667 1.633333
   9   24   29 3.971429 5.028571
   4    6   19 0.952381 3.047619
  13   38   40 6.471429 6.528571
   9   20   37 3.230952 5.769048
   6   16   20 2.752381 3.247619
   2    2    8 0.400000 1.600000
   7   14   26 2.471429 4.528571
   9   26   30 4.250000 4.750000
   2    2    9 0.366667 1.633333
   3    4   13 0.733333 2.266667
   1    0    7 0.000000 1.000000
   2    2    9 0.366667 1.633333
   1    0    6 0.000000 1.000000
   4    8   18 1.214286 2.785714
   7   20   20 3.480952 3.519048
   6    6   30 1.009524 4.990476
   1    0    6 0.000000 1.000000
   8   18   31 2.985714 5.014286
   4    6   18 1.016667 2.983333
  11   36   29 6.119048 4.880952
   6   10   26 1.652381 4.347619
  15   38   48 6.600000 8.400000
  10   26   35 4.280952 5.719048
   1    0    7 0.000000 1.000000
   2    0   12 0.000000 2.000000
  10   28   32 4.600000 5.400000
   1    0    6 0.000000 1.000000
   4    8   18 1.214286 2.785714
   4    8   14 1.433333 2.566667
   4    6   21 0.916667 3.083333
   2    2    9 0.366667 1.633333
   6    8   27 1.400000 4.600000
   9   26   27 4.400000 4.600000
  13   30   45 5.247619 7.752381
   1    0    7 0.000000 1.000000
   7   20   23 3.319048 3.680952
   6   16   20 2.680952 3.319048
   8   16   32 2.757143 5.242857
   3    0   19 0.000000 3.000000
   9   16   42 2.552381 6.447619
  11   22   40 4.004762 6.995238
   1    0    6 0.000000 1.000000
  10   28   33 4.771429 5.228571
   1    0    6 0.000000 1.000000
   4   10   14 1.708333 2.291667
   4    8   17 1.328571 2.671429
   5   14   15 2.525000 2.475000
   2    2   11 0.309524 1.690476
   7   14   28 2.290476 4.709524
   8   24   24 4.000000 4.000000
   4    0   24 0.000000 4.000000
   1    0    5 0.000000 1.000000
   5   10   19 1.733333 3.266667
  10   28   31 4.804762 5.195238
   8   20   29 3.238095 4.761905
   2    2   11 0.309524 1.690476
  19   60   53 10.095238 8.904762
   6    4   33 0.676190 5.323810
  17   58   42 9.904762 7.095238
   3    6   14 0.904762 2.095238
   3    6   13 0.971429 2.028571
   7   22   20 3.691667 3.308333
  10   22   37 3.776190 6.223810
   5   14   16 2.385714 2.614286
   2    2   11 0.309524 1.690476
   1    0    6 0.000000 1.000000
  12   44   28 7.471429 4.528571
   6    6   31 1.019048 4.980952
   2    2    9 0.366667 1.633333
  30  134   51 22.113095 7.886905
   5    8   22 1.333333 3.666667
  11   26   38 4.483333 6.516667
   5   10   21 1.619048 3.380952
   5   12   16 2.175000 2.825000
   6   16   18 2.883333 3.116667
   7   18   25 2.976190 4.023810
   6   14   22 2.361905 3.638095
   1    0    5 0.000000 1.000000
  24  100   43 16.761905 7.238095
  10   24   32 4.214286 5.785714
  28  118   50 19.900000 8.100000
   4   10   14 1.719048 2.280952
  10   22   42 3.504762 6.495238
   2    0   15 0.000000 2.000000
   5   12   17 2.028571 2.971429
   3    2   15 0.366667 2.633333
   7   16   24 2.766667 4.233333
   3    4   15 0.642857 2.357143
  18   60   53 9.973810 8.026190
   6   12   24 1.980952 4.019048
  44  184   78 30.754762 13.245238
   2    2   10 0.333333 1.666667
   9   14   38 2.361905 6.638095
   2    2    8 0.400000 1.600000
   8   28   22 4.495238 3.504762
   1    0    6 0.000000 1.000000
  10   30   31 4.919048 5.080952
   5   10   18 1.800000 3.200000
  13   32   45 5.427381 7.572619
   5    6   26 0.952381 4.047619
  46  182   94 30.665476 15.334524
   1    0    7 0.000000 1.000000
   5    6   23 1.033333 3.966667
   2    2   10 0.333333 1.666667
  11   38   26 6.485714 4.514286
   2    2   12 0.285714 1.714286
  14   44   37 7.466667 6.533333
   1    0    7 0.000000 1.000000
   9   20   36 3.388095 5.611905
   9   26   29 4.280952 4.719048
  51  226   79 38.014286 12.985714
   2    0   12 0.000000 2.000000
   2    2   11 0.325000 1.675000
  12   42   29 7.114286 4.885714
  15   46   48 7.494048 7.505952
   7   14   26 2.395238 4.604762
  13   26   50 4.533333 8.466667
  50  220   80 36.615476 13.384524
   1    0    7 0.000000 1.000000
  14   40   43 6.804762 7.195238
  20   62   59 10.460714 9.539286
   4    4   22 0.625000 3.375000
  21   70   57 11.538095 9.461905
  40  162   76 27.221429 12.778571
  15   48   40 8.397619 6.602381
  20   56   63 9.490476 10.509524
   4    2   23 0.333333 3.666667
  24   88   55 14.784524 9.215476
  41  170   76 28.500000 12.500000
  11   30   37 5.019048 5.980952
  23   54   85 8.970238 14.029762
   1    0    7 0.000000 1.000000
  34  130   72 21.914286 12.085714
  31  106   80 17.734524 13.265476
  11   22   44 3.661905 7.338095
  18   46   64 7.590476 10.409524
  22   82   51 13.547619 8.452381
  52  214   95 36.257143 15.742857
   8    8   40 1.319048 6.680952
  15   26   64 4.429762 10.570238
  21   62   63 10.452381 10.547619
  53  228   93 37.871429 15.128571
  11   28   36 4.857143 6.142857
  22   56   77 9.478571 12.521429
  25   76   69 13.175000 11.825000
  30  102   81 17.067857 12.932143
  23   86   53 14.383333 8.616667
  17   42   59 7.097619 9.902381
  26   82   75 13.861905 12.138095
  23   64   72 11.047619 11.952381
  34  132   74 22.336905 11.663095
  20   60   60 10.100000 9.900000
  28   82   89 13.586905 14.413095
  24   80   62 13.671429 10.328571
  28  104   63 17.445238 10.554762
  18   58   54 9.471429 8.528571
  30   92   84 15.804762 14.195238
  18   50   56 8.500000 9.500000
  34  144   62 23.901190 10.098810
  18   52   57 8.783333 9.216667
  27   76   81 13.061905 13.938095
  21   40   87 6.761905 14.238095
  34  132   75 21.829762 12.170238
  10   18   43 3.019048 6.980952
  21   44   86 7.316667 13.683333
  31  104   80 17.598810 13.401190
  38  154   71 26.171429 11.828571
  13   26   52 4.361905 8.638095
  17   38   68 6.155952 10.844048
  45  180   87 30.308333 14.691667
  25   76   73 12.683333 12.316667
   7   18   22 3.128571 3.871429
  17   44   59 7.422619 9.577381
  45  172   92 29.180952 15.819048
  31  124   69 20.166667 10.833333
   5   12   18 2.019048 2.980952
  19   56   60 9.466667 9.533333
  45  176   95 29.385714 15.614286
  31  124   59 21.042857 9.957143
   4    6   17 1.019048 2.980952
  26   66   92 10.886905 15.113095
  38  120  111 19.889286 18.110714
  32  108   80 18.233333 13.766667
   2    0   12 0.000000 2.000000
  26   80   76 13.380952 12.619048
  43  148  110 24.814286 18.185714
  29   88   86 14.690476 14.309524
  31   98   87 16.573810 14.426190
  51  182  126 30.335714 20.664286
  18   26   81 4.376190 13.623810
  33  110   88 18.404762 14.595238
  57  240  104 40.121429 16.878571
  10   14   44 2.375000 7.625000
  34  128   77 21.538095 12.461905
  57  254   88 42.517857 14.482143
   9   24   29 4.176190 4.823810
  50  212   92 35.546429 14.453571
  45  172   95 29.066667 15.933333
   5   10   19 1.785714 3.214286
  40  154   88 25.636905 14.363095
  54  232   90 38.780952 15.219048
   6   12   24 2.038095 3.961905
  37  136   86 22.795238 14.204762
  57  246   97 41.066667 15.933333
   6    8   27 1.409524 4.590476
  52  214   95 35.964286 16.035714
  43  160  102 26.528571 16.471429
   5   12   17 2.066667 2.933333
  54  242   79 40.576190 13.423810
  38  142   88 23.719048 14.280952
   8   24   25 4.152381 3.847619
  65  310   78 51.817857 13.182143
  30  104   78 17.427381 12.572619
   5   10   20 1.666667 3.333333
  51  206   97 34.550000 16.450000
  44  174   93 29.213095 14.786905
   5   14   16 2.357143 2.642857
  57  276   70 45.821429 11.178571
  35  128   76 21.816667 13.183333
   8   24   26 3.857143 4.142857
  66  322   75 53.829762 12.170238
  29  102   71 17.059524 11.940476
   5   10   20 1.719048 3.280952
  62  300   74 49.800000 12.200000
  30  108   71 18.076190 11.923810
   8   18   29 3.090476 4.909524
  60  292   68 48.891667 11.108333
  38  162   65 27.276190 10.723810
   2    0   13 0.000000 2.000000
  59  274   82 45.751190 13.248810
  39  156   76 26.315476 12.684524
   2    0   12 0.000000 2.000000
  64  290   89 48.936905 15.063095
  33  126   77 20.619048 12.380952
   3    2   16 0.333333 2.666667
  53  232   88 38.613095 14.386905
  44  186   76 31.126190 12.873810
   3    4   14 0.652381 2.347619
  54  230   95 38.547619 15.452381
  42  170   81 28.476190 13.523810
   4    8   16 1.333333 2.666667
  50  208   94 34.395238 15.604762
  48  198   87 33.115476 14.884524
   2    2   11 0.309524 1.690476
  60  264   97 44.150000 15.850000
  40  142   97 23.823810 16.176190
  63  294   89 48.704762 14.295238
  37  128   89 21.858333 15.141667
  64  278  107 46.336905 17.663095
  36  108  107 17.967857 18.032143
  69  304  104 51.270238 17.729762
  31   88  104 14.304762 16.695238
  61  264  104 44.142857 16.857143
  39  128  104 21.647619 17.352381
  61  254  106 42.973810 18.026190
  39  134  106 21.875000 17.125000
  67  288  114 48.241667 18.758333
  33   84  114 14.289286 18.710714
  74  334  108 55.880952 18.119048
  26   50  108 8.285714 17.714286
  62  260  112 43.346429 18.653571
  38  116  112 19.784524 18.215476
  70  328   92 54.825000 15.175000
  30   88   92 14.902381 15.097619
  65  298   98 49.451190 15.548810
  35  106   98 18.190476 16.809524
  66  298   98 49.889286 16.110714
  34  106   98 17.676190 16.323810
  66  294  102 49.060714 16.939286
  34  102  102 17.082143 16.917857
  67  300   98 50.357143 16.642857
  33  104   98 17.157143 15.842857
  56  258   83 42.710714 13.289286
  44  176   83 30.055952 13.944048
  61  278   92 46.052381 14.947619
  39  138   92 23.252381 15.747619
  67  308   94 51.652381 15.347619
  33  104   94 17.616667 15.383333
  72  360   75 59.907143 12.092857
  28   90   75 15.252381 12.747619
  65  316   80 52.142857 12.857143
  35  124   80 21.180952 13.819048
  65  302   89 50.266667 14.733333
  35  120   89 19.971429 15.028571
  67  318   84 53.195238 13.804762
  33  114   84 19.123810 13.876190
  61  282   84 47.076190 13.923810
  39  150   84 25.102381 13.897619
  58  252   98 41.998810 16.001190
  42  152   98 25.614286 16.385714
  72  344   86 57.942857 14.057143
  28   84   86 14.058333 13.941667
  76  388   70 64.736905 11.263095
  24   72   70 12.266667 11.733333
  67  308   95 51.425000 15.575000
  33  102   95 17.301190 15.698810
  67  316   82 53.023810 13.976190
  33  120   82 19.727381 13.272619
  72  350   87 57.846429 14.153571
  28   76   87 13.098810 14.901190
  71  348   80 57.764286 13.235714
  29   92   80 15.585714 13.414286
  73  358   84 59.607143 13.392857
  27   74   84 12.528571 14.471429
  77  398   68 66.034524 10.965476
  23   66   68 11.247619 11.752381
  78  402   67 67.185714 10.814286
  22   64   67 10.757143 11.242857
  73  352   85 58.857143 14.142857
  27   78   85 12.985714 14.014286
  70  332   86 55.445238 14.554762
  30   96   86 15.995238 14.004762
  64  290   92 48.647619 15.352381
  36  126   92 21.134524 14.865476
  62  268   99 45.066667 16.933333
  38  134   99 22.071429 15.928571
  60  242  113 40.865476 19.134524
  40  132  113 21.961905 18.038095
  67  300  104 50.251190 16.748810
  33   92  104 15.702381 17.297619
  62  264  106 44.002381 17.997619
  38  124  106 20.609524 17.390476
  61  258  104 43.827381 17.172619
  39  134  104 22.550000 16.450000
  58  252   98 41.909524 16.090476
  42  152   98 25.517857 16.482143
  54  230   92 38.492857 15.507143
  46  186   92 31.014286 14.985714
  49  196   92 33.600000 15.400000
  51  220   92 36.436905 14.563095
  43  176   85 29.408333 13.591667
  57  254   85 42.785714 14.214286
  46  184   89 31.110714 14.889286
  54  238   89 39.835714 14.164286
  49  206   87 34.538095 14.461905
  51  220   87 36.954762 14.045238
  43  162   94 27.040476 15.959524
  57  250   94 41.332143 15.667857
  52  228   84 38.451190 13.548810
  48  204   84 34.119048 13.880952
  58  264   81 44.386905 13.613095
  42  174   81 28.678571 13.321429
  56  252   82 42.222619 13.777381
  44  184   82 30.614286 13.385714
  59  258   95 43.454762 15.545238
  41  152   95 25.596825 15.403175
  53  210  105 35.148810 17.851190
  47  180  105 29.866667 17.133333
  54  214  111 35.782143 18.217857
  46  164  111 27.515476 18.484524
  43  154  105 25.745238 17.254762
  57  236  105 39.800000 17.200000
  34  114   90 19.100000 14.900000
  66  306   90 51.144444 14.855556
  26   74   88 11.900000 14.100000
  74  350   88 58.900000 15.100000
  33  116   84 19.230159 13.769841
  67  316   84 52.972619 14.027381
  39  140   94 23.584524 15.415476
  61  272   94 45.569048 15.430952
  41  144  100 24.496429 16.503571
  59  256  100 42.642857 16.357143
  38  116  107 19.790476 18.209524
  62  270  107 44.926190 17.073810
  55  216  112 36.450000 18.550000
  45  160  112 26.832143 18.167857
  52  206  100 34.998810 17.001190
  48  194  100 32.254762 15.745238
  40  136  103 22.909524 17.090476
  60  258  103 43.186905 16.813095
  34  120   84 20.009524 13.990476
  66  312   84 52.080952 13.919048
  27   86   80 14.508333 12.491667
  73  354   80 59.416667 13.583333
  18   62   48 10.395238 7.604762
  82  442   48 74.061905 7.938095
  25   94   61 15.564286 9.435714
  75  384   61 64.391667 10.608333
  18   62   43 10.669048 7.330952
  82  452   43 75.353571 6.646429
  20   76   42 12.861905 7.138095
  80  440   42 73.300000 6.700000
  23   92   48 15.426190 7.573810
  77  412   48 69.014286 7.985714
  23   78   61 12.819048 10.180952
  77  400   61 66.905952 10.094048
  20   70   48 11.933333 8.066667
  80  434   48 72.250000 7.750000
  16   40   55 6.676190 9.323810
  84  450   55 74.891667 9.108333
  17   32   70 5.480952 11.519048
  83  428   70 71.652381 11.347619
  18   30   76 5.395238 12.604762
  82  418   76 69.654762 12.345238
  14   34   46 5.900000 8.100000
  86  474   46 78.446032 7.553968
  22   76   61 12.442857 9.557143
  78  402   61 67.441667 10.558333
  20   76   46 12.766667 7.233333
  80  432   46 72.344048 7.655952
  17   48   57 8.052381 8.947619
  83  438   57 73.526190 9.473810
  15   34   55 5.738095 9.261905
  85  456   55 76.142857 8.857143
  12   22   49 3.700000 8.300000
  88  480   49 79.797619 8.202381
   8   14   38 2.296429 5.703571
  92  510   38 85.557143 6.442857
   6    6   29 1.019048 4.980952
  94  536   29 89.108333 4.891667
   5    4   25 0.742857 4.257143
  95  546   25 91.003571 3.996429
   2    2   10 0.342857 1.657143
  98  578   10 96.395238 1.604762
 100  600    0 100.000000 0.000000
