   2    2    9 0.366667 1.633333
   1    0    6 0.000000 1.000000
   1    0    6 0.000000 1.000000
   1    0    7 0.000000 1.000000
   2    2   10 0.333333 1.666667
   1    0    7 0.000000 1.000000
   4    6   18 0.985714 3.014286
   3    4   14 0.709524 2.290476
   1    0    6 0.000000 1.000000
   1    0    7 0.000000 1.000000
   2    2    9 0.366667 1.633333
   2    2    9 0.366667 1.633333
   1    0    6 0.000000 1.000000
   1    0    7 0.000000 1.000000
   4    8   15 1.476190 2.523810
   3    4   14 0.676190 2.323810
   1    0    7 0.000000 1.000000
   1    0    6 0.000000 1.000000
   1    0    7 0.000000 1.000000
   2    2    9 0.366667 1.633333
   2    2    9 0.366667 1.633333
   1    0    6 0.000000 1.000000
   2    0   12 0.000000 2.000000
   4    4   19 0.733333 3.266667
   2    2   11 0.309524 1.690476
   1    0    6 0.000000 1.000000
   1    0    7 0.000000 1.000000
   1    0    6 0.000000 1.000000
   4    6   17 1.052381 2.947619
   2    2    9 0.366667 1.633333
   6   16   20 2.757143 3.242857
   3    6   11 1.066667 1.933333
   1    0    6 0.000000 1.000000
   1    0    6 0.000000 1.000000
   1    0    6 0.000000 1.000000
   2    2    9 0.366667 1.633333
   1    0    6 0.000000 1.000000
   3    4   15 0.642857 2.357143
   2    2    8 0.400000 1.600000
   1    0    6 0.000000 1.000000
   1    0    7 0.000000 1.000000
   1    0    6 0.000000 1.000000
   1    0    6 0.000000 1.000000
   1    0    7 0.000000 1.000000
   2    2   10 0.333333 1.666667
   1    0    6 0.000000 1.000000
   1    0    6 0.000000 1.000000
   3    6   11 1.066667 1.933333
   1    0    6 0.000000 1.000000
   1    0    6 0.000000 1.000000
   2    2   12 0.285714 1.714286
   2    2   10 0.333333 1.666667
   3    4   15 0.642857 2.357143
   1    0    6 0.000000 1.000000
   3    4   14 0.676190 2.323810
   1    0    6 0.000000 1.000000
   3    6   10 1.133333 1.866667
   2    2    8 0.400000 1.600000
   4   10   13 1.775000 2.225000
   7   16   26 2.695238 4.304762
   1    0    6 0.000000 1.000000
   2    2    9 0.366667 1.633333
   9   28   27 4.535714 4.464286
   1    0    6 0.000000 1.000000
   1    0    6 0.000000 1.000000
   3    4   14 0.666667 2.333333
   4   10   15 1.614286 2.385714
   6   20   17 3.385714 2.614286
   3    4   15 0.619048 2.380952
   3    2   15 0.366667 2.633333
   1    0    7 0.000000 1.000000
   4    2   22 0.366667 3.633333
   5   14   17 2.350000 2.650000
   1    0    7 0.000000 1.000000
   3    4   13 0.733333 2.266667
   1    0    6 0.000000 1.000000
   5   12   19 2.028571 2.971429
   5   14   15 2.400000 2.600000
   1    0    7 0.000000 1.000000
   2    2   11 0.309524 1.690476
   1    0    6 0.000000 1.000000
   1    0    7 0.000000 1.000000
   1    0    6 0.000000 1.000000
   4   10   13 1.761905 2.238095
   1    0    6 0.000000 1.000000
   2    2    9 0.366667 1.633333
   2    2    9 0.366667 1.633333
   4    6   18 1.042857 2.957143
   2    2   10 0.342857 1.657143
   1    0    6 0.000000 1.000000
   1    0    6 0.000000 1.000000
   2    0   13 0.000000 2.000000
   3    4   15 0.642857 2.357143
   1    0    7 0.000000 1.000000
   4   10   16 1.635714 2.364286
   6   14   21 2.500000 3.500000
   2    2   10 0.333333 1.666667
   9   30   24 5.202381 3.797619
   1    0    6 0.000000 1.000000
   1    0    6 0.000000 1.000000
   6   14   21 2.366667 3.633333
  13   42   35 7.157143 5.842857
   2    2   10 0.333333 1.666667
   4   10   13 1.728571 2.271429
   2    2   11 0.309524 1.690476
   9   12   40 2.142857 6.857143
   1    0    7 0.000000 1.000000
   3    4   14 0.666667 2.333333
   1    0    7 0.000000 1.000000
   4    6   19 0.952381 3.047619
   2    2    9 0.366667 1.633333
   1    0    5 0.000000 1.000000
   4    6   17 1.033333 2.966667
   1    0    7 0.000000 1.000000
   1    0    6 0.000000 1.000000
   3    4   12 0.766667 2.233333
   5   16   15 2.832143 2.167857
   1    0    6 0.000000 1.000000
   1    0    5 0.000000 1.000000
   1    0    7 0.000000 1.000000
   6   12   24 2.042857 3.957143
   1    0    6 0.000000 1.000000
   1    0    7 0.000000 1.000000
   4    6   20 0.952381 3.047619
   1    0    6 0.000000 1.000000
   4    6   16 1.085714 2.914286
   7   18   26 2.938095 4.061905
   4    8   16 1.416667 2.583333
  10   34   22 5.930952 4.069048
  10   36   25 5.895238 4.104762
   8   18   30 3.055952 4.944048
   3    2   15 0.400000 2.600000
   4    8   17 1.350000 2.650000
   2    2   12 0.291667 1.708333
   4    4   17 0.800000 3.200000
   5    8   19 1.500000 3.500000
   3    2   17 0.309524 2.690476
   2    0   10 0.000000 2.000000
   4   10   13 1.814286 2.185714
   2    2   11 0.309524 1.690476
   1    0    7 0.000000 1.000000
   1    0    7 0.000000 1.000000
   9   30   29 4.788095 4.211905
  11   34   31 5.814286 5.185714
   1    0    6 0.000000 1.000000
   5   14   18 2.278571 2.721429
   5    8   22 1.333333 3.666667
   8   20   27 3.457143 4.542857
   4    8   17 1.271429 2.728571
   3    4   13 0.733333 2.266667
  11   34   31 5.728571 5.271429
  10   26   32 4.554762 5.445238
  11   36   31 5.977381 5.022619
   4    8   14 1.433333 2.566667
   5    6   25 1.019048 3.980952
   7   16   25 2.742857 4.257143
   1    0    8 0.000000 1.000000
   3    4   14 0.652381 2.347619
   2    2   12 0.291667 1.708333
   2    2   10 0.333333 1.666667
   1    0    6 0.000000 1.000000
   9   26   27 4.385714 4.614286
   8   18   29 3.061905 4.938095
   1    0    7 0.000000 1.000000
   1    0    7 0.000000 1.000000
   9   20   31 3.580952 5.419048
   5    8   24 1.285714 3.714286
   1    0    7 0.000000 1.000000
   9   26   30 4.239286 4.760714
  24   88   53 14.760714 9.239286
   8   14   33 2.395238 5.604762
   1    0    7 0.000000 1.000000
   5   10   19 1.761905 3.238095
   5    6   22 1.109524 3.890476
   4    8   16 1.333333 2.666667
   2    0   13 0.000000 2.000000
   5   10   19 1.719048 3.280952
   2    2   10 0.333333 1.666667
  10   26   37 4.104762 5.895238
   9   16   38 2.633333 6.366667
   1    0    7 0.000000 1.000000
  11   28   41 4.423810 6.576190
   2    2   10 0.333333 1.666667
   1    0    7 0.000000 1.000000
   6   18   17 3.128571 2.871429
  14   42   43 6.895238 7.104762
   5    6   27 0.928571 4.071429
   3    6   12 1.019048 1.980952
   5    6   25 1.019048 3.980952
   7   12   28 2.114286 4.885714
  10   26   36 4.300000 5.700000
  10   28   30 4.795238 5.204762
   1    0    5 0.000000 1.000000
   3    2   16 0.333333 2.666667
  21   58   62 10.328571 10.671429
  11   30   37 5.066667 5.933333
   8   20   28 3.428571 4.571429
   7   12   33 1.909524 5.090476
   7   14   25 2.404762 4.595238
   3    4   15 0.619048 2.380952
   6   14   22 2.380952 3.619048
   5    8   23 1.285714 3.714286
  10   22   34 4.033333 5.966667
  12   36   38 5.976190 6.023810
   2    0   13 0.000000 2.000000
  29   84   88 14.436905 14.563095
  11   26   43 4.361905 6.638095
   3    2   19 0.285714 2.714286
   7    6   37 1.009524 5.990476
   7    8   35 1.367857 5.632143
   5    8   19 1.483333 3.516667
   4    4   21 0.667857 3.332143
   3    2   14 0.400000 2.600000
  10   12   43 2.309524 7.690476
  23   82   55 13.796429 9.203571
   2    2   11 0.309524 1.690476
  25   80   71 13.442857 11.557143
   8   12   36 1.985714 6.014286
   2    0   12 0.000000 2.000000
   6    8   28 1.400000 4.600000
   7    8   37 1.361905 5.638095
  10   20   38 3.509524 6.490476
  11   24   39 4.276190 6.723810
   2    2   10 0.333333 1.666667
  10   22   38 3.647619 6.352381
  18   60   49 10.059524 7.940476
  26   94   63 15.866667 10.133333
   7   12   31 1.995238 5.004762
   2    2   10 0.333333 1.666667
   2    2   11 0.309524 1.690476
  10   32   30 5.380952 4.619048
   4    4   20 0.642857 3.357143
  20   60   56 10.366667 9.633333
  11   22   40 3.902381 7.097619
  13   40   39 6.580952 6.419048
  31  128   61 21.214286 9.785714
   9   18   36 3.107143 5.892857
   1    0    6 0.000000 1.000000
   1    0    6 0.000000 1.000000
  10   26   34 4.319048 5.680952
   1    0    6 0.000000 1.000000
  30  112   67 18.895238 11.104762
  15   28   62 4.723810 10.276190
  14   38   43 6.557143 7.442857
  19   70   48 11.446429 7.553571
  12   18   52 3.128571 8.871429
   2    2   11 0.309524 1.690476
   1    0    6 0.000000 1.000000
   5   10   21 1.604762 3.395238
  37  152   72 25.308333 11.691667
  16   38   61 6.452381 9.547619
  16   38   54 6.628571 9.371429
  11   28   37 4.764286 6.235714
   4    6   17 1.085714 2.914286
   3    4   15 0.619048 2.380952
   3    2   18 0.333333 2.666667
  47  204   80 34.029762 12.970238
   8   14   34 2.333333 5.666667
  28   96   68 16.470238 11.529762
   7   18   24 2.971429 4.028571
   3    6   13 0.952381 2.047619
   1    0    7 0.000000 1.000000
   1    0    6 0.000000 1.000000
  32  106   82 18.080952 13.919048
  10   30   29 5.128571 4.871429
  41  142  104 23.819048 17.180952
  12   40   35 6.428571 5.571429
   1    0    6 0.000000 1.000000
   1    0    6 0.000000 1.000000
  33  108   86 18.373810 14.626190
  18   72   36 12.092857 5.907143
  37  128   95 21.569048 15.430952
  10   24   39 3.910714 6.089286
   1    0    7 0.000000 1.000000
  34  104   98 17.759524 16.240476
  22   86   44 14.694048 7.305952
  31  102   87 16.729762 14.270238
  12   24   48 4.023810 7.976190
   1    0    5 0.000000 1.000000
  32   86  104 14.483333 17.516667
  25   94   56 15.663095 9.336905
  31  106   84 17.720238 13.279762
  11   22   43 3.742857 7.257143
  23   46   98 7.530952 15.469048
  17   58   44 9.647619 7.352381
  53  200  111 34.000000 19.000000
   7   12   31 1.980952 5.019048
  25   66   89 10.909524 14.090476
   7   16   28 2.566667 4.433333
  65  280  102 47.511905 17.488095
   3    2   17 0.309524 2.690476
  22   64   69 10.883333 11.116667
   8   26   24 4.166667 3.833333
  61  282   85 47.215476 13.784524
   9   26   24 4.716667 4.283333
  28  108   60 18.133333 9.866667
   6   18   18 3.000000 3.000000
  51  220   85 36.771429 14.228571
  15   52   39 8.733333 6.266667
  18   52   58 8.638095 9.361905
   5    6   23 1.066667 3.933333
  66  308   86 51.561905 14.438095
  11   36   31 5.879762 5.120238
  26   96   60 16.057143 9.942857
   1    0    7 0.000000 1.000000
  55  234   96 39.002381 15.997619
  18   68   39 11.473810 6.526190
  26  104   49 17.760714 8.239286
  64  308   82 50.951190 13.048810
  10   24   33 4.161905 5.838095
  32  138   54 23.161905 8.838095
  59  268   85 45.101190 13.898810
   9   22   33 3.585714 5.414286
  38  156   72 26.304762 11.695238
  60  276   84 46.036905 13.963095
   2    0   12 0.000000 2.000000
  37  146   72 24.694048 12.305952
  62  302   74 49.814286 12.185714
   1    0    6 0.000000 1.000000
  28   94   74 15.659524 12.340476
  72  358   74 59.735714 12.264286
  35  146   63 24.328571 10.671429
  65  328   63 54.440476 10.559524
  36  144   77 23.765476 12.234524
  64  302   77 50.800000 13.200000
  39  176   57 29.519048 9.480952
  61  310   57 51.755952 9.244048
  36  138   75 23.153571 12.846429
  64  312   75 51.900000 12.100000
  41  150   93 24.997619 16.002381
  59  264   93 43.934921 15.065079
  33  124   74 20.791667 12.208333
  67  328   74 54.891667 12.108333
  31  104   82 17.434524 13.565476
  69  332   82 55.303571 13.696429
  23   66   75 10.880952 12.119048
  77  384   75 64.147619 12.852381
  23   74   66 12.409524 10.590476
  77  394   66 65.901190 11.098810
  18   52   55 8.696429 9.303571
  82  438   55 72.919048 9.080952
  15   50   44 8.128571 6.871429
  85  462   44 77.433333 7.566667
  10   22   36 3.823810 6.176190
  90  506   36 84.205952 5.794048
  15   46   43 7.790476 7.209524
  85  468   43 78.014286 6.985714
  17   60   44 10.059524 6.940476
  83  452   44 75.595238 7.404762
  21   70   54 11.771429 9.228571
  79  422   54 70.198810 8.801190
  17   56   43 9.661905 7.338095
  83  458   43 76.065476 6.934524
  15   54   36 9.066667 5.933333
  85  474   36 78.972222 6.027778
  22   92   39 15.526190 6.473810
  78  430   39 71.675000 6.325000
  32  128   66 21.338095 10.661905
  68  340   66 56.704762 11.295238
  29  112   61 18.654762 10.345238
  71  366   61 60.994048 10.005952
  34  136   68 22.860714 11.139286
  66  328   68 54.821429 11.178571
  41  178   69 29.628571 11.371429
  59  284   69 47.654762 11.345238
  49  216   79 35.983333 13.016667
  51  226   79 37.728571 13.271429
  50  206   88 35.039286 14.960714
  50  218   88 36.200000 13.800000
  44  168   93 28.344048 15.655952
  56  246   93 40.986905 15.013095
  32  106   86 17.739286 14.260714
  68  322   86 53.623810 14.376190
  30   94   83 16.252381 13.747619
  70  340   83 56.678571 13.321429
  25   64   85 10.919048 14.080952
  75  366   85 60.980952 14.019048
  34  108   95 18.242857 15.757143
  66  302   95 50.533333 15.466667
  26   86   75 14.215476 11.784524
  74  364   75 61.267857 12.732143
  26   74   79 12.623810 13.376190
  74  368   79 61.246429 12.753571
  29   86   91 14.372619 14.627381
  71  332   91 55.752381 15.247619
  28   96   69 16.284524 11.715476
  72  366   69 60.735714 11.264286
  35  136   73 23.102381 11.897619
  65  318   73 53.267857 11.732143
  28   82   84 13.798810 14.201190
  72  350   84 58.251190 13.748810
  33  106   97 17.658333 15.341667
  67  300   97 50.433333 16.566667
  36  118   95 20.209524 15.790476
  64  292   95 48.676190 15.323810
  34  122   84 20.555952 13.444048
  66  310   84 52.014286 13.985714
  27   82   83 13.684524 13.315476
  73  352   83 59.210714 13.789286
  24   48  100 7.926190 16.073810
  76  352  100 59.128571 16.871429
  20   50   72 8.319048 11.680952
  80  406   72 68.009524 11.990476
   9    6   50 0.977381 8.022619
  91  494   50 82.582143 8.417857
   9   12   42 2.071429 6.928571
  91  504   42 83.978571 7.021429
   8   10   40 1.595238 6.404762
  92  510   40 85.295238 6.704762
   7   14   32 2.228571 4.771429
  93  522   32 87.461905 5.538095
   6   18   19 2.957143 3.042857
  94  544   19 90.852381 3.147619
   2    2   11 0.309524 1.690476
  98  576   11 96.128571 1.871429
   1    0    6 0.000000 1.000000
  99  588    6 98.038095 0.961905
   2    2    9 0.366667 1.633333
  98  580    9 96.613095 1.386905
   2    2    9 0.366667 1.633333
  98  580    9 96.523810 1.476190
   3    6   14 0.904762 2.095238
  97  566   14 94.628571 2.371429
   5    8   23 1.285714 3.714286
  95  546   23 91.119048 3.880952
   1    0    6 0.000000 1.000000
  99  588    6 97.966667 1.033333
   3    4   12 0.766667 2.233333
  97  572   12 95.085714 1.914286
   3    4   16 0.595238 2.404762
  97  564   16 94.286905 2.713095
 100  600    0 100.000000 0.000000
