   2    2   11 0.325000 1.675000
   1    0    7 0.000000 1.000000
   5   10   16 1.933333 3.066667
   1    0    6 0.000000 1.000000
   2    2   12 0.285714 1.714286
   4    6   17 1.052381 2.947619
   1    0    6 0.000000 1.000000
   1    0    6 0.000000 1.000000
   3    4   13 0.742857 2.257143
   1    0    6 0.000000 1.000000
   1    0    6 0.000000 1.000000
   2    2   11 0.309524 1.690476
   1    0    6 0.000000 1.000000
   2    0   12 0.000000 2.000000
   3    6   12 1.019048 1.980952
   4    6   18 1.019048 2.980952
   1    0    7 0.000000 1.000000
   1    0    6 0.000000 1.000000
   1    0    7 0.000000 1.000000
   2    0   12 0.000000 2.000000
   1    0    6 0.000000 1.000000
   2    2   12 0.291667 1.708333
   2    2   11 0.309524 1.690476
   1    0    6 0.000000 1.000000
   5   14   15 2.400000 2.600000
   6   10   22 1.866667 4.133333
   2    2    9 0.366667 1.633333
   1    0    7 0.000000 1.000000
   1    0    6 0.000000 1.000000
   1    0    6 0.000000 1.000000
   1    0    6 0.000000 1.000000
   2    0   13 0.000000 2.000000
   2    2   10 0.342857 1.657143
   1    0    6 0.000000 1.000000
   1    0    6 0.000000 1.000000
   5   12   15 2.166667 2.833333
   1    0    6 0.000000 1.000000
   3    4   13 0.742857 2.257143
   1    0    5 0.000000 1.000000
   1    0    7 0.000000 1.000000
   2    0   11 0.000000 2.000000
   1    0    8 0.000000 1.000000
   5   10   19 1.785714 3.214286
   2    2   11 0.309524 1.690476
   2    2   10 0.333333 1.666667
   2    0   12 0.000000 2.000000
   1    0    7 0.000000 1.000000
   3    4   14 0.666667 2.333333
   1    0    7 0.000000 1.000000
   1    0    6 0.000000 1.000000
   1    0    7 0.000000 1.000000
   1    0    7 0.000000 1.000000
   4   10   14 1.666667 2.333333
   2    0   11 0.000000 2.000000
   5    6   23 1.102381 3.897619
   1    0    6 0.000000 1.000000
   1    0    6 0.000000 1.000000
   2    2   11 0.309524 1.690476
   1    0    6 0.000000 1.000000
   2    2    8 0.400000 1.600000
   1    0    7 0.000000 1.000000
   3    6   13 0.952381 2.047619
   5   10   19 1.733333 3.266667
   6   10   27 1.733333 4.266667
   1    0    7 0.000000 1.000000
   2    2   11 0.309524 1.690476
   3    2   16 0.366667 2.633333
   1    0    7 0.000000 1.000000
   1    0    6 0.000000 1.000000
   2    2   10 0.333333 1.666667
   4   10   13 1.761905 2.238095
   4    8   14 1.495238 2.504762
   9   22   30 3.904762 5.095238
   1    0    6 0.000000 1.000000
   1    0    5 0.000000 1.000000
   1    0    6 0.000000 1.000000
   1    0    6 0.000000 1.000000
   2    2    9 0.366667 1.633333
   1    0    5 0.000000 1.000000
   3    6   14 0.916667 2.083333
   6   14   23 2.233333 3.766667
   3    4   14 0.709524 2.290476
   3    2   15 0.400000 2.600000
   2    2    9 0.366667 1.633333
   1    0    7 0.000000 1.000000
   3    6   12 1.000000 2.000000
   5   10   20 1.685714 3.314286
   3    6   12 1.050000 1.950000
   1    0    8 0.000000 1.000000
   1    0    7 0.000000 1.000000
   1    0    6 0.000000 1.000000
   4    6   17 1.066667 2.933333
   8   18   29 3.192857 4.807143
   2    2   10 0.333333 1.666667
   4    4   17 0.766667 3.233333
   2    2   11 0.309524 1.690476
   6   12   26 2.010714 3.989286
   2    2   10 0.342857 1.657143
   4    4   22 0.619048 3.380952
   2    2    8 0.400000 1.600000
   3    2   15 0.366667 2.633333
   2    2   10 0.333333 1.666667
   7   16   28 2.647619 4.352381
   6    6   28 1.066667 4.933333
   2    2    9 0.366667 1.633333
   6   16   23 2.585714 3.414286
   1    0    8 0.000000 1.000000
   2    2   12 0.285714 1.714286
   9   28   27 4.636905 4.363095
   5   10   20 1.676190 3.323810
   2    2    9 0.366667 1.633333
   2    2   10 0.333333 1.666667
   9   28   25 4.885714 4.114286
   2    2    9 0.366667 1.633333
   3    6   11 1.085714 1.914286
   1    0    7 0.000000 1.000000
   4    8   15 1.395238 2.604762
   1    0    6 0.000000 1.000000
   4    6   17 1.033333 2.966667
   4    4   18 0.742857 3.257143
   4    8   15 1.441667 2.558333
   8   26   24 4.197619 3.802381
   3    6   12 1.050000 1.950000
   9   16   37 2.752381 6.247619
   5   12   18 2.023810 2.976190
   1    0    6 0.000000 1.000000
   1    0    6 0.000000 1.000000
  13   40   36 6.971429 6.028571
   5   10   21 1.595238 3.404762
   1    0    6 0.000000 1.000000
   3    2   15 0.400000 2.600000
   2    2   12 0.291667 1.708333
   4    4   18 0.766667 3.233333
   8   20   30 3.095238 4.904762
   3    4   14 0.666667 2.333333
   2    2   11 0.309524 1.690476
   1    0    7 0.000000 1.000000
  11   36   31 6.038095 4.961905
   2    2   11 0.309524 1.690476
   2    2   10 0.333333 1.666667
   1    0    6 0.000000 1.000000
   2    2    9 0.366667 1.633333
   3    2   18 0.309524 2.690476
   6   14   21 2.475000 3.525000
   6   12   24 2.102381 3.897619
   7    8   34 1.376190 5.623810
   4    2   22 0.333333 3.666667
   7    8   33 1.319048 5.680952
   4    8   16 1.319048 2.680952
   7   16   25 2.700000 4.300000
   3    6   14 0.904762 2.095238
   7   22   20 3.960714 3.039286
   1    0    7 0.000000 1.000000
   4    6   16 1.066667 2.933333
  12   34   39 5.780952 6.219048
   2    2    9 0.366667 1.633333
   3    6   13 0.952381 2.047619
  15   50   38 8.680952 6.319048
   5   10   20 1.708333 3.291667
   1    0    6 0.000000 1.000000
   3    4   15 0.619048 2.380952
   1    0    5 0.000000 1.000000
   3    4   13 0.733333 2.266667
   8   18   35 2.844048 5.155952
  14   34   45 5.966667 8.033333
   5    8   23 1.352381 3.647619
   9   10   46 1.628571 7.371429
   6   18   19 2.947619 3.052381
   1    0    6 0.000000 1.000000
   3    4   15 0.642857 2.357143
   1    0    5 0.000000 1.000000
   1    0    7 0.000000 1.000000
  14   46   39 7.678571 6.321429
   2    2    9 0.366667 1.633333
   6   14   24 2.214286 3.785714
   8   16   28 2.935714 5.064286
   1    0    7 0.000000 1.000000
   2    2    8 0.400000 1.600000
  15   60   30 10.132143 4.867857
   1    0    7 0.000000 1.000000
   6   12   22 2.100000 3.900000
  11   20   47 3.357143 7.642857
  10   26   37 4.221429 5.778571
   6   10   25 1.685714 4.314286
   3    6   13 0.952381 2.047619
   1    0    6 0.000000 1.000000
  17   56   46 9.466667 7.533333
   1    0    6 0.000000 1.000000
   9   30   26 4.909524 4.090476
  18   50   52 8.833333 9.166667
  17   60   43 9.890476 7.109524
   5   12   19 1.919048 3.080952
   8   22   26 3.619048 4.380952
   7   18   22 3.141667 3.858333
   8   12   37 1.985714 6.014286
   3    6   12 1.019048 1.980952
   2    2   10 0.333333 1.666667
  13   40   37 6.866667 6.133333
  12   36   34 6.185714 5.814286
  26   98   59 16.354762 9.645238
  16   66   32 11.009524 4.990476
   2    0   11 0.000000 2.000000
   7   12   30 2.000000 5.000000
   8   22   29 3.561905 4.438095
   6   14   23 2.280952 3.719048
   1    0    6 0.000000 1.000000
  15   54   35 9.152381 5.847619
   7   14   30 2.257143 4.742857
  27  100   59 16.966667 10.033333
  27  110   51 18.555952 8.444048
   3    4   13 0.700000 2.300000
  15   46   44 7.607143 7.392857
   1    0    6 0.000000 1.000000
   9   22   32 3.771429 5.228571
  13   42   35 7.033333 5.966667
   2    0   12 0.000000 2.000000
  27   98   65 16.295238 10.704762
  30  122   59 20.341667 9.658333
  14   30   54 5.038095 8.961905
   1    0    6 0.000000 1.000000
  19   72   39 12.366667 6.633333
  15   56   35 9.509524 5.490476
   7   20   19 3.558333 3.441667
  32  120   75 19.800000 12.200000
  12   30   44 4.980952 7.019048
  18   52   58 8.552381 9.447619
  19   66   49 11.100000 7.900000
  15   38   48 6.666667 8.333333
   3    0   20 0.000000 3.000000
  35  132   76 22.300000 12.700000
  10   22   39 3.654762 6.345238
  16   30   66 4.961905 11.038095
  19   60   52 10.273810 8.726190
   9   12   44 1.914286 7.085714
   8   12   36 2.095238 5.904762
  36  150   64 25.388095 10.611905
  12   34   40 5.757143 6.242857
  18   34   74 5.819048 12.180952
  17   50   52 8.457143 8.542857
   8   14   37 2.238095 5.761905
  13   42   34 7.223810 5.776190
  31  116   69 19.725000 11.275000
  13   32   46 5.428571 7.571429
  14   30   57 4.833333 9.166667
  14   28   54 4.659524 9.340476
  12   26   47 4.357143 7.642857
  15   42   45 7.235714 7.764286
  34  120   87 19.958333 14.041667
  11   24   40 4.185714 6.814286
  18   28   82 4.854762 13.145238
  11   22   40 3.933333 7.066667
   8   10   43 1.626190 6.373810
  10   18   44 2.958333 7.041667
  38  140   85 23.561905 14.438095
  15   36   52 6.342857 8.657143
  16   28   67 4.814286 11.185714
  17   44   59 7.223810 9.776190
   9   22   32 3.683333 5.316667
   3    2   17 0.342857 2.657143
  31  104   81 17.414286 13.585714
  24   88   56 14.847619 9.152381
  15   28   63 4.614286 10.385714
  32  116   77 19.438095 12.561905
   8   22   26 3.713095 4.286905
   2    2   11 0.309524 1.690476
  18   46   63 7.714286 10.285714
  25   88   58 15.047619 9.952381
  20   54   69 9.067857 10.932143
  29   82   89 14.159524 14.840476
   4    4   20 0.666667 3.333333
   3    6   11 1.066667 1.933333
  23   70   72 11.411905 11.588095
  21   60   63 10.180952 10.819048
  18   40   65 6.857143 11.142857
  37  134   92 22.384524 14.615476
   4    6   18 1.019048 2.980952
   2    2    9 0.366667 1.633333
  14   36   50 5.880952 8.119048
  25   78   70 13.130952 11.869048
  27   74   92 12.104762 14.895238
  37  118   97 20.363095 16.636905
   2    2   10 0.342857 1.657143
  16   48   46 8.147619 7.852381
  18   42   71 6.914286 11.085714
  35  128   82 21.561905 13.438095
  39  146   89 24.214286 14.785714
  11   20   46 3.407143 7.592857
  15   24   65 4.057143 10.942857
  40  132  110 21.988095 18.011905
  36  110  108 18.286905 17.713095
   9   18   32 3.190476 5.809524
  15   24   66 4.080952 10.919048
  33  106   91 17.807143 15.192857
  45  184   92 30.336905 14.663095
   5    4   26 0.676190 4.323810
  17   46   51 8.119048 8.880952
  43  170   86 28.611905 14.388095
  51  218   91 36.330952 14.669048
   2    2    8 0.400000 1.600000
   4    4   21 0.592857 3.407143
  61  274   90 45.916667 15.083333
  35  124   84 20.932143 14.067857
   1    0    7 0.000000 1.000000
   3    2   19 0.291667 2.708333
  54  236   96 38.802381 15.197619
  38  134   88 22.834524 15.165476
   8   18   28 3.219048 4.780952
  49  192  102 32.211905 16.788095
  44  156  105 26.404762 17.595238
   7   14   31 2.233333 4.766667
  48  176  113 29.266667 18.733333
  44  148  115 24.833333 19.166667
   8   18   30 3.061905 4.938095
  49  176  117 29.536905 19.463095
  45  162  108 27.052381 17.947619
   6   12   25 1.928571 4.071429
  49  168  120 28.552381 20.447619
  46  170  111 28.185714 17.814286
   5    8   23 1.328571 3.671429
  52  206  107 34.333333 17.666667
  47  172  109 28.835714 18.164286
   1    0    6 0.000000 1.000000
  38  132   96 22.027381 15.972619
  62  276   96 45.952381 16.047619
  33  108   94 17.723810 15.276190
  67  304   94 51.071429 15.928571
  27   86   75 14.678571 12.321429
  73  364   75 60.684524 12.315476
  27   80   83 13.327381 13.672619
  73  354   83 59.078571 13.921429
  23   50   91 8.222619 14.777381
  77  368   91 61.630952 15.369048
  21   36   88 6.157143 14.842857
  79  388   88 64.839286 14.160714
  25   60   90 10.166667 14.833333
  75  360   90 60.354762 14.645238
  27   62   98 10.725000 16.275000
  73  342   98 57.236905 15.763095
  26   52   98 9.121429 16.878571
  74  352   98 58.258333 15.741667
  25   66   85 11.350000 13.650000
  75  364   85 61.058333 13.941667
  29  102   73 16.969048 12.030952
  71  352   73 58.732143 12.267857
  26   80   77 13.430952 12.569048
  74  366   77 61.122619 12.877381
  19   52   60 8.840476 10.159524
  81  428   60 71.369048 9.630952
  13   44   33 7.442857 5.557143
  87  490   33 81.609524 5.390476
  22   90   44 14.904762 7.095238
  78  422   44 70.514286 7.485714
  25   92   53 15.785714 9.214286
  75  402   53 66.550000 8.450000
  36  160   54 26.819048 9.180952
  64  332   54 55.266667 8.733333
  37  158   66 26.455952 10.544048
  63  310   66 52.028571 10.971429
  24  100   43 16.938095 7.061905
  76  414   43 69.065476 6.934524
  20   78   42 12.897619 7.102381
  80  438   42 72.905952 7.094048
  20   64   57 10.620238 9.379762
  80  422   57 70.614286 9.385714
  21   80   44 13.638095 7.361905
  79  432   44 71.790476 7.209524
  24   84   56 14.447619 9.552381
  76  404   56 66.976190 9.023810
  14   40   44 6.628571 7.371429
  86  472   44 78.503571 7.496429
  10   32   30 5.313095 4.686905
  90  508   30 84.861905 5.138095
  16   44   54 7.185714 8.814286
  84  448   54 74.853571 9.146429
   9   26   26 4.476190 4.523810
  91  522   26 86.852381 4.147619
   2    2    9 0.366667 1.633333
  98  580    9 96.538095 1.461905
   2    2   10 0.342857 1.657143
  98  578   10 96.395238 1.604762
 100  600    0 100.000000 0.000000
