   1    0    6 0.000000 1.000000
   1    0    6 0.000000 1.000000
   3    4   13 0.700000 2.300000
   3    6   12 1.019048 1.980952
   1    0    6 0.000000 1.000000
   3    4   14 0.676190 2.323810
   2    2   10 0.342857 1.657143
   2    2   10 0.342857 1.657143
   2    2   11 0.309524 1.690476
   1    0    7 0.000000 1.000000
   2    2    8 0.400000 1.600000
   1    0    7 0.000000 1.000000
   1    0    5 0.000000 1.000000
   1    0    6 0.000000 1.000000
   1    0    6 0.000000 1.000000
   1    0    6 0.000000 1.000000
   1    0    7 0.000000 1.000000
   2    2   10 0.333333 1.666667
   4    8   16 1.333333 2.666667
   4   10   14 1.666667 2.333333
   2    2    9 0.366667 1.633333
   1    0    6 0.000000 1.000000
   1    0    6 0.000000 1.000000
   1    0    6 0.000000 1.000000
   1    0    7 0.000000 1.000000
   1    0    7 0.000000 1.000000
   1    0    6 0.000000 1.000000
   1    0    6 0.000000 1.000000
   4    8   15 1.452381 2.547619
   1    0    7 0.000000 1.000000
   1    0    6 0.000000 1.000000
   3    4   12 0.766667 2.233333
   2    2   10 0.333333 1.666667
  10   30   32 4.963095 5.036905
   2    2   11 0.309524 1.690476
   1    0    6 0.000000 1.000000
   1    0    6 0.000000 1.000000
   1    0    6 0.000000 1.000000
   3    4   12 0.766667 2.233333
   1    0    6 0.000000 1.000000
   2    2   10 0.333333 1.666667
   5   10   18 1.969048 3.030952
   1    0    6 0.000000 1.000000
   1    0    7 0.000000 1.000000
   1    0    7 0.000000 1.000000
   3    4   15 0.642857 2.357143
   2    2    8 0.400000 1.600000
   1    0    5 0.000000 1.000000
   1    0    7 0.000000 1.000000
   1    0    6 0.000000 1.000000
   2    2   11 0.309524 1.690476
   4   10   14 1.661905 2.338095
   6   16   16 3.000000 3.000000
   2    2   10 0.333333 1.666667
   1    0    6 0.000000 1.000000
   2    2   10 0.342857 1.657143
   2    2   11 0.309524 1.690476
   2    2    8 0.400000 1.600000
   4   10   14 1.695238 2.304762
   1    0    5 0.000000 1.000000
   1    0    6 0.000000 1.000000
   1    0    6 0.000000 1.000000
   3    6   11 1.085714 1.914286
   1    0    7 0.000000 1.000000
   7   24   19 4.013095 2.986905
   1    0    6 0.000000 1.000000
   2    2    8 0.400000 1.600000
   2    2   11 0.325000 1.675000
   1    0    5 0.000000 1.000000
   1    0    6 0.000000 1.000000
   6   12   23 2.076190 3.923810
   1    0    6 0.000000 1.000000
   3    6   13 0.952381 2.047619
   5   14   16 2.469048 2.530952
   5    4   28 0.619048 4.380952
   1    0    7 0.000000 1.000000
   1    0    6 0.000000 1.000000
   1    0    7 0.000000 1.000000
   2    2    8 0.400000 1.600000
   3    6   14 0.935714 2.064286
   4    8   17 1.275000 2.725000
  12   44   28 7.428571 4.571429
   1    0    7 0.000000 1.000000
   1    0    7 0.000000 1.000000
   2    2    8 0.400000 1.600000
   2    2   11 0.309524 1.690476
   2    0   12 0.000000 2.000000
   1    0    5 0.000000 1.000000
   2    2   10 0.342857 1.657143
   1    0    6 0.000000 1.000000
   2    2   10 0.333333 1.666667
   2    2   12 0.285714 1.714286
   3    2   18 0.285714 2.714286
   5   10   17 1.833333 3.166667
   2    2   10 0.333333 1.666667
   6   18   19 3.115476 2.884524
   3    2   19 0.285714 2.714286
   5   10   20 1.738095 3.261905
   1    0    6 0.000000 1.000000
   1    0    5 0.000000 1.000000
   2    0   13 0.000000 2.000000
   3    6   12 1.000000 2.000000
   6    8   28 1.319048 4.680952
   2    2    8 0.400000 1.600000
   1    0    8 0.000000 1.000000
   1    0    6 0.000000 1.000000
   5   14   18 2.166667 2.833333
   7   16   25 2.757143 4.242857
   2    2   10 0.333333 1.666667
   5   14   15 2.433333 2.566667
   6   10   24 1.809524 4.190476
   3    2   16 0.342857 2.657143
   5   14   16 2.385714 2.614286
   5    6   24 1.025000 3.975000
   8   20   29 3.276190 4.723810
   4    4   16 0.816667 3.183333
   1    0    7 0.000000 1.000000
   3    6   11 1.066667 1.933333
   1    0    6 0.000000 1.000000
   3    4   15 0.642857 2.357143
   1    0    7 0.000000 1.000000
   4    6   19 0.938095 3.061905
   6   14   22 2.347619 3.652381
   3    6   13 0.983333 2.016667
   3    2   17 0.309524 2.690476
   3    2   17 0.333333 2.666667
  11   30   37 5.066667 5.933333
   2    2   10 0.333333 1.666667
   7   20   21 3.466667 3.533333
  11   28   37 4.780952 6.219048
   1    0    5 0.000000 1.000000
   1    0    5 0.000000 1.000000
   5   12   18 2.028571 2.971429
   5    6   25 0.985714 4.014286
   5   12   16 2.133333 2.866667
   3    4   14 0.666667 2.333333
   6   12   25 1.947619 4.052381
   2    2    8 0.400000 1.600000
   4   10   17 1.494048 2.505952
   4    2   25 0.309524 3.690476
   2    2   10 0.333333 1.666667
   6   12   20 2.326190 3.673810
   6   16   19 2.795238 3.204762
   5   12   15 2.200000 2.800000
   5   12   17 2.100000 2.900000
   2    2   11 0.309524 1.690476
   5    8   24 1.261905 3.738095
  12   34   37 5.842857 6.157143
   2    2    9 0.366667 1.633333
   5    8   21 1.333333 3.666667
  15   44   45 7.404762 7.595238
   1    0    6 0.000000 1.000000
   6   10   29 1.601190 4.398810
   3    4   15 0.619048 2.380952
   4    8   16 1.352381 2.647619
   6   12   24 2.014286 3.985714
   1    0    7 0.000000 1.000000
   4    4   19 0.733333 3.266667
   4    4   21 0.619048 3.380952
  10   22   40 3.557143 6.442857
  10   36   22 6.304762 3.695238
   4    6   19 0.961905 3.038095
   5   10   20 1.704762 3.295238
   2    2    9 0.366667 1.633333
   3    4   15 0.619048 2.380952
  21   70   58 11.714286 9.285714
   1    0    5 0.000000 1.000000
   2    2   12 0.285714 1.714286
  14   40   43 6.847619 7.152381
   8   14   33 2.400000 5.600000
   1    0    6 0.000000 1.000000
   4    6   19 0.995238 3.004762
   1    0    6 0.000000 1.000000
  11   32   32 5.570238 5.429762
   4   10   15 1.590476 2.409524
  11   22   43 3.728571 7.271429
   8   22   25 3.819048 4.180952
   1    0    7 0.000000 1.000000
   9   24   30 4.023810 4.976190
   1    0    6 0.000000 1.000000
   4    8   15 1.366667 2.633333
  25   90   57 15.357143 9.642857
  16   52   44 8.709524 7.290476
   2    0   12 0.000000 2.000000
   3    4   15 0.619048 2.380952
   1    0    6 0.000000 1.000000
   8   12   35 2.028571 5.971429
   1    0    6 0.000000 1.000000
  16   50   48 8.242857 7.757143
  13   38   41 6.319048 6.680952
   6    6   31 1.058333 4.941667
   1    0    7 0.000000 1.000000
   3    2   15 0.366667 2.633333
  31  106   80 17.609524 13.390476
  13   20   53 3.652381 9.347619
   2    2   10 0.333333 1.666667
   4    6   18 0.985714 3.014286
   9   14   37 2.552381 6.447619
  20   60   65 10.156746 9.843254
  11   30   38 4.880952 6.119048
   9   16   37 2.666667 6.333333
   3    6   13 0.971429 2.028571
  17   46   56 7.657143 9.342857
   8    8   42 1.319048 6.680952
   3    4   13 0.700000 2.300000
   3    4   14 0.709524 2.290476
  16   48   48 8.071429 7.928571
  28   90   78 15.235714 12.764286
  13   46   31 7.857143 5.142857
  10   20   39 3.361905 6.638095
   4    6   19 0.961905 3.038095
  20   64   56 10.728571 9.271429
   3    2   16 0.366667 2.633333
   2    2    9 0.366667 1.633333
  19   56   55 9.690476 9.309524
  28   86   84 14.209524 13.790476
  14   46   40 7.585714 6.414286
  14   40   41 6.933333 7.066667
   1    0    6 0.000000 1.000000
  19   68   46 11.290476 7.709524
   3    4   13 0.742857 2.257143
   1    0    8 0.000000 1.000000
  17   52   54 8.685714 8.314286
  30   96   85 16.239286 13.760714
  15   38   49 6.578571 8.421429
  14   42   42 7.119048 6.880952
   1    0    7 0.000000 1.000000
  21   50   73 8.561905 12.438095
   9   30   24 5.076190 3.923810
   1    0    5 0.000000 1.000000
  14   32   53 5.260714 8.739286
  26   72   87 11.940476 14.059524
  14   26   57 4.544048 9.455952
  13   40   39 6.690476 6.309524
  21   50   75 8.461905 12.538095
  13   32   47 5.309524 7.690476
   8    8   37 1.516667 6.483333
  28   76   96 12.772619 15.227381
  17   40   60 6.959524 10.040476
  13   36   41 6.042857 6.957143
  30   88   89 15.038095 14.961905
   9   12   41 2.052381 6.947619
   8    8   39 1.366667 6.633333
  28   72   99 12.090476 15.909524
  12   22   53 3.633333 8.366667
  10   18   44 3.002381 6.997619
  28   88   78 14.923810 13.076190
   7   10   31 1.819048 5.180952
   9   12   44 2.038095 6.961905
  29   96   83 15.641667 13.358333
  17   32   64 5.604762 11.395238
   6    8   30 1.259524 4.740476
  20   44   76 7.252381 12.747619
  13   34   46 5.657143 7.342857
  14   30   51 5.266667 8.733333
  32  110   79 18.671429 13.328571
  15   30   62 5.134524 9.865476
  21   62   64 10.380952 10.619048
  14   34   49 5.752381 8.247619
  19   56   60 9.367857 9.632143
  21   60   68 10.030952 10.969048
  25   78   69 13.280952 11.719048
  16   54   40 9.247619 6.752381
  20   64   56 10.642857 9.357143
  12   20   52 3.376190 8.623810
  15   44   46 7.209524 7.790476
  37  132   92 22.088095 14.911905
  12   30   43 4.928571 7.071429
  14   34   51 5.720238 8.279762
  16   38   56 6.576190 9.423810
  16   52   43 8.904762 7.095238
  42  152  101 25.608333 16.391667
  13   32   49 5.354762 7.645238
  19   48   61 8.438095 10.561905
  19   54   59 9.116667 9.883333
  16   44   49 7.600000 8.400000
  33  100  104 16.341667 16.658333
  12   36   35 6.161905 5.838095
  24   62   83 10.404762 13.595238
  23   80   59 13.414286 9.585714
   6    8   25 1.375000 4.625000
  35  108  104 18.023810 16.976190
  14   40   43 6.769048 7.230952
  23   66   76 10.848810 12.151190
  25   86   62 14.552381 10.447619
   2    2    8 0.400000 1.600000
  36  114  103 18.971429 17.028571
  13   22   55 3.680952 9.319048
  20   52   69 8.814286 11.185714
  31  106   81 17.854762 13.145238
   2    2   11 0.309524 1.690476
  34  102  100 17.301190 16.698810
  25   70   77 11.990476 13.009524
  20   38   84 6.276190 13.723810
  26   66   92 11.030952 14.969048
   2    2    9 0.366667 1.633333
  27   68   94 11.425000 15.575000
  19   52   63 8.652381 10.347619
  22   64   68 10.923810 11.076190
  31   96   89 16.273810 14.726190
   4    8   15 1.395238 2.604762
  24   70   75 11.578571 12.421429
  13   22   56 3.747619 9.252381
  26   70   83 11.914286 14.085714
  24   62   83 10.333333 13.666667
   5   12   19 1.952381 3.047619
  32  104   89 17.473810 14.526190
   7   18   23 3.123810 3.876190
  30   90   89 15.185714 14.814286
  23   62   74 10.519048 12.480952
   6   10   29 1.571429 4.428571
  34  112   93 18.814286 15.185714
   8   20   28 3.295238 4.704762
  32  106   83 18.097619 13.902381
  31  112   74 18.752381 12.247619
  29  108   69 17.861905 11.138095
   2    0   11 0.000000 2.000000
  31  108   81 17.842857 13.157143
  31  110   78 18.523810 12.476190
  36  136   76 23.254762 12.745238
  42  198   53 33.407143 8.592857
  34  128   75 21.659524 12.340476
  24   78   68 13.085714 10.914286
  41  178   70 29.814286 11.185714
  35  140   70 23.641667 11.358333
  24   78   64 13.295238 10.704762
  52  222   90 37.280952 14.719048
  29  106   69 17.633333 11.366667
  19   46   67 7.923810 11.076190
  62  276   97 46.128571 15.871429
  21   64   62 10.826190 10.173810
  17   46   55 7.659524 9.340476
  67  310   96 51.563095 15.436905
  20   52   63 9.007143 10.992857
  13   30   49 5.051190 7.948810
  57  230  109 39.004762 17.995238
  27   84   80 13.938095 13.061905
  16   42   55 7.166667 8.833333
  51  198  110 32.857143 18.142857
  32   98   93 16.267857 15.732143
  17   30   71 5.166667 11.833333
  56  232  103 39.073810 16.926190
  31   86  104 14.261905 16.738095
  13   32   43 5.740476 7.259524
  50  188  109 31.621429 18.378571
  43  158  102 26.514286 16.485714
   7   10   33 1.604762 5.395238
  47  182  100 30.694048 16.305952
  45  172   97 29.000000 16.000000
   8   20   29 3.361905 4.638095
  42  148  101 25.026190 16.973810
  51  218   91 36.042857 14.957143
   7    6   36 0.976190 6.023810
  43  144  110 24.465476 18.534524
  49  196  102 32.652778 16.347222
   8   16   32 2.628571 5.371429
  51  194  114 32.495238 18.504762
  39  120  111 20.479762 18.520238
  10   30   31 5.042857 4.957143
  51  192  111 32.261905 18.738095
  30   96   87 15.963095 14.036905
  19   70   44 11.809524 7.190476
  39  142   97 23.745238 15.254762
  17   46   58 7.797619 9.202381
  44  190   67 32.273810 11.726190
  31   90   96 15.009524 15.990476
  17   44   62 7.080952 9.919048
  52  232   76 38.788095 13.211905
  40  166   72 28.095238 11.904762
   6    6   31 1.042857 4.957143
  54  262   63 43.840476 10.159524
  41  168   75 28.461905 12.538095
   8   16   32 2.671429 5.328571
  51  244   65 40.666667 10.333333
  37  138   84 23.178571 13.821429
  10   20   37 3.680952 6.319048
  53  248   73 41.341667 11.658333
  35  130   79 21.914286 13.085714
  11   30   39 4.871429 6.128571
  54  250   72 42.050000 11.950000
  35  116   93 19.830952 15.169048
  14   40   43 6.776190 7.223810
  51  224   84 37.361905 13.638095
  47  176  103 29.711905 17.288095
  10   24   36 3.829762 6.170238
  43  158  103 26.164286 16.835714
  55  226  106 37.617857 17.382143
   7   12   30 1.995238 5.004762
  38  124  102 20.928571 17.071429
  57  238  105 39.704762 17.295238
   8   14   35 2.245238 5.754762
  35  108  100 18.221429 16.778571
  62  274   97 45.909524 16.090476
   2    0   12 0.000000 2.000000
  36  122   95 20.222619 15.777381
  68  318   87 53.542857 14.457143
   2    2   10 0.333333 1.666667
  30   90   93 14.988095 15.011905
  71  350   75 58.538095 12.461905
   2    2   11 0.309524 1.690476
  27   80   82 13.452381 13.547619
  70  342   77 57.276190 12.723810
   1    0    6 0.000000 1.000000
  29   94   81 15.809524 13.190476
  79  408   65 67.920238 11.079762
  21   62   65 10.335714 10.664286
  80  408   67 68.654762 11.345238
  20   58   67 9.475000 10.525000
  81  432   56 71.814286 9.185714
  19   56   56 9.634524 9.365476
  80  410   69 68.722619 11.277381
  20   52   69 8.776190 11.223810
  84  442   64 73.704762 10.295238
  16   30   64 5.223810 10.776190
  86  458   59 76.332143 9.667857
  14   24   59 4.080952 9.919048
  78  384   82 64.285714 13.714286
  22   52   82 8.726190 13.273810
  84  442   60 73.845238 10.154762
  16   38   60 6.242857 9.757143
  86  450   62 75.495238 10.504762
  14   26   62 4.195238 9.804762
  87  476   48 79.091667 7.908333
  13   28   48 4.695238 8.304762
  84  438   65 73.233333 10.766667
  16   32   65 5.448810 10.551190
  77  382   81 63.861905 13.138095
  23   56   81 9.509524 13.490476
  87  474   52 78.753571 8.246429
  13   22   52 3.904762 9.095238
  81  418   71 69.423810 11.576190
  19   40   71 6.852381 12.147619
  78  400   68 66.826190 11.173810
  22   64   68 10.857143 11.142857
  69  302  108 50.703571 18.296429
  31   82  108 13.438095 17.561905
  64  294   94 48.998810 15.001190
  36  118   94 20.023810 15.976190
  63  264  113 44.185714 18.814286
  37  110  113 18.309524 18.690476
  75  366   86 60.894048 14.105952
  25   62   86 10.584524 14.415476
  76  388   70 64.736905 11.263095
  24   72   70 12.340476 11.659524
  69  348   68 58.060714 10.939286
  31  116   68 19.592857 11.407143
  76  400   54 67.153571 8.846429
  24   92   54 15.342857 8.657143
  78  392   72 65.614286 12.385714
  22   64   72 10.504762 11.495238
  76  388   67 64.775000 11.225000
  24   78   67 12.966667 11.033333
  77  388   74 64.690476 12.309524
  23   64   74 10.761905 12.238095
  82  418   71 70.189286 11.810714
  18   40   71 6.642857 11.357143
  86  444   68 74.463095 11.536905
  14   20   68 3.323810 10.676190
  86  468   50 77.817857 8.182143
  14   32   50 5.504762 8.495238
  86  466   49 78.023810 7.976190
  14   36   49 5.942857 8.057143
  99  588    6 98.014286 0.985714
   1    0    6 0.000000 1.000000
  97  570   12 94.947619 2.052381
   3    6   12 1.019048 1.980952
  97  568   14 94.676190 2.323810
   3    4   14 0.676190 2.323810
  98  578   10 96.410714 1.589286
   2    2   10 0.342857 1.657143
  99  588    6 98.038095 0.961905
   1    0    6 0.000000 1.000000
 100  600    0 100.000000 0.000000
