   2    2   10 0.333333 1.666667
   2    2    9 0.366667 1.633333
   5   14   14 2.500000 2.500000
   3    4   14 0.666667 2.333333
   1    0    5 0.000000 1.000000
   1    0    7 0.000000 1.000000
   2    2   11 0.309524 1.690476
   1    0    6 0.000000 1.000000
   1    0    6 0.000000 1.000000
   1    0    7 0.000000 1.000000
   2    2   11 0.309524 1.690476
   3    4   14 0.666667 2.333333
   2    2    9 0.366667 1.633333
   1    0    6 0.000000 1.000000
   2    2    9 0.366667 1.633333
   1    0    6 0.000000 1.000000
   1    0    5 0.000000 1.000000
   3    6   13 0.952381 2.047619
   1    0    7 0.000000 1.000000
   5   12   18 2.000000 3.000000
   1    0    6 0.000000 1.000000
   1    0    6 0.000000 1.000000
   1    0    7 0.000000 1.000000
   2    2   10 0.342857 1.657143
   3    6   10 1.133333 1.866667
   1    0    6 0.000000 1.000000
   1    0    7 0.000000 1.000000
   4    6   17 1.019048 2.980952
   4    4   19 0.700000 3.300000
   1    0    6 0.000000 1.000000
   1    0    7 0.000000 1.000000
   1    0    6 0.000000 1.000000
   4    6   17 1.033333 2.966667
   1    0    5 0.000000 1.000000
   2    2   10 0.333333 1.666667
   1    0    7 0.000000 1.000000
   1    0    7 0.000000 1.000000
   2    2   10 0.333333 1.666667
   2    2    9 0.366667 1.633333
   2    2   11 0.309524 1.690476
   1    0    6 0.000000 1.000000
   2    2   11 0.309524 1.690476
   3    6   12 1.019048 1.980952
   2    2   11 0.309524 1.690476
   1    0    5 0.000000 1.000000
   1    0    6 0.000000 1.000000
   1    0    7 0.000000 1.000000
   1    0    6 0.000000 1.000000
   3    4   14 0.709524 2.290476
   5    8   22 1.328571 3.671429
   1    0    6 0.000000 1.000000
   2    2   10 0.333333 1.666667
   1    0    6 0.000000 1.000000
   1    0    7 0.000000 1.000000
   3    2   16 0.342857 2.657143
   4   10   15 1.641667 2.358333
   1    0    7 0.000000 1.000000
   3    2   16 0.333333 2.666667
   1    0    6 0.000000 1.000000
   2    2   10 0.333333 1.666667
   7   18   24 3.085714 3.914286
   6   18   18 3.090476 2.909524
   4    8   13 1.516667 2.483333
   1    0    6 0.000000 1.000000
   4   10   14 1.666667 2.333333
   1    0    7 0.000000 1.000000
   2    2   10 0.342857 1.657143
   4   10   16 1.611905 2.388095
   1    0    6 0.000000 1.000000
   1    0    7 0.000000 1.000000
   3    6   12 1.019048 1.980952
   3    6   11 1.066667 1.933333
   4   10   12 1.828571 2.171429
   2    2   11 0.309524 1.690476
   1    0    6 0.000000 1.000000
   3    4   10 0.850000 2.150000
   2    0   12 0.000000 2.000000
   2    2   12 0.285714 1.714286
   5   10   21 1.714286 3.285714
   1    0    7 0.000000 1.000000
   1    0    6 0.000000 1.000000
   2    2   11 0.309524 1.690476
   3    4   16 0.595238 2.404762
   5   12   15 2.200000 2.800000
   2    2   10 0.333333 1.666667
   1    0    7 0.000000 1.000000
   4    8   16 1.352381 2.647619
   4    4   19 0.700000 3.300000
   5   10   18 1.819048 3.180952
   1    0    6 0.000000 1.000000
   4    4   21 0.619048 3.380952
   2    0   13 0.000000 2.000000
   1    0    7 0.000000 1.000000
  10   24   35 4.176190 5.823810
   1    0    5 0.000000 1.000000
  15   50   36 8.785714 6.214286
   1    0    7 0.000000 1.000000
   1    0    7 0.000000 1.000000
   2    0   12 0.000000 2.000000
   1    0    7 0.000000 1.000000
   1    0    7 0.000000 1.000000
   1    0    6 0.000000 1.000000
   2    2   10 0.333333 1.666667
   7   20   24 3.250000 3.750000
   7   16   24 2.761905 4.238095
   1    0    7 0.000000 1.000000
   5   14   14 2.466667 2.533333
   1    0    6 0.000000 1.000000
   4    8   16 1.409524 2.590476
   5   12   15 2.200000 2.800000
   1    0    8 0.000000 1.000000
   1    0    7 0.000000 1.000000
   6   16   21 2.670238 3.329762
   3    2   14 0.400000 2.600000
   1    0    6 0.000000 1.000000
   9   26   28 4.366667 4.633333
   3    4   16 0.595238 2.404762
   4    4   19 0.709524 3.290476
   2    2   11 0.309524 1.690476
  14   44   39 7.585714 6.414286
   1    0    5 0.000000 1.000000
  22   80   50 13.385714 8.614286
   7   12   26 2.300000 4.700000
   6    8   31 1.190476 4.809524
   5   10   21 1.604762 3.395238
   6   16   20 2.646429 3.353571
   8   24   24 3.947619 4.052381
   2    0   13 0.000000 2.000000
   7    8   31 1.433333 5.566667
   2    2   10 0.333333 1.666667
  12   42   34 6.804762 5.195238
   6   14   23 2.261905 3.738095
   5   12   17 2.085714 2.914286
   9   20   33 3.563095 5.436905
   1    0    6 0.000000 1.000000
  20   60   57 10.359524 9.640476
   5    6   26 0.952381 4.047619
   5   10   22 1.661905 3.338095
   2    2   10 0.342857 1.657143
   4    8   18 1.291667 2.708333
  13   46   30 7.895238 5.104762
   6   12   22 2.133333 3.866667
   7   10   34 1.557143 5.442857
   3    6   13 0.952381 2.047619
  16   48   49 8.214286 7.785714
   4    2   21 0.366667 3.633333
   4   10   14 1.714286 2.285714
  12   22   48 3.911905 8.088095
  18   58   49 9.752381 8.247619
   9   20   37 3.413095 5.586905
   6    4   29 0.766667 5.233333
  18   52   55 8.852381 9.147619
   6   18   18 2.971429 3.028571
   4    4   18 0.733333 3.266667
   6   18   20 2.919048 3.080952
  12   26   48 4.285714 7.714286
   5   10   22 1.571429 3.428571
   3    4   15 0.642857 2.357143
  21   80   44 13.576190 7.423810
  29   94   76 15.936905 13.063095
   8   26   23 4.328571 3.671429
   8   24   24 4.066667 3.933333
  15   36   55 6.083333 8.916667
   3    6   12 1.000000 2.000000
   1    0    6 0.000000 1.000000
   3    4   14 0.666667 2.333333
   6    4   34 0.676190 5.323810
   3    6   13 0.952381 2.047619
   8   26   23 4.354762 3.645238
  27   96   66 16.266667 10.733333
  16   34   67 5.596429 10.403571
   5   10   20 1.666667 3.333333
   9   28   25 4.766667 4.233333
  15   36   54 6.038095 8.961905
   5    6   24 0.976190 4.023810
   3    6   12 1.000000 2.000000
   4    6   18 1.000000 3.000000
   4    2   19 0.450000 3.550000
   4    6   16 1.152381 2.847619
   8   18   32 2.952381 5.047619
  16   44   53 7.336905 8.663095
  15   24   66 4.014286 10.985714
   5    8   21 1.385714 3.614286
  15   58   35 9.538095 5.461905
  11   22   45 3.754762 7.245238
  11   30   33 5.276190 5.723810
   7   18   24 3.047619 3.952381
   5    8   21 1.319048 3.680952
   3    4   12 0.766667 2.233333
   4    6   18 1.050000 2.950000
   7   16   29 2.513095 4.486905
  27   92   68 15.628571 11.371429
  14   36   47 6.200000 7.800000
  16   50   43 8.623810 7.376190
  18   66   41 11.104762 6.895238
   2    2   11 0.309524 1.690476
   8   26   21 4.425000 3.575000
   6   16   22 2.523810 3.476190
   2    2   12 0.285714 1.714286
   6   18   18 3.004762 2.995238
  22   52   81 8.808333 13.191667
  14   24   59 4.183333 9.816667
  16   48   50 7.973810 8.026190
  25   92   59 15.304762 9.695238
   8   20   26 3.466667 4.533333
   8   20   28 3.282143 4.717857
   1    0    5 0.000000 1.000000
   7   20   23 3.177381 3.822619
  26   84   73 14.185714 11.814286
   8    8   39 1.409524 6.590476
  23   90   47 15.161905 7.838095
  28  102   64 17.272619 10.727381
   3    2   18 0.309524 2.690476
   5   10   20 1.666667 3.333333
   9   32   20 5.614286 3.385714
  30   94   85 15.857143 14.142857
   4    2   23 0.333333 3.666667
  27   94   70 15.798810 11.201190
  24   72   70 12.101190 11.898810
   1    0    7 0.000000 1.000000
   5   10   21 1.590476 3.409524
  10   32   28 5.428571 4.571429
  30   94   83 16.169048 13.830952
   3    0   18 0.000000 3.000000
  34  116   88 19.553571 14.446429
  18   58   52 9.604762 8.395238
   5    8   23 1.333333 3.666667
   8   16   36 2.476190 5.523810
  25   82   67 14.014286 10.985714
   2    2    9 0.366667 1.633333
  35  144   65 24.333333 10.666667
  30  116   63 19.520238 10.479762
   8   16   30 2.783333 5.216667
  26   58   97 9.866667 16.133333
   6   20   15 3.528571 2.471429
  34  120   84 20.184524 13.815476
  26   84   76 13.825000 12.175000
   1    0    6 0.000000 1.000000
  32   94   97 15.850000 16.150000
   7   20   25 3.161905 3.838095
  31  108   72 18.463095 12.536905
  29   98   80 16.119048 12.880952
   3    6   13 0.952381 2.047619
  31   94   92 16.022619 14.977381
   2    0   13 0.000000 2.000000
  33  134   69 22.347619 10.652381
  31  104   75 17.828571 13.171429
   5    6   22 1.066667 3.933333
  32  104   94 17.014286 14.985714
   2    2   11 0.309524 1.690476
  30  110   60 19.130952 10.869048
  31  114   77 18.467857 12.532143
   8   24   24 4.139286 3.860714
  33  104   93 17.547619 15.452381
   1    0    6 0.000000 1.000000
  29  112   64 18.519048 10.480952
  29   98   75 16.547619 12.452381
  12   30   36 5.438095 6.561905
  27   76   86 12.858333 14.141667
  27  102   59 17.419048 9.580952
  34  126   85 20.927381 13.072619
  15   60   32 10.019048 4.980952
  29   86   93 14.010714 14.989286
  24   84   53 14.626190 9.373810
  32  114   78 19.220238 12.779762
  23   92   42 15.732143 7.267857
  26   58   96 9.747619 16.252381
  18   60   51 9.852381 8.147619
  33  108   93 17.985714 15.014286
  20   54   64 9.180952 10.819048
  47  172  105 29.347619 17.652381
  13   34   50 5.490476 7.509524
  20   38   83 6.384524 13.615476
  24   94   49 15.990476 8.009524
  58  268   83 44.853571 13.146429
  12   26   45 4.685714 7.314286
   6    2   33 0.333333 5.666667
  21   80   46 13.557143 7.442857
  57  250   94 41.872619 15.127381
  19   58   54 9.895238 9.104762
   3    4   14 0.709524 2.290476
  21   84   41 14.190476 6.809524
  60  274   85 45.914286 14.085714
  15   28   65 4.580952 10.419048
   4    6   17 1.033333 2.966667
  19   74   41 12.266667 6.733333
  59  266   89 44.504762 14.495238
  20   58   60 9.847619 10.152381
   2    2   10 0.333333 1.666667
  18   70   38 11.795238 6.204762
  65  308   83 51.443651 13.556349
  15   42   48 7.157143 7.842857
   2    2    9 0.366667 1.633333
  21   68   59 11.242857 9.757143
  62  274   95 46.194048 15.805952
  15   44   47 7.280952 7.719048
   2    0   13 0.000000 2.000000
  22   76   54 13.023810 8.976190
  62  284   90 47.602381 14.397619
  13   38   41 6.509524 6.490476
   3    4   13 0.700000 2.300000
  26   88   67 15.062698 10.937302
  54  238   89 39.597619 14.402381
  16   56   39 9.466667 6.533333
   4    6   17 1.119048 2.880952
  18   54   54 8.970238 9.029762
  68  338   69 56.522619 11.477381
  11   36   32 5.833333 5.166667
   3    4   13 0.700000 2.300000
  16   50   46 8.328571 7.671429
  64  316   71 52.490476 11.509524
  18   52   54 9.011905 8.988095
   2    2    9 0.366667 1.633333
   7   16   25 2.842857 4.157143
  62  298   74 49.685714 12.314286
  27   96   68 15.919048 11.080952
   4    6   17 1.033333 2.966667
   1    0    6 0.000000 1.000000
  63  324   53 54.147619 8.852381
  30  110   72 18.247619 11.752381
   6   12   23 2.066667 3.933333
   1    0    6 0.000000 1.000000
  55  270   66 44.896429 10.103571
  30  100   78 16.947619 13.052381
  14   48   32 8.314286 5.685714
   2    0   13 0.000000 2.000000
  60  290   70 48.376190 11.623810
  15   28   61 4.676190 10.323810
  23   94   44 15.811905 7.188095
  58  268   78 44.971429 13.028571
  18   34   74 5.695238 12.304762
  24   98   48 16.500000 7.500000
  68  322   86 54.001190 13.998810
  17   26   74 4.628571 12.371429
  15   48   44 7.971429 7.028571
  64  302   83 50.625000 13.375000
  19   58   57 9.509524 9.490476
  17   48   52 8.138095 8.861905
  53  216  105 35.904762 17.095238
  23   80   56 13.632143 9.367857
  24   64   79 10.633333 13.366667
  60  264   93 44.735714 15.264286
  29  108   69 18.052381 10.947619
  11   16   50 2.680952 8.319048
  48  202   84 33.895238 14.104762
  41  172   73 29.147619 11.852381
  11   22   47 3.523810 7.476190
  38  148   77 24.807143 13.192857
  50  232   67 39.171429 10.828571
  12   18   58 2.814286 9.185714
  50  216   77 36.522619 13.477381
  46  200   80 33.086905 12.913095
   4    2   25 0.309524 3.690476
  48  200   86 33.726190 14.273810
  48  204   85 34.004762 13.995238
   4   10   15 1.683333 2.316667
  49  214   80 35.814286 13.185714
  51  226   80 37.850000 13.150000
  44  188   82 31.129762 12.870238
  56  248   82 42.177381 13.822619
  46  196   76 33.016667 12.983333
  54  252   76 41.732143 12.267857
  44  176   91 29.185714 14.814286
  56  242   91 40.798810 15.201190
  49  220   74 36.803571 12.196429
  51  232   74 38.848810 12.151190
  43  178   79 29.833333 13.166667
  57  264   79 44.208333 12.791667
  52  228   89 37.829762 14.170238
  48  194   89 32.902381 15.097619
  45  162  113 26.979762 18.020238
  55  212  113 35.857143 19.142857
  35  112  103 18.614286 16.385714
  65  282  103 47.802381 17.197619
  47  164  116 27.542857 19.457143
  53  204  116 33.921429 19.078571
  44  134  123 22.927381 21.072619
  56  220  123 36.409524 19.590476
  53  216   98 36.554762 16.445238
  47  188   98 31.305952 15.694048
  56  246   87 41.302381 14.697619
  44  180   87 29.914286 14.085714
  46  192   88 31.852381 14.147619
  54  232   88 38.955952 15.044048
  45  178   96 29.409524 15.590476
  55  230   96 38.648810 16.351190
  48  164  122 27.702381 20.297619
  52  192  122 31.930952 20.069048
  44  172   96 28.353571 15.646429
  56  236   96 39.685714 16.314286
  35  132   80 22.186905 12.813095
  65  308   80 51.532143 13.467857
  26   80   77 13.190476 12.809524
  74  366   77 61.370635 12.629365
  37  136   83 23.246429 13.753571
  63  298   83 49.600794 13.399206
  35  130   80 21.757143 13.242857
  65  310   80 51.751190 13.248810
  40  150   93 24.907143 15.092857
  60  264   93 44.371429 15.628571
  50  212   91 35.290476 14.709524
  50  206   91 34.741667 15.258333
  50  232   66 39.047619 10.952381
  50  236   66 39.292857 10.707143
  37  148   70 25.152381 11.847619
  63  312   70 51.819048 11.180952
  51  220   83 37.069048 13.930952
  49  214   83 35.809524 13.190476
  52  238   74 39.759524 12.240476
  48  214   74 35.632143 12.367857
  40  150   91 24.973810 15.026190
  60  268   91 44.796429 15.203571
  49  196   93 33.357143 15.642857
  51  218   93 36.044048 14.955952
  59  264   86 44.546429 14.453571
  41  164   86 27.209524 13.790476
  49  188  107 31.242857 17.757143
  51  198  107 33.076190 17.923810
  57  242  103 40.128571 16.871429
  43  152  103 25.533333 17.466667
  67  292  110 48.809524 18.190476
  33   88  110 14.959524 18.040476
  62  274  102 45.622619 16.377381
  38  122  102 21.057143 16.942857
  55  220  111 36.803571 18.196429
  45  158  111 26.652381 18.347619
  55  218  106 36.950000 18.050000
  45  170  106 28.048810 16.951190
  32   98   94 16.282143 15.717857
  68  314   94 52.589286 15.410714
  40  152   86 25.569048 14.430952
  60  276   86 45.886905 14.113095
  51  212   92 35.657143 15.342857
  49  204   92 34.042857 14.957143
  50  212   87 35.475000 14.525000
  50  214   87 35.883333 14.116667
  63  266  108 45.029762 17.970238
  37  118  108 19.630952 17.369048
  66  292  106 48.635714 17.364286
  34   96  106 16.347619 17.652381
  65  288  100 48.152381 16.847619
  35  112  100 18.520238 16.479762
  62  288   84 48.103571 13.896429
  38  144   84 24.267857 13.732143
  71  334   89 55.988095 15.011905
  29   88   89 14.617857 14.382143
  68  328   80 54.713095 13.286905
  32  112   80 18.828571 13.171429
  79  408   65 68.292857 10.707143
  21   62   65 10.447619 10.552381
  76  394   61 65.776190 10.223810
  24   84   61 13.876190 10.123810
  76  388   68 65.015476 10.984524
  24   76   68 12.680952 11.319048
  84  452   50 75.496429 8.503571
  16   48   50 7.874603 8.125397
  82  438   57 72.576190 9.423810
  18   48   57 8.146429 9.853571
  82  440   55 73.144048 8.855952
  18   50   55 8.523810 9.476190
  86  474   43 79.023810 6.976190
  14   40   43 6.823810 7.176190
  90  506   34 84.522619 5.477381
  10   26   34 4.526190 5.473810
  92  526   27 87.647619 4.352381
   8   20   27 3.414286 4.585714
  92  518   31 86.676190 5.323810
   8   20   31 3.266667 4.733333
  99  586    7 97.790476 1.209524
   1    0    7 0.000000 1.000000
 100  600    0 100.000000 0.000000
