   2    2   10 0.333333 1.666667
   2    2   11 0.309524 1.690476
   1    0    7 0.000000 1.000000
   1    0    6 0.000000 1.000000
   1    0    7 0.000000 1.000000
   1    0    7 0.000000 1.000000
   1    0    6 0.000000 1.000000
   2    2   11 0.309524 1.690476
   2    2   11 0.309524 1.690476
   1    0    7 0.000000 1.000000
   1    0    6 0.000000 1.000000
   1    0    6 0.000000 1.000000
   3    4   13 0.742857 2.257143
   1    0    7 0.000000 1.000000
   1    0    7 0.000000 1.000000
   5   10   20 1.685714 3.314286
   5   14   15 2.466667 2.533333
   1    0    6 0.000000 1.000000
   2    2    8 0.400000 1.600000
   1    0    6 0.000000 1.000000
   5    8   21 1.442857 3.557143
   1    0    6 0.000000 1.000000
   1    0    6 0.000000 1.000000
   2    2    9 0.366667 1.633333
   1    0    7 0.000000 1.000000
   3    4   13 0.700000 2.300000
   2    2   11 0.309524 1.690476
   2    2    9 0.366667 1.633333
   1    0    6 0.000000 1.000000
   4    8   16 1.328571 2.671429
   1    0    6 0.000000 1.000000
   2    2   11 0.309524 1.690476
   1    0    6 0.000000 1.000000
   3    4   13 0.700000 2.300000
   2    2   10 0.333333 1.666667
   4    6   20 0.904762 3.095238
   1    0    6 0.000000 1.000000
   1    0    6 0.000000 1.000000
   1    0    6 0.000000 1.000000
   5   12   17 2.033333 2.966667
   2    0   11 0.000000 2.000000
   1    0    6 0.000000 1.000000
   1    0    7 0.000000 1.000000
   2    2   10 0.342857 1.657143
   1    0    6 0.000000 1.000000
   2    2    8 0.400000 1.600000
   1    0    5 0.000000 1.000000
   1    0    7 0.000000 1.000000
   2    2    9 0.366667 1.633333
   2    2   11 0.309524 1.690476
   1    0    6 0.000000 1.000000
   5   14   14 2.635714 2.364286
   1    0    6 0.000000 1.000000
   3    4   15 0.619048 2.380952
   4   10   15 1.671429 2.328571
   2    2   10 0.333333 1.666667
   1    0    8 0.000000 1.000000
   2    2   10 0.333333 1.666667
   1    0    6 0.000000 1.000000
   1    0    5 0.000000 1.000000
   1    0    6 0.000000 1.000000
   2    2   10 0.333333 1.666667
   3    4   12 0.733333 2.266667
   8   22   24 3.838095 4.161905
   4    4   17 0.766667 3.233333
   1    0    5 0.000000 1.000000
   2    0   13 0.000000 2.000000
   2    2    7 0.450000 1.550000
   3    2   16 0.309524 2.690476
   4    6   19 0.976190 3.023810
   2    2    8 0.400000 1.600000
   5   10   23 1.523810 3.476190
   1    0    7 0.000000 1.000000
   2    2    9 0.366667 1.633333
   3    2   16 0.366667 2.633333
   3    6   13 0.971429 2.028571
   1    0    6 0.000000 1.000000
   3    2   14 0.400000 2.600000
   2    0   14 0.000000 2.000000
   1    0    7 0.000000 1.000000
   5   10   19 1.661905 3.338095
   1    0    5 0.000000 1.000000
   4    6   19 0.976190 3.023810
   2    2   11 0.309524 1.690476
   3    6   12 1.019048 1.980952
   2    2   11 0.309524 1.690476
  16   46   52 7.627381 8.372619
   6   14   21 2.433333 3.566667
   2    2   11 0.309524 1.690476
   2    2   11 0.325000 1.675000
   1    0    5 0.000000 1.000000
   1    0    6 0.000000 1.000000
   5   10   20 1.719048 3.280952
   6   16   20 2.752381 3.247619
   4   10   13 1.733333 2.266667
   4    6   18 1.019048 2.980952
   6   18   18 3.114286 2.885714
   5   10   22 1.595238 3.404762
   6   16   23 2.538095 3.461905
   1    0    5 0.000000 1.000000
   2    2   11 0.309524 1.690476
   5   10   18 1.833333 3.166667
   2    2   10 0.342857 1.657143
   1    0    6 0.000000 1.000000
   4    6   17 1.066667 2.933333
   1    0    5 0.000000 1.000000
   3    4   14 0.666667 2.333333
  11   34   30 5.919048 5.080952
   1    0    6 0.000000 1.000000
   6   10   25 1.761905 4.238095
   2    2   10 0.333333 1.666667
  13   44   37 7.214286 5.785714
   9   26   25 4.561905 4.438095
   3    4   16 0.595238 2.404762
   1    0    6 0.000000 1.000000
   4    6   16 1.100000 2.900000
   8   12   36 2.091667 5.908333
   3    4   12 0.766667 2.233333
   1    0    7 0.000000 1.000000
   4    4   19 0.700000 3.300000
  12   40   32 6.847619 5.152381
   6    6   27 1.109524 4.890476
  12   28   42 4.788095 7.211905
   2    2    9 0.366667 1.633333
   2    2   10 0.333333 1.666667
   7   18   24 3.004762 3.995238
   1    0    8 0.000000 1.000000
   2    0   13 0.000000 2.000000
   1    0    5 0.000000 1.000000
   5    8   24 1.214286 3.785714
   1    0    6 0.000000 1.000000
   5   10   22 1.660714 3.339286
   2    2   11 0.309524 1.690476
   9   26   32 4.142857 4.857143
   6   14   22 2.295238 3.704762
   4    6   20 1.019048 2.980952
   1    0    6 0.000000 1.000000
   3    2   14 0.366667 2.633333
  10   18   44 2.928571 7.071429
   3    6   10 1.185714 1.814286
   2    2    8 0.400000 1.600000
   4    4   20 0.666667 3.333333
  18   74   37 12.161905 5.838095
   2    2    9 0.366667 1.633333
   7    8   34 1.342857 5.657143
   3    6   13 0.952381 2.047619
   1    0    6 0.000000 1.000000
   5   10   22 1.620238 3.379762
   2    2   12 0.291667 1.708333
   5    8   19 1.500000 3.500000
   7   14   26 2.600000 4.400000
   1    0    6 0.000000 1.000000
   8   26   21 4.419048 3.580952
   2    2   10 0.333333 1.666667
   6   14   23 2.338095 3.661905
   9   18   37 2.957143 6.042857
   6   14   22 2.395238 3.604762
   1    0    5 0.000000 1.000000
  19   54   60 9.240476 9.759524
   6   20   17 3.514286 2.485714
   2    0   10 0.000000 2.000000
   1    0    6 0.000000 1.000000
  11   34   32 5.647619 5.352381
   2    2   11 0.309524 1.690476
  10   18   48 2.847619 7.152381
   4    6   15 1.150000 2.850000
   1    0    6 0.000000 1.000000
   9   20   31 3.538095 5.461905
   3    4   14 0.666667 2.333333
   5    8   22 1.366667 3.633333
   1    0    5 0.000000 1.000000
   5   14   18 2.242857 2.757143
   3    4   15 0.642857 2.357143
   2    2    8 0.400000 1.600000
   3    0   18 0.000000 3.000000
   8   22   27 3.728571 4.271429
  25   88   63 14.720238 10.279762
  11   32   32 5.347619 5.652381
   1    0    6 0.000000 1.000000
   5   12   18 2.004762 2.995238
  14   24   61 4.042857 9.957143
   4    8   18 1.257143 2.742857
   1    0    6 0.000000 1.000000
  15   50   39 8.454762 6.545238
   4    4   19 0.700000 3.300000
   2    0   12 0.000000 2.000000
   2    2   10 0.333333 1.666667
   4    4   18 0.742857 3.257143
   1    0    7 0.000000 1.000000
   1    0    5 0.000000 1.000000
   5    4   28 0.685714 4.314286
  20   62   54 10.866667 9.133333
  11   34   31 5.738095 5.261905
   1    0    6 0.000000 1.000000
   6   10   25 1.738095 4.261905
  19   42   74 7.055952 11.944048
   2    2   11 0.309524 1.690476
   1    0    6 0.000000 1.000000
  21   70   55 12.053571 8.946429
   4    4   22 0.634524 3.365476
   1    0    6 0.000000 1.000000
   7   14   29 2.482143 4.517857
   1    0    6 0.000000 1.000000
   5    2   29 0.309524 4.690476
  17   48   55 7.800000 9.200000
  17   58   44 9.850000 7.150000
   2    2    9 0.366667 1.633333
   2    0   12 0.000000 2.000000
  22   56   76 9.515476 12.484524
   1    0    6 0.000000 1.000000
  23   90   49 14.870238 8.129762
   7   14   25 2.466667 4.533333
   4    2   23 0.309524 3.690476
   5    4   27 0.666667 4.333333
   9   18   34 3.119048 5.880952
  19   60   54 10.147619 8.852381
   6   18   19 3.078571 2.921429
   1    0    6 0.000000 1.000000
  25   80   70 13.457143 11.542857
   2    2    8 0.400000 1.600000
  21   74   55 12.292857 8.707143
   8   18   28 3.252381 4.747619
   4    4   21 0.652381 3.347619
   7   10   32 1.738095 5.261905
  10   24   36 4.009524 5.990476
  11   32   36 5.190476 5.809524
   5   14   17 2.261905 2.738095
  22   70   59 11.946429 10.053571
   1    0    6 0.000000 1.000000
  27  100   64 16.528571 10.471429
   7   12   28 2.175000 4.825000
  10   22   38 3.661905 6.338095
   5    4   28 0.642857 4.357143
  12   32   41 5.200000 6.800000
   8   22   26 3.780952 4.219048
   3    4   13 0.700000 2.300000
  30  118   58 20.028571 9.971429
  27  104   59 17.346429 9.653571
   9   34   20 5.791667 3.208333
   6    6   31 0.976190 5.023810
   8   28   19 4.861905 3.138095
   5   10   20 1.652381 3.347619
   7   10   28 1.852381 5.147619
   7   18   24 3.114286 3.885714
  35  144   69 23.919048 11.080952
  23   86   56 14.021429 8.978571
   3    2   14 0.450000 2.550000
  12   28   44 4.752381 7.247619
   6   10   26 1.595238 4.404762
  14   48   33 8.257143 5.742857
   7   12   30 1.980952 5.019048
   6   12   24 2.071429 3.928571
  28  118   52 19.920238 8.079762
  22   70   63 11.608333 10.391667
   1    0    7 0.000000 1.000000
  16   40   55 6.736905 9.263095
   6   12   23 2.095238 3.904762
  10   38   24 6.238095 3.761905
   7   10   34 1.611905 5.388095
   6   10   23 1.885714 4.114286
  21   74   47 12.604762 8.395238
  31  116   68 19.669048 11.330952
   1    0    8 0.000000 1.000000
  18   54   59 8.614286 9.385714
   7   18   27 2.909524 4.090476
  15   50   39 8.466667 6.533333
   5   10   20 1.819048 3.180952
   4    2   20 0.333333 3.666667
  20   62   57 10.580952 9.419048
  30  128   48 21.588095 8.411905
  19   58   61 9.476190 9.523810
   9   24   32 3.860714 5.139286
  14   40   43 6.723810 7.276190
   5    8   22 1.352381 3.647619
   8   16   31 2.776190 5.223810
  23   82   54 13.942857 9.057143
  32  130   66 21.684524 10.315476
   9   10   42 1.766667 7.233333
  11   28   37 4.866667 6.133333
   7   14   29 2.357143 4.642857
   4    6   19 1.000000 3.000000
   9   18   35 3.216667 5.783333
  23   70   71 11.701190 11.298810
  35  138   71 23.259524 11.740476
  11   22   42 3.876190 7.123810
  11   38   28 6.357143 4.642857
  11   32   36 5.240476 5.759524
   8   20   28 3.447619 4.552381
   4    2   23 0.333333 3.666667
  27   86   71 14.611905 12.388095
  36  156   63 25.860714 10.139286
   3    2   15 0.366667 2.633333
   9   30   23 5.202381 3.797619
   7   10   35 1.626190 5.373810
  10   26   34 4.361905 5.638095
  19   50   62 8.357143 10.642857
  52  226   87 37.757143 14.242857
   3    4   13 0.733333 2.266667
   3    6   15 0.869048 2.130952
  16   58   38 9.740476 6.259524
  17   42   60 7.078571 9.921429
  62  296   73 49.686905 12.313095
   2    2   10 0.333333 1.666667
   4    6   17 1.076190 2.923810
  15   36   51 6.326190 8.673810
  19   50   63 8.623810 10.376190
  62  300   77 49.819048 12.180952
   7   20   22 3.361905 3.638095
  17   48   58 7.747619 9.252381
  14   30   56 4.876190 9.123810
  62  284   82 47.928571 14.071429
   5   10   18 1.800000 3.200000
  12   32   40 5.258333 6.741667
  26   92   68 15.107143 10.892857
  57  256   84 42.988095 14.011905
   5   12   18 2.000000 3.000000
  13   28   47 4.733333 8.266667
  27   78   84 13.019048 13.980952
  55  246   87 41.036905 13.963095
   1    0    6 0.000000 1.000000
  23   80   57 13.354762 9.645238
  18   46   59 8.009524 9.990476
  58  276   76 45.908333 12.091667
  26   94   60 15.908333 10.091667
  14   32   58 5.052381 8.947619
  60  278   78 46.990476 13.009524
  21   74   56 12.080952 8.919048
  19   48   62 8.342857 10.657143
  60  276   84 46.070238 13.929762
  22   84   50 13.840476 8.159524
  28   90   74 15.317857 12.682143
  50  214   88 35.666667 14.333333
  26   86   72 14.385714 11.614286
  33  126   72 21.067857 11.932143
  41  152   92 25.707143 15.292857
  11   24   43 4.017857 6.982143
  47  210   75 34.902381 12.097619
  42  158   90 26.954762 15.045238
   4    2   20 0.400000 3.600000
  44  184   79 30.800000 13.200000
  52  226   89 37.373810 14.626190
   4    4   18 0.759524 3.240476
  45  182   83 30.500000 14.500000
  51  224   89 36.889286 14.110714
   2    2   12 0.285714 1.714286
  54  232   88 39.271429 14.728571
  44  188   78 31.138095 12.861905
   1    0    7 0.000000 1.000000
  45  188   87 31.130952 13.869048
  54  238   80 40.085714 13.914286
   2    2    9 0.366667 1.633333
  42  172   82 28.745238 13.254762
  56  262   73 44.113095 11.886905
   4   10   13 1.761905 2.238095
  44  190   75 31.805952 12.194048
  52  248   64 41.286905 10.713095
   9   32   23 5.304762 3.695238
  46  176   94 30.251190 15.748810
  45  194   81 32.092857 12.907143
   6   18   16 3.238095 2.761905
  49  186  102 31.700000 17.300000
  45  186   92 30.621429 14.378571
   3    4   14 0.666667 2.333333
  46  178  103 29.551190 16.448810
  51  206   95 34.498810 16.501190
   1    0    7 0.000000 1.000000
  53  228   92 37.864286 15.135714
  46  182   91 30.566667 15.433333
   2    2   10 0.342857 1.657143
  50  188  117 31.216667 18.783333
  48  172  111 28.997619 19.002381
   1    0    7 0.000000 1.000000
  54  212  112 35.503571 18.496429
  45  160  109 27.040079 17.959921
  63  286   93 47.758333 15.241667
  37  128   93 21.521429 15.478571
  62  282   89 47.082143 14.917857
  38  140   89 23.359524 14.640476
  59  256   94 43.135714 15.864286
  41  156   94 25.710714 15.289286
  72  340   90 57.130952 14.869048
  28   80   90 13.408333 14.591667
  70  334   83 56.052381 13.947619
  30  100   83 16.579365 13.420635
  72  336   93 56.322619 15.677381
  28   78   93 12.965476 15.034524
  79  396   76 66.123810 12.876190
  21   52   76 8.644048 12.355952
  80  418   70 69.023810 10.976190
  20   42   70 7.552381 12.447619
  81  408   76 68.309524 12.690476
  19   40   76 6.602381 12.397619
  78  380   89 63.534524 14.465476
  22   42   89 7.247619 14.752381
  87  468   56 77.917857 9.082143
  13   20   56 3.480952 9.519048
  86  476   42 79.390476 6.609524
  14   40   42 7.104762 6.895238
  87  472   52 78.377381 8.622619
  13   24   52 4.119048 8.880952
  92  516   37 85.973810 6.026190
   8   10   37 1.752381 6.247619
  92  526   26 87.839286 4.160714
   8   22   26 3.685714 4.314286
  92  516   34 86.176190 5.823810
   8   16   34 2.585714 5.414286
  93  530   30 88.071429 4.928571
   7   10   30 1.766667 5.233333
  97  568   15 94.495238 2.504762
   3    2   15 0.333333 2.666667
  99  590    5 98.238095 0.761905
   1    0    5 0.000000 1.000000
  99  588    6 97.998810 1.001190
   1    0    6 0.000000 1.000000
 100  600    0 100.000000 0.000000
