   1    0    6 0.000000 1.000000
   1    0    6 0.000000 1.000000
   4    6   19 1.019048 2.980952
   1    0    5 0.000000 1.000000
   4    8   15 1.366667 2.633333
   1    0    6 0.000000 1.000000
   2    2   10 0.333333 1.666667
   4    6   17 1.033333 2.966667
   1    0    7 0.000000 1.000000
   2    2    9 0.366667 1.633333
   2    2    9 0.366667 1.633333
   1    0    6 0.000000 1.000000
   1    0    6 0.000000 1.000000
   2    2   10 0.333333 1.666667
   4    6   20 0.952381 3.047619
   1    0    6 0.000000 1.000000
   3    4   12 0.792857 2.207143
   1    0    6 0.000000 1.000000
   1    0    7 0.000000 1.000000
   1    0    6 0.000000 1.000000
   3    6    9 1.233333 1.766667
   4    6   20 0.928571 3.071429
   2    2   11 0.309524 1.690476
   1    0    7 0.000000 1.000000
   1    0    5 0.000000 1.000000
   1    0    7 0.000000 1.000000
   3    4   13 0.742857 2.257143
   1    0    7 0.000000 1.000000
   4    8   13 1.533333 2.466667
   1    0    7 0.000000 1.000000
   1    0    5 0.000000 1.000000
   1    0    5 0.000000 1.000000
   1    0    6 0.000000 1.000000
   1    0    7 0.000000 1.000000
   3    4   14 0.666667 2.333333
   1    0    5 0.000000 1.000000
   1    0    6 0.000000 1.000000
   4    8   17 1.309524 2.690476
   2    2   11 0.309524 1.690476
   1    0    6 0.000000 1.000000
   1    0    7 0.000000 1.000000
   3    6   11 1.066667 1.933333
   1    0    7 0.000000 1.000000
   1    0    6 0.000000 1.000000
   2    2   11 0.309524 1.690476
   1    0    6 0.000000 1.000000
   1    0    7 0.000000 1.000000
   2    2   11 0.309524 1.690476
   3    4   11 0.816667 2.183333
   1    0    7 0.000000 1.000000
   2    2   10 0.333333 1.666667
   2    2   11 0.309524 1.690476
   1    0    8 0.000000 1.000000
   4    6   16 1.133333 2.866667
   5   12   16 2.200000 2.800000
   2    2   11 0.309524 1.690476
   7   22   19 3.800000 3.200000
   1    0    7 0.000000 1.000000
   3    4   13 0.733333 2.266667
   1    0    6 0.000000 1.000000
   1    0    7 0.000000 1.000000
   2    2    9 0.366667 1.633333
   1    0    7 0.000000 1.000000
   2    2   10 0.342857 1.657143
   2    0   13 0.000000 2.000000
   1    0    7 0.000000 1.000000
   5    8   19 1.466667 3.533333
   1    0    8 0.000000 1.000000
   4   10   14 1.666667 2.333333
   8   22   26 3.723810 4.276190
   6   14   23 2.314286 3.685714
   2    2    9 0.366667 1.633333
   1    0    5 0.000000 1.000000
   2    2    9 0.366667 1.633333
   2    2   11 0.309524 1.690476
   2    2    8 0.400000 1.600000
   2    2   11 0.309524 1.690476
   1    0    5 0.000000 1.000000
   1    0    7 0.000000 1.000000
   4   10   14 1.661905 2.338095
   2    2    9 0.366667 1.633333
   1    0    7 0.000000 1.000000
   4   10   14 1.719048 2.280952
   2    2    9 0.366667 1.633333
   1    0    7 0.000000 1.000000
   5   14   16 2.390476 2.609524
   1    0    7 0.000000 1.000000
   1    0    7 0.000000 1.000000
   4    8   16 1.376190 2.623810
   1    0    8 0.000000 1.000000
   5    8   21 1.495238 3.504762
   3    6   11 1.085714 1.914286
   1    0    6 0.000000 1.000000
   4    6   17 1.033333 2.966667
   3    4   15 0.642857 2.357143
  12   42   29 7.223810 4.776190
   5    8   19 1.466667 3.533333
   1    0    8 0.000000 1.000000
   1    0    6 0.000000 1.000000
   2    0   13 0.000000 2.000000
   2    2   10 0.342857 1.657143
   5    6   22 1.100000 3.900000
   1    0    7 0.000000 1.000000
  12   32   37 5.604762 6.395238
   9   24   32 3.819048 5.180952
   3    4   14 0.791667 2.208333
   4   10   12 1.828571 2.171429
   2    2   10 0.333333 1.666667
   3    4   13 0.742857 2.257143
   2    2   10 0.342857 1.657143
   1    0    7 0.000000 1.000000
   3    6   13 0.952381 2.047619
   3    6   14 0.904762 2.095238
   4    8   17 1.261905 2.738095
   3    6   14 0.904762 2.095238
   3    2   16 0.333333 2.666667
   4    4   18 0.792857 3.207143
   6   10   27 1.691667 4.308333
   2    2   10 0.333333 1.666667
   7   18   25 2.985714 4.014286
   2    0   14 0.000000 2.000000
   9   14   43 2.280952 6.719048
   3    2   15 0.366667 2.633333
   1    0    7 0.000000 1.000000
   1    0    6 0.000000 1.000000
   1    0    6 0.000000 1.000000
   6   12   23 2.085714 3.914286
   1    0    7 0.000000 1.000000
  15   42   43 7.400000 7.600000
   8   12   34 1.995238 6.004762
   2    2   11 0.309524 1.690476
   8   16   32 2.680952 5.319048
   4    6   19 1.025000 2.975000
   7   16   27 2.816667 4.183333
   3    6   11 1.066667 1.933333
   1    0    6 0.000000 1.000000
   7   16   28 2.523810 4.476190
   3    2   14 0.400000 2.600000
   1    0    7 0.000000 1.000000
   7   14   25 2.585714 4.414286
   3    4   15 0.642857 2.357143
   9   22   33 3.695238 5.304762
   7   16   26 2.785714 4.214286
   8   12   37 2.019048 5.980952
   1    0    6 0.000000 1.000000
   1    0    7 0.000000 1.000000
   2    2    9 0.366667 1.633333
   1    0    7 0.000000 1.000000
   1    0    6 0.000000 1.000000
  16   46   53 7.630952 8.369048
  12   36   33 6.342857 5.657143
   1    0    7 0.000000 1.000000
  13   40   34 6.947619 6.052381
   1    0    7 0.000000 1.000000
   4    8   17 1.309524 2.690476
   4    8   18 1.314286 2.685714
   2    0   11 0.000000 2.000000
   7    8   33 1.395238 5.604762
   1    0    6 0.000000 1.000000
   7   10   30 1.776190 5.223810
   2    2   10 0.333333 1.666667
  19   76   37 12.961905 6.038095
  12   46   26 7.813095 4.186905
   5    6   24 1.009524 3.990476
   2    2   12 0.291667 1.708333
   1    0    7 0.000000 1.000000
   1    0    6 0.000000 1.000000
   1    0    5 0.000000 1.000000
   7    8   36 1.257143 5.742857
  12   32   40 5.428571 6.571429
   3    4   12 0.766667 2.233333
  18   70   36 11.764286 6.235714
   1    0    7 0.000000 1.000000
   2    2    8 0.400000 1.600000
   1    0    7 0.000000 1.000000
   2    2   12 0.285714 1.714286
   5    8   21 1.295238 3.704762
   6    8   27 1.409524 4.590476
   2    2   11 0.309524 1.690476
  18   68   41 11.414286 6.585714
  10   30   30 5.028571 4.971429
   6   16   20 2.614286 3.385714
   1    0    5 0.000000 1.000000
   1    0    6 0.000000 1.000000
   6   14   23 2.357143 3.642857
  14   44   40 7.428571 6.571429
   1    0    7 0.000000 1.000000
  19   70   44 11.591667 7.408333
   1    0    6 0.000000 1.000000
   5    8   23 1.285714 3.714286
   1    0    6 0.000000 1.000000
  17   60   39 10.220238 6.779762
  18   60   51 9.766667 8.233333
  11   40   29 6.441667 4.558333
   4    6   16 1.100000 2.900000
   2    2    9 0.366667 1.633333
   2    2   11 0.309524 1.690476
   5    6   21 1.100000 3.900000
  16   52   44 8.819048 7.180952
   2    2   10 0.342857 1.657143
  13   42   38 6.842857 6.157143
   2    0   13 0.000000 2.000000
  25   86   60 14.615476 10.384524
  11   34   33 5.685714 5.314286
  16   52   40 9.004762 6.995238
   2    2   11 0.309524 1.690476
   4    4   20 0.709524 3.290476
  20   70   48 11.838095 8.161905
   1    0    6 0.000000 1.000000
  10   28   32 4.628571 5.371429
  36  140   80 23.298810 12.701190
   5    4   27 0.619048 4.380952
   9   20   35 3.238095 5.761905
   2    2    8 0.400000 1.600000
   8   14   30 2.495238 5.504762
  18   64   47 10.380952 7.619048
  12   32   37 5.614286 6.385714
  46  202   78 33.552381 12.447619
   5    6   23 1.085714 3.914286
   7   10   33 1.642857 5.357143
   3    4   14 0.666667 2.333333
   4    2   22 0.333333 3.666667
  23   82   60 13.486905 9.513095
  11   18   44 3.219048 7.780952
  47  194   88 32.583333 14.416667
  14   44   42 7.267857 6.732143
   4    2   22 0.325000 3.675000
   1    0    7 0.000000 1.000000
   3    2   16 0.333333 2.666667
  15   52   35 9.000000 6.000000
   9   22   34 3.794048 5.205952
  54  234   88 39.400000 14.600000
  21   78   45 13.161905 7.838095
   6    4   33 0.628571 5.371429
   3    4   15 0.642857 2.357143
   1    0    6 0.000000 1.000000
   6   12   22 2.095238 3.904762
   9   26   29 4.290476 4.709524
  54  226  100 37.675000 16.325000
  18   50   59 8.514286 9.485714
  17   46   54 7.857143 9.142857
   4   10   15 1.660714 2.339286
   2    2    9 0.366667 1.633333
  12   32   39 5.526190 6.473810
   8   14   35 2.352381 5.647619
  39  138   97 23.200000 15.800000
  10   24   41 3.784524 6.215476
   6    6   31 0.991667 5.008333
   4    4   20 0.685714 3.314286
   3    4   12 0.733333 2.266667
  20   72   47 12.271429 7.728571
   4    2   20 0.400000 3.600000
  53  226   91 37.619048 15.380952
  13   26   55 4.334524 8.665476
   3    2   17 0.309524 2.690476
   2    2   10 0.333333 1.666667
  17   48   52 8.252381 8.747619
   2    0   12 0.000000 2.000000
  63  286   90 47.878571 15.121429
  10   16   38 2.950000 7.050000
   2    0   13 0.000000 2.000000
   1    0    5 0.000000 1.000000
   8   16   34 2.542857 5.457143
   1    0    5 0.000000 1.000000
  78  404   69 67.007937 10.992063
  23   78   56 13.338095 9.661905
   1    0    6 0.000000 1.000000
   2    2   10 0.342857 1.657143
   9   22   34 3.538095 5.461905
  65  304   88 50.629762 14.370238
  20   82   39 13.654762 6.345238
   1    0    6 0.000000 1.000000
  10   24   36 4.185714 5.814286
  69  348   65 58.260714 10.739286
  18   66   43 11.047619 6.952381
   1    0    6 0.000000 1.000000
   6   10   23 1.800000 4.200000
  75  388   64 64.665476 10.334524
  42  172   75 29.278571 12.721429
   1    0    7 0.000000 1.000000
  57  268   78 44.394048 12.605952
  37  154   68 25.823810 11.176190
  63  310   68 51.776190 11.223810
  32  108   87 17.952381 14.047619
  68  318   87 53.476190 14.523810
  33  106   96 17.396429 15.603571
  67  302   96 50.857143 16.142857
  35  118   91 19.990476 15.009524
  65  300   91 50.135714 14.864286
  34  106  101 17.576190 16.423810
  66  292  101 49.130952 16.869048
  34  134   74 22.041667 11.958333
  66  318   74 53.225000 12.775000
  38  136   95 22.632143 15.367857
  62  274   95 46.209524 15.790476
  35  120   94 19.819048 15.180952
  65  292   94 49.163095 15.836905
  26   72   84 12.392857 13.607143
  74  360   84 60.414286 13.585714
  28   80   84 13.829762 14.170238
  72  352   84 58.641667 13.358333
  37  138   85 23.004762 13.995238
  63  292   85 48.715476 14.284524
  35  130   79 21.869048 13.130952
  65  312   79 51.914286 13.085714
  43  178   82 29.528571 13.471429
  57  258   82 43.413095 13.586905
  39  166   69 27.657143 11.342857
  61  296   69 49.562302 11.437698
  43  192   67 32.133333 10.866667
  57  274   67 45.798810 11.201190
  45  194   74 32.689286 12.310714
  55  258   74 43.119048 11.880952
  58  258   91 43.153571 14.846429
  42  160   91 26.759524 15.240476
  48  204   86 33.847619 14.152381
  52  224   86 37.776190 14.223810
  42  166   82 28.057143 13.942857
  58  270   82 44.884524 13.115476
  33  124   79 20.367857 12.632143
  67  318   79 53.338095 13.661905
  37  156   68 26.013095 10.986905
  63  308   68 51.552381 11.447619
  36  150   64 25.309524 10.690476
  64  322   64 53.595238 10.404762
  34  104   95 17.600000 16.400000
  66  306   95 50.714286 15.285714
  37  134   88 22.401190 14.598810
  63  290   88 48.303571 14.696429
  29  100   77 16.566667 12.433333
  71  346   77 58.216667 12.783333
  25   74   75 12.691667 12.308333
  75  376   75 62.707143 12.292857
  28   94   69 16.257143 11.742857
  72  368   69 60.973810 11.026190
  26   78   78 12.990476 13.009524
  74  366   78 61.050000 12.950000
  25   60   88 10.109524 14.890476
  75  364   88 60.573810 14.426190
  23   62   78 10.423810 12.576190
  77  382   78 63.847619 13.152381
  23   70   68 11.771429 11.228571
  77  394   68 65.812698 11.187302
  27   70   85 12.233333 14.766667
  73  360   85 59.527778 13.472222
  22   54   79 9.019048 12.980952
  78  388   79 64.680159 13.319841
  27   96   68 16.157143 10.842857
  73  368   68 61.671429 11.328571
  34  140   68 23.214286 10.785714
  66  324   68 54.607143 11.392857
  39  172   64 28.695238 10.304762
  61  300   64 50.388095 10.611905
  32  114   77 19.304762 12.695238
  68  332   77 55.586905 12.413095
  27   88   76 14.535714 12.464286
  73  360   76 60.175000 12.825000
  28  100   72 16.519048 11.480952
  72  356   72 59.736905 12.263095
  21   64   63 10.551190 10.448810
  79  410   63 68.509524 10.490476
  18   42   68 6.995238 11.004762
  82  422   68 70.685714 11.314286
  25   88   64 14.713095 10.286905
  75  384   64 64.278571 10.721429
  28   76   88 13.009524 14.990476
  72  348   88 57.983333 14.016667
  32  106   86 17.767857 14.232143
  68  322   86 53.597619 14.402381
  33  104   93 17.638095 15.361905
  67  310   93 51.964286 15.035714
  35  126   86 21.271429 13.728571
  65  302   86 50.927381 14.072619
  45  160  109 26.952381 18.047619
  55  222  109 37.109524 17.890476
  42  144  107 24.467857 17.532143
  58  242  107 40.470635 17.529365
  33   96  101 16.369048 16.630952
  67  302  101 50.442857 16.557143
  22   54   82 8.876190 13.123810
  78  382   82 64.208333 13.791667
  24   64   76 11.100000 12.900000
  76  384   76 63.670238 12.329762
  23   62   75 10.544048 12.455952
  77  388   75 64.632143 12.367857
  20   56   63 9.485714 10.514286
  80  418   63 69.783333 10.216667
  20   62   57 10.519048 9.480952
  80  424   57 70.589286 9.410714
  25   86   64 14.505952 10.494048
  75  386   64 64.541667 10.458333
  25   80   67 13.639286 11.360714
  75  386   67 64.168254 10.831746
  39  142   94 23.780952 15.219048
  61  270   94 45.315476 15.684524
  36  114   98 19.333333 16.666667
  64  290   98 48.198810 15.801190
  34  128   78 21.369048 12.630952
  66  316   78 52.932143 13.067857
  34  126   78 20.985714 13.014286
  66  318   78 53.000000 13.000000
  32  124   68 20.909524 11.090476
  68  340   68 56.640476 11.359524
  25   64   83 10.857143 14.142857
  75  370   83 61.647619 13.352381
  38  132  101 21.736905 16.263095
  62  266  101 44.983333 17.016667
  34  102   94 17.391667 16.608333
  66  310   94 51.000000 15.000000
  24   66   79 11.042857 12.957143
  76  376   79 63.085714 12.914286
  25   56   92 9.653571 15.346429
  75  360   92 60.121429 14.878571
  29   82   86 14.242857 14.757143
  71  346   86 57.316667 13.683333
  33  104   95 17.239286 15.760714
  67  306   95 51.169048 15.830952
  26   64   96 10.352381 15.647619
  74  344   96 57.684524 16.315476
  20   44   76 7.316667 12.683333
  80  404   76 67.473810 12.526190
   9   20   32 3.519048 5.480952
  91  516   32 85.804762 5.195238
   5    4   26 0.676190 4.323810
  95  544   26 90.622619 4.377381
   6    6   28 1.033333 4.966667
  94  538   28 89.476190 4.523810
  13   24   50 4.233333 8.766667
  87  476   50 79.046429 7.953571
   9   16   40 2.609524 6.390476
  91  504   40 84.269048 6.730952
  12   22   48 3.866667 8.133333
  88  482   48 80.376190 7.623810
  17   26   75 4.478571 12.521429
  83  424   75 70.551190 12.448810
  16   28   67 4.790476 11.209524
  84  438   67 73.128571 10.871429
  19   40   73 6.771429 12.228571
  81  414   73 68.917857 12.082143
  19   36   82 6.009524 12.990476
  81  400   82 67.252381 13.747619
  11   16   50 2.719048 8.280952
  89  484   50 80.852381 8.147619
  15   38   51 6.504762 8.495238
  85  460   51 76.576190 8.423810
   9   16   36 2.771429 6.228571
  91  512   36 85.219048 5.780952
   3    2   16 0.400000 2.600000
  97  566   16 94.351190 2.648810
   4    6   17 1.033333 2.966667
  96  560   17 93.323810 2.676190
   2    0   13 0.000000 2.000000
  98  574   13 95.789286 2.210714
   1    0    6 0.000000 1.000000
  99  588    6 98.038095 0.961905
   2    2    9 0.366667 1.633333
  98  580    9 96.585714 1.414286
   5   10   19 1.695238 3.304762
  95  552   19 92.010714 2.989286
   8   28   19 4.814286 3.185714
  92  534   19 88.980952 3.019048
   2    2   13 0.277778 1.722222
  98  572   13 95.597619 2.402381
 100  600    0 100.000000 0.000000
