   1    0    7 0.000000 1.000000
   2    2   10 0.333333 1.666667
   1    0    7 0.000000 1.000000
   1    0    7 0.000000 1.000000
   3    6   13 0.952381 2.047619
   1    0    6 0.000000 1.000000
   2    2    9 0.366667 1.633333
   2    2   11 0.309524 1.690476
   3    4   13 0.700000 2.300000
   7   14   25 2.466667 4.533333
   2    2   11 0.309524 1.690476
   2    2    8 0.400000 1.600000
   3    6   11 1.085714 1.914286
   5   14   16 2.341667 2.658333
   1    0    6 0.000000 1.000000
   1    0    5 0.000000 1.000000
   1    0    6 0.000000 1.000000
   2    2    8 0.400000 1.600000
   1    0    7 0.000000 1.000000
   1    0    7 0.000000 1.000000
   2    2   11 0.309524 1.690476
   1    0    7 0.000000 1.000000
   2    2   10 0.342857 1.657143
   2    2    9 0.366667 1.633333
   1    0    7 0.000000 1.000000
   1    0    6 0.000000 1.000000
   1    0    8 0.000000 1.000000
   1    0    6 0.000000 1.000000
   1    0    6 0.000000 1.000000
   1    0    6 0.000000 1.000000
   3    4   15 0.619048 2.380952
   2    2    9 0.366667 1.633333
   1    0    7 0.000000 1.000000
   4   10   15 1.683333 2.316667
   1    0    7 0.000000 1.000000
   1    0    5 0.000000 1.000000
   2    2    9 0.366667 1.633333
   1    0    6 0.000000 1.000000
   3    4   13 0.700000 2.300000
   1    0    6 0.000000 1.000000
   1    0    6 0.000000 1.000000
   1    0    7 0.000000 1.000000
   1    0    7 0.000000 1.000000
   1    0    6 0.000000 1.000000
   2    2    9 0.366667 1.633333
   2    2   10 0.333333 1.666667
   1    0    7 0.000000 1.000000
   1    0    6 0.000000 1.000000
   2    2    9 0.366667 1.633333
   2    2   10 0.342857 1.657143
   1    0    7 0.000000 1.000000
   2    0   14 0.000000 2.000000
   1    0    5 0.000000 1.000000
   3    4   12 0.733333 2.266667
   5    8   20 1.466667 3.533333
   2    2    9 0.366667 1.633333
   1    0    5 0.000000 1.000000
   1    0    7 0.000000 1.000000
   2    2   11 0.309524 1.690476
   8   16   28 2.850000 5.150000
  10   34   28 5.519048 4.480952
   5   10   20 1.750000 3.250000
   1    0    6 0.000000 1.000000
   8   22   26 3.638095 4.361905
   4    6   15 1.135714 2.864286
   1    0    7 0.000000 1.000000
   2    2    9 0.366667 1.633333
   3    4   13 0.700000 2.300000
   3    2   17 0.333333 2.666667
   1    0    6 0.000000 1.000000
   3    2   16 0.366667 2.633333
   4    8   16 1.385714 2.614286
   1    0    6 0.000000 1.000000
   1    0    6 0.000000 1.000000
   2    0   13 0.000000 2.000000
   1    0    6 0.000000 1.000000
   2    2   11 0.309524 1.690476
   5    8   22 1.433333 3.566667
   1    0    7 0.000000 1.000000
   1    0    7 0.000000 1.000000
   1    0    6 0.000000 1.000000
   1    0    6 0.000000 1.000000
   1    0    7 0.000000 1.000000
   1    0    5 0.000000 1.000000
   4   10   15 1.595238 2.404762
   3    4   15 0.691667 2.308333
   1    0    8 0.000000 1.000000
   2    2   10 0.342857 1.657143
   1    0    7 0.000000 1.000000
   6   14   24 2.261905 3.738095
   6   10   20 1.983333 4.016667
   1    0    6 0.000000 1.000000
   1    0    7 0.000000 1.000000
   4   10   14 1.675000 2.325000
   8   18   28 3.207143 4.792857
  12   44   29 7.404762 4.595238
   4    6   19 0.961905 3.038095
  10   34   27 5.847619 4.152381
   6   12   21 2.195238 3.804762
   2    2    8 0.400000 1.600000
   5   12   17 2.066667 2.933333
   4    8   16 1.319048 2.680952
   1    0    7 0.000000 1.000000
   2    0   12 0.000000 2.000000
   3    6   12 1.000000 2.000000
   1    0    6 0.000000 1.000000
   1    0    6 0.000000 1.000000
   4   10   14 1.714286 2.285714
   4    8   17 1.283333 2.716667
   7   18   24 2.995238 4.004762
   1    0    7 0.000000 1.000000
   5   10   20 1.652381 3.347619
   1    0    8 0.000000 1.000000
   5   14   17 2.347619 2.652381
   3    6   11 1.085714 1.914286
   2    2   11 0.309524 1.690476
   3    4   12 0.766667 2.233333
   1    0    6 0.000000 1.000000
   2    2   10 0.333333 1.666667
   6   12   22 2.176190 3.823810
   8   22   25 3.766667 4.233333
  12   34   38 5.652381 6.347619
   6   12   23 2.095238 3.904762
   4    4   19 0.709524 3.290476
   8   14   36 2.270238 5.729762
   9   28   24 4.914286 4.085714
   6   12   25 2.019048 3.980952
   6   14   22 2.300000 3.700000
   3    6   12 1.019048 1.980952
   1    0    6 0.000000 1.000000
   1    0    5 0.000000 1.000000
   1    0    6 0.000000 1.000000
   4    6   17 1.066667 2.933333
   2    2   11 0.309524 1.690476
   1    0    7 0.000000 1.000000
   7   20   25 3.252381 3.747619
   6   18   20 2.945238 3.054762
   2    2    8 0.400000 1.600000
   4    8   17 1.285714 2.714286
   1    0    6 0.000000 1.000000
   2    2    9 0.366667 1.633333
   5    6   23 1.033333 3.966667
   3    2   17 0.309524 2.690476
  12   34   37 5.766667 6.233333
  14   40   42 6.714286 7.285714
  10   32   29 5.380952 4.619048
   5    4   28 0.619048 4.380952
   8   22   25 3.771429 4.228571
   5    8   22 1.352381 3.647619
  11   34   32 5.795238 5.204762
   1    0    7 0.000000 1.000000
   6   18   18 2.976190 3.023810
   4    6   16 1.152381 2.847619
   8   28   19 4.766667 3.233333
   3    2   19 0.285714 2.714286
   1    0    7 0.000000 1.000000
   1    0    6 0.000000 1.000000
   2    2   11 0.309524 1.690476
   5   14   17 2.316667 2.683333
  16   48   46 8.295238 7.704762
  13   40   38 6.795238 6.204762
  15   54   38 8.938095 6.061905
   4    2   21 0.366667 3.633333
  14   46   39 7.716667 6.283333
   3    2   16 0.333333 2.666667
  12   24   50 3.957143 8.042857
   1    0    6 0.000000 1.000000
   2    2    9 0.366667 1.633333
   5   10   20 1.680952 3.319048
   4    6   15 1.133333 2.866667
   3    4   14 0.676190 2.323810
   1    0    6 0.000000 1.000000
   1    0    6 0.000000 1.000000
   6   16   22 2.566667 3.433333
  23   88   49 15.065873 7.934127
  11   30   38 5.076190 5.923810
  13   50   26 8.666667 4.333333
   7   16   25 2.719048 4.280952
  11   26   37 4.728571 6.271429
  12   20   54 3.242857 8.757143
   1    0    6 0.000000 1.000000
   2    2   11 0.309524 1.690476
   7   18   23 3.066667 3.933333
   3    6   13 0.952381 2.047619
   2    0   12 0.000000 2.000000
   1    0    6 0.000000 1.000000
   1    0    6 0.000000 1.000000
   5    6   21 1.085714 3.914286
  26   76   77 12.952381 13.047619
   8   20   30 3.233333 4.766667
  17   70   34 11.695238 5.304762
   7   14   28 2.290476 4.709524
   9   20   34 3.423810 5.576190
  16   44   49 7.804762 8.195238
   4    6   20 0.928571 3.071429
   3    4   16 0.619048 2.380952
   3    6   13 0.952381 2.047619
   1    0    6 0.000000 1.000000
   1    0    6 0.000000 1.000000
  34  120   79 20.485714 13.514286
   5    8   21 1.352381 3.647619
  15   52   37 8.814286 6.185714
   5    4   28 0.625000 4.375000
  12   32   37 5.545238 6.454762
  19   60   58 9.852381 9.147619
   5   14   19 2.165476 2.834524
   1    0    7 0.000000 1.000000
   2    2   10 0.333333 1.666667
   1    0    6 0.000000 1.000000
  30  104   75 17.533333 12.466667
   2    0   13 0.000000 2.000000
  25   96   54 16.385714 8.614286
   5    8   25 1.261905 3.738095
  23   96   41 16.207143 6.792857
   5    4   25 0.733333 4.266667
   9   28   25 4.804762 4.195238
   1    0    6 0.000000 1.000000
  22   66   69 10.755952 11.244048
   1    0    7 0.000000 1.000000
  26   92   66 15.301190 10.698810
   7   18   22 3.138095 3.861905
  28  120   48 20.066667 7.933333
   4    4   21 0.642857 3.357143
  12   34   33 5.957143 6.042857
  20   56   63 9.495238 10.504762
   1    0    7 0.000000 1.000000
  24   74   68 12.461905 11.538095
   5   10   22 1.625000 3.375000
  33  156   43 26.047619 6.952381
   5   12   19 1.914286 3.085714
  12   32   38 5.504762 6.495238
  30  110   70 18.522619 11.477381
  22   70   59 11.971429 10.028571
   4    4   20 0.676190 3.323810
  28  120   49 20.154762 7.845238
   6   16   21 2.557143 3.442857
  10   24   37 4.035714 5.964286
  21   64   65 10.564286 10.435714
  22   54   73 9.385714 12.614286
   3    2   17 0.342857 2.657143
  37  144   76 24.344048 12.655952
   3    2   17 0.333333 2.666667
  14   36   50 5.952381 8.047619
  26   92   62 15.471429 10.528571
  35  122   88 20.734524 14.265476
  29   94   82 15.671429 13.328571
   2    2    8 0.400000 1.600000
   8   12   38 1.923810 6.076190
  18   56   52 9.455952 8.544048
  39  130  104 21.798810 17.201190
  25   62   91 10.300000 14.700000
   8   22   24 3.919048 4.080952
  10   20   39 3.538095 6.461905
  17   54   48 9.033333 7.966667
  42  158   94 26.566667 15.433333
  22   54   77 9.161905 12.838095
   5   12   18 2.019048 2.980952
  14   50   35 8.466667 5.533333
  36  154   63 26.000000 10.000000
  26   76   75 13.164286 12.835714
  18   42   69 6.983333 11.016667
   9   30   26 4.940476 4.059524
  11   32   33 5.533333 5.466667
  28  102   66 17.142857 10.857143
  24   70   75 11.747619 12.252381
  22   60   73 10.066667 11.933333
  14   44   41 7.397619 6.602381
  12   32   37 5.570238 6.429762
  43  182   71 30.819048 12.180952
  11   26   40 4.276190 6.723810
  24   70   76 11.566667 12.433333
  12   26   50 4.057143 7.942857
  10   26   33 4.442857 5.557143
  46  194   84 32.504762 13.495238
  12   28   45 4.680952 7.319048
  30   92   85 15.855952 14.144048
   9   14   39 2.409524 6.590476
   3    0   19 0.000000 3.000000
  34  106   89 18.028571 15.971429
  15   48   45 7.813095 7.186905
  42  164   93 26.957143 15.042857
   8   16   32 2.638095 5.361905
   1    0    7 0.000000 1.000000
  31  118   68 19.663095 11.336905
  16   66   30 11.104762 4.895238
  41  156   92 25.776190 15.223810
  11   20   44 3.423810 7.576190
   1    0    6 0.000000 1.000000
  21   70   57 11.714286 9.285714
  11   24   42 4.127381 6.872619
  53  222   90 37.784524 15.215476
  14   36   53 5.703571 8.296429
   1    0    6 0.000000 1.000000
  14   30   55 4.857143 9.142857
  19   60   53 10.244048 8.755952
  53  224   96 37.235714 15.764286
  12   18   51 3.166667 8.833333
   2    2   11 0.309524 1.690476
  20   64   59 10.659524 9.340476
   8   14   36 2.372619 5.627381
  59  260   91 43.810714 15.189286
  13   24   52 4.014286 8.985714
  12   20   53 3.404762 8.595238
  11   24   41 4.123810 6.876190
  64  294   91 49.432540 14.567460
  13   26   51 4.664286 8.335714
  17   44   56 7.541667 9.458333
  13   30   46 5.214286 7.785714
  52  236   80 39.141667 12.858333
  18   56   52 9.329762 8.670238
  18   40   63 7.038095 10.961905
  24   86   60 14.308333 9.691667
  39  160   74 26.627381 12.372619
  19   56   61 9.500000 9.500000
  14   36   47 6.064286 7.935714
  18   62   50 10.065476 7.934524
  37  146   75 24.457143 12.542857
  31  114   70 19.321429 11.678571
   8   10   41 1.642857 6.357143
  20   68   51 11.533333 8.466667
  34  124   78 20.945238 13.054762
  38  152   76 25.496429 12.503571
   6   10   27 1.761905 4.238095
  28  102   65 17.304762 10.695238
  31  114   72 19.161905 11.838095
  35  132   78 22.152381 12.847619
   9   18   38 2.961905 6.038095
  31  106   80 17.800000 13.200000
  35  136   74 23.028571 11.971429
  25   70   78 11.866667 13.133333
   8   20   26 3.438095 4.561905
  29   96   79 15.847619 13.152381
  21   58   74 9.457143 11.542857
  42  178   69 30.352381 11.647619
   5    6   26 0.928571 4.071429
  19   44   70 7.375000 11.625000
  24   70   69 12.109524 11.890476
  52  234   81 39.008333 12.991667
   2    2   11 0.309524 1.690476
  17   44   60 7.521429 9.478571
  21   60   66 10.125000 10.875000
  60  264   93 44.436905 15.563095
   3    6   10 1.133333 1.866667
  15   34   57 5.661905 9.338095
  24   90   53 15.073810 8.926190
  58  260   90 43.395238 14.604762
   4   10   14 1.797619 2.202381
  16   46   52 7.742857 8.257143
  20   48   75 7.908333 12.091667
  60  256   99 43.180952 16.819048
  10   22   39 3.604762 6.395238
  25   82   69 13.809524 11.190476
  65  318   70 53.530952 11.469048
  10   18   46 2.751190 7.248810
  29   92   81 15.528571 13.471429
  61  276   87 46.432143 14.567857
   8   10   32 1.900000 6.100000
  32  132   58 22.309524 9.690476
  60  298   70 49.284524 10.715476
   9   20   35 3.416667 5.583333
  39  162   70 27.408333 11.591667
  52  226   87 37.596429 14.403571
   7   12   33 1.959524 5.040476
  41  168   81 28.071429 12.928571
  52  216   90 36.530952 15.469048
  11   30   38 4.990476 6.009524
  23   82   56 13.846429 9.153571
  66  318   76 53.411905 12.588095
   5    6   23 1.033333 3.966667
  16   36   57 6.185714 9.814286
  79  414   64 68.785714 10.214286
   6   14   21 2.511905 3.488095
  23   72   66 12.003571 10.996429
  71  354   73 58.969048 12.030952
   5   12   19 1.957143 3.042857
  19   64   54 10.533333 8.466667
  76  384   67 64.419048 11.580952
   4    6   19 0.995238 3.004762
  19   64   49 10.791667 8.208333
  77  396   66 66.095238 10.904762
   5    4   22 0.800000 4.200000
  19   64   50 10.842857 8.157143
  76  400   60 66.469048 9.530952
   2    2   10 0.333333 1.666667
  15   58   33 9.661905 5.338095
  83  458   39 76.463095 6.536905
   4   10   15 1.608333 2.391667
  17   64   40 10.671429 6.328571
  79  420   51 70.333333 8.666667
   8   20   28 3.271429 4.728571
  15   46   45 7.685714 7.314286
  77  402   59 67.233333 9.766667
   2    0   11 0.000000 2.000000
   6   16   19 2.723810 3.276190
  92  524   30 87.161905 4.838095
  10   28   32 4.666667 5.333333
  90  508   32 84.647619 5.352381
  13   44   32 7.600000 5.400000
  87  492   32 81.947619 5.052381
  19   74   41 12.196429 6.803571
  81  444   41 74.190476 6.809524
  13   40   38 6.638095 6.361905
  87  484   38 80.685714 6.314286
  16   44   50 7.450000 8.550000
  84  456   50 75.841667 8.158333
  10   16   42 2.804762 7.195238
  90  500   42 83.304762 6.695238
   6    6   31 1.011111 4.988889
  94  532   31 88.778571 5.221429
   4    6   20 0.904762 3.095238
  96  554   20 92.579762 3.420238
   4    6   19 1.019048 2.980952
  96  556   19 92.842857 3.157143
   4    8   16 1.385714 2.614286
  96  560   16 93.328571 2.671429
   6   16   20 2.750000 3.250000
  94  544   20 90.580952 3.419048
   1    0    6 0.000000 1.000000
  99  588    6 98.095238 0.904762
 100  600    0 100.000000 0.000000
