   2    2   11 0.309524 1.690476
   1    0    7 0.000000 1.000000
   3    4   12 0.766667 2.233333
   1    0    6 0.000000 1.000000
   2    2   10 0.333333 1.666667
   4   10   14 1.666667 2.333333
   1    0    7 0.000000 1.000000
   2    2   11 0.309524 1.690476
   3    4   11 0.816667 2.183333
   1    0    6 0.000000 1.000000
   1    0    6 0.000000 1.000000
   1    0    7 0.000000 1.000000
   2    2   10 0.342857 1.657143
   1    0    7 0.000000 1.000000
   1    0    6 0.000000 1.000000
   3    4   14 0.709524 2.290476
   3    4   14 0.652381 2.347619
   1    0    7 0.000000 1.000000
   2    2   11 0.309524 1.690476
   2    2   12 0.285714 1.714286
   2    0   12 0.000000 2.000000
   2    2   10 0.333333 1.666667
   2    2    9 0.366667 1.633333
   1    0    6 0.000000 1.000000
   4    8   15 1.366667 2.633333
   2    2    9 0.366667 1.633333
   3    6   10 1.133333 1.866667
   1    0    6 0.000000 1.000000
   1    0    7 0.000000 1.000000
   1    0    6 0.000000 1.000000
   1    0    6 0.000000 1.000000
   2    2   10 0.333333 1.666667
   2    2    9 0.366667 1.633333
   1    0    6 0.000000 1.000000
   1    0    7 0.000000 1.000000
   4    8   16 1.376190 2.623810
   3    4   14 0.652381 2.347619
   2    2   10 0.333333 1.666667
   2    2    8 0.400000 1.600000
   2    2   11 0.309524 1.690476
   3    6   12 1.019048 1.980952
   2    2   11 0.309524 1.690476
   3    6   12 1.019048 1.980952
   3    4   13 0.733333 2.266667
   1    0    6 0.000000 1.000000
   1    0    6 0.000000 1.000000
   2    0   13 0.000000 2.000000
   1    0    7 0.000000 1.000000
   1    0    5 0.000000 1.000000
   3    4   15 0.642857 2.357143
   3    6   10 1.133333 1.866667
   1    0    6 0.000000 1.000000
   1    0    6 0.000000 1.000000
   4    8   18 1.257143 2.742857
   4   10   13 1.761905 2.238095
   2    2    8 0.400000 1.600000
   5   12   18 2.019048 2.980952
   4    8   16 1.333333 2.666667
   2    0   12 0.000000 2.000000
   1    0    6 0.000000 1.000000
   1    0    6 0.000000 1.000000
   1    0    5 0.000000 1.000000
   2    2   10 0.342857 1.657143
   1    0    6 0.000000 1.000000
   2    2   10 0.333333 1.666667
   4    4   19 0.700000 3.300000
   6    8   29 1.338095 4.661905
   2    0   11 0.000000 2.000000
   3    4   13 0.742857 2.257143
   1    0    6 0.000000 1.000000
   1    0    7 0.000000 1.000000
   6   12   23 2.061905 3.938095
   5   12   18 1.933333 3.066667
   2    2   10 0.333333 1.666667
   1    0    5 0.000000 1.000000
   2    2   11 0.309524 1.690476
   1    0    7 0.000000 1.000000
   6    8   26 1.426190 4.573810
   1    0    6 0.000000 1.000000
   1    0    8 0.000000 1.000000
   2    2   10 0.333333 1.666667
   9   30   26 4.900000 4.100000
   1    0    7 0.000000 1.000000
   3    2   19 0.285714 2.714286
   4    8   18 1.344048 2.655952
   2    2    9 0.366667 1.633333
   1    0    6 0.000000 1.000000
   2    2    9 0.366667 1.633333
   4    6   15 1.166667 2.833333
   1    0    6 0.000000 1.000000
   5   14   14 2.533333 2.466667
   3    4   15 0.619048 2.380952
   2    2   10 0.333333 1.666667
   1    0    6 0.000000 1.000000
   1    0    7 0.000000 1.000000
   3    4   14 0.666667 2.333333
   2    2   11 0.309524 1.690476
   3    2   16 0.333333 2.666667
   3    2   16 0.333333 2.666667
   6    6   28 1.100000 4.900000
   4    8   16 1.328571 2.671429
   4    8   16 1.328571 2.671429
   6    6   29 1.076190 4.923810
   8   24   24 4.014286 3.985714
   3    6   12 1.000000 2.000000
   1    0    7 0.000000 1.000000
  10   24   35 4.057143 5.942857
   1    0    6 0.000000 1.000000
   3    4   15 0.619048 2.380952
  14   54   31 9.100000 4.900000
   5   14   16 2.447619 2.552381
   2    2    9 0.366667 1.633333
   4    8   17 1.285714 2.714286
   4    4   21 0.658333 3.341667
   1    0    5 0.000000 1.000000
   1    0    7 0.000000 1.000000
   3    6   12 1.000000 2.000000
   4    8   17 1.261905 2.738095
   2    2   10 0.333333 1.666667
   5    8   21 1.366667 3.633333
   3    6   12 1.000000 2.000000
   3    4   14 0.652381 2.347619
   6   12   23 1.961905 4.038095
   6    8   27 1.452381 4.547619
   1    0    5 0.000000 1.000000
   1    0    7 0.000000 1.000000
   1    0    7 0.000000 1.000000
  11   16   52 2.667857 8.332143
   5   10   20 1.728571 3.271429
   2    2   12 0.285714 1.714286
  10   18   43 3.029762 6.970238
  12   34   36 5.842857 6.157143
   6   10   23 1.833333 4.166667
   6   14   21 2.414286 3.585714
   2    2   12 0.311111 1.688889
   4    8   16 1.333333 2.666667
   5    2   26 0.400000 4.600000
   1    0    7 0.000000 1.000000
   2    2    7 0.450000 1.550000
   8   20   28 3.455952 4.544048
   8   24   24 4.061905 3.938095
   3    4   15 0.642857 2.357143
   4    8   17 1.304762 2.695238
  10   26   35 4.328571 5.671429
  12   30   43 5.085714 6.914286
   2    2    8 0.400000 1.600000
   2    2    9 0.366667 1.633333
   5    6   25 1.019048 3.980952
   1    0    7 0.000000 1.000000
   2    2   11 0.309524 1.690476
   4    2   24 0.333333 3.666667
  15   48   40 8.095238 6.904762
   7   18   24 3.085714 3.914286
   5   12   18 2.042857 2.957143
   3    4   12 0.766667 2.233333
   5   12   17 2.061905 2.938095
   2    0   14 0.000000 2.000000
   1    0    7 0.000000 1.000000
   9   24   31 4.115476 4.884524
   7   22   19 3.800000 3.200000
   9   14   36 2.576190 6.423810
   6    8   29 1.367857 4.632143
   2    2    9 0.366667 1.633333
   1    0    7 0.000000 1.000000
   3    2   17 0.309524 2.690476
   1    0    6 0.000000 1.000000
   6   10   24 1.766667 4.233333
  21   64   62 10.819048 10.180952
  13   38   40 6.333333 6.666667
   5   10   23 1.535714 3.464286
   7   20   22 3.300000 3.700000
   7   20   22 3.353571 3.646429
   2    0   12 0.000000 2.000000
  11   34   30 5.823810 5.176190
  18   68   40 11.573810 6.426190
   7   12   29 2.119048 4.880952
   8   16   30 2.871429 5.128571
   1    0    6 0.000000 1.000000
   2    2   10 0.333333 1.666667
   6   10   27 1.619048 4.380952
  22   76   59 12.642857 9.357143
   7   20   24 3.266667 3.733333
   8   14   33 2.485714 5.514286
   6   12   23 2.085714 3.914286
   4    8   17 1.338095 2.661905
  34  134   68 22.619048 11.380952
  13   40   38 6.738095 6.261905
   3    2   15 0.366667 2.633333
   4    6   19 0.952381 3.047619
   2    2   11 0.309524 1.690476
   4    4   21 0.642857 3.357143
  15   38   53 6.380952 8.619048
   5    6   24 1.066667 3.933333
   8   16   32 2.776190 5.223810
   5   12   18 2.014286 2.985714
   7   18   23 3.095238 3.904762
  31  112   74 18.766667 12.233333
  12   34   35 5.852381 6.147619
   1    0    5 0.000000 1.000000
   4   10   14 1.666667 2.333333
   1    0    7 0.000000 1.000000
   5    6   25 0.961905 4.038095
  22   68   63 11.419048 10.580952
   6   18   18 3.080952 2.919048
   6    8   33 1.166667 4.833333
   6   18   18 3.085714 2.914286
   6   10   24 1.885714 4.114286
  28   84   89 13.800000 14.200000
  10   28   31 4.670238 5.329762
   6   16   21 2.758333 3.241667
   2    2   10 0.342857 1.657143
   1    0    6 0.000000 1.000000
  23   78   61 13.061905 9.938095
  10   30   27 5.214286 4.785714
   6    8   27 1.471429 4.528571
  12   38   33 6.404762 5.595238
   2    0   11 0.000000 2.000000
  24   74   70 12.559524 11.440476
  12   26   46 4.571429 7.428571
   2    0   14 0.000000 2.000000
   3    6   12 1.000000 2.000000
  26   90   66 14.976190 11.023810
  18   50   57 8.504762 9.495238
   7   12   29 2.185714 4.814286
   8   24   24 4.033333 3.966667
  15   24   66 3.966667 11.033333
  25   74   74 12.366667 12.633333
   1    0    7 0.000000 1.000000
  29   74   97 12.447619 16.552381
  17   40   63 6.841667 10.158333
   6   12   26 1.952381 4.047619
   7   18   25 3.019048 3.980952
   8    8   43 1.261905 6.738095
  29   96   80 15.959524 13.040476
   1    0    6 0.000000 1.000000
  22   54   78 9.248810 12.751190
  19   54   62 9.017857 9.982143
  13   42   31 7.390476 5.609524
   8   26   20 4.619048 3.380952
   6    4   32 0.676190 5.323810
  30   86   98 14.190476 15.809524
   1    0    5 0.000000 1.000000
  31   92   92 15.766667 15.233333
  14   28   54 4.742857 9.257143
  13   44   35 7.304762 5.695238
   5   14   16 2.419048 2.580952
   7   12   30 2.095238 4.904762
  22   62   70 10.355952 11.644048
  41  138  111 23.105952 17.894048
  11   14   49 2.509524 8.490476
  14   38   45 6.414286 7.585714
   5    6   25 0.928571 4.071429
  14   44   37 7.547619 6.452381
  14   46   37 7.814286 6.185714
  46  162  114 27.175000 18.825000
   8    6   41 1.042857 6.957143
  12   22   54 3.507143 8.492857
   6   12   25 2.004762 3.995238
  15   48   43 7.828571 7.171429
   9   28   26 4.742857 4.257143
  57  240   98 40.323810 16.676190
   8   14   35 2.352381 5.647619
  10   16   46 2.604762 7.395238
   1    0    6 0.000000 1.000000
  14   38   46 6.347619 7.652381
   6   10   26 1.628571 4.371429
  56  254   82 42.446429 13.553571
  14   46   37 7.942857 6.057143
  10   24   37 4.095238 5.904762
  13   32   48 5.123810 7.876190
   4    0   24 0.000000 4.000000
  58  250   95 42.132143 15.867857
  15   54   36 9.142857 5.857143
  10   24   37 3.866667 6.133333
  20   72   50 12.144048 7.855952
   5    2   26 0.416667 4.583333
  49  212   78 35.657143 13.342857
  17   58   47 9.571429 7.428571
   9   20   35 3.214286 5.785714
  21   74   55 12.066667 8.933333
   3    2   18 0.309524 2.690476
  59  282   67 47.516667 11.483333
  11   24   42 4.076190 6.923810
   6   14   22 2.328571 3.671429
  20   46   76 7.590476 12.409524
   8   20   27 3.400000 4.600000
  58  278   67 46.647619 11.352381
   6   10   28 1.686905 4.313095
   8   24   24 4.100000 3.900000
  22   62   67 10.471429 11.528571
  16   50   42 8.595238 7.404762
  46  212   69 35.197619 10.802381
  11   30   38 4.904762 6.095238
   5   14   16 2.395238 2.604762
  19   62   54 10.295238 8.704762
   9   20   36 3.176190 5.823810
  55  256   69 43.209524 11.790476
  10   24   37 3.966667 6.033333
   7   18   24 2.976190 4.023810
  21   56   70 9.423810 11.576190
  13   22   57 3.638095 9.361905
  54  250   74 41.864286 12.135714
  10   26   34 4.433333 5.566667
   2    2    9 0.366667 1.633333
  24   88   59 14.550000 9.450000
  10   16   44 2.814286 7.185714
  47  230   51 38.566667 8.433333
  11   30   37 5.038095 5.961905
   8   20   25 3.561905 4.438095
  23   86   51 14.561905 8.438095
  12   24   45 4.311905 7.688095
  50  252   49 42.053571 7.946429
  11   26   42 4.390476 6.609524
   4    8   17 1.304762 2.695238
  19   62   54 10.163095 8.836905
   4    4   20 0.676190 3.323810
  64  320   63 53.417857 10.582143
  13   34   43 5.780952 7.219048
  20   52   64 8.890476 11.109524
   4    4   22 0.619048 3.380952
  67  332   71 55.227381 11.772619
   9   16   39 2.708333 6.291667
  18   58   49 9.591667 8.408333
   4    6   17 1.185714 2.814286
  69  354   60 59.119048 9.880952
   9   22   34 3.633333 5.366667
  23   80   57 13.600000 9.400000
   2    2   11 0.309524 1.690476
  71  356   70 59.308333 11.691667
   4    4   20 0.642857 3.357143
  21   74   55 12.227381 8.772619
   4    8   17 1.361905 2.638095
  71  350   72 58.845238 12.154762
   4    6   18 1.066667 2.933333
  27   92   69 15.500000 11.500000
   1    0    6 0.000000 1.000000
  70  338   83 56.721429 13.278571
   2    2   10 0.333333 1.666667
  18   50   60 8.179762 9.820238
  76  388   68 64.873810 11.126190
   6   16   18 2.802381 3.197619
  15   38   55 6.066667 8.933333
  78  402   62 67.395238 10.604762
   7   16   27 2.636905 4.363095
  11   28   35 4.833333 6.166667
  78  414   57 69.027381 8.972619
  11   36   30 6.076190 4.923810
  16   60   37 10.090476 5.909524
  72  376   53 63.114286 8.885714
  12   40   34 6.576190 5.423810
  14   28   58 4.680952 9.319048
  65  316   73 52.732143 12.267857
  21   66   59 11.047619 9.952381
  11   16   53 2.619048 8.380952
  68  332   78 55.350000 12.650000
  21   66   55 11.509524 9.490476
   8    8   43 1.247619 6.752381
  71  364   60 60.904762 10.095238
  21   76   49 12.865476 8.134524
   8   10   38 1.733333 6.266667
  71  360   67 60.042857 10.957143
  21   68   57 11.509524 9.490476
  12   30   39 5.407143 6.592857
  65  312   82 51.697619 13.302381
  23   70   67 11.850000 11.150000
   6   12   22 2.100000 3.900000
  69  332   82 55.490476 13.509524
  25   82   70 13.761905 11.238095
   5    6   23 1.066667 3.933333
  64  292   97 48.295238 15.704762
  31   98   84 16.826190 14.173810
   2    0   12 0.000000 2.000000
  69  334   82 55.771429 13.228571
  29   94   78 16.090476 12.909524
   3    2   16 0.366667 2.633333
  60  266   93 44.688095 15.311905
  37  138   85 23.022619 13.977381
   3    0   17 0.000000 3.000000
  66  278  113 47.028571 18.971429
  31   84  108 13.819048 17.180952
   2    0   11 0.000000 2.000000
  61  264  111 43.283333 17.716667
  37  108  106 18.926190 18.073810
  74  348   92 58.440476 15.559524
  26   68   92 11.195238 14.804762
  76  390   69 64.982143 11.017857
  24   72   69 12.500000 11.500000
  74  376   69 62.833333 11.166667
  26   86   69 14.557143 11.442857
  79  410   70 67.959524 11.040476
  21   50   70 8.676190 12.323810
  77  406   56 67.576190 9.423810
  23   82   56 13.585714 9.414286
  80  412   70 68.554762 11.445238
  20   48   70 8.335714 11.664286
  70  352   68 58.888095 11.111905
  30  112   68 19.008333 10.991667
  59  278   75 46.479762 12.520238
  41  172   75 28.963095 12.036905
  44  162  101 27.070238 16.929762
  56  236  101 39.546429 16.453571
  37  126  101 20.800000 16.200000
  63  272  101 45.892857 17.107143
  41  164   79 27.561905 13.438095
  59  278   79 46.285714 12.714286
  42  162   88 26.860714 15.139286
  58  262   88 43.469048 14.530952
  44  182   85 30.009524 13.990476
  56  248   85 41.796429 14.203571
  59  262   92 43.775000 15.225000
  41  154   92 25.900000 15.100000
  41  138  106 23.284524 17.715476
  59  250  106 41.809524 17.190476
  45  178   95 29.722619 15.277381
  55  232   95 38.990476 16.009524
  33  124   75 20.725794 12.274206
  67  326   75 54.440476 12.559524
  36  156   57 26.394048 9.605952
  64  330   57 54.828571 9.171429
  26   92   64 15.295238 10.704762
  74  380   64 63.502381 10.497619
  27  102   60 17.019048 9.980952
  73  378   60 63.019048 9.980952
  29  108   70 17.951190 11.048810
  71  352   70 59.166667 11.833333
  22   70   63 11.891667 10.108333
  78  404   63 67.646429 10.353571
  26   76   81 12.909524 13.090476
  74  362   81 60.496429 13.503571
  22   46   87 7.552381 14.447619
  78  380   87 63.442857 14.557143
  21   56   72 9.323810 11.676190
  79  400   72 66.751190 12.248810
  20   50   71 8.355952 11.644048
  80  408   71 68.310714 11.689286
  41  150   97 25.077381 15.922619
  59  256   97 42.947619 16.052381
  47  190   90 32.015476 14.984524
  53  230   90 38.152381 14.847619
  42  172   80 28.590476 13.409524
  58  268   80 44.513095 13.486905
  39  142   89 24.066667 14.933333
  61  280   89 46.497619 14.502381
  42  172   82 28.967857 13.032143
  58  264   82 44.495238 13.504762
  45  184   88 30.713095 14.286905
  55  240   88 40.295238 14.704762
  47  200   81 33.461905 13.538095
  53  238   81 39.828571 13.171429
  42  168   88 27.714286 14.285714
  58  256   88 43.214286 14.785714
  36  126   92 21.008333 14.991667
  64  290   92 48.867857 15.132143
  39  138   94 23.238095 15.761905
  61  274   94 45.400000 15.600000
  41  156   96 25.864286 15.135714
  59  252   96 42.821429 16.178571
  41  144  101 24.144048 16.855952
  59  254  101 42.219048 16.780952
  41  146  101 24.486905 16.513095
  59  252  101 42.238095 16.761905
  38  140   86 23.651190 14.348810
  62  288   86 48.120238 13.879762
  37  122  101 20.590476 16.409524
  63  276  101 46.486905 16.513095
  38  144   82 24.361905 13.638095
  62  292   82 48.645238 13.354762
  28  106   63 17.670238 10.329762
  72  368   63 61.601190 10.398810
  31  116   71 19.398810 11.601190
  69  342   71 57.317857 11.682143
  34  144   63 23.873810 10.126190
  66  330   63 55.350000 10.650000
  36  144   73 24.189286 11.810714
  64  310   73 51.828571 12.171429
  24   64   86 10.503571 13.496429
  76  364   86 61.258333 14.741667
  30  110   71 18.445238 11.554762
  70  348   71 58.228571 11.771429
  26   78   80 12.985714 13.014286
  74  362   80 60.515476 13.484524
  26   96   59 16.388095 9.611905
  74  386   59 64.538095 9.461905
  23   80   54 13.861905 9.138095
  77  412   54 68.492857 8.507143
  28   98   68 16.913095 11.086905
  72  366   68 61.044048 10.955952
  34  128   73 21.869048 12.130952
  66  326   73 54.070238 11.929762
  30  110   71 18.190476 11.809524
  70  348   71 58.076190 11.923810
  40  158   84 26.163095 13.836905
  60  274   84 46.071429 13.928571
  47  202   82 33.698810 13.301190
  53  234   82 39.166667 13.833333
  33  124   72 20.950000 12.050000
  67  332   72 55.436905 11.563095
  22   62   70 10.523810 11.476190
  78  398   70 66.682540 11.317460
  15   38   49 6.485714 8.514286
  85  464   49 77.052381 7.947619
  16   58   37 9.885714 6.114286
  84  468   37 78.028571 5.971429
  21   78   44 13.185714 7.814286
  79  434   44 71.904762 7.095238
  21   94   34 15.714286 5.285714
  79  438   34 73.202381 5.797619
  18   66   39 11.195238 6.804762
  82  456   39 75.685714 6.314286
  26  102   50 17.509524 8.490476
  74  398   50 66.045238 7.954762
  38  152   75 25.464286 12.535714
  62  298   75 49.700000 12.300000
  32  118   77 19.552381 12.447619
  68  328   77 55.007143 12.992857
  28   90   76 15.266667 12.733333
  72  358   76 59.504762 12.495238
  21   60   62 10.479762 10.520238
  79  416   62 69.141667 9.858333
  26   90   68 15.085714 10.914286
  74  374   68 62.611905 11.388095
  21   62   63 10.504762 10.495238
  79  412   63 68.810317 10.189683
  11   16   53 2.647619 8.352381
  89  478   53 79.894048 9.105952
   5    2   31 0.309524 4.690476
  95  536   31 89.779762 5.220238
   2    2   10 0.333333 1.666667
  98  578   10 96.247619 1.752381
   2    2   10 0.333333 1.666667
  98  578   10 96.371429 1.628571
   9   18   30 3.400000 5.600000
  91  522   30 86.502381 4.497619
   6   16   22 2.552381 3.447619
  94  540   22 90.233333 3.766667
   3    2   17 0.309524 2.690476
  97  564   17 94.209524 2.790476
   1    0    6 0.000000 1.000000
  99  588    6 98.014286 0.985714
   1    0    7 0.000000 1.000000
  99  586    7 97.847619 1.152381
   1    0    6 0.000000 1.000000
  99  588    6 98.038095 0.961905
 100  600    0 100.000000 0.000000
