 86
 97
 59
 78
 85
 79
 86
105
 93
 93
 65
111
 91
 85
 88
 63
 82
 81
 94
 79
 63
 84
106
 65
106
 73
 72
101
 92
100
 87
100
 70
 86
 90
 83
 89
122
 56
 80
 81
 82
 87
 83
111
 72
109
 84
 87
 71
 85
100
 59
 73
 79
 89
 78
 89
 96
 92
 92
 82
 91
 77
 74
101
100
101
 76
103
 96
 80
 80
 72
 95
 93
 84
 91
 88
 70
 85
101
 94
 72
 87
 81
 95
 81
 75
 75
 89
 86
111
 65
 85
116
103
 98
117
 79
 64
 75
 77
 81
 75
 98
 71
 89
 91
 92
 79
106
 83
 76
 83
 67
 71
 81
 82
 78
 81
 96
 87
 91
 89
 80
 81
 89
 94
 91
 86
 97
 89
 93
 81
 56
 92
 95
 95
102
 77
100
 84
 72
 99
102
 75
100
 95
 80
 84
 85
114
 93
 73
106
115
 89
 70
 85
 96
 80
103
 74
 71
108
 98
 84
 80
123
 88
 84
106
 65
130
101
 83
 90
 90
108
 83
101
 81
 74
 75
 71
 94
 83
107
 81
122
 92
 83
100
 68
 92
 87
 87
 79
 84
120
103
 96
108
 72
 72
 82
 79
 91
 92
 63
 77
 87
 95
 74
 81
 82
 86
 95
 60
107
 59
 72
 80
104
 71
 82
102
 73
 94
 91
 76
 88
 68
104
110
 95
120
 90
 96
 96
 96
104
 85
 92
 71
104
 89
 66
 79
 92
104
 79
 77
 94
 87
 74
104
 99
 70
 99
 90
 96
 98
120
 82
 75
 82
110
 91
 92
 98
 79
 79
 82
 94
 72
 78
 79
 78
103
 77
115
 77
 79
112
 75
 82
 72
 79
 95
 89
 97
 72
 65
108
102
 96
 95
 96
 82
 90
 87
 69
107
 99
 91
 99
 88
 82
 87
 68
119
 68
101
 90
102
 95
 72
 78
 80
119
102
 82
 75
 75
 77
 88
 74
112
 89
 98
 99
 97
 84
 70
 65
 61
 62
 96
 84
 98
 90
 80
 84
 94
106
 79
122
115
114
103
 61
 95
 92
 75
104
 81
 61
 80
 94
 79
 63
 92
101
 89
 73
 87
 59
 84
113
 77
100
106
 71
113
 75
 81
 92
 78
106
 94
 72
 76
 59
 81
 90
 89
 90
103
109
 68
112
 76
 96
 89
102
 93
 94
 76
 60
 93
 82
103
100
 75
116
 99
110
106
 89
 69
 72
 96
 70
 74
 68
 89
 84
 73
110
 67
 60
 87
 91
 75
110
 63
107
100
110
110
 58
 93
 95
 77
 61
 98
 84
 78
117
 50
 85
101
 77
 69
105
 90
 72
 89
 67
 76
 65
 85
 81
 83
112
 94
 87
 67
 75
 74
 79
 80
 81
 91
 99
107
 73
 93
 97
 85
 88
 73
 86
 73
 93
125
 72
 84
 77
 97
102
104
 93
 85
 60
101
 83
 90
114
 91
 95
 94
 80
 80
 79
 79
103
 86
 87
103
 98
 55
104
 93
 89
 79
 91
 75
 72
 70
 97
 74
 82
105
 97
109
 89
 87
 68
108
 83
 93
 78
 98
 76
 83
 90
 96
107
 85
 91
112
 78
105
 75
 96
 92
 96
 78
 87
107
 81
 84
100
 96
 74
 76
104
 81
 94
109
 92
 70
 92
118
 55
 75
104
 84
 90
 68
 68
 89
 96
 64
 66
 81
112
 60
 80
 79
 98
 88
 70
101
 98
 73
 86
 82
 83
 77
107
 62
 87
 76
104
 81
107
 91
 84
 92
 99
 95
103
 96
 73
 88
 84
 85
 76
 57
 69
100
105
 99
 85
110
111
108
 65
 72
 95
 93
 75
 91
118
105
 88
 89
 82
 86
 83
100
 87
 81
102
 83
 79
 99
 90
 83
109
107
 87
 90
 81
 97
 97
 92
 90
 61
 82
 78
 77
 91
 99
 95
109
105
111
 85
 79
104
 88
 79
 83
 98
 94
 95
 87
119
 76
 85
 82
 78
 82
 98
 80
 89
 81
108
 96
 49
 89
116
103
 77
123
100
 80
116
121
 75
 80
 75
101
117
 70
 80
 68
 70
 74
 80
 83
100
 82
126
 84
 85
104
 77
 73
 92
 90
 82
 90
 84
 94
 81
 96
 77
105
 93
 78
106
 89
 96
 83
 88
 89
 80
 80
 91
111
 66
 95
 71
 58
 91
 73
 66
 92
 59
 97
 76
 92
 82
 74
 88
 84
104
 68
 87
 97
124
 83
100
102
 83
118
 91
 95
103
 81
101
 88
 89
 53
103
 92
 72
 91
 92
 84
104
 99
 66
113
 99
 76
 71
 73
 84
 73
110
 76
 86
 82
 97
 58
 89
 85
112
 86
 97
106
100
 89
 62
 95
 96
 92
103
 73
104
 61
 77
 68
 78
 85
103
 86
 84
 68
 96
 94
 91
 80
 90
 74
 85
 71
100
109
 71
 57
 83
 94
 73
 85
108
 78
 87
121
 69
 66
 75
108
 74
 77
 96
 84
110
107
