 79
 72
 67
 81
 70
 62
 54
 72
 86
 86
 60
 61
 71
 61
 92
 64
 85
 84
 91
 66
 92
 78
 80
 88
 79
 69
 70
 62
 68
 73
 90
 78
 56
 59
 73
 78
 89
 88
104
 76
 89
 96
 60
 83
 68
101
 90
 84
 73
 77
 69
 90
 88
 53
 96
 58
 61
 73
 81
 99
 66
 53
 96
 76
101
 81
 95
 61
 71
 80
 61
 77
 71
 81
 84
 86
 74
 62
 87
 71
 62
 95
 88
 68
 59
 78
 74
 73
 73
 75
 80
 76
 51
 87
 91
 71
 74
 63
 72
 93
 82
 90
 93
 96
 81
 72
 66
 72
 63
 77
 57
 91
 63
 75
 71
 68
 79
 70
 92
 76
 86
 81
 68
 66
 90
 87
 66
 76
 77
 84
 80
 69
108
 80
 62
 80
 87
 63
 80
 85
 64
 86
 75
 70
 61
100
 70
 82
 75
 82
107
 80
 57
 75
 81
 74
 86
 77
 72
 88
 66
 75
 57
 78
 85
 67
 71
 85
 89
 87
 77
 69
 66
 97
 65
 67
 56
 92
 67
 74
 56
 61
 65
 48
 83
 66
 50
 99
 96
 63
 63
 73
 75
 83
 84
 76
 78
 59
 61
 73
 74
 91
 79
 88
 64
 78
109
109
 42
 62
 88
 83
 67
 96
 89
 50
 58
 54
 67
 81
 80
 71
 77
 71
 54
 93
 72
 78
 80
 85
 70
 89
 91
 65
 89
 59
 80
 74
 84
 72
 69
 68
 82
 80
 85
 74
 76
 92
 84
 94
 72
 98
 81
 75
 93
 80
 77
 58
 83
 61
 87
 63
 86
 71
 63
 81
 68
 52
 74
 79
 90
 62
 97
 95
 70
 66
 65
 70
 58
 86
 82
 73
 65
 74
 60
 82
 86
 63
 59
 98
 70
 87
 93
 83
 75
 80
 96
105
 86
 80
 53
 92
 68
 74
 86
 93
 94
 75
 91
 76
 68
 85
 61
 83
 70
 82
 77
 74
 53
 73
 65
 67
 78
 93
 89
 88
 59
 82
 65
 72
 80
 77
 74
 76
 87
 63
 84
 81
 81
 78
 71
 86
 88
 95
 86
 79
 61
 59
 83
 85
 96
 82
 72
 66
 81
 81
 89
 73
 87
 90
 78
 77
 80
 55
 77
 89
 91
 92
 71
 91
 74
 81
 54
 58
 92
 76
 73
 68
 53
104
 52
 88
 65
 68
 84
 80
 67
 95
 58
 93
 86
 62
 74
 59
 53
 75
 73
 79
 71
 46
 81
 92
 76
 76
 77
 96
 75
 74
 79
 83
 58
 84
 78
 78
 63
 80
 66
 70
 82
 70
 67
 66
 75
 64
 61
 76
 77
 92
 96
 87
 61
 95
 65
 83
 91
 89
 85
 57
 78
 62
 64
 64
 70
 77
 81
 66
 63
 68
 92
 96
 95
 70
 60
 64
 73
 87
 71
 78
 49
 79
 88
 71
 69
 88
 68
 62
 90
 78
 60
 74
 69
 83
 63
 67
 61
 60
 67
 75
 66
 59
 72
 89
 80
 88
 64
 82
 76
 84
 67
 83
 82
 55
 71
 86
 69
 74
 66
 91
 78
 88
 69
 62
 64
 86
 69
 82
 57
 89
 49
 77
 72
 71
 54
 87
 84
 75
 83
 73
 83
 59
 77
 58
 94
 64
 73
 90
 67
 76
 81
 79
 73
 80
 93
 81
 70
 74
 74
 73
104
 55
 76
 54
 61
 78
 72
 72
 66
 72
 88
 85
 69
 60
 78
 76
 74
 78
 73
 76
 80
 67
 90
 59
 82
 93
 76
 71
 67
 52
 76
 72
 74
 66
 73
 67
 76
 88
 71
 73
 57
 68
 79
 81
 50
 73
 65
 93
 46
 81
 62
 73
 83
 77
 89
 85
 66
 79
 71
 86
 86
 77
 96
 75
 70
 80
 62
 62
 81
 89
 76
 79
 75
 77
102
 57
 80
 56
 88
 68
 84
100
 80
 79
 74
 77
 83
 80
 84
 89
