 67
 65
 70
 68
 59
 54
 55
 50
 51
 75
 54
 68
 81
 53
 61
 53
 72
 82
 55
 70
 71
 63
 63
 58
 75
 66
 61
 59
 71
 73
 59
 42
 48
 63
 70
 69
 62
 43
 75
 63
 66
 75
 63
 79
 65
 86
 49
 92
 65
 52
 66
 55
 70
 75
 66
 67
 66
 71
 79
 69
 64
 81
 68
 72
 61
 67
 59
 72
 69
 62
 51
 70
 77
 74
 57
 60
 59
 57
 67
 63
 61
 79
 79
 57
 54
 63
 58
 60
 52
 71
 42
 57
 52
 71
 55
 78
 64
 76
 55
 67
 63
 58
 78
 68
 78
 50
 72
 74
 71
 63
 47
 53
 82
 63
 76
 75
 73
 85
 60
 56
 64
 63
 51
 41
 59
 61
 41
 83
 65
 87
 38
 63
 45
 74
 72
 55
 52
 66
 62
 77
 53
 48
 68
 68
 81
 39
 69
 65
 63
 50
 70
 54
 60
 68
 61
 60
 47
 70
 71
 80
 58
 65
 63
 65
 69
 68
 56
 72
 61
 51
 70
 74
 60
 55
 58
 71
 59
 60
 81
 69
 62
 75
 58
 59
 67
 71
 71
 63
 49
 54
 74
 73
 72
 87
 62
 42
 65
 75
 68
 45
 49
 71
 87
 76
 71
 71
 59
 61
 64
 69
 72
 70
 61
 52
 64
 65
 55
 60
 56
 69
 71
 50
 57
 68
 80
 67
 52
 53
 68
 51
 51
 53
 82
 37
 67
 61
 83
 81
 82
 52
 80
 56
 56
 62
 72
 72
 56
 80
 60
 64
 84
 76
 69
 54
 62
 56
 64
 67
 70
 58
 61
 61
 58
 60
 65
 76
 61
 64
 75
 87
 64
 55
 78
 70
 68
 69
 43
 57
 63
 71
 48
 67
 55
 39
 57
 74
 83
 64
 51
 66
 51
 62
 82
 57
 71
 45
 73
 57
 77
 63
 86
 66
 81
 69
 75
 39
 75
 79
 67
 67
 47
 64
 62
 87
 82
 58
 57
 58
 48
 48
 55
 66
 48
 69
 70
 65
 74
 70
 68
 65
 82
 92
 63
 48
 49
 63
 85
 43
 61
 51
 61
 73
 56
 57
 82
 47
 58
 64
 66
 56
 45
 67
 73
 55
 50
 59
 66
 65
 52
 57
 62
 66
 58
 76
 73
 88
 56
 68
 60
 71
 56
 69
 59
 66
 63
 61
 79
 54
 78
 68
 51
 64
 41
 70
 54
 61
 91
 60
 67
 64
 51
 55
 80
 52
 53
 54
 64
 58
 74
 67
 72
 40
 58
 65
 68
 75
 66
 73
 76
 61
 68
 67
 72
 58
 66
 59
 68
 67
 65
 70
 70
 81
 50
 71
 60
 67
 49
 42
 54
 57
 62
 59
 63
 55
 52
 78
 63
 53
 58
 58
 70
 67
 57
 75
 78
 64
 83
 58
 68
 77
 52
 64
 75
 54
 73
 68
 58
 80
 68
 62
 58
 84
 73
 56
 75
 44
 55
 52
 60
 70
 81
 67
 51
 57
 66
 62
 36
 66
 75
 72
 71
 62
 48
 59
 56
 77
 62
 66
 59
 79
 48
 60
 57
 47
 64
 57
 83
 73
 59
 55
 55
 69
 66
 55
 86
 49
 64
 61
 66
 58
 83
 66
 66
 70
 45
 81
 63
 87
 51
 52
 69
 53
 66
 75
 43
 64
 62
 77
 70
 60
 62
 65
 63
 62
 53
 65
 69
 85
 76
 72
 45
 49
 63
 62
 48
 59
 42
 78
 63
 74
 60
 57
 56
 63
 61
 65
 87
 68
 86
 61
 79
 69
 49
 75
 68
 57
 84
 76
 79
 79
 70
 55
 58
 76
 76
 45
 68
 56
 54
 67
 74
 53
 61
 54
 73
 63
 60
 75
 42
 78
 61
 46
 64
 67
 67
 69
 59
 51
 72
 63
 63
 58
 72
 60
 60
 70
 73
 71
 60
 56
 68
 75
 70
 49
 65
 82
 77
 49
 43
 70
 71
 66
 87
 66
 87
 74
 62
 66
 73
 66
 63
 59
 53
 44
 75
 73
 74
 87
 64
 70
 56
 54
 75
 59
 83
