8.055952
7.619048
8.337302
7.147619
10.678968
9.703175
6.448413
10.304762
11.531349
5.569048
10.433333
6.601984
8.666667
7.042857
10.144048
9.270635
6.426190
7.891667
9.491667
7.050000
9.063889
7.583333
5.916270
6.009524
7.137698
6.734524
7.713095
11.278571
9.341667
7.120238
10.457143
9.002381
12.050000
7.354762
7.603968
10.290476
6.388889
7.375000
10.266270
8.510714
7.894841
6.744444
7.682143
8.789286
11.336905
10.079762
8.102381
7.843651
9.080952
10.102381
6.821032
8.026587
7.528571
7.523810
11.776190
9.825000
11.684524
9.098413
6.004365
10.708333
9.621032
7.864286
8.340873
8.734921
6.277381
7.925397
9.643651
7.311905
8.341667
7.166667
9.790476
9.185317
10.875397
10.021429
7.684524
8.545238
12.142857
7.740476
6.659524
7.529365
6.161111
7.852381
8.611905
9.351190
10.514286
8.014683
8.920238
6.564286
11.379365
6.903571
11.575000
7.851190
9.317460
8.782143
6.601984
8.517857
9.209524
9.627381
4.447619
6.694444
9.014286
9.804762
8.175794
6.729762
9.689286
8.086508
7.325000
6.761905
9.457143
8.822619
7.471429
10.092857
7.121429
8.575000
10.087698
8.402381
7.246429
10.067460
8.891450
10.396429
6.145238
8.789286
8.766270
9.476190
9.763492
8.944589
6.783117
8.990476
9.805952
10.035714
7.498810
6.745238
6.778571
5.688095
8.813095
9.505952
10.205952
9.524603
12.123016
6.680952
10.306746
9.046825
9.116667
9.520238
11.096429
6.954762
6.043254
9.453175
9.419048
8.697619
7.313889
7.447619
6.638889
8.602381
6.216667
6.239286
7.036905
10.214286
8.353968
8.323016
9.153571
7.490476
7.909524
5.627381
8.978571
6.725397
9.295238
9.596429
8.639286
6.136111
10.736111
6.028571
5.455952
10.266667
7.399206
9.037698
10.091667
6.665476
7.645238
7.116667
11.457540
9.988095
7.351190
7.253968
10.129365
6.865079
6.773413
9.611905
7.853175
9.010714
9.311905
9.607143
10.763095
10.575000
12.332143
8.353571
10.464286
10.119048
6.203175
8.468651
8.604365
13.083333
10.524206
7.488095
7.065476
10.172222
12.953571
10.734524
9.392857
5.885714
8.796429
10.133333
8.810317
11.625397
10.846032
7.554762
6.963095
9.392460
12.173810
8.887698
12.159524
10.121032
6.252381
8.365476
8.927381
8.198810
8.964683
8.104762
10.060714
8.419048
11.689286
8.998810
6.500794
7.538889
8.848413
8.263312
10.820238
8.764286
10.478571
12.821429
4.757143
11.341270
5.996032
5.915873
11.500000
10.823810
8.855159
7.460714
8.846429
9.228571
7.894048
9.491667
8.576190
7.999206
9.827381
10.019372
9.927381
8.254762
7.530952
11.119048
11.040476
7.480952
9.792063
6.791667
6.713095
9.020238
7.350000
7.072222
9.290476
6.034127
9.291667
10.252381
7.913095
9.163095
8.451190
8.441667
7.784524
9.832143
9.591667
10.165476
6.694048
5.871320
6.494444
6.595238
10.808333
7.983333
9.000000
6.608730
6.569841
7.576190
8.744048
7.521825
9.455952
8.591667
9.973810
10.888095
11.207143
9.242857
5.546032
7.590079
6.259524
9.223016
7.980952
6.775000
7.914286
8.531349
8.638889
8.082540
8.195238
10.275794
8.154762
10.133333
7.617857
7.944048
11.383730
8.528571
9.377381
8.759921
6.778175
10.462698
9.933333
9.983333
8.792857
7.387698
6.558333
6.886905
10.213095
6.121825
7.677381
7.614286
13.044048
8.100000
8.550000
9.084524
7.734524
8.010317
10.246429
7.885714
8.342857
8.231349
8.918651
11.645238
8.550397
8.289286
13.194444
7.727381
9.610714
7.975000
10.047619
7.547619
8.851190
10.267857
7.519048
8.529762
9.016667
10.953571
6.609524
6.510173
7.361905
6.407143
6.418651
7.675000
6.750000
8.239286
7.598810
7.678968
6.363492
9.441667
10.628968
7.932143
7.805952
6.845238
7.267460
8.873413
9.283333
8.976190
5.707143
10.098810
9.708333
7.740476
9.314286
8.916667
8.019048
6.527381
9.044048
8.765476
9.608333
6.311905
9.816270
11.109524
9.176190
7.350000
9.600794
10.679762
7.039286
8.992460
9.213889
5.848810
7.969841
7.698016
10.067857
8.600397
8.151190
10.991667
10.448810
9.480952
8.825794
10.102381
9.300000
8.402381
8.621429
6.546032
7.564683
10.279762
10.744444
7.709524
8.058730
10.184921
8.907143
7.753175
9.026190
7.894048
8.265476
15.326190
7.134524
9.395238
14.657143
10.613095
6.723413
8.183333
7.423810
7.643651
9.320238
7.994841
11.185317
12.333333
9.633333
6.248810
8.254762
7.104762
9.315476
8.292749
7.205952
7.723810
8.378571
9.444048
9.029365
6.846429
7.378175
9.353571
8.514683
12.359921
7.565476
13.837302
8.842857
8.531746
9.359921
7.074603
11.049603
7.132684
6.176587
5.982143
7.444048
6.915476
7.942857
10.798016
8.715476
6.260714
8.238095
7.884524
7.344048
8.176587
6.111905
8.642460
10.405556
13.526190
10.475000
9.624603
11.436905
6.958333
7.952381
12.736508
7.055556
8.772619
8.697619
7.842857
5.645238
7.948810
8.547619
6.902381
10.103571
8.522619
8.409524
8.530952
8.842460
8.940476
7.894048
13.769444
11.841667
9.450794
6.714286
9.419048
13.028571
7.682143
8.958333
8.078175
6.794048
9.272619
10.869444
6.805952
9.937302
10.538492
9.388095
10.611111
8.593651
7.764286
13.082143
9.097619
7.796825
8.674206
8.741667
7.459127
8.523810
6.980952
10.073810
8.647619
9.186616
7.945238
10.536905
5.773016
11.446032
9.507937
9.997619
10.069048
9.582143
6.903571
8.745635
8.058333
10.649603
6.195238
7.203571
11.864286
7.113095
9.986905
9.955952
8.121825
8.763492
7.385714
6.385714
8.006746
8.871429
8.720238
7.595238
7.258730
7.597619
10.030952
7.485714
10.976190
7.071032
7.185714
7.678968
6.979762
9.104762
7.119048
8.061905
4.955952
9.325000
7.590476
5.385714
7.156349
5.758333
7.083333
9.905952
7.350794
5.667460
7.954762
9.909524
7.191667
9.746032
8.129365
6.827778
9.965476
6.590476
5.113095
7.434524
5.607540
8.329762
6.707143
10.778571
5.710714
7.010714
11.346032
6.876190
10.083333
8.048413
13.488095
7.489286
7.936508
10.189286
12.081349
6.957143
4.850000
8.251190
7.147619
9.189286
8.640476
7.889683
8.841126
7.205952
5.210714
8.688095
6.334524
9.328175
8.235714
10.759524
6.617857
6.392857
6.241667
9.513492
6.750794
6.216667
7.550000
7.269444
10.671825
10.399206
6.616667
6.964286
8.915873
8.538095
8.330952
9.789683
7.072222
9.935714
7.906746
9.336508
6.844048
6.495238
8.015476
6.797619
9.218254
6.746429
7.690476
7.664286
10.692857
7.189286
5.142857
7.207937
7.563276
15.180952
8.710317
7.138095
12.613095
7.138095
7.359524
12.245635
8.309127
11.330159
6.550144
8.064286
6.051587
9.536905
8.019048
7.413095
8.047619
6.046429
9.233333
8.817857
8.379762
7.426984
7.330159
6.835714
7.276190
7.411508
9.101984
9.267857
6.948810
11.273810
11.064286
8.383333
6.619048
8.688095
6.840476
9.190873
9.487302
6.117063
7.230159
8.197222
6.782143
6.689286
6.563095
11.219048
7.740476
9.722619
12.087302
10.936905
7.393651
6.664286
8.141667
5.686905
7.347619
5.299206
7.852381
5.159127
5.805952
9.871429
8.245238
8.988095
8.405952
8.001190
9.066667
6.948810
8.605952
9.774603
7.016667
9.200397
9.960714
7.182143
11.536508
7.717063
8.869048
10.320238
8.407143
8.593651
11.302381
10.167857
9.260714
9.988095
13.134921
10.930952
10.311905
8.473016
7.490476
8.007143
11.429762
10.775000
8.985714
10.276190
5.765476
9.019841
9.367857
10.870238
6.440476
9.152381
7.467460
6.305952
8.973810
9.684127
8.142857
8.165476
10.730952
5.833333
11.068651
7.128571
10.558730
6.405952
6.314286
8.456746
8.452381
6.194048
8.958333
4.964286
7.705952
6.982143
10.669048
8.579762
5.902381
9.569048
6.275000
7.707143
10.944841
7.558333
9.138095
6.967460
8.591270
10.021429
9.713095
10.239683
8.126190
6.171032
8.307937
7.947619
10.230556
7.810714
6.550000
8.041270
8.329365
7.336905
9.784524
6.058333
8.399892
6.815476
13.618254
6.628571
7.329762
12.464286
8.538095
5.704762
8.769048
6.248810
7.824206
8.360714
7.693651
6.629762
9.467857
7.776984
8.426190
10.089286
11.410714
8.804762
7.432143
12.430952
9.579762
9.279762
5.364286
7.364286
9.583333
6.526587
7.788889
8.276190
5.644048
7.911905
6.092857
7.829365
9.342857
6.862879
9.803571
9.994841
7.544841
8.364286
8.150000
6.286905
12.200397
8.990873
7.255952
6.783730
8.494048
8.186111
9.522619
7.645238
8.845238
5.436905
7.786905
6.066667
10.602381
9.906349
6.861905
8.264286
9.705952
5.594048
9.526190
9.240476
5.879762
7.240476
8.609524
8.707143
8.871429
8.329762
8.753571
9.339286
7.564286
10.584524
8.767857
9.300397
5.198810
9.341270
8.885714
12.011905
6.088095
8.051984
6.887302
11.688095
6.037698
6.710714
8.692965
10.772222
10.009524
8.009921
9.432540
8.322222
6.097619
8.629365
7.078175
7.035714
10.495238
6.579762
10.282684
8.811905
7.657540
7.028968
9.710317
7.303571
7.580159
7.404762
11.221825
7.175000
5.548810
6.413889
6.666667
5.583333
8.411111
8.970238
9.030952
9.154365
6.161905
8.402381
9.775000
6.619048
7.946032
8.563095
11.629365
7.403571
10.429762
4.339286
7.792857
7.317857
10.332540
8.061905
9.513095
6.009524
6.976984
8.226587
8.864286
9.469048
10.923810
6.519841
7.740476
5.200000
9.377381
12.945238
6.126587
10.947619
9.800397
8.759921
9.726190
12.550000
7.389286
6.566667
7.776190
6.642857
11.596429
11.379762
8.792063
8.428571
8.539286
5.047619
8.774603
9.183730
7.740476
7.403571
8.673810
6.322222
8.019048
7.353571
8.241667
6.220635
8.294048
5.476190
13.910714
10.605556
12.976190
7.561905
7.463095
8.227381
7.582143
9.582143
9.765476
12.691667
8.700758
6.987302
8.696429
10.890873
8.469048
10.275000
7.983333
9.075397
4.896429
9.569048
9.769048
8.763095
8.554762
11.016667
8.769048
7.806746
9.948413
9.344048
7.848016
8.382143
8.588095
7.995238
6.773016
11.811905
9.089683
7.176984
9.793651
6.395238
6.309524
7.549206
10.240476
10.701984
5.835714
9.151984
7.565476
8.415079
9.494048
6.807937
8.144048
8.095635
6.897619
7.911111
7.730952
7.165476
7.038095
6.764286
7.822619
8.385714
6.507143
8.286905
12.027778
8.977381
9.925397
8.789286
7.200000
8.997619
11.210714
8.937302
7.292857
5.317857
6.981349
7.392857
8.480159
11.683333
7.542460
10.259524
10.201984
8.369841
9.190873
8.382143
9.220238
8.509524
7.050000
11.167857
8.017857
10.244048
9.463095
6.995238
6.202381
10.090476
9.005952
7.229762
12.038095
8.003571
6.884524
11.097222
8.233333
9.235714
10.204762
7.834127
9.817857
9.984524
7.451984
7.288095
7.996429
10.504762
10.061905
6.766667
8.248810
8.022619
7.674603
8.059127
9.286111
9.475000
11.457143
4.459524
7.010714
8.941667
8.675794
8.826190
6.580952
7.535714
9.297619
10.751587
9.376984
7.390873
6.664286
9.289286
7.321429
7.586905
6.754762
11.222619
7.302381
7.332143
7.343254
7.408333
7.773810
9.511508
10.461905
9.321429
7.387302
7.876190
8.211905
5.974603
7.230159
7.765873
12.820238
8.466667
6.796032
9.976190
8.125000
8.609524
8.794048
5.875794
9.455952
6.758333
9.144048
10.161508
7.955952
7.766667
8.147619
7.520238
9.838095
6.219048
9.541667
12.902778
8.650000
8.321429
5.594048
6.963095
9.521032
8.515476
9.914286
7.793651
10.216667
8.407143
9.284524
10.638095
9.347619
7.707143
9.448413
7.986508
8.992063
5.859524
7.341667
6.719048
6.696825
11.395238
9.795238
10.494048
9.840476
7.877381
12.176587
9.169048
7.765873
9.562698
9.592857
9.058333
7.339286
9.720238
7.502381
7.594841
9.590873
5.586111
5.248810
5.768651
12.595238
9.760714
7.071032
8.613095
10.867857
11.165079
6.267857
8.054762
8.615873
12.566270
7.019444
6.427381
6.644048
8.085714
9.263095
6.807937
9.436905
7.437698
8.552381
9.613095
5.150794
7.921032
11.608333
7.615476
8.990873
8.407937
6.447619
6.754762
7.650000
7.002381
8.796429
9.478571
8.046429
10.548810
8.637698
5.542857
10.229762
7.447619
6.841667
7.660714
8.123810
7.741270
9.038095
9.023016
9.259632
8.475794
9.323810
11.514286
11.286905
9.582143
8.373810
9.571429
8.402381
7.382143
8.167460
11.430952
8.123810
5.072619
9.355159
9.587698
6.165476
10.417857
8.138095
6.542857
8.051190
8.612698
8.111905
5.246429
5.252056
7.035317
5.883333
12.118254
9.039286
7.875000
6.994841
9.757540
9.784524
7.307143
6.832937
10.516667
8.127381
11.314286
9.565476
10.066667
13.663889
9.625000
8.847222
8.832143
7.217857
10.460714
7.611111
6.829762
8.565079
6.885317
11.222619
9.542857
8.125000
6.701587
9.309524
8.196825
7.735714
7.185714
9.640079
9.257143
5.944048
9.551190
9.947619
7.163492
7.580952
7.398413
7.027381
11.086111
10.227381
6.349603
7.942857
7.711905
7.461905
7.753571
9.323016
7.033333
6.734524
9.634127
11.439286
9.326190
10.428571
8.538528
6.775794
8.716667
12.950397
6.900000
6.086111
12.019048
10.529762
5.190873
12.209524
9.903968
9.460714
9.784127
9.588095
7.222619
6.188095
9.794048
8.669444
13.392857
9.386111
9.034524
11.828571
8.128571
9.686905
8.394048
7.350000
6.888095
7.894048
6.940873
8.867063
8.045238
8.465873
12.650000
10.364286
7.104762
9.719048
8.490476
9.979762
10.086508
9.107143
7.067857
6.654365
11.301190
8.022619
9.108333
9.909524
9.529762
6.754365
5.479365
8.777778
9.156746
6.545635
9.948810
10.300000
10.373810
11.184524
10.810317
8.157143
8.137302
10.044841
7.885714
7.958730
7.744841
6.545238
8.602778
8.933333
10.444444
8.420238
6.778175
9.614286
9.664286
10.343651
7.883730
7.463095
8.626190
6.410714
8.284524
6.870238
9.445238
8.538095
9.142857
8.290476
11.303571
10.104762
6.567857
8.320238
11.011508
8.657143
9.051587
10.296032
6.807143
10.200000
10.133333
11.009127
8.886508
6.959524
7.448810
7.278571
10.244048
10.046429
7.496429
7.419048
7.521429
7.760317
8.701190
9.155952
6.361111
7.263095
11.107143
7.500000
6.410714
5.888095
8.909921
6.977381
5.504762
7.854762
7.670635
7.660714
8.591667
7.730952
7.477381
7.525000
7.559524
8.200000
6.605952
10.994048
8.486905
8.838095
9.962698
9.484127
8.340476
7.935714
9.742857
12.675000
6.955952
7.446429
9.165476
7.719048
7.288492
7.892857
6.845238
12.202381
7.072619
6.558333
5.389683
8.748810
6.334524
8.495238
9.436508
7.007540
9.749206
12.821825
12.723810
8.713095
7.023810
6.788095
10.880952
9.422222
9.997619
9.136905
6.815476
10.928571
6.273413
8.208333
8.994841
7.070635
9.179365
8.004762
7.442857
6.705159
6.602381
7.207143
8.625000
12.218651
7.068254
10.112698
9.654762
8.511905
6.511905
8.625397
8.821429
8.941270
10.116667
8.920238
12.690476
11.477381
11.090476
12.749206
8.204762
8.945238
10.441667
11.251190
7.579762
7.529762
8.950397
7.783333
9.439286
7.039683
8.690476
9.834524
7.879762
7.947619
9.441270
9.596429
8.866667
9.241270
7.848810
8.397619
13.939286
8.865476
7.517857
5.667857
8.705556
8.151190
7.107143
10.735714
5.761905
8.113095
10.983333
8.036905
7.655952
7.648810
7.338095
8.873810
7.972619
9.721429
7.671032
7.745238
5.913095
11.760317
5.415476
6.618254
9.402381
9.607540
10.177381
12.028571
9.553968
10.514286
9.069048
5.607143
9.208333
9.514286
11.735714
10.047619
8.771825
11.753571
10.652381
7.658333
8.891667
11.573810
6.904762
7.920238
7.714683
8.763095
8.073810
9.788889
9.329762
7.246429
8.214286
7.104762
8.713095
9.139286
8.713095
8.748810
6.428571
7.322619
8.108333
8.706349
6.578175
9.622619
8.114286
8.628030
7.863095
8.047619
9.036905
6.784127
8.451190
9.198413
12.275000
7.219048
6.700000
8.626984
9.059524
10.785714
8.217857
9.464286
11.207143
7.494048
9.313095
6.523810
6.634524
10.253571
7.758333
8.815079
9.735714
9.165476
8.784524
5.668254
7.859524
9.271429
6.152381
10.142857
8.215079
8.808333
7.496429
8.897619
8.152381
9.854762
11.258730
6.735714
7.925794
6.867460
7.044048
6.498810
9.216667
12.586111
7.313095
9.036905
6.216270
12.278571
7.744048
6.786905
8.182143
8.988889
7.085714
8.251587
7.438095
7.195238
12.375000
6.957143
10.421825
5.015476
6.967208
9.057143
9.238095
9.503571
7.661905
8.690476
7.132143
8.789286
7.969048
9.050000
8.623016
8.508333
7.421429
8.829762
8.173810
7.597619
6.129762
11.363492
8.218651
8.800794
9.917857
6.832143
8.170238
8.060714
9.878968
10.914286
10.117460
5.986111
9.972619
9.177381
6.391667
7.273810
11.035714
7.927381
10.836905
