8.788095
12.027381
8.152381
10.550000
12.965476
10.963095
9.463095
10.839286
7.387698
9.570238
6.020238
9.775000
10.536905
9.203968
11.555952
11.250397
12.516667
10.276190
7.423016
8.256746
13.725000
10.309957
12.048016
10.244048
9.520238
11.597619
10.632540
9.426190
7.304762
12.628571
9.640873
7.544048
7.687698
8.958333
14.607143
11.250000
7.830159
10.305952
8.984524
8.786905
10.307143
11.118651
9.834524
8.123413
11.257540
15.996429
8.312698
10.713095
7.930952
8.254762
8.057143
8.551190
9.055952
9.614286
10.504762
6.654762
11.004365
13.863095
9.139683
12.004762
9.571429
8.883333
11.131746
12.157937
9.282143
9.951587
12.292460
9.198810
8.716270
9.550000
10.306746
8.523810
8.527381
12.150000
10.047222
10.257937
9.035714
12.551190
12.446429
9.772619
10.831349
11.160714
8.264286
10.515476
8.349603
12.473016
10.820238
8.555159
11.063095
9.100397
9.452381
14.871032
15.685714
11.100397
8.955556
9.803968
13.308730
11.529762
8.354762
7.796825
11.628968
7.567857
11.336905
9.959524
10.447222
11.735317
8.926190
15.622619
9.866270
9.481746
6.973810
7.613095
11.032937
8.267460
10.903571
12.579365
9.308730
8.414286
12.051984
9.425000
7.694841
10.009524
10.054762
10.639286
10.359921
10.233730
11.038095
6.396825
7.582540
8.384524
9.589286
5.651984
9.473413
10.805159
10.975794
8.974206
8.920238
10.410714
9.630952
8.985317
7.468651
9.330159
8.021429
13.125794
6.922619
10.879762
6.069048
10.249206
8.588095
11.489286
11.385317
11.505952
9.603571
7.126984
6.794444
10.489286
11.372222
8.513492
9.769048
9.846825
8.897619
13.739286
8.141270
9.245238
11.269048
11.728571
9.622619
10.902381
13.406349
10.141667
8.685714
11.092460
12.516667
9.355556
9.448810
12.139683
8.343651
10.160714
10.704365
10.880159
11.192857
7.300397
11.400397
12.723810
8.187302
11.421032
9.558730
9.048016
8.548810
9.069841
13.744444
8.300000
8.933333
8.900397
6.821429
13.377381
12.226587
5.854762
10.122222
9.378571
14.503968
6.915873
10.650000
12.399603
12.022619
8.223413
8.791667
13.200000
10.297619
12.079762
13.278571
11.029365
11.489286
13.163889
8.089322
11.120238
6.859921
9.013095
8.448810
7.461905
9.635317
7.313889
9.813095
10.066270
10.869048
10.227381
9.803968
8.870238
12.108333
7.788492
11.861508
9.936508
7.453571
12.288889
7.489683
7.403571
10.592857
10.026190
11.468254
9.112698
9.926587
8.192063
8.345238
8.145238
9.104365
7.894048
8.963095
8.880556
9.722619
10.983333
7.573810
11.983333
9.827381
11.269841
13.808333
10.219048
11.178968
10.503571
11.177778
10.709921
11.170238
7.952381
11.353571
9.599603
7.778571
9.825000
9.195238
11.251190
9.505952
9.348810
9.907143
9.930952
9.059921
10.569048
10.135714
8.591667
9.796429
11.755952
8.386905
9.089683
9.288492
9.821429
13.780159
9.547619
10.394841
8.973810
12.046429
12.616270
9.029762
8.065476
9.128571
7.302778
8.961905
9.524206
7.119048
6.870238
5.588095
10.576587
12.803571
9.814286
11.102381
6.963095
13.110714
12.223016
6.085714
10.207143
9.676587
6.028680
12.012698
9.935714
6.451190
10.132143
12.119048
12.022619
10.075794
9.228571
8.390476
8.101190
8.847619
14.424206
10.659524
9.007540
8.505159
15.271429
11.352381
11.843254
11.097619
10.513095
10.135317
10.440476
8.855952
10.564286
10.375000
11.797619
9.640873
8.567857
12.177381
11.576190
9.240873
9.839286
13.779365
9.132143
8.711905
9.996429
11.861111
10.717460
9.748016
8.829762
10.489286
12.373413
7.433333
10.830952
10.369444
10.055159
15.114286
6.977381
8.859524
9.343651
11.090873
12.853968
11.800397
8.470635
10.890079
8.034921
8.286905
12.675794
10.878571
8.127381
12.773413
9.369841
8.888492
9.992857
10.744048
8.258333
9.776587
6.036905
10.370635
13.019841
7.434524
11.424603
12.491270
13.251190
10.409127
14.086508
10.390476
10.941270
10.118651
9.818254
9.001587
9.382540
9.786905
7.785714
6.320238
15.545238
7.029762
10.328571
13.426984
12.572222
10.295238
9.374603
9.063095
11.897619
11.407143
10.203571
10.618254
12.202381
10.757143
9.099206
9.090476
8.938095
11.267857
9.481746
9.878571
9.570238
9.564683
8.959127
10.598810
10.690476
11.181746
9.741667
9.754762
7.901190
7.221032
11.277778
7.411905
7.404365
10.167857
9.470238
14.823413
10.484921
10.503968
9.575000
9.133730
10.694048
10.966667
11.648016
12.535714
7.415873
11.567460
13.210317
13.959921
10.519444
12.040476
8.238095
9.283333
9.871429
7.222619
6.697222
11.161905
12.548810
8.219048
9.526587
12.287698
11.592857
8.892857
9.867857
12.283333
14.979762
7.850000
10.051984
11.129762
12.007540
9.515476
7.072619
15.554365
15.092857
10.388095
11.713095
8.217460
10.929113
8.730952
10.217460
9.818254
8.539286
10.334524
12.165873
10.206746
7.748810
11.801190
9.433333
6.396429
12.682540
12.123413
11.873593
10.748413
7.229762
9.049603
7.837302
8.685714
7.877778
13.100397
12.905159
10.528175
11.623810
12.011111
9.684524
8.472619
8.928968
9.749603
8.618254
7.079762
9.955952
8.520238
12.375794
8.907143
6.610714
10.042063
9.375397
11.005159
9.768651
7.190476
8.836905
10.661905
10.232143
7.217460
8.749206
7.991667
7.379762
8.165476
10.841667
10.204762
11.900000
10.360714
9.236905
11.214286
9.967857
10.132143
8.511905
9.546825
10.787698
8.097619
7.781746
7.192857
11.739286
8.120635
12.188095
6.296825
11.470635
10.634921
10.123810
9.758730
13.202381
9.252381
10.485317
9.524206
10.579762
9.996032
8.277381
11.729762
9.696429
10.585714
6.665476
9.403571
12.171429
11.542063
8.702381
10.880952
8.622619
8.528571
9.536905
10.035714
9.616667
10.986905
10.421825
8.744769
8.019048
9.591270
12.530159
14.259524
9.761508
10.909524
13.346825
10.442857
9.648810
7.974603
9.842460
9.073810
12.345635
10.236508
7.259524
10.952381
10.375000
10.983730
8.891667
7.137698
9.371429
11.284524
5.996429
9.167857
10.134524
8.651190
8.400000
10.645635
8.650397
7.196861
8.162698
13.139683
7.038095
5.682540
8.545238
9.211508
9.731746
11.223810
12.727778
8.086905
9.694048
10.358333
7.868254
13.235714
11.950794
13.965873
8.586111
12.315476
11.461111
10.166667
12.707540
8.778968
7.438095
8.715476
7.438095
13.257540
11.974206
10.392857
9.407143
10.777381
8.390476
12.014683
12.740476
10.282143
14.049206
7.904762
8.319048
11.167857
9.200000
10.352381
8.935317
10.871429
12.365873
11.024206
7.488492
7.428571
8.003968
12.203571
10.242063
11.128968
8.088095
7.686508
11.740079
6.992857
7.190079
8.703175
7.933730
10.060714
11.109127
7.283333
10.645238
12.895238
7.769048
9.905952
7.698810
11.377381
11.957143
10.267857
10.505159
12.688095
8.158333
12.451587
7.060714
10.135317
8.774603
10.811905
10.752381
8.901190
18.064286
12.139286
13.650397
12.697222
13.092063
12.307143
6.299206
10.758730
9.967857
9.496429
9.656746
8.800794
10.085137
10.366667
9.878571
12.007937
11.412698
8.683333
10.453571
12.466667
12.946429
10.422222
10.594444
6.315873
7.664683
8.714286
9.498810
9.429365
8.880159
6.565079
7.871825
11.655952
9.814286
12.288492
11.174603
12.862302
10.430159
7.469444
11.572619
10.293254
10.263889
12.237698
12.044841
10.175000
10.783730
12.024459
9.501190
9.652020
9.737698
13.982540
6.782143
8.015476
11.317857
12.673810
11.144048
9.556746
13.748810
12.306746
10.521825
8.855556
9.728571
9.978571
11.053571
10.734524
6.696429
9.394048
8.616667
11.333333
9.633730
8.713492
9.273810
9.724603
8.178968
9.963095
8.465909
12.386905
11.723810
8.050397
13.222222
13.583333
12.228968
8.269444
8.241667
6.541270
8.142857
12.785317
10.478571
7.303571
13.921429
10.329365
9.118651
9.536905
11.845238
8.158333
9.208730
8.165476
14.491667
7.559127
11.207540
9.544048
9.773810
8.557143
8.523810
12.790476
9.116775
10.225000
11.020238
10.546429
14.921429
7.663492
12.183730
9.913889
7.787698
8.639286
11.812302
10.229762
10.171032
10.275000
7.705772
9.293651
10.635714
8.500397
7.664286
13.676335
9.303571
8.748413
12.395238
12.455952
9.235714
10.014683
9.821032
9.180952
11.317063
10.301190
11.367857
11.460714
11.782540
9.864683
8.859524
9.929365
10.982540
11.325397
10.094841
11.678175
10.042460
9.782143
10.082143
9.439286
7.713889
11.972619
7.108333
9.600000
9.623016
8.713889
8.717857
15.392063
9.444841
12.514683
9.735317
11.953968
11.078968
