8.303968
5.185714
6.835714
8.298413
6.649603
5.978968
5.544048
7.408730
6.747619
6.920238
8.982143
5.151587
9.214286
7.646429
5.945238
7.471429
6.633333
8.740476
7.535317
6.409524
6.451190
8.176984
9.056349
6.171825
7.577381
8.549603
5.717208
6.479762
6.438095
4.894048
5.588095
7.515476
8.139286
7.510714
6.598810
6.713889
5.707937
5.504762
7.468651
5.953571
9.094841
6.653571
7.894048
7.335714
7.896032
6.847619
5.219048
6.675000
9.764683
7.923413
6.098810
9.409524
8.016270
7.419048
7.048810
8.246429
7.217063
6.555952
7.943651
7.266667
5.193254
8.328175
6.203571
9.858730
7.559127
6.298016
6.986111
8.092063
7.214286
6.675000
6.907143
7.789827
6.880159
5.814286
9.314286
9.317063
6.373810
6.394444
8.838889
8.323810
7.138889
8.469048
8.913095
7.504762
9.810714
9.176190
8.140476
8.934921
6.838095
6.907540
7.461508
6.296429
5.881349
4.917857
9.107143
5.477381
6.283333
5.272619
8.677778
5.026190
7.438889
7.963095
4.142063
5.625000
6.127778
5.252381
6.201587
7.119444
9.364683
6.333333
4.741270
5.571429
9.932143
7.121429
7.196429
9.791270
6.205952
8.979762
8.647619
6.411905
6.567857
6.770238
7.392857
7.159921
7.816667
6.050000
8.965079
7.944048
4.142857
6.264286
6.076190
7.300000
6.561905
5.883333
9.957143
9.942857
7.980159
7.328571
6.501587
6.209524
9.737698
8.016667
7.078571
7.389286
8.134524
6.679762
7.238095
6.740909
6.377381
3.963095
8.921825
5.746429
7.914286
6.798016
10.921429
8.145238
7.777778
7.181746
6.368254
7.273810
5.864322
9.329762
5.898810
6.511905
7.747619
5.464286
4.790079
5.364286
6.091667
6.977381
8.761111
7.090476
7.226984
4.771032
7.073413
7.338492
5.793651
7.634524
8.096032
10.083730
6.035714
7.584921
8.042857
6.663095
9.804762
5.928175
8.738889
7.538889
7.054437
8.375000
9.571429
9.504762
6.477381
6.866667
8.623016
10.652778
8.670238
6.659127
6.643254
5.649206
7.711905
4.946429
9.936580
7.652381
7.242063
9.397619
5.470238
7.255159
7.802381
6.537302
7.214683
8.657143
4.907143
3.928571
8.782937
9.749603
6.726190
10.683333
7.465079
8.945238
8.233333
7.456349
4.787302
8.111905
6.390873
5.249603
8.219841
10.448810
7.424603
6.254762
6.629762
8.407937
7.255952
7.397619
8.800397
5.480952
6.585714
8.228175
8.857143
11.470635
6.682937
9.490476
11.200000
8.340476
6.823016
7.670238
7.657143
10.203571
7.869048
7.001190
9.654762
7.203968
7.698810
5.621825
6.148810
7.109921
6.494444
9.096825
7.998810
7.743254
7.688889
7.323810
6.338600
5.669048
10.346429
5.385714
6.889286
7.703571
7.953571
9.315476
4.498016
5.301190
7.486905
10.121429
7.357937
6.895238
6.112302
5.885714
9.317857
5.655952
8.990079
6.908333
6.690476
7.093254
5.841667
10.804762
6.890476
7.767063
9.128571
9.079762
9.570635
4.998810
8.930952
4.866270
5.701407
7.479365
7.409524
7.925794
8.317857
9.919048
7.596825
6.303571
4.118651
10.573810
6.548810
10.051190
8.917460
5.734127
8.446429
10.507540
7.858333
8.114286
9.245635
6.676263
10.367460
8.417063
5.015476
8.417857
9.560714
8.789286
8.496429
7.456746
9.917063
6.467460
6.326587
6.523810
8.082143
8.145238
7.192857
10.046429
7.217460
7.772619
8.170238
9.491270
7.989683
7.769264
5.468254
8.577381
8.073016
9.004762
5.375397
7.625794
5.572222
7.026190
6.602381
10.871429
8.988492
7.321429
5.104365
5.136508
5.384524
6.721429
7.447619
7.398810
9.257143
5.746032
6.998810
7.987302
6.685714
11.547619
7.998810
4.428571
7.311905
6.866667
6.125000
6.939286
7.955556
9.121825
8.110714
8.553571
7.826984
8.790873
8.809921
6.333333
7.705952
4.130952
8.114286
5.728175
8.725794
7.048810
6.638492
6.509127
4.327381
6.660714
5.964286
9.048016
6.296032
8.997619
8.628968
9.396429
9.243254
7.398413
7.883333
10.513492
9.027778
8.895635
5.083333
4.460317
7.850000
6.520238
6.146429
5.128571
6.201190
10.173413
8.501190
9.411905
6.122619
8.628571
5.282143
4.888095
6.123810
8.226190
5.791667
8.443651
5.828571
5.120238
5.329762
5.630952
7.964683
7.713095
6.658333
6.559524
5.908730
6.929365
10.791667
7.688095
8.730952
10.520238
8.141667
6.401984
8.916270
6.162302
5.436508
8.279365
11.795635
5.576984
5.908333
6.882937
10.634921
5.694444
10.433333
5.126190
5.607143
7.517063
5.797006
6.641270
10.997222
6.444841
6.339286
6.683333
8.425397
4.408333
6.774603
6.880159
6.697619
5.832937
7.018651
7.948016
7.608730
5.038492
6.997619
7.518254
6.142460
6.660317
6.247619
5.108333
6.630952
4.284524
7.174206
10.224206
5.912698
5.958730
7.271429
7.745238
6.064286
5.853175
5.312302
9.171032
8.651984
10.938889
6.129762
6.873810
8.228175
5.905952
7.979762
6.050794
5.837302
12.380159
7.405952
5.025000
4.254762
6.299603
7.024206
9.200000
7.083333
8.225397
9.203571
8.649206
6.311905
7.597619
7.323810
7.286905
8.584524
6.115873
7.276587
7.703968
6.252381
10.155952
6.407540
6.102381
8.723413
4.922619
9.165476
7.989286
6.575794
5.813095
7.590079
4.620238
9.333333
5.193651
7.667857
8.353968
8.848413
8.984127
6.910317
4.590079
6.797619
10.098810
