46.135714
50.382143
49.402381
42.244048
49.617857
50.804762
49.242857
46.566667
43.963095
47.884524
47.621429
45.807143
45.391667
46.960714
48.757143
46.917857
47.053571
46.442857
47.003571
49.861905
48.335714
45.833333
50.594048
47.639286
49.122619
42.220238
52.245238
47.741667
50.669048
47.189286
45.416667
46.161905
45.247619
51.373810
45.244048
51.092857
47.772619
46.059524
51.208333
46.789286
45.676190
47.060714
52.509524
43.314286
45.497619
46.576190
49.835714
43.384524
51.284524
42.909524
50.885714
45.876190
44.989286
50.847619
50.698810
49.192857
46.038095
45.557143
45.015476
51.100000
48.326190
48.204762
45.189286
50.309524
52.302381
47.392857
46.458333
47.119048
47.728571
45.034524
48.420238
45.009524
45.845238
48.391667
45.865476
45.215476
42.714286
47.760714
49.683333
46.315476
52.280952
47.088095
44.070238
44.702381
45.457937
51.090476
50.154762
49.100000
45.814286
49.500000
49.134524
48.671429
48.984524
45.583333
47.294048
45.126190
45.527381
51.563095
49.638095
48.205952
49.722619
44.360714
47.200000
52.347619
43.086905
50.598810
46.583333
50.202381
49.745238
48.541667
50.350000
50.686905
47.976190
46.775000
49.928571
47.641667
48.026190
47.801190
51.070238
47.216667
46.650000
48.561905
47.261905
44.942857
46.544048
46.617857
44.797619
49.190476
45.089286
46.195238
50.533333
48.672619
46.536905
46.428571
48.053571
45.700000
47.794048
52.551190
46.814286
48.314286
49.263095
50.576190
49.575000
47.889286
50.885714
48.242857
50.914286
48.938095
46.076190
47.967857
46.742857
47.690476
52.475000
48.415476
46.903571
47.016667
52.441667
47.914286
50.367857
46.657143
45.042857
49.341667
46.861905
50.544048
44.586905
52.476190
47.192857
49.542857
45.742857
47.938095
48.451190
45.867857
53.285714
47.292857
50.611905
48.078571
45.478571
50.045238
50.134921
47.120238
50.350000
45.808333
50.152381
45.890476
45.550000
47.466667
47.654762
45.867857
48.572619
46.171429
43.977381
47.645238
47.400000
47.720635
47.840476
50.871429
47.686905
48.560714
47.184524
46.747619
48.690476
50.146429
47.180952
45.161905
46.871429
48.008333
46.702381
46.513095
46.333333
53.195238
48.746429
44.046429
47.992857
47.623810
45.607143
47.359524
53.471429
51.066667
49.798810
48.771429
46.295238
48.319048
48.467857
47.058333
51.073810
46.942857
44.450794
46.445238
45.166667
41.616667
42.646429
48.004762
49.590476
46.811905
50.692857
49.366667
46.553571
45.778571
43.547619
43.092857
47.920238
44.583333
43.766667
45.057143
46.990476
45.337698
49.347619
52.451984
49.116667
46.535714
49.271429
48.438095
52.304762
46.085714
50.004762
45.732143
47.804762
46.382143
48.859524
47.014286
46.909524
48.844048
44.790476
48.528571
49.133333
48.635714
47.102381
46.380952
49.883333
44.284524
42.580952
44.469048
45.170238
43.692857
42.595238
49.510714
49.089286
47.914286
49.323810
48.759524
47.321429
47.315476
47.169048
46.204762
45.959524
52.026190
48.102381
44.852381
46.976190
44.990476
50.988095
49.842857
43.605952
48.316667
50.046429
39.300000
49.441667
43.473810
50.977778
49.671429
45.916667
44.638095
45.745238
46.704762
48.580952
49.954762
48.157143
47.442857
51.797619
47.608333
50.569048
50.479762
45.402381
45.433333
49.222619
50.771429
48.457143
44.914286
45.692857
51.945238
46.394048
44.922619
46.477381
44.083333
46.076190
52.567857
46.561905
44.780952
47.904762
46.010714
49.423810
50.594048
50.570238
47.876190
42.205952
45.809524
48.595238
46.803571
46.209921
51.989286
44.205952
47.614286
47.670238
48.646429
44.669048
47.620238
49.700000
46.659524
49.854762
51.136905
48.635714
46.167857
46.022619
48.100000
47.533333
52.240476
45.258333
48.476190
48.253571
44.138095
52.597619
49.952381
48.494048
48.066667
43.933333
43.909524
52.108333
44.569048
49.838095
48.913095
44.295238
49.085714
49.989286
44.270238
51.933333
51.742857
49.476190
47.414286
48.392857
48.128571
45.447619
48.134524
48.347619
47.833333
48.491667
45.809524
48.915476
53.980952
47.064286
49.504762
45.141667
47.966667
48.266667
49.514286
47.561905
45.083333
43.515476
43.544048
49.228571
45.338095
45.408333
47.447619
44.920238
50.365476
47.961905
47.336905
47.066667
47.905952
46.623810
47.695238
46.119048
47.079762
50.904762
46.314286
46.909524
47.272619
49.419048
45.603571
46.954762
44.921429
49.826190
49.788095
44.822619
48.333333
48.085714
45.596429
44.684524
50.550000
50.938095
48.571429
49.492857
43.661905
46.402381
49.785714
45.017857
49.348810
49.155952
51.620238
44.995238
46.938095
45.160714
48.373810
46.070238
47.963095
50.410714
46.717857
47.505952
45.963095
45.772619
49.676190
45.626190
47.332143
49.829762
46.567857
46.138095
48.428571
47.983333
51.835714
49.890476
49.420238
48.576190
43.966667
47.242857
52.109524
46.901190
43.926190
50.276190
47.273810
47.500000
45.054762
45.457143
49.734524
51.725000
45.826190
45.250794
46.807143
48.173810
44.411905
51.257143
45.492857
49.152381
48.620238
48.619048
46.066667
47.768254
48.272619
45.269048
50.897619
46.280952
51.015476
50.382143
43.780159
48.571429
45.560714
48.997619
49.564683
47.671429
47.186905
43.614286
48.675000
46.716667
48.130952
48.798810
47.171429
46.247619
46.651190
50.619048
47.809524
49.907143
46.086905
46.185714
50.645238
44.688889
49.417857
48.283333
48.188095
48.164286
47.739286
47.578571
50.505952
47.147619
46.352381
47.932143
44.126190
47.585714
47.183333
47.045238
45.870238
43.785714
46.630952
50.613095
52.995238
51.142857
44.052381
50.711905
52.580952
48.124206
43.680952
48.969048
45.229762
47.678571
46.529762
47.290476
45.278968
49.272619
49.577381
49.676190
46.351190
48.176190
46.239286
51.292857
52.442857
47.621429
47.405952
46.825000
46.589286
50.723810
47.438095
49.180952
48.629762
46.545238
49.121825
47.545238
47.842857
47.945635
47.078571
48.417857
48.521429
47.382143
47.394048
47.936905
47.480952
49.830952
43.845635
46.276190
47.213095
46.044048
45.471429
45.554762
52.302381
45.042857
47.264286
45.683333
45.879762
48.650000
50.240476
42.971429
44.991667
48.469048
49.150000
46.290476
46.959524
44.766667
51.988095
47.242857
48.440476
48.627381
48.310714
46.466667
48.480952
47.928571
49.819048
46.004762
46.222619
49.686905
45.538095
48.048810
50.250000
48.671429
45.295238
49.720238
46.600000
47.632143
43.480952
50.528571
45.614286
45.738095
46.078571
52.461905
47.005952
50.042857
46.550794
49.609524
48.134524
47.713095
48.880952
47.913095
49.952381
47.547619
49.404762
51.542857
46.903571
53.565476
53.175000
45.909524
48.558333
51.009524
44.397619
47.038095
50.509524
46.446032
45.173810
45.422222
42.246429
46.833333
46.332143
44.999603
44.003571
45.769048
50.611905
49.790476
44.852381
46.128571
48.502381
51.630952
47.969048
46.114286
53.252381
47.558333
45.577381
48.161905
47.288095
43.990476
44.376190
41.866667
45.566667
46.994048
46.942857
45.873810
45.221429
45.450000
47.542857
46.478571
48.138095
50.442857
52.485714
44.327381
49.660714
45.285714
48.030952
47.957143
48.571429
50.477381
45.289286
49.491667
48.661905
45.776190
47.890476
47.795238
46.070238
49.810714
48.820238
43.965476
44.120238
48.155952
46.934524
50.338095
46.676190
49.071429
47.076190
49.270238
48.984524
45.951190
49.247619
48.316667
50.000000
47.158333
49.935714
50.273810
52.590476
49.720238
42.889286
47.880952
43.902381
45.814286
50.725000
47.163095
49.540476
45.464286
45.566667
48.371429
41.127381
48.471429
50.520238
47.370238
48.600000
47.980952
48.827381
48.192857
51.066667
48.644048
48.227381
54.270238
45.548810
45.438095
45.653571
44.808333
48.389286
49.016667
44.938095
47.619048
47.963095
48.233333
48.180952
45.583333
51.327381
51.871429
52.338095
45.429762
46.729762
44.747619
47.228571
47.008333
47.528571
49.485714
47.328571
45.884524
48.136905
46.004762
41.038095
45.402381
45.950000
48.198810
46.558333
53.542857
48.738095
52.402381
49.661905
45.894048
47.191667
48.250000
47.859524
49.515476
47.785714
45.759524
43.895238
45.329762
47.452381
48.158333
48.404762
48.420238
52.588095
46.729762
49.746429
47.826190
50.711905
49.839286
46.338095
47.070238
48.125000
46.364286
45.065476
44.920238
47.026190
49.875000
47.165476
51.792857
51.066667
49.278571
50.498810
46.741667
48.054762
46.800000
48.735714
51.858333
47.659524
44.905952
46.207143
48.271429
44.435714
47.611905
47.897619
49.765476
43.557143
48.061905
53.070238
47.204762
47.798810
47.838095
49.154762
50.347619
46.366667
44.207143
48.255952
48.483333
46.223810
47.098810
49.266667
48.123810
40.254762
47.611905
45.366667
44.860714
51.359524
48.079762
46.714286
48.928571
48.945238
48.435714
53.933333
51.715476
48.398810
47.571429
44.701190
49.754762
46.891667
45.869048
46.214683
43.644048
50.092857
50.227381
44.611905
46.863095
45.868651
52.426190
48.038095
45.832143
47.466667
43.916667
46.452381
44.660714
48.246429
50.767857
49.823810
45.905952
45.870238
51.172619
46.080952
48.178571
45.286905
52.771429
46.628571
48.129762
44.971429
51.014286
46.846429
45.807143
47.814286
45.585714
48.423810
48.125000
48.771429
45.708333
51.895238
44.671429
46.471429
47.178571
46.395238
43.166667
46.001190
49.422619
46.973810
49.433333
46.678571
47.313095
50.839286
46.963095
50.219048
44.083333
44.996429
47.289286
48.147619
46.422619
48.105952
49.277381
46.196429
42.045238
52.894048
44.760714
52.815476
45.771429
49.742857
50.507143
46.638095
45.605952
46.717857
48.092857
47.547619
49.711905
49.592857
47.082143
46.588095
45.436905
44.855952
48.453571
47.471429
45.929762
47.614286
48.541667
46.014286
49.539286
51.823810
45.651190
47.119048
48.523810
52.085714
48.276190
44.550000
47.771429
44.150000
49.617857
43.679762
49.719048
49.747619
45.700794
48.094048
44.561905
45.177381
45.550000
47.816667
45.011905
51.613095
45.833333
45.091667
47.082143
50.526190
52.054762
52.221429
50.472619
50.465476
46.933333
48.209524
48.388095
49.183333
49.726190
42.038095
48.727381
47.341667
47.040476
48.789286
49.990476
48.748810
47.470238
48.879762
48.178571
46.838095
44.585714
47.087302
49.998810
46.947619
49.438095
49.409524
45.341667
49.720238
45.085714
45.370238
43.652381
46.204762
48.630952
46.116667
44.892857
47.732143
51.138095
50.478571
45.416667
46.419048
48.500000
42.897619
51.204762
45.591667
49.390476
46.738095
43.339286
51.559524
47.645238
52.876190
47.411905
46.961905
45.864286
50.925000
45.952381
48.475000
48.164286
45.536905
48.815476
47.436905
49.417857
45.950000
49.113095
49.532143
44.089286
48.782143
50.938095
45.623810
44.914286
49.439286
47.010714
46.607143
48.711905
49.967857
45.338095
47.411905
48.216667
47.653571
47.104762
50.258333
48.925397
47.223810
49.686905
43.804762
46.888095
47.245238
46.723810
46.665476
45.846429
48.429762
46.147619
49.261905
44.482143
52.909524
48.005952
47.321429
46.779762
47.801190
48.891667
47.597619
45.879762
51.114286
47.913095
50.646429
49.316667
46.942857
50.926190
41.817857
48.633333
49.971429
49.322619
51.489286
51.028571
43.948810
51.985714
48.695238
47.634524
45.735714
49.779762
49.700000
46.477381
44.900000
48.086905
43.780952
45.075000
50.680952
47.378571
47.030952
42.122619
46.241667
50.577381
50.355952
44.352381
45.107143
46.611905
45.752381
47.991667
48.200000
50.008333
48.352381
49.152381
47.785714
49.790476
50.847619
48.622619
51.528571
47.786905
51.547619
47.602381
48.461905
44.486905
43.239286
45.257143
48.690476
43.983333
46.748810
49.692857
46.489286
50.557143
48.695238
50.192857
46.509524
51.796429
48.557143
51.228571
45.889286
44.792857
46.925000
50.847619
50.652381
51.010714
48.896429
48.921825
51.109524
43.211905
46.578571
44.771429
48.088095
47.953571
50.109524
46.388095
46.085714
49.280952
47.405952
49.119048
49.654762
47.427381
46.282143
44.838095
53.819048
45.111905
54.066667
44.961905
45.366667
45.665476
46.914286
46.619048
45.400000
40.285714
44.884524
47.648810
45.930159
47.826190
46.033333
47.366667
46.211905
52.221429
45.269048
43.466667
51.944048
45.900000
46.246429
45.309524
48.476190
51.852381
46.319048
42.813095
46.470238
42.523810
52.361905
43.271429
50.698810
47.836905
45.452381
47.608333
47.476190
46.067857
49.545238
44.657143
49.383333
47.908333
46.539286
50.230952
48.857143
46.235714
47.130952
48.515476
48.751190
49.961905
51.623810
43.685714
48.765476
45.644048
46.469048
48.608333
45.860714
47.398810
47.319048
44.909524
50.423810
47.795238
45.775000
50.722619
45.197619
47.620238
45.578571
50.742857
46.434524
48.447619
48.471429
48.229762
49.435714
46.084524
49.220238
47.555952
48.090476
44.576190
43.088095
47.952381
46.569048
48.520238
44.919048
47.735714
52.458333
45.629762
49.360714
47.489286
49.563095
47.045238
47.385714
44.935317
48.894048
46.919048
45.722619
48.380952
47.805952
53.391667
47.883333
48.734524
45.376190
46.089286
46.394048
50.240476
48.321429
50.003571
46.336905
43.502381
52.166667
51.708333
50.271429
45.963095
47.352381
46.111905
44.546429
44.204762
54.177381
51.261111
45.766667
48.851190
45.079762
46.209524
48.890476
48.609524
46.621429
45.025000
49.369048
48.819048
46.833333
50.442857
51.980952
48.246429
47.042857
49.742857
47.642857
53.157143
44.442857
46.580952
49.939286
45.991667
46.639286
49.900000
45.182143
47.176190
48.416667
43.890476
49.585714
46.522619
46.165476
48.180952
46.652381
46.426190
52.195238
40.896429
47.051190
45.910714
51.598810
50.890476
47.402381
49.461905
49.667857
49.197619
50.853571
44.380952
47.405952
46.846429
46.266667
47.269048
50.276190
49.208333
47.086905
50.627381
45.558333
48.072619
47.785714
44.259524
48.097619
47.764286
45.590476
43.064286
46.205952
50.238095
47.919048
46.817460
42.552381
49.714286
50.100000
49.315476
47.048810
45.380952
49.647619
48.711905
42.659524
50.214286
46.484524
47.564286
49.528571
48.870238
43.103571
51.285714
47.059921
51.001190
47.557143
49.505952
48.373810
50.225000
42.075000
46.778571
43.490476
45.391667
46.351190
50.616667
45.029762
52.250000
42.963095
45.766667
49.094048
47.813095
45.044048
47.928571
46.805952
46.435714
49.311905
43.922619
45.810714
45.414286
47.033333
46.909524
50.719048
47.303571
48.804762
43.792857
49.238095
47.979762
45.730952
40.800000
46.021429
43.071429
49.444048
44.894048
49.825397
43.116667
50.520238
50.000000
45.082143
45.128571
45.327381
46.407143
46.789286
47.822619
48.528571
48.876190
48.700000
49.619048
42.941667
49.467857
44.138095
50.209524
45.678571
45.111905
50.021429
47.173810
43.307143
47.361905
44.223810
48.757143
45.447619
46.042857
49.215476
50.030952
44.550000
47.547619
48.320238
40.380952
50.892857
41.690476
46.532143
48.419048
46.569048
47.264286
45.958333
49.855952
47.016667
42.825000
49.383333
48.419048
46.461905
46.076190
52.509524
50.370238
46.357143
45.090476
49.119048
49.423810
52.300000
44.369048
44.485714
48.857143
52.173810
44.316667
44.535714
47.703571
48.266667
45.951190
50.000000
46.592857
46.125000
48.816667
49.547619
49.298810
50.207143
49.917857
45.160714
47.821429
48.471429
49.389286
49.286905
47.708333
47.469048
47.952381
47.371429
49.732143
52.259127
45.170238
54.314286
46.614286
49.695238
49.680952
47.461905
46.742857
42.073810
44.185714
51.398413
49.125000
50.533333
52.276190
45.408333
46.510714
48.166667
46.180952
47.897619
46.373810
49.161905
47.344048
49.721429
45.359524
42.090476
51.376190
47.644048
51.766667
46.625000
51.109524
51.639286
46.914286
47.444048
50.160714
48.790476
51.345238
46.465476
49.597619
45.888095
48.063095
44.357143
45.892857
46.084524
50.146429
48.371429
49.797619
49.471429
45.861905
51.173810
52.439286
47.679762
46.330952
42.942857
42.440476
44.929762
45.300000
45.644048
49.742857
50.758333
49.241667
50.603571
50.100000
49.896429
48.617857
48.620238
44.710714
46.457143
48.066667
40.252381
48.698810
42.952381
52.400000
46.625000
47.166667
50.507143
51.342857
46.641667
46.555952
48.311905
45.080952
47.626190
45.369048
49.309524
47.233333
43.621429
47.970238
49.957143
50.314286
48.923810
45.169048
46.647619
47.804762
47.439286
46.419048
48.964286
48.697619
44.758333
48.883333
48.041667
48.636905
47.021429
48.455952
47.698810
48.714286
49.285714
50.440476
47.555952
44.891667
48.326190
47.259524
52.190476
52.178571
48.530952
48.161905
46.997619
44.683333
50.619048
46.511905
46.525000
48.397619
48.695238
48.928571
50.179762
46.883333
44.766667
51.869048
48.061905
52.063095
53.022619
51.383333
44.746429
47.147619
46.632143
51.976190
47.961508
49.719048
48.083333
46.244048
47.561905
48.519048
46.926190
51.196429
52.366667
47.666667
47.526190
44.444048
49.585714
47.523810
48.285714
45.995238
49.647619
46.020238
47.457143
47.571429
47.908333
49.879762
49.310714
48.334524
45.620238
49.135714
42.894048
51.522619
47.389286
42.779762
50.712698
42.439286
51.108333
48.380952
48.573810
46.783333
46.355952
46.702381
46.147619
49.382143
47.785714
50.585714
43.791667
45.573810
45.285714
47.266667
46.414286
52.398810
48.271429
48.750000
48.965476
46.263095
47.930952
45.164286
44.103571
46.315476
48.309524
49.395238
45.982143
47.440476
51.625000
48.344048
46.971429
51.328571
43.947619
47.680952
50.060714
49.734524
42.983333
46.297619
47.394048
48.421429
44.434524
49.309524
48.257143
48.780952
44.271429
47.323810
49.097619
50.626190
46.161905
47.404762
45.492857
47.936905
48.447619
46.670238
46.003571
44.484524
45.335714
44.507143
44.911905
46.021429
49.272619
47.435714
48.814286
46.830952
48.400000
50.767857
51.015476
48.444048
44.790476
46.569048
49.242857
45.717857
47.735714
47.785714
42.102381
47.761905
47.197619
51.222619
48.595238
43.392857
50.166667
46.488095
47.228571
49.147619
47.648810
48.329762
50.585714
46.014286
48.747619
47.261905
47.946429
44.223810
48.053571
49.573810
52.073810
49.579762
43.796429
49.007143
50.023810
45.742857
48.080952
44.480952
46.685714
46.900000
49.336905
45.100000
44.727381
49.857143
52.401190
42.508333
50.252381
47.029762
47.952381
47.373810
45.935714
47.428571
46.180952
46.788095
48.400000
45.238095
44.750000
44.622619
48.134524
50.314286
46.335714
49.038095
47.607143
49.066667
48.838095
49.321429
46.942857
45.790476
51.254762
42.259524
44.455952
46.903571
44.372619
44.665079
48.166667
47.076190
48.300000
48.595238
45.850000
47.061905
53.052381
43.461905
45.695238
47.566667
43.782143
47.552381
43.880952
50.873810
43.880556
47.355952
49.278571
46.688095
49.272619
41.595238
48.830952
46.619048
48.338095
45.300000
45.009524
49.513095
45.966667
49.275000
50.953571
46.009524
49.376190
43.798810
46.775000
46.439286
47.566667
45.085714
49.160714
48.094048
46.191667
48.866667
47.205952
48.352381
51.447619
46.638095
44.795238
45.465476
46.980952
47.341667
48.933333
48.471429
49.866667
48.484524
50.809524
48.895238
50.638095
48.627381
50.520238
49.785714
47.175000
48.622619
48.814286
48.973810
48.182143
43.416667
44.940476
50.200000
45.980952
48.244048
46.851190
48.684524
47.784524
45.091667
54.448810
44.976190
51.647619
47.847619
49.641667
49.978571
45.157143
44.733333
47.435714
45.207143
53.023810
46.050000
46.650000
50.532143
48.725000
49.719048
46.561905
49.285714
47.465476
46.880952
47.128571
44.339286
47.364286
46.153571
49.046429
49.240476
47.270238
50.298413
48.098810
47.913095
51.619048
49.142857
45.614286
47.667857
46.783333
44.228571
46.880952
50.404762
52.619048
48.921429
43.813095
46.621429
47.723810
48.104762
51.907143
49.170238
49.892857
45.745238
45.816667
48.745238
50.047619
51.840476
45.216667
48.630952
52.242857
47.801190
47.000000
44.419048
46.052381
46.198810
48.579762
47.021429
49.490476
50.125000
47.784524
47.566667
43.848810
47.763095
50.126190
48.857143
46.700000
49.532143
46.586905
48.709524
46.078571
45.695238
47.760714
44.929762
50.373810
51.809524
49.326190
45.354762
46.289286
48.769048
50.785714
52.964286
47.844048
47.558333
46.104762
48.828571
47.784524
44.747619
48.449206
51.465476
47.026190
46.073810
48.732143
48.595238
43.807143
48.057143
44.697619
46.466667
48.600000
51.602381
46.533333
44.415476
48.121429
48.678571
50.003571
48.389286
45.447619
45.680952
43.195238
50.747619
50.309524
45.214286
47.486905
48.498810
47.716667
45.796429
47.716667
48.257143
48.345238
44.866667
49.360714
47.715476
50.716667
41.704762
52.942857
51.985714
48.533333
52.773810
49.570238
46.484524
47.002381
44.736905
48.144048
48.457143
44.598810
48.620238
45.965476
45.457143
51.164286
48.557143
46.466667
49.339286
45.238095
45.491667
44.742857
47.986905
47.300000
47.133333
47.240476
47.554762
49.232143
45.989286
48.207143
46.804762
45.286905
50.646429
47.220238
47.251190
48.245238
48.320238
48.800000
51.085714
44.379762
46.454762
47.360714
43.595238
44.701190
49.919048
46.227381
47.148810
48.746429
47.917857
45.785714
50.504762
46.338095
49.480952
48.532143
45.595238
48.295238
44.334127
47.964286
47.919048
45.159524
48.023810
45.669048
52.976190
47.630952
49.097619
49.705952
46.823810
47.707143
47.167857
43.241667
45.723810
50.910714
47.090476
50.885714
51.559524
46.615476
46.003571
48.639286
53.761905
45.506746
52.866667
51.185714
47.166667
47.597619
47.521429
49.325000
48.357143
48.234524
47.390476
46.582143
48.244048
44.330952
46.553571
52.298810
51.264286
46.365476
50.105952
48.488095
49.046429
49.509524
46.680952
47.453571
47.757143
47.870238
49.985714
48.315476
44.788095
48.010714
49.522619
48.392857
48.135714
43.180952
43.757143
47.257143
47.598810
49.334524
48.966667
51.671429
48.560714
45.047619
44.342857
42.659524
51.814286
48.809524
45.055952
48.869048
44.446429
49.800000
48.009524
42.528571
45.928571
48.508333
44.757143
46.940476
46.876190
48.940476
46.771429
51.714286
46.090476
47.827381
50.651190
44.015476
45.709524
53.857143
45.132143
52.746429
48.659524
50.513095
48.069048
45.071429
46.307143
48.404762
46.227381
51.114286
51.205952
49.492857
49.395238
48.320238
46.438095
49.827381
48.595238
43.346429
51.580952
51.791667
45.127381
48.197619
47.919048
49.135714
50.485714
50.500000
44.576190
47.077381
51.414286
50.728571
48.827381
50.176190
51.642857
49.500000
45.325000
45.757143
45.872619
47.496429
46.917857
48.083333
52.153571
45.866667
48.508333
48.525000
45.017857
50.452381
49.400000
48.826190
48.578571
48.151190
45.333333
50.223810
47.023810
44.414286
46.921429
48.026190
47.960714
49.530952
44.230952
49.636905
48.384524
45.971429
49.780952
45.880952
46.928571
49.120238
49.533333
48.391667
46.752381
50.503571
45.526190
49.415476
49.070238
44.973810
51.272619
44.514286
47.366667
44.790476
45.342857
48.291667
46.185714
47.147619
44.926190
46.925000
48.428571
44.373810
49.217857
49.069048
46.404762
49.220238
46.323810
46.483333
47.780952
46.323810
51.466667
52.165476
43.422619
45.917857
43.982143
46.146429
49.522619
45.960714
50.010714
46.490476
48.470238
49.875000
51.123810
50.497619
47.575000
44.873810
46.658333
46.219048
50.279762
45.213095
50.473810
46.344048
45.684524
47.104762
46.586905
45.416667
50.396429
47.370238
43.911905
45.780952
43.661905
48.430952
45.755952
45.914286
49.826190
51.169048
44.984524
45.585714
49.475000
47.286905
52.721429
52.669048
48.015476
45.066667
50.955952
46.864286
49.771429
49.861905
48.068651
49.342857
43.539286
49.928571
44.002381
47.923810
46.879762
43.365476
46.075000
47.438095
49.077381
50.392857
49.994048
45.378571
50.585714
48.366667
45.409524
48.876190
45.951190
37.428571
44.859524
49.379762
47.453571
45.719048
46.905952
47.560714
48.533333
48.461905
48.592857
48.941667
45.755952
49.776190
50.490476
49.209524
50.840476
45.914286
46.702381
51.861905
49.584524
51.332143
50.578571
45.274603
51.721429
49.684524
48.433333
45.829762
46.083333
43.866667
48.961905
44.973810
43.947619
44.580952
48.888095
46.572619
47.842857
49.442857
50.842857
47.996429
48.933333
45.433333
47.566667
48.059524
51.051190
52.097619
45.454762
45.961905
46.054762
50.509524
49.923810
48.770238
50.801190
50.057143
45.777381
46.948810
46.894048
45.063095
48.316667
46.754762
48.361905
52.113095
49.420635
47.703571
47.015476
48.221429
45.076190
47.471429
46.940476
47.245238
50.480952
46.209524
51.309524
49.009524
44.992857
41.958730
47.747619
44.720238
44.889286
50.327381
50.066667
49.683333
50.821429
45.773810
46.390476
49.552381
52.264286
45.933333
50.694048
44.563095
47.282143
46.195238
46.298810
47.066667
48.958333
47.979762
49.328571
45.483333
44.238095
49.438095
46.900000
51.198810
51.152381
48.601190
46.992857
49.985714
47.995238
49.500000
46.890476
45.269048
48.890476
51.067857
49.265476
46.116667
48.758333
49.690476
50.036905
48.640476
48.130952
47.119048
47.928571
49.769048
46.269048
51.417857
48.777381
49.009524
44.745238
46.707143
46.665476
46.114286
46.590476
44.276190
45.371429
52.095238
49.480952
49.101190
49.175000
47.885714
47.338095
45.605952
45.942857
49.928571
49.863095
49.388095
49.478571
47.780952
45.934524
46.627381
46.594048
44.279762
48.061905
52.735714
51.623810
44.105952
50.898810
46.476190
49.471429
46.310714
46.942857
47.338095
50.052381
47.698810
46.380952
45.619048
42.640476
46.652381
47.844048
44.042857
48.652381
46.361905
50.803571
48.294048
43.916667
47.053571
44.229762
46.970238
43.392857
43.238095
51.458333
44.580952
45.923810
46.738095
47.903571
49.888095
50.150000
49.989286
45.532143
49.011905
48.416667
48.342857
46.114286
50.721429
45.657143
46.709524
45.003571
44.097619
45.315476
49.120238
50.932143
51.228571
50.580952
45.873810
44.004762
45.408333
50.861905
47.680952
48.440476
47.695238
47.646429
50.908333
46.190476
48.954762
49.361905
47.711905
47.259524
48.479762
47.771429
46.930952
49.385317
46.166667
43.797619
47.366667
46.547619
45.985714
49.919048
50.514286
46.585714
45.297619
46.323810
49.338095
48.447619
46.151190
48.130952
47.690476
46.657143
50.065476
48.809524
44.798810
49.679762
45.464286
44.673810
47.985714
47.923810
50.582143
52.484524
49.228571
45.058333
46.561905
45.586905
49.938095
47.188095
51.075000
50.390476
46.136905
44.242857
44.983333
47.695238
46.608333
48.951190
45.626190
45.700000
48.621429
46.296429
43.019048
47.827381
47.566667
50.064286
47.847619
47.290476
46.457143
48.694444
46.878571
47.096429
46.586905
51.890476
47.934524
46.914286
50.628571
47.075000
48.942857
47.704762
51.290476
47.953571
45.746429
46.188095
43.810714
46.541667
49.395238
47.005952
45.929762
46.241667
47.835714
49.273810
46.130952
48.203571
45.628571
44.138095
46.445238
52.836905
38.886905
49.514286
51.567857
48.876190
46.157143
47.855952
44.547619
45.360714
45.780952
48.414286
48.676190
45.291667
47.852381
45.482143
44.204365
48.644048
49.089286
47.160714
48.528571
50.738095
45.138095
46.426190
51.384524
45.342857
45.223810
50.992857
45.850000
47.694048
48.719048
44.128571
49.633333
46.245238
46.516667
47.064286
43.826190
52.001190
48.135714
46.375000
46.339683
47.776190
48.333333
47.775000
46.314286
47.104762
48.170238
45.054762
48.190476
48.623810
50.722619
43.564286
44.008333
47.794048
43.934524
48.048810
48.061905
48.523810
46.909524
49.617857
52.642857
49.238095
49.372619
48.517857
48.006349
47.452381
44.852381
46.640476
45.403571
48.261905
48.564286
47.600000
45.995238
45.466667
48.230952
51.015476
48.604762
48.766667
49.788095
46.539286
48.211905
49.880952
45.557143
47.732143
49.129762
47.759524
47.451190
51.514286
51.569048
49.204762
42.804762
48.039286
45.647619
49.258333
45.185714
49.279762
49.729762
43.804762
48.690476
48.370238
46.166667
45.577381
45.938095
49.547619
48.823810
46.021429
48.103571
42.377381
45.815476
49.055952
46.301190
45.914286
48.378571
42.857143
49.290476
46.728571
46.132143
50.923810
51.090476
47.926190
46.650000
44.119048
46.911905
44.415476
50.661905
45.355952
48.700000
39.315079
46.027381
50.875000
49.647619
44.788095
49.357143
44.523810
45.004762
46.742857
48.508333
46.755952
51.371429
45.688095
44.184524
49.452381
49.783333
46.884524
48.680952
48.317857
43.819048
43.590476
46.495238
45.163095
49.159524
47.753571
47.942857
51.454762
52.060714
49.266667
48.726984
46.077381
47.597619
46.498810
44.180952
43.878571
48.035714
48.509524
46.327381
47.004762
46.602381
47.113095
45.990476
44.595238
44.861905
47.632143
47.610714
48.657143
50.198810
45.165476
46.541667
45.533333
47.307143
47.545238
50.721429
49.746429
49.134524
47.266667
48.160714
49.751190
46.959524
46.652381
41.596429
47.823810
46.479762
48.933333
47.128571
44.294048
44.300000
49.807143
44.664286
48.384524
50.388095
46.473810
45.071429
41.473810
44.842857
48.223810
52.052381
45.372619
48.366667
46.946429
50.194048
50.172619
51.116667
47.785714
51.079762
47.226190
46.833333
46.385714
50.869048
46.917857
48.663095
46.171429
47.078571
49.036905
49.129762
53.404762
50.500000
52.752381
42.985714
51.233333
49.441667
48.783333
47.935714
48.730952
46.180952
46.092857
51.364286
50.100000
50.104762
49.238095
46.071429
47.147619
46.491667
47.840476
45.516667
45.494048
52.405952
47.611905
50.919048
46.571429
50.936905
45.457143
48.404762
47.652381
44.639286
49.586905
45.671429
45.604762
47.223810
47.329762
52.155952
49.609524
43.130952
50.144048
42.913095
50.810714
51.038095
51.544048
49.647619
51.219048
49.115476
45.671429
47.579762
48.423810
48.853571
52.161905
46.833333
45.766667
45.086905
45.284524
44.085714
46.196429
46.042857
46.182143
52.023810
45.416667
43.921429
47.404762
43.558333
46.708333
49.647619
46.039286
47.291667
48.954762
48.415476
47.833333
48.504762
50.573810
51.142857
45.005952
48.490476
46.800000
45.619048
47.217857
41.522619
50.171429
49.126190
47.833333
45.321429
50.416667
44.969048
49.623810
49.088095
45.997619
50.836905
45.828571
47.030952
44.997619
48.347619
47.673016
46.965476
46.321429
47.042857
49.966667
49.117460
53.826190
49.191667
49.076190
44.053175
45.197619
47.180952
45.754762
49.269048
49.080952
45.478571
50.117857
44.120238
48.257143
47.548810
49.660714
53.435714
49.576190
47.204762
43.091667
44.352381
47.485714
46.535714
46.994048
45.883333
45.961905
49.814286
52.333333
51.452381
48.294048
49.294048
43.569048
47.817857
48.683333
45.740476
45.353571
47.584524
48.971429
44.939286
47.048810
46.695238
45.409524
49.173810
46.611905
43.342857
46.504762
46.193254
46.879762
46.651190
45.491667
49.997619
49.279762
44.954762
49.678571
44.860714
48.327381
44.100000
46.276190
45.147619
49.780952
44.809524
50.276190
45.223810
48.795238
46.975000
45.923810
45.911905
46.816270
42.915476
44.777381
48.733333
46.896429
49.988095
45.438095
48.190476
48.361905
44.647619
53.090476
49.532143
49.096429
46.965476
44.289286
46.792857
49.821429
52.461905
44.471429
49.985714
46.163095
51.250000
49.214286
47.505952
48.794048
47.672619
47.595238
49.091667
46.572619
47.738095
46.105952
46.653571
50.445238
43.429762
44.869048
50.733333
44.950000
45.134524
49.238095
47.688095
48.507143
46.752381
48.609524
45.991667
47.397619
48.700000
48.211905
51.221429
52.207143
45.697619
49.642857
47.026190
49.011905
48.240476
47.921429
43.761905
48.901190
48.333333
46.557143
48.571429
47.211905
48.282143
49.028571
46.882143
48.841667
43.291667
52.751190
52.904762
46.245238
47.595238
49.664286
50.590476
52.542857
47.054762
44.933333
49.457143
48.448810
44.100000
43.357143
43.908333
48.005556
52.435714
47.719048
53.097619
50.680952
52.897619
47.771429
51.795238
49.246429
50.689286
48.273810
47.345238
49.505952
48.808333
43.883333
49.092857
49.133333
48.046429
44.319048
51.228571
50.538095
51.988095
49.877381
50.067857
48.990476
43.202381
48.730952
49.535714
42.271429
47.429762
46.184524
46.207937
50.779762
48.620238
46.319048
44.367857
49.392857
51.947619
45.635714
51.728571
47.245238
46.153571
50.329762
46.871429
47.429762
51.047619
49.089286
49.400000
46.051190
47.373810
43.491667
50.376190
49.826190
49.276190
49.240476
46.194048
46.415476
50.107143
45.869048
48.590476
48.192857
48.950000
42.378571
44.814286
45.013095
47.021429
45.000000
45.333333
47.923810
47.757143
48.700000
48.626190
42.203571
51.532143
46.086905
53.352381
47.000000
45.500000
44.760714
47.547619
44.575000
49.057143
47.304762
45.972619
51.317857
49.991667
50.817857
43.076190
43.764286
48.682143
48.259524
45.805952
44.750000
46.861905
47.575000
44.342857
47.365476
47.651190
45.994048
48.986905
46.098810
44.815476
50.947619
53.007143
41.210714
45.884524
44.754762
50.409524
43.669048
46.710714
47.658333
50.523810
49.284524
47.613095
48.284524
47.240476
48.600000
49.376190
44.951190
49.102381
46.527381
46.094048
46.052381
46.257143
47.609524
45.935714
50.126190
49.886905
47.342857
48.138095
50.383333
47.647619
45.390476
46.380952
50.647619
49.486905
48.365476
47.658333
45.388095
48.790476
48.159524
49.900000
47.785714
47.571429
48.095238
47.600000
47.398810
47.640476
50.602381
45.804762
46.065476
47.366667
48.130952
50.361905
50.242857
51.110714
51.258333
45.135714
49.533333
53.409524
50.246429
51.861905
45.895238
50.038095
45.480952
45.252381
47.738095
48.138095
47.353571
52.182143
47.519048
48.116667
50.244048
51.571429
48.030952
45.177381
44.292857
49.777381
48.535714
50.819048
47.957143
52.229762
47.350000
50.302381
44.142857
43.678571
46.885714
48.194048
51.867857
52.003571
48.145635
50.261905
49.342857
47.719048
44.825000
48.704762
49.260714
47.586905
48.639286
50.271429
49.516667
46.533333
47.880952
48.825000
50.517857
44.270238
48.780952
50.319048
47.300000
48.019048
48.284524
51.427381
44.910714
44.469048
50.488095
47.267857
50.751190
50.415476
49.423810
46.036905
47.041667
47.966667
43.640476
48.670238
48.242857
48.164286
50.148810
51.341667
45.005952
44.507143
46.072619
49.976984
48.115476
49.698810
48.109524
48.752381
47.151190
49.480952
48.261508
49.904762
45.297619
43.924206
49.422619
48.101190
51.641667
48.335714
45.059524
49.479762
48.804762
46.845238
47.169048
48.790476
44.530952
47.582143
45.280952
50.911905
47.242857
46.730952
46.192857
47.611905
47.676190
44.675000
51.554762
48.158333
48.340476
47.204762
44.600000
49.876190
45.709524
46.623810
43.354762
50.513095
48.642857
51.064286
42.551190
51.492857
51.448810
49.419048
47.161905
43.328571
52.261905
51.303571
52.704762
54.264286
48.195238
45.050000
46.346429
49.244048
48.036905
46.326190
51.095238
48.484524
46.789286
48.276190
47.654762
49.942857
48.268254
47.379762
48.967857
44.515476
46.123810
46.695238
46.407143
46.507143
45.603571
48.009524
44.680952
45.835714
43.459524
47.959524
51.463095
45.863095
48.159921
45.340476
48.357143
50.761905
49.266667
50.210714
48.826190
47.692857
49.129762
50.473810
47.519048
44.661905
49.540476
48.163095
50.623810
50.752381
49.719048
51.544048
49.373810
46.747619
45.311905
49.329762
46.895238
45.689683
47.219048
49.807143
51.826190
51.966667
42.771429
47.363095
42.532143
48.064286
49.504762
47.623810
48.590476
47.375000
50.590476
49.532143
45.898810
48.159524
46.109524
47.161905
46.473810
50.252381
46.427381
48.259524
46.387302
45.722619
44.266667
47.033333
46.548810
49.328571
49.397619
47.125000
43.565476
46.978571
52.657143
45.554762
46.077381
46.190476
49.955952
48.082143
45.064286
47.095238
47.528571
46.626190
45.052381
47.594048
42.084524
51.971429
47.866667
46.102381
44.995238
47.385714
43.063095
52.394048
42.396429
51.185714
51.471429
50.042857
46.736905
46.179762
47.310714
51.697619
46.072619
53.429762
49.369048
49.266667
46.092857
42.816667
46.944048
49.252381
47.598016
50.126190
49.733333
47.380952
49.503571
50.223810
44.130952
46.713095
43.977381
47.709524
48.827381
52.710714
45.230952
50.541270
47.496429
48.188095
49.066667
50.055952
50.380952
49.559524
53.500000
46.163889
50.778571
47.276190
47.479762
44.259524
47.247619
47.864286
43.770238
48.563095
48.529762
52.253571
45.353571
50.311905
47.465476
48.842857
50.546429
46.798413
48.714286
50.064286
51.038095
48.352381
48.115079
49.855952
47.678571
47.642857
48.183333
49.366667
52.097619
44.123810
47.815476
46.441667
48.044048
46.983333
50.578571
49.541667
50.191667
47.476190
47.622619
43.609524
44.489286
45.526190
48.220238
44.411905
49.176190
50.251190
47.119048
48.704762
46.323810
48.134524
49.169048
42.520238
48.786111
45.225000
45.584524
48.872619
43.586905
47.342857
51.541667
49.633333
44.007143
50.076190
45.863095
44.757143
52.871429
44.858333
49.536905
47.819048
48.190476
48.998810
46.167857
50.817857
46.830952
47.623810
44.130159
46.703571
47.217857
51.471429
47.794444
47.919048
45.347619
45.692857
50.763095
47.570238
47.621429
48.794048
44.790476
46.664286
45.700000
44.078968
51.566667
47.333333
45.678571
46.544048
46.677381
44.523810
45.019048
51.688095
47.288095
45.642857
49.026190
43.653175
47.602381
44.750000
44.757143
49.454762
46.652381
46.728571
50.985714
46.457143
49.879762
45.022619
47.442857
44.261905
48.354762
46.600397
43.742857
48.052381
48.488095
51.447619
48.014286
53.185714
45.604762
47.142857
51.298810
49.730952
48.032143
46.180952
45.258333
46.936905
45.858333
50.185714
46.678571
48.964286
47.865476
46.250000
54.514286
46.505952
45.938095
47.079762
45.938095
49.204762
47.609524
43.938095
45.416270
46.489286
47.742857
43.276190
51.148810
43.722619
43.530952
48.347619
42.959524
45.161905
47.928571
49.580952
43.909524
52.295238
45.083333
46.985714
47.898810
45.685714
46.627381
49.457143
41.985714
48.867857
47.385714
48.353571
46.505952
50.328571
46.638095
41.864286
47.566667
46.519841
47.427381
47.798810
47.055952
43.515476
47.095238
48.659524
52.728571
49.304762
45.675000
50.798810
51.019048
46.052381
48.660714
48.723810
46.744048
46.821429
48.623810
52.370238
48.361905
47.238095
49.223810
47.669444
49.273810
42.752381
45.832143
47.380952
49.184524
47.505952
45.145238
48.414286
48.914286
48.921429
50.147619
49.700000
48.188095
46.361905
44.359524
46.971429
45.773810
46.209524
47.311905
44.688095
47.661905
47.000397
49.509524
49.846429
47.789286
48.014286
48.627381
46.864286
46.759524
47.472619
45.677381
45.739286
48.840476
50.361905
50.959524
48.664286
48.507143
53.666667
48.561905
47.082143
49.212698
50.436905
52.130952
48.504762
47.309524
47.267857
47.492857
47.927381
49.583333
47.602381
46.619048
48.634524
46.797619
47.561905
46.982143
49.690476
49.685714
48.669048
49.261905
49.464286
48.309524
50.708333
45.361905
47.240476
47.202381
44.377381
49.888095
43.486905
47.766667
48.080952
49.838095
44.886905
46.088095
48.216667
47.647619
47.017857
48.823810
47.466667
45.416667
46.732143
47.232143
47.804762
48.222619
48.011905
48.101190
48.761905
47.764286
45.813095
50.111905
48.898810
48.188095
41.280952
50.071429
45.625000
52.723810
45.010317
48.895238
50.145238
49.371429
47.405952
48.040476
43.541667
48.778571
44.417857
51.804762
49.139286
46.155952
44.635714
52.251190
46.308333
48.778571
47.394048
49.092857
48.890476
45.716667
48.134127
48.533333
48.109524
46.609524
49.447619
44.554762
45.559524
47.647619
47.109524
50.577381
49.189286
49.271429
48.216667
50.001190
46.341667
49.950000
46.052381
44.997619
52.291667
47.552381
49.086905
47.266667
50.344048
45.038095
46.150000
48.641667
44.988095
49.185714
50.428571
53.370238
46.903175
50.747619
51.504762
51.084524
47.946429
48.152381
46.204762
46.527381
44.109524
45.817857
48.238095
50.428571
45.717857
47.414286
45.711905
47.877381
47.938095
46.820238
49.452381
52.002381
50.880952
50.997619
47.454762
47.442857
44.910714
46.109524
48.762302
47.085714
43.333333
51.494444
47.585714
46.946429
45.609524
46.885714
45.102381
41.335714
49.269048
48.723810
48.413095
47.797619
46.580952
42.303571
46.519048
51.864286
45.626190
49.823810
47.534524
49.990476
48.690476
44.020238
45.194048
47.469048
47.614286
50.429762
46.750000
47.069048
52.223016
47.446429
49.935714
46.671429
41.138095
48.208333
45.966667
50.901190
49.788095
44.114286
50.752381
47.300000
50.445238
47.051190
50.252381
43.426190
46.773810
50.378571
45.534524
48.126190
48.338095
46.411905
46.197619
44.746429
49.933333
49.514286
46.628571
49.511905
46.850000
43.480952
45.085714
49.920238
48.942857
47.738095
47.092857
49.500000
49.851190
45.998810
46.686905
47.911905
50.108333
48.223810
48.346429
48.386905
48.817857
50.642857
50.257143
49.482143
45.888889
49.525000
49.528571
46.933333
47.552381
46.619048
46.564683
47.967857
49.419048
51.200000
44.183333
49.797619
49.551190
51.052381
47.485714
45.765476
50.189286
44.644048
46.397619
49.247619
47.933333
47.892857
47.921429
50.490476
52.323810
50.763095
49.350000
49.876190
44.727381
42.916667
48.729762
48.221429
46.752381
46.384524
46.684524
49.659524
45.355952
44.792857
42.159524
49.634524
46.754762
47.676190
47.566667
45.928571
48.351190
45.203571
46.205952
47.566667
46.013095
46.476190
50.315476
46.278571
51.083333
47.500000
51.061905
44.427381
48.394048
46.722619
48.400000
53.963095
45.933333
49.182143
48.702381
50.343254
49.941667
48.629762
51.900000
46.157143
48.905952
45.508333
50.219048
45.928571
49.709524
45.404762
48.778571
46.314286
43.476190
50.203571
52.371429
49.057143
45.285714
51.238095
49.775000
51.233333
51.279762
45.809524
47.184524
50.657143
47.084524
48.911905
47.508333
47.034524
51.016667
48.035714
48.476190
47.630952
51.226190
47.344048
44.914286
49.028571
46.114286
49.114286
48.757143
48.504762
48.822619
48.953571
41.080952
49.220238
51.261905
46.972619
43.469048
48.490476
49.163095
46.114286
46.534524
43.663095
53.244048
49.609524
46.735714
48.654762
45.319048
46.186905
49.352381
47.683333
46.121429
46.336905
49.647619
48.963095
49.738095
47.716667
51.305952
49.752381
46.095238
48.036905
46.876190
47.916667
46.919048
49.188095
45.690476
51.470238
48.295238
47.271429
49.096032
51.600000
48.382143
44.220238
43.877381
48.290476
45.161905
45.208333
43.748810
45.560714
49.841667
48.376190
44.675000
48.578571
47.557143
51.289286
43.195238
48.444048
50.071429
47.745238
48.525000
42.479762
47.140476
52.538095
48.123810
50.322619
45.252381
43.976190
45.072619
46.854762
50.900000
45.604762
45.070238
46.940476
46.010714
47.463095
50.894444
48.147619
48.850000
44.533333
45.694048
47.186905
47.452381
46.852381
48.646429
44.266667
46.417857
45.325000
43.085714
45.767857
48.835714
43.701190
45.514286
49.476190
48.519048
48.784524
44.341667
46.633333
47.563095
43.213095
43.239286
43.178571
45.510714
52.786905
51.933333
45.635714
48.010714
42.278571
48.336111
45.882143
47.780952
43.113095
46.916667
48.479762
50.557143
47.588095
48.504762
52.315476
48.682143
50.317857
46.802381
48.489286
44.696429
41.682143
48.529762
49.240476
45.352381
48.683333
51.008333
45.845238
49.790476
49.053571
50.380952
48.038095
48.064286
46.913095
46.505952
45.339286
45.480952
46.588095
47.308333
48.966667
49.190476
43.923810
46.985714
46.219048
50.157540
50.159524
44.770238
48.602381
45.613095
50.585714
50.273810
49.821429
48.003571
48.514286
45.548810
45.517857
46.933333
47.626190
50.688095
47.190476
45.914286
43.172619
43.294048
46.001190
46.245238
51.617857
46.689286
49.672619
48.314286
48.671429
43.528571
49.738095
42.421429
48.447619
44.728571
46.504762
44.972619
49.027381
49.588095
48.854762
47.127381
46.152381
48.272619
47.190476
45.280952
49.339286
44.497619
46.855952
46.214286
47.834524
50.023810
50.538095
49.157143
49.503571
46.322619
49.633333
45.754762
45.888095
44.400794
43.590476
51.007143
48.466667
53.602381
47.485714
46.797619
48.842857
44.316667
46.520238
51.236905
51.442857
47.153571
44.752381
50.773810
46.427381
46.484524
43.385714
49.309524
46.775000
48.121429
47.825000
45.903571
46.551190
51.139286
49.059524
50.151190
47.929762
46.685714
51.357143
44.307143
47.696429
48.119048
47.150000
44.420238
43.976190
48.055952
48.914286
46.908333
45.959524
51.214286
46.315476
47.680952
45.003571
45.295238
46.344048
50.267857
50.428571
50.865476
48.752381
50.415476
50.263095
47.946429
47.609524
52.795238
45.113095
49.890476
52.672619
49.791667
52.514286
45.404762
47.442857
49.688095
47.244048
48.655952
49.795238
45.928571
47.197619
48.830952
47.132143
46.911111
52.414286
46.604762
51.576190
46.330952
47.129762
50.965476
46.539286
47.304762
44.761905
47.041667
48.511905
46.769048
47.984524
46.030952
46.547619
49.253571
44.054762
46.180952
46.752381
48.160714
47.685714
49.242857
47.194048
48.914286
48.903571
45.946429
48.459524
46.548810
47.378571
44.222619
44.685714
46.500000
46.813095
48.336905
49.139286
46.403571
47.565476
47.038095
45.750000
46.604762
43.645238
46.938095
48.047619
49.590476
50.164286
50.777381
47.752381
47.916667
49.702381
47.525000
51.640476
47.961905
46.661905
49.115476
42.069048
46.121429
45.690476
49.775000
48.200000
50.580952
43.254762
50.366667
49.695238
44.833333
50.951190
47.804762
45.948810
48.715079
49.705952
42.839286
48.742857
48.028571
47.461905
46.397619
46.875000
46.076190
50.809524
49.632143
42.288095
44.923810
48.213095
47.654762
45.604762
51.383333
43.426190
48.897619
44.757143
49.623810
49.223810
48.044048
51.300000
51.185714
46.529762
45.004762
49.920238
48.209524
48.408333
46.148810
54.526190
45.141667
49.222619
46.769048
50.536905
45.855952
48.138095
49.010714
50.539286
44.364286
47.878571
46.908333
46.017857
44.363492
47.919048
49.541667
49.652381
47.136905
47.633333
48.427381
47.957143
46.880952
44.701190
46.854762
44.642857
47.995238
47.423810
47.928968
44.584524
48.208333
47.048810
47.671429
50.078571
44.295238
48.250000
51.992857
48.957143
48.451190
44.371429
42.330952
45.976190
44.154762
45.017857
45.428571
50.004762
48.173810
46.192857
48.252381
49.125000
41.609524
46.142857
49.004762
52.416667
46.386905
45.038095
46.338095
44.742857
47.882143
46.146429
48.411905
49.757143
47.947619
48.640476
48.897619
48.166667
46.770238
44.838095
45.934921
49.703571
48.898810
49.939286
45.685714
50.108333
45.358333
49.669048
51.103571
47.261905
49.392063
45.870238
49.829762
47.021429
47.589286
48.792857
50.476190
47.457143
45.804762
46.601190
44.505952
44.948810
42.927381
46.850000
48.928571
45.204762
49.260714
47.182143
50.885714
48.192857
47.447619
43.261905
45.590476
46.472619
45.811905
46.640476
47.369048
49.205952
51.520238
49.490476
46.839683
44.888095
48.680952
44.211905
46.482143
50.589286
47.226190
48.971429
44.785714
45.269048
48.411111
49.658333
49.363095
50.148810
44.476190
50.777381
47.445238
48.780952
46.655952
47.485714
46.652381
44.496429
52.177381
45.752381
47.802381
46.354762
46.891667
52.833333
47.113095
49.034524
42.416667
48.528571
49.704762
46.473810
47.033333
49.882143
47.552381
48.879762
47.288095
46.095238
45.133333
48.088095
47.194048
45.135714
46.677381
51.709524
44.027381
48.154762
50.553571
45.994048
48.646429
47.166667
52.042857
49.134524
46.485714
48.621429
48.858333
48.526190
50.572619
47.146429
47.692857
50.085714
48.933333
47.433333
49.503571
47.648810
46.219048
45.419048
49.741667
46.847619
49.471429
46.344048
47.557143
49.207143
41.961905
47.372619
47.520238
45.000000
46.685714
49.651190
44.176190
46.369048
46.409524
47.980952
47.611905
47.882143
51.476190
45.572619
49.685714
45.144048
46.395238
48.419048
50.788095
47.250000
47.773810
46.488095
44.394048
41.721429
48.223810
46.764286
50.532143
50.832143
45.626190
49.485714
43.665476
48.000000
47.050000
43.928571
44.369048
51.510714
45.258333
46.616667
46.884524
50.052381
49.160714
49.607143
44.576190
47.527381
47.505952
48.442857
45.252381
48.080952
48.685714
51.788095
46.066667
48.753571
48.034921
49.357143
47.750000
47.754762
51.646429
50.557143
49.258333
48.998810
43.535714
51.465476
45.173810
46.004762
48.732143
49.673810
46.958333
51.030952
47.221429
43.359524
48.267857
49.955556
45.147619
45.315873
46.204762
47.566667
44.190476
48.530952
45.980952
50.763095
47.516667
53.240476
48.809524
52.152381
43.082143
45.029762
47.182143
47.776190
42.426190
50.109524
47.966667
50.044048
48.564286
43.902381
48.819048
47.142857
46.785714
50.508333
48.065476
48.633333
45.392857
49.652381
46.797619
49.536905
47.497619
46.869048
52.157143
48.483333
48.669841
45.088095
50.980952
48.028571
46.191667
48.777381
46.308333
47.467857
47.636905
48.070238
50.185714
43.470238
43.292857
48.485714
47.088095
46.080952
47.408333
50.047619
48.997619
47.301190
46.059524
45.338095
44.625000
43.703571
48.888095
49.222619
50.298810
50.363095
44.061905
44.595238
46.030952
47.723810
49.282143
45.121032
47.789286
50.549206
49.247619
48.330952
50.264286
45.542857
50.966667
46.632143
45.204762
46.896032
51.039286
49.452381
50.413095
50.873810
51.395238
46.071429
44.750000
44.200000
48.732143
49.066667
47.638095
49.623810
48.089286
45.823016
48.404762
50.033333
50.945238
41.438095
45.576190
49.085714
49.807143
44.167857
46.436905
48.680952
48.509524
41.966667
43.335714
49.333333
46.098810
46.936905
49.626587
47.111905
45.069048
48.594048
49.359524
44.824603
45.157143
46.654762
51.021429
48.780952
47.738095
52.058333
46.133333
46.902381
51.015873
48.371429
45.369048
46.897619
45.951190
50.176190
44.167857
42.394048
48.440476
45.846429
48.677381
47.423810
50.172619
49.259524
45.494048
47.338095
48.078571
45.815476
47.971429
46.419048
49.000000
47.441667
49.820238
49.366667
48.777381
48.094048
50.328571
49.240476
45.171429
43.942857
45.009524
43.140476
47.840476
47.947619
49.273810
45.883333
53.680952
48.011905
42.697619
50.098810
47.057143
52.404762
46.369048
45.504762
45.603571
45.870238
51.295238
49.463095
47.669048
49.190476
46.504762
45.110714
44.867857
45.319048
48.876190
46.911905
47.130952
49.152381
47.221429
45.196429
43.804762
45.566667
47.005952
50.652381
46.551190
46.891667
44.960317
46.041667
44.022619
47.884524
48.745238
52.140476
51.036905
49.403571
51.239286
45.552381
47.839286
48.917857
45.402381
51.394048
47.232143
47.085714
50.433333
47.744048
51.523810
48.900000
45.767857
49.895238
49.761905
45.380952
50.215476
46.523810
44.350000
46.790476
50.676190
46.850000
48.372619
50.294048
51.360714
43.247619
53.161905
48.002381
44.952381
47.292857
49.161905
49.903175
50.094048
45.390476
44.991667
49.390476
46.511905
51.101190
50.411905
50.925000
47.980952
46.785714
48.316667
49.660714
49.179762
48.058333
46.308333
46.488095
47.783333
48.644048
47.932143
44.840476
45.128571
47.334524
47.626190
48.157143
46.658333
46.342857
48.909524
47.020238
51.147619
44.904762
47.765476
45.642857
51.790476
43.600000
45.876984
47.548810
47.225000
49.536905
49.657143
47.495238
46.578571
46.480952
44.846429
46.775000
45.560714
49.688095
47.210714
46.447619
45.642857
48.580952
52.245238
49.550000
49.557143
44.129762
44.742857
47.409524
45.946429
44.327381
47.038095
45.126190
47.847619
43.204762
48.405952
46.078571
49.795238
44.959524
45.404762
45.354762
50.419048
50.182143
49.319048
47.438095
46.245238
48.842857
46.304762
46.869048
47.007143
49.085714
45.352381
46.392857
50.803571
48.728571
50.061905
44.954762
45.922619
50.746429
50.190476
45.653968
45.178571
46.236905
50.895238
50.361905
47.280952
49.290476
51.619048
47.179762
46.634524
52.075000
45.208333
49.464286
47.360714
48.451190
42.452381
44.698810
43.035714
48.904762
46.557143
47.102381
45.833333
46.986905
49.761905
43.035714
49.139286
43.757143
44.435714
49.135714
53.764286
49.747619
49.816667
46.685714
49.897619
45.155952
50.769048
47.950000
46.808333
44.735714
43.316667
49.507143
46.858333
48.207143
45.059524
48.714286
49.909524
46.922619
48.045238
42.690476
47.128571
43.314286
46.480952
46.510714
48.002381
46.594048
46.747619
44.894048
44.165476
47.890476
46.201190
50.538095
45.795238
50.475000
42.998810
48.996429
43.398810
48.802381
47.954762
46.815476
46.428571
48.414286
44.814286
50.469048
44.921429
45.627381
48.539286
49.060714
41.077381
45.575000
49.209524
52.511905
45.539286
47.259524
48.297619
50.209524
51.414286
45.934524
46.844048
48.285714
50.408333
50.970238
45.460714
43.933333
47.941667
39.523810
44.255952
46.490476
47.028571
47.445238
45.814286
47.028571
53.032143
51.386905
47.880952
48.758333
49.480952
45.286905
44.830952
41.180952
46.909524
45.839286
48.719048
47.684524
48.373810
46.914286
48.019048
47.276190
45.909127
46.813095
45.966667
44.952381
48.465476
48.709524
47.576190
51.033333
51.511905
47.007143
45.540476
42.919048
51.795238
44.519048
44.423810
43.365476
43.740476
49.177381
48.264286
48.189286
47.894048
46.490476
49.911905
47.260714
46.574206
47.940476
47.053571
48.821429
50.660714
44.740476
47.233333
51.988095
49.102381
48.866667
49.586905
46.342857
46.290476
43.777381
46.228571
46.771429
47.660714
49.715476
47.346429
48.340476
46.204762
46.033333
46.201190
48.004762
51.282143
45.957143
49.725000
50.233333
49.312698
45.113095
46.051190
47.690476
47.055952
49.033333
48.491667
49.305952
45.480952
51.821429
49.687302
46.888095
47.035714
49.291667
49.078571
48.309524
46.016667
51.523810
51.960714
45.023810
46.028571
49.323810
48.294048
43.941667
44.676984
45.600000
47.842857
46.114286
50.033333
46.902381
47.823810
49.327381
44.980952
47.798810
49.882143
51.119048
50.717857
45.821429
50.701587
49.430952
43.835714
48.538095
47.477381
48.711905
49.908333
44.823810
48.776190
52.552381
46.721429
49.736905
49.004762
50.628571
52.366667
50.776190
48.403571
45.034524
42.745238
45.660714
46.938095
44.759524
48.592857
46.886905
45.775000
51.126190
52.285714
47.104762
53.580952
51.090476
47.538095
52.933333
51.338095
48.347619
46.027381
45.838095
47.695238
44.114286
52.400000
44.955952
48.015873
44.388095
43.295238
47.463095
47.625000
47.836905
46.714286
47.904762
46.172619
46.872619
48.652381
43.136905
43.663095
47.666667
50.848810
47.028571
48.416667
44.454762
44.784524
49.013095
51.427381
45.200000
44.119048
47.104762
53.190476
50.304762
46.773810
48.123810
51.040476
50.242857
48.039286
48.109524
43.276190
50.384524
45.602381
48.660714
50.457143
52.023810
44.840476
46.926190
45.296429
44.754762
45.890476
43.995635
50.477381
44.564286
45.928571
50.851190
47.604762
49.351190
46.175794
45.814286
47.626190
45.538095
50.805952
42.260714
48.018651
49.942857
45.897619
47.114286
43.583333
47.872619
48.227381
49.933333
48.797619
49.641667
46.388095
47.644444
48.471429
46.161905
48.626190
48.938095
49.155952
40.827778
47.313095
49.738095
51.655952
46.946429
48.476190
49.144048
48.652381
48.804762
45.721429
47.090476
48.644048
49.733333
47.675000
48.303571
45.989286
45.882143
47.514286
49.480952
45.825000
44.980952
47.461905
48.650794
44.214286
48.394048
49.048810
49.586905
50.146429
52.683333
44.997619
45.355952
43.777381
49.617857
48.376190
48.561905
46.147619
51.454762
46.871429
50.370238
48.920238
47.696429
51.766667
45.607143
48.534524
45.816667
45.367857
49.572619
47.894048
47.728571
47.723810
46.094048
43.980952
47.860714
46.147619
45.477381
51.367857
48.064286
46.894048
43.728571
50.777381
44.813095
47.173810
44.713095
47.727381
45.285714
52.373810
44.113095
47.823810
46.170238
45.711905
46.654762
46.444048
48.955952
53.078571
45.080952
48.736905
46.940476
48.153571
52.444048
48.834524
52.576190
43.436905
47.534921
50.841667
49.080952
44.417857
49.001190
48.047619
43.390476
45.909524
46.561905
46.264286
51.104762
50.557143
47.992857
45.485714
46.327381
46.804762
42.261905
48.333333
47.280952
46.219048
46.742857
48.660714
47.561905
47.557143
52.648810
48.221429
46.129762
49.416667
43.427381
44.430952
50.117857
49.439286
48.094048
40.565476
50.280952
50.395238
48.301190
46.638095
48.090476
49.026190
44.889286
47.689286
45.905952
43.700000
48.948810
46.772619
41.428571
49.594048
48.376190
46.834524
47.842857
48.979762
47.009524
46.247619
47.633333
46.286905
44.833333
45.100000
46.920238
46.614286
47.123810
51.533333
48.276190
47.672619
46.976190
44.952381
45.438095
49.852381
49.695238
46.733333
46.104762
46.475000
48.223810
45.980952
43.142857
48.363095
51.520238
48.119048
49.773810
48.852381
46.033333
47.013095
47.859524
47.348810
50.411905
48.876190
48.016667
49.852381
49.798810
47.519048
50.296429
46.816667
47.146429
46.419048
47.014286
49.076190
50.119048
44.878571
47.394048
44.290476
45.840476
43.523810
47.238095
47.204762
45.109524
44.652381
50.786905
48.366667
47.308333
51.266667
45.653571
45.510714
47.304762
44.484524
48.615476
51.846429
47.876190
48.923810
47.247619
43.996429
48.780952
47.900000
44.391270
47.557143
44.488095
43.034524
48.251190
44.364286
44.538095
49.894048
50.623810
46.885714
45.554762
42.657143
51.347619
46.622619
47.197619
45.828571
48.938095
47.364286
46.641667
49.855952
51.296429
47.223810
48.889286
50.510714
46.238095
50.710714
49.671429
47.872619
50.038095
47.827381
44.759524
47.645238
48.225000
46.763889
49.057143
46.866667
45.442857
50.202381
50.380952
50.617857
47.057143
45.370238
48.141667
45.025000
51.333333
45.717857
47.088095
52.423810
50.134524
44.413095
50.102381
49.889286
45.659524
46.640476
50.146429
45.267857
49.529762
49.179762
48.113095
46.253571
47.653571
46.520238
44.190476
49.923810
47.922619
52.600000
50.963095
51.585714
46.319048
45.797619
46.948810
49.695238
45.039286
46.652381
48.708730
51.359524
50.491667
46.554762
46.514286
47.080952
46.860714
46.477381
46.357143
43.748810
49.850000
44.576190
46.348810
44.342857
51.051190
48.344048
49.145238
45.890476
46.658333
45.994048
48.853571
44.325000
48.411905
47.142857
49.546429
50.048810
49.496429
45.453571
52.335714
44.061508
45.400000
43.292857
44.321429
43.928571
44.938095
46.676190
51.270238
44.205952
44.859524
50.652381
46.482143
46.911905
41.577381
45.671429
46.569048
45.623810
45.747619
50.390476
47.784524
49.753571
52.142857
50.279762
45.246429
50.722619
53.147619
45.159524
48.940476
48.423810
49.864286
45.878571
46.897619
50.223810
48.911905
44.709524
50.663095
49.330952
47.460714
50.667857
51.228571
43.142857
49.964286
50.255952
51.663095
49.321429
51.128571
45.609524
47.460714
46.065476
51.811905
46.580952
50.090476
45.439286
47.528571
45.279762
43.338095
47.964286
46.352381
45.295238
46.504762
46.014286
46.876190
50.819048
47.292857
49.916667
46.317857
46.915476
48.513095
44.728571
45.633333
47.645238
45.183333
48.395238
48.028571
46.472619
50.115476
48.223810
48.969048
51.657143
50.619048
51.509524
47.780952
48.828571
46.894048
51.209524
45.228571
47.926190
44.959524
47.861905
49.834524
47.614286
50.553571
45.457143
50.008333
44.652381
47.577381
49.847619
42.752381
48.057143
50.994048
43.976190
42.915476
46.910714
49.976190
52.221429
50.566667
49.309524
51.777381
49.828571
47.934524
43.704762
43.401587
45.682143
46.942857
47.413095
47.598810
48.310714
46.092857
48.463095
46.436905
46.151190
47.027381
48.386905
45.107143
49.257143
50.498810
46.025000
50.211905
45.298810
45.716667
49.085714
45.557143
45.204762
51.585714
46.482143
45.653571
45.084524
48.376190
48.535714
46.847619
40.011905
46.314286
49.866270
49.030952
46.021429
45.758333
46.432143
45.328571
49.425397
49.059524
44.510714
48.578571
48.583333
47.664286
45.042857
49.278571
45.871429
46.571429
49.346429
48.020238
43.240476
46.750000
43.661905
48.851190
46.229762
43.917857
50.990476
51.108333
49.277381
46.175000
45.441667
46.535714
48.938095
44.919048
50.463095
48.914286
46.301190
45.933333
45.859524
47.216667
47.788095
48.001190
46.245238
48.258333
45.816667
49.342857
48.690476
44.685714
50.571429
46.867857
50.469048
45.527381
48.400000
42.596429
46.471429
44.222619
48.261905
44.258333
45.940476
45.683333
44.351190
43.800000
47.785714
50.441667
48.419048
50.859524
49.740476
45.500000
48.716667
45.547619
45.675000
45.877381
50.242857
47.052381
50.904762
45.844048
49.325000
49.501190
51.623810
42.766667
47.219048
49.365476
49.466667
51.695238
43.380952
51.285714
48.714286
49.966667
47.977381
49.972619
47.138095
49.798810
50.177381
47.008333
47.391667
48.088095
47.230952
45.461905
44.984524
41.997619
47.561905
45.483333
46.247619
51.064286
48.019048
45.695238
47.602381
43.428571
50.044048
45.898413
46.423810
45.233333
46.005952
51.885714
51.046429
48.129762
46.760714
46.275000
45.776190
47.709524
48.051190
48.580952
46.950000
45.295238
45.033333
45.475000
48.409524
50.198413
49.342857
48.094048
46.634524
47.485714
50.295238
45.998810
50.789286
47.595238
48.614286
48.113095
46.494048
41.944048
46.676190
45.621429
47.330952
46.647619
50.464286
42.994048
45.935714
52.666667
46.647619
46.761905
45.502778
45.750000
47.782143
44.663095
48.528571
47.227381
51.140476
47.595238
47.290476
46.183333
48.846429
48.375000
45.842857
48.411905
45.035714
44.876190
42.434524
49.514286
43.644048
47.382143
51.890476
48.689286
52.100000
44.053571
49.204762
47.252381
51.423810
50.470238
47.632143
49.372619
53.476190
46.563095
44.921429
46.350000
47.766667
47.427381
51.157143
45.183333
45.578571
44.728571
47.755952
49.515476
45.227381
44.976190
52.513095
50.046429
44.401190
43.895238
45.238095
48.972619
46.675000
47.529762
47.088095
50.701190
47.740476
50.152381
45.966270
46.278571
52.580952
52.227381
47.861905
44.351190
46.871429
47.510714
46.597619
45.963095
47.852381
46.657143
45.047619
49.409524
48.604762
45.780952
46.957143
49.615476
44.272619
42.178571
47.098810
53.413095
48.359524
48.875000
45.176190
49.407143
47.002381
51.923810
48.588095
49.432143
46.585714
48.753571
46.247619
46.729762
46.450000
42.902381
50.575000
50.780952
48.740476
51.576190
49.369048
46.790476
47.898810
46.383333
46.314286
49.341667
47.127381
46.444048
45.177381
45.664286
42.732143
47.733333
47.100000
48.347619
45.485714
45.829762
46.471429
47.539286
46.648810
43.147619
47.695238
51.332937
49.704762
46.673810
47.390476
47.867857
46.145238
48.613095
47.147619
46.203571
47.739286
44.695238
45.733333
48.104762
48.501190
48.670238
48.083333
48.997619
46.757143
48.504762
49.460714
49.322619
50.364286
43.894048
46.769048
44.842063
47.057143
49.215476
46.963095
45.414286
41.870238
47.868254
45.936905
52.185714
54.700000
50.847619
51.722619
44.676190
48.171429
48.640476
45.422619
45.814286
49.695238
51.257143
50.423810
50.054762
51.271429
44.970238
45.741667
47.655952
49.611905
47.357143
47.036905
43.279762
45.582143
47.802381
49.330952
46.505952
46.184524
49.490476
44.714286
43.876190
44.469048
49.050000
45.382143
49.033333
50.077381
42.703571
46.752381
48.825000
44.295238
47.608333
44.094048
43.795238
47.328571
49.473810
45.900000
46.048413
50.370238
50.464286
48.000000
40.413095
47.432143
47.595238
47.257143
50.691667
51.595238
46.638095
49.900000
47.079762
45.453571
43.676190
51.189286
50.076190
52.532143
47.828571
46.871429
50.801190
51.589286
52.290476
46.697619
45.767857
44.055952
48.494048
48.283333
49.792857
43.580952
49.313095
50.125000
45.353571
47.990476
47.095238
46.719048
48.832143
45.094048
46.730952
47.953571
51.276190
44.371429
46.264286
47.166667
45.138095
49.261905
48.828571
49.316667
47.764286
49.242857
48.047619
49.572619
48.128571
47.785714
47.947619
50.600000
47.586905
49.842857
41.219048
48.957143
46.111905
47.469048
51.242857
48.485714
41.044048
48.559524
48.788095
47.757143
49.938095
44.954762
46.745238
44.641667
48.551190
43.070238
49.138095
47.761111
44.386905
49.952381
45.879762
45.071429
48.258333
45.666667
50.133333
49.926190
46.016667
43.461905
52.690476
48.783333
49.642857
48.879762
40.954762
47.748810
44.592857
47.995238
51.715476
43.088095
48.528571
49.219048
46.959524
46.323810
45.264286
49.300000
44.671429
46.313095
47.639286
48.709524
45.283333
45.552381
47.129762
46.947619
44.301190
45.907143
44.208333
50.703571
45.209524
45.639286
50.528571
47.521429
49.280952
51.215476
50.452381
48.072619
51.876190
47.448810
50.003571
50.064286
48.757143
46.295238
46.866667
44.569841
47.035714
46.225000
49.900000
51.454762
47.572619
44.042857
47.861905
46.541667
45.990476
49.319048
44.620238
44.900000
46.985714
49.673810
44.933333
46.155952
47.315079
48.163095
48.596825
46.611905
45.803571
48.461905
42.179762
47.604762
47.561905
50.102381
45.430952
48.428571
45.565476
45.978571
49.700000
49.528571
45.778571
46.021429
44.000000
42.908333
44.684524
47.354762
46.830952
49.116667
47.841667
51.507143
46.142857
46.992857
47.082143
46.664286
43.939286
48.228571
47.717857
43.645238
47.600397
52.747619
46.188095
44.126190
46.691667
49.130952
47.772619
49.283333
44.713095
47.400000
48.858333
48.010714
48.414683
50.095238
44.883333
45.721429
46.051190
48.127381
49.242857
48.321429
47.223810
48.697619
43.938095
47.542857
46.936905
48.934524
48.479762
48.738095
47.652381
45.390476
47.834524
45.984524
45.126190
44.590476
48.563095
49.489286
42.329762
47.719048
47.657143
46.183333
48.722619
46.294048
46.961905
49.547619
49.655952
48.364286
44.082143
44.264286
53.492857
46.553571
45.127381
47.678571
48.661905
45.800000
47.942857
46.316667
45.350000
47.300000
46.976190
41.383333
48.079762
42.389286
45.770238
44.811905
46.938095
47.659524
43.445238
46.477381
51.314286
48.397619
43.865476
47.408333
46.194048
48.167857
50.571429
48.995238
49.178571
49.716667
48.607143
44.501190
48.205952
50.941667
50.023810
46.569048
49.028571
48.866667
46.319048
44.140476
50.094048
46.438095
46.514286
48.697619
50.009524
46.058333
48.923810
44.994048
44.953571
50.328571
48.411905
47.709524
42.854762
45.271429
51.870238
52.161905
47.814286
47.708333
44.832143
48.834524
50.953571
50.665476
46.444048
43.519048
46.476190
49.575000
50.385714
44.885714
47.142857
45.530952
49.007143
48.395238
46.742857
44.253571
48.345238
46.238095
48.561905
47.684524
46.761905
48.283333
50.044048
47.700794
47.146429
46.354762
47.010714
49.723810
47.254762
46.713095
49.919048
44.998810
52.966667
48.678571
45.853571
43.925000
44.882143
45.376190
49.866667
45.642857
47.358333
47.628571
47.652381
52.790476
46.989286
49.028571
48.030952
45.226190
44.314286
43.033333
43.398810
46.442857
47.305952
47.747619
45.969048
49.845238
52.180952
47.613095
49.402381
50.795238
46.561905
41.316667
45.270238
44.604762
48.810714
44.192857
48.552381
47.245238
48.346429
49.776190
51.060714
44.338095
52.000000
46.904762
47.600000
48.396429
48.010714
49.059524
47.802381
46.390476
51.746429
44.830952
47.198810
46.704762
48.311905
47.647619
43.866667
48.965476
45.691667
45.178571
47.899206
46.247619
46.607143
49.523810
46.682143
50.876190
44.941667
48.048810
53.223810
46.329762
44.570238
45.233333
44.615476
48.414286
45.495238
47.071429
43.433333
45.498810
46.176190
40.466667
48.845238
48.014286
45.372619
44.140476
49.050000
46.695238
45.660714
47.747619
49.001190
47.523810
50.208333
48.215476
46.530952
46.646429
45.167857
46.152381
50.293254
48.726984
42.105952
47.200000
47.152381
44.286905
46.295238
47.301190
48.028571
48.692857
47.769048
45.883333
48.798810
46.091667
47.309524
47.514286
49.048810
47.327381
45.457143
48.988095
44.930952
48.258333
47.195238
46.311905
49.200000
50.390476
48.761905
49.355952
48.434524
45.571429
45.233333
44.300000
44.316667
47.833333
45.207143
48.252381
47.017857
47.683333
49.327778
47.648413
50.508333
43.777381
50.727381
47.890476
47.572619
47.466667
46.080952
51.604762
47.214286
49.709524
48.800000
50.450000
47.444048
48.616667
49.501190
50.658333
45.155952
48.889286
48.347619
51.060714
48.821429
50.789286
45.810714
47.971429
44.165476
49.222619
47.296429
50.909524
49.833333
48.225000
48.986905
47.522619
46.828571
45.090476
46.030952
47.704762
46.690476
49.970238
49.060714
43.391667
49.521429
47.313095
53.034524
48.101190
49.138889
48.130952
47.635714
51.385714
45.638095
50.680952
47.522619
44.817857
45.183333
42.713095
50.532143
52.072619
48.853571
44.511905
53.201190
47.042857
46.395238
46.861905
48.688095
45.247619
51.409524
47.119048
46.919048
49.020238
46.650000
48.252381
48.838095
46.855952
49.271429
44.576190
48.273810
48.140079
48.151190
47.667857
48.195238
50.535714
46.976190
45.935714
50.930952
44.978571
46.883333
49.051190
49.566667
49.747619
50.723810
48.396429
46.372619
42.090476
52.653571
47.839286
44.138095
47.675000
48.120238
50.800000
48.645238
48.535714
44.685714
45.622619
47.673810
47.547619
48.591667
42.771429
44.208333
46.142857
49.203571
44.082143
48.260714
47.155952
43.085714
52.609524
43.447619
49.370238
47.747619
49.342857
47.250000
52.227381
45.831746
46.998810
49.138095
47.632143
46.928571
46.360714
44.792857
46.290476
48.610714
48.716667
46.214286
45.934524
46.285714
53.336905
46.860714
50.461905
50.020238
48.608333
49.602381
48.604762
48.219048
42.213095
43.103571
47.558333
45.472619
44.313095
50.816667
51.342857
48.226190
45.108333
48.921429
52.103571
46.334524
44.273810
48.801190
47.986905
49.409524
48.370238
50.466667
46.551190
49.010714
47.163095
49.283333
48.483333
49.772619
50.191667
46.102381
51.395238
47.180952
48.533333
45.197619
47.620238
47.050000
46.773810
45.095238
47.957143
51.515476
51.271429
47.836905
45.244048
49.021429
46.644048
49.852381
46.709524
49.652381
47.302381
46.063095
50.419048
46.267857
48.365476
51.114286
43.939286
49.667857
46.932143
47.514286
42.217857
50.227381
47.540476
46.153571
47.076190
50.855952
50.171429
51.814286
50.348810
46.632143
46.095238
46.119048
47.178571
46.526190
52.919048
42.411905
47.479762
44.961905
44.504762
49.596429
49.464286
47.404762
51.357143
44.340476
48.485714
48.300000
49.390476
50.733333
47.166667
45.365476
47.590476
46.378571
48.190476
47.230952
43.116667
47.878571
45.061905
49.569048
45.852381
49.063095
46.435714
48.010714
50.076190
45.467857
53.009524
45.666667
47.007143
48.442857
46.928571
47.263095
48.098810
46.698810
51.095238
51.457143
43.002381
45.685714
44.247619
46.814286
48.438095
41.842857
50.619048
45.902381
47.814286
49.926190
46.129762
49.376190
47.486905
47.494048
48.278571
47.697619
51.442857
51.005952
48.548810
44.357143
47.435714
47.685714
52.845238
47.780952
46.369048
53.142857
44.370238
46.370238
48.163095
50.409524
51.392063
44.527381
46.466667
46.488095
48.210714
46.090476
48.919048
49.685714
47.602381
48.710714
46.194048
46.171429
43.370238
50.816667
42.133333
43.930952
46.904762
44.439286
49.814286
44.817857
45.673810
50.697619
46.801190
50.814286
51.057143
46.279762
48.842857
49.341667
45.847619
49.500000
50.623810
44.041667
48.398810
47.300000
51.146429
44.866667
47.723810
52.730952
50.223810
47.976190
47.890476
40.990476
48.620238
44.542857
48.857143
50.527381
47.319048
44.538095
44.423016
46.910714
46.946429
46.038095
50.360714
47.045238
46.980952
48.873810
49.023810
49.221429
48.439286
51.354762
46.977381
46.616667
47.384524
49.397619
44.420238
46.778571
51.400000
47.509524
45.350000
49.732143
47.041667
47.311905
48.646429
50.903571
48.459524
52.594048
46.944048
45.750000
47.802381
47.623810
48.703571
47.630952
49.914286
49.845238
51.676190
45.090476
44.848413
49.320635
51.466667
49.283333
50.650000
51.880952
49.878571
48.236905
49.636905
48.594048
50.767857
46.233333
49.409524
41.800000
50.176190
45.516667
45.433333
48.947619
42.864286
42.800000
45.542857
45.110714
51.632143
47.375000
47.983333
47.328571
48.175000
48.997619
45.876190
49.784524
40.104762
46.532143
47.648810
51.155952
46.019048
49.829762
51.529762
45.645238
47.232143
48.300000
46.700000
44.535714
48.680952
50.697619
47.366667
48.070238
48.177381
44.857143
47.688095
48.888095
48.403571
49.534524
49.100000
46.890476
47.376190
47.938095
48.680952
49.533333
44.004762
47.036905
46.709524
47.914286
48.128571
51.052381
46.820238
44.833333
46.867857
49.723810
49.414286
47.485714
49.042857
43.600000
47.723810
46.914286
46.984524
43.691667
47.328571
46.016667
49.982143
48.300000
54.266667
49.085714
48.816667
47.995238
46.198810
48.377381
47.314286
48.290476
48.814286
47.966667
49.337698
45.622619
48.942857
46.750397
51.519048
48.889286
45.827778
43.500000
45.557143
47.534524
45.621429
50.230952
49.027381
44.161905
49.095238
49.700000
47.798810
49.035714
43.232143
48.135714
49.947619
51.319048
45.127381
47.800000
50.329762
48.619841
48.273810
44.994048
43.225000
50.645238
50.145238
44.979762
45.363095
47.235714
44.328571
50.229762
45.267857
45.602381
48.585714
46.290476
46.642857
45.713095
50.223810
46.450000
49.645238
52.391667
45.760714
49.201190
49.092857
46.192857
46.719048
48.923810
42.372619
43.621429
46.473810
48.923810
45.136905
48.103571
48.960714
44.580952
46.079762
47.707143
48.792857
46.867857
49.611905
46.819048
44.561905
48.652381
47.848810
50.797619
46.417857
48.227381
43.303571
47.191667
45.289286
48.864286
49.609524
50.280952
43.255952
48.359524
48.735714
44.866667
49.373810
50.090873
50.673810
46.409524
52.564286
46.409524
48.244048
47.292857
44.314286
48.202381
48.559524
46.525000
46.128571
46.680556
46.927381
50.071429
47.728571
47.607143
47.622619
45.720238
46.085714
46.692857
48.657143
50.435714
46.586905
46.633333
41.357143
44.653571
47.780952
45.988095
49.221429
44.961905
47.669048
43.709524
51.345238
45.182143
47.889286
46.233333
41.209524
48.996429
49.607143
48.923810
48.216667
43.563095
48.421429
46.019048
47.342857
50.528571
50.821429
48.796429
46.725000
46.000000
50.808333
46.321429
45.155159
45.594048
45.127381
45.298810
48.559524
48.591667
47.828571
47.354762
48.850000
46.111905
45.930952
49.492857
48.545238
44.835714
45.340476
48.358333
50.447619
48.590476
43.923810
45.430952
46.121429
47.092857
43.660714
50.584524
51.973810
49.176190
43.685714
50.194048
49.033333
53.309524
50.575000
48.505952
44.014286
45.588095
45.638095
46.873810
49.819048
47.876190
44.860317
47.580952
48.728571
47.796429
48.542857
45.279762
47.978571
45.072619
46.348810
47.869048
48.604762
46.880952
51.860714
43.760714
51.476190
46.432143
44.313095
47.704762
45.938095
48.008333
49.798810
45.747619
48.133333
44.580952
45.826190
45.346429
49.414286
46.155952
44.347619
51.746429
43.152381
48.655952
50.407143
46.954365
45.305952
44.469048
47.670238
47.919048
46.598810
46.680952
45.402381
49.160714
45.021429
45.111905
49.266667
48.750000
45.021429
46.091667
53.232143
46.842857
50.470238
45.642857
48.486905
45.176190
50.820238
51.153571
44.583333
45.633333
49.495238
39.811905
47.452381
45.364286
49.817857
45.771429
45.044048
47.059524
48.222619
43.261905
47.515476
48.398810
47.042857
43.730952
46.485714
48.690476
47.676190
50.840476
51.600000
51.685714
45.272619
46.225000
44.222619
47.391667
44.935714
43.186905
49.871429
49.427381
47.704762
50.060714
47.148810
49.092857
45.233333
51.400000
50.039286
48.677381
48.932143
46.566667
50.689286
47.042063
43.913095
43.922619
48.371429
42.907143
52.903571
48.005952
47.572619
47.127381
50.457143
45.245238
46.705952
45.819048
45.044048
45.922619
48.416667
44.784524
47.644048
49.117857
50.033333
42.295238
47.657143
48.973810
44.997619
48.772619
46.123810
45.102381
43.577381
49.128571
46.482143
48.538095
45.092857
46.809524
47.544048
49.480952
48.529762
47.017857
46.451190
51.421429
47.200000
46.233333
48.009524
46.938095
48.830952
44.807143
43.476190
50.873810
51.266667
51.842857
47.815476
47.866667
46.601190
48.266667
48.019048
47.377381
49.559524
46.503571
46.748810
48.707143
49.550794
46.260714
45.791667
47.403571
50.185714
47.961905
44.821429
45.422619
46.452381
45.659524
45.407143
44.759524
50.470238
51.160714
51.220238
45.998810
46.638095
49.314286
47.121429
48.154762
47.676190
47.619048
47.890476
47.186111
49.789286
49.095238
47.114286
52.519048
46.845238
48.202381
44.591667
49.067857
51.700000
46.303571
48.557143
45.792857
49.323810
43.553571
48.123810
49.055952
44.166667
43.852381
47.444048
44.551984
46.739286
50.578571
46.732143
47.178571
48.226190
48.713095
48.378571
45.048810
46.091667
46.554762
52.273810
48.766667
45.657143
49.814286
44.170238
47.184524
45.277381
43.786905
43.601190
45.394048
43.990476
47.852381
45.950000
50.990476
46.092857
45.930952
54.167857
48.539286
43.566667
46.715476
47.776190
46.972619
42.952381
51.719048
49.169841
47.319048
47.036905
45.660714
43.280952
47.385714
53.147619
47.969048
48.965476
51.766667
45.361905
48.680952
43.945238
46.635714
44.786905
47.980952
48.267857
50.828571
47.652381
47.713095
53.014286
42.276190
46.875000
49.394048
44.946429
50.707143
48.266667
42.652381
45.904762
52.080952
43.523810
44.804762
45.747619
44.545238
49.461905
51.097619
43.667857
50.536905
48.923810
44.601190
49.148810
44.867857
46.066667
48.111905
45.790476
51.447619
47.542857
46.545238
47.950000
47.147619
47.779762
47.597619
51.514286
40.898810
46.294048
46.321429
49.214286
47.870238
51.442857
48.625000
49.903571
44.919048
49.839286
49.790476
52.414286
48.654762
45.122619
50.464286
49.002381
47.119048
47.790476
52.815476
46.176190
49.772619
48.722619
46.188095
49.347619
51.242857
48.252381
45.667857
44.495238
45.895238
44.455952
46.644048
49.338095
46.150000
42.794048
44.805952
48.697619
46.008333
50.279762
47.047619
45.494048
47.033333
48.133333
47.795238
44.597619
44.904762
48.503571
48.264286
46.016667
52.095238
49.080952
45.107143
41.661905
45.985714
46.538095
49.647619
43.676190
47.628571
43.697619
47.672619
47.973810
49.404762
45.760714
45.638095
46.423810
48.614286
48.352381
50.503571
46.042857
48.829762
51.060317
46.330952
47.580952
44.702381
45.802381
45.653571
48.750000
47.190476
50.795238
43.735714
51.285714
43.544048
44.614286
51.517857
48.047619
48.334524
47.735714
45.628571
47.642857
45.058333
47.447619
47.251190
47.838095
44.884524
46.907143
45.663095
45.473810
49.091667
50.438095
44.757143
48.009524
46.923810
45.566667
46.458333
45.623810
49.515476
46.165476
47.491667
45.009524
51.757143
46.401190
48.390476
44.650000
45.920238
43.819048
47.179762
48.148810
45.540476
44.515476
50.214286
50.758333
43.223810
45.471429
47.919048
49.727381
50.373810
46.661905
49.560714
48.997619
44.640476
50.078571
45.684524
50.136905
48.733333
42.929762
45.453571
52.161905
46.710317
48.590476
52.023810
43.133333
43.638095
46.084524
45.567857
51.604762
49.646429
47.650000
47.316667
47.736905
49.626190
51.698810
47.934921
45.557143
45.888095
49.490476
48.033333
46.415476
46.100000
49.948810
48.789286
45.369048
49.957143
43.483333
49.094048
48.651190
49.211905
47.877381
45.835714
44.226190
47.491667
44.776190
45.960714
48.201190
46.253571
46.435714
46.408333
44.328571
50.445238
47.919048
50.817857
45.488095
43.050000
47.109524
45.678571
47.804762
50.509524
48.408333
46.815476
46.117857
47.857143
51.011905
46.785714
45.914286
44.528571
50.813095
49.127381
46.964286
44.323810
45.652381
47.685714
49.008333
44.921429
46.865476
51.980952
49.913095
46.491667
48.452381
48.561905
44.836905
44.328571
44.677381
47.714286
45.596429
44.309524
50.877381
46.721429
48.684524
44.900000
46.985714
47.078571
47.940476
49.566667
48.045238
47.992857
50.479762
46.835714
48.184524
49.400000
49.516667
44.985714
49.023810
49.695238
43.973810
47.054762
50.476190
49.807143
50.440476
47.966667
47.350000
50.552381
48.494048
50.132143
43.072619
47.960714
45.111905
49.971429
46.679762
44.307143
44.609524
48.495238
46.084524
46.133333
53.030952
48.989286
45.284524
48.940476
45.558333
48.857143
46.078571
46.271429
45.880952
48.466667
46.434524
44.640476
47.090476
51.228571
47.295238
48.170238
48.950000
51.373810
46.833333
48.859524
48.622619
49.575000
49.341667
48.969048
44.703571
45.002381
45.790476
47.570238
50.764286
47.809524
45.110714
45.053571
47.661905
49.244841
48.333333
47.888095
44.848810
50.421429
48.277381
44.490476
46.809524
48.079762
49.979762
49.346429
48.414286
47.461905
47.669048
46.946429
49.628571
44.795238
46.615476
48.580952
46.267857
45.688095
44.192857
43.021429
47.946429
46.752381
49.096429
50.708333
48.471429
46.419048
47.617857
46.666667
50.450000
51.317857
43.703571
50.684127
49.538095
45.359524
45.833333
46.255952
48.639286
46.846429
44.680952
47.875000
48.922619
48.685714
48.675000
50.742857
46.576190
45.428571
46.652381
49.327381
47.919048
46.344048
50.971429
42.908333
50.414286
52.219048
54.407143
49.735714
50.517857
49.170238
45.998810
48.738095
47.435714
46.483333
45.034524
49.723810
44.507143
48.607143
43.629762
47.828571
46.028571
46.221429
44.504762
47.340476
48.628571
51.929762
43.266667
50.023810
50.063095
46.452381
51.133333
49.860714
50.938095
46.242857
41.810714
53.169048
52.195238
49.684524
49.747619
51.245238
50.057143
50.382143
44.702381
43.960714
51.415476
44.579762
47.828571
50.091667
44.629762
48.209524
46.103571
45.833333
50.790476
45.796429
48.063095
51.321429
42.488095
47.890476
48.633333
47.640476
