 81
 55
 76
 55
 50
 59
 62
 54
 85
 53
 58
 65
 63
 51
 77
 55
 54
 56
 77
 64
 60
 50
 48
 63
 61
 78
 67
 56
 64
 82
 50
 89
 51
 60
 75
 57
 64
 78
 62
 69
 71
 93
 43
 71
 59
 43
 79
 72
 62
 66
 67
 64
 67
 65
 66
 85
 57
 75
 48
 51
 74
 52
 54
 72
 59
 63
 56
 59
 64
 42
 88
 75
 81
 69
 59
 77
 68
 62
 70
 42
 59
 80
 66
 77
 45
 58
 45
 60
 55
 49
 51
 50
 49
 63
 57
 63
 67
 45
 58
 64
 76
 80
 56
 44
 45
 67
 55
 48
 48
 70
 76
 48
 60
 48
 35
 49
 53
 63
 49
 60
 58
 51
 74
 68
 74
 68
 77
 55
 83
 80
 56
 60
 60
 73
 49
 68
 51
 68
 58
 62
 74
 62
 58
 46
 66
 68
 46
 61
 51
 62
 56
 55
 58
 44
 44
 79
 61
 66
 69
 44
 74
 58
 58
 55
 61
 68
 44
 57
 62
 44
 58
 66
 50
 84
 79
 65
 60
 52
 59
 64
 76
 57
 62
 66
 71
 60
 61
 54
 50
 60
 45
 90
 62
 52
 47
 35
 64
 59
107
 47
 55
 48
 78
 53
 46
 55
 42
 47
 63
 71
 60
 52
 55
 62
 48
 81
 66
 50
 61
 72
 52
 78
 43
 63
 61
 60
 48
 47
 57
 52
 58
 54
 75
 46
 61
 86
 82
 55
 70
 72
 59
 72
 80
 75
 68
 57
 55
 65
 45
 48
 72
 78
 78
 70
 51
 46
 51
 40
 58
 73
 61
 42
 57
 51
 49
 54
 57
 57
 52
 52
 53
 49
 36
 49
 62
 51
 54
 65
 63
 70
 56
 82
 44
 78
 66
 73
 62
 58
 46
 47
 66
 65
 73
 38
 67
 34
 52
 46
 55
 55
 68
 45
 60
 62
 62
 51
 69
 64
 48
 59
 55
 50
 46
 58
 61
 47
 48
 77
 90
 45
 47
 65
 68
 56
 66
 62
 53
 77
 58
 47
 75
 57
 58
 66
 62
 64
 68
 67
 62
 65
 55
 64
 84
 78
 67
 67
 76
 62
 62
 62
 42
 63
 46
 64
 75
 74
 58
 53
 66
 53
 51
 75
 51
 79
 61
 47
 60
 90
 51
 65
 52
 61
 71
 65
 73
 49
 43
 75
 78
 53
 48
 55
 62
 60
 58
 52
 56
 73
 56
 52
 76
 62
 50
 43
 53
 61
 65
 53
 41
 53
 69
 59
 55
 65
 70
 63
 68
 63
 64
 69
 55
 51
 74
 61
 52
 62
 50
 79
 67
 77
 61
 62
 48
 46
 74
 50
 57
 71
 58
 70
 50
 75
 69
 44
 56
 58
 63
 55
 75
 59
 65
 61
 77
 64
 61
 57
 41
 59
 71
 80
 81
 74
 84
 54
 52
 74
 59
 68
 54
 68
 47
 54
 42
 50
 51
 54
 45
 64
 63
 47
 57
 56
 75
 68
 51
 68
 72
 58
 50
 58
 72
 50
 67
 46
 95
 39
 66
 70
 68
 74
 68
 45
 55
 49
 58
 49
 50
 84
 67
 44
 62
 59
 50
 52
 79
 65
 54
 79
 63
 45
 70
 72
 52
 61
 46
 63
 83
 68
 66
 64
 59
 52
 72
 49
 78
 79
 56
 50
 73
 66
 57
 74
 67
 62
 56
 64
 66
 70
 52
 51
 69
 51
 70
 59
 61
 56
 53
 81
 66
 56
 75
 46
 42
 74
 39
 83
 54
 59
 49
 48
 69
 43
 55
 86
 48
 49
 61
 52
 57
 67
 63
 58
 61
 64
 45
 67
 84
 53
 70
 52
 67
 47
 79
 47
 62
 49
 58
 53
 72
 68
 52
 49
 53
103
 84
 58
 44
 64
 86
 54
 60
 91
 69
 56
 80
 74
 41
 63
 51
 54
 52
 62
 48
 53
 46
 62
 61
 52
 76
 61
 61
 64
 42
 59
 57
 55
 77
 75
 75
 58
 65
 91
 69
 45
 63
 64
 55
 51
 47
 57
 48
 53
 42
 80
 63
 53
 54
 58
 55
 74
 54
 77
 62
 63
 56
 50
 75
 71
 39
 62
 58
 35
 49
 47
 47
 59
 64
 59
 52
 63
 56
 68
 75
 63
 60
 73
 52
 71
 84
 59
 46
 62
 34
 45
 59
 71
 50
 66
 56
 60
 52
 75
 55
 62
 51
 58
 66
 78
 55
 48
 73
 79
 72
 57
 67
 61
 78
 56
 59
 81
 49
 74
 64
 51
 39
 59
 48
 60
 54
 52
 52
 63
 79
 73
 62
 53
 65
 77
 63
 63
 55
 56
 55
 60
 61
 57
 76
 78
 51
 62
 48
 65
 44
 48
 53
 44
 75
 72
 58
 60
 42
 64
 72
 64
 52
 61
 74
 63
 49
 48
 46
 62
 69
 57
 44
 68
 58
 59
 81
 74
 51
 61
 57
 64
 51
 46
 56
 80
 49
 68
 64
 53
 80
 70
 65
 42
 63
 51
 47
 48
 63
 63
 75
 74
 70
 70
 69
 60
 65
 57
 46
 54
 71
 47
 62
 59
 59
 61
 82
 78
 74
 73
 81
 51
 71
 79
 67
100
 50
 84
 55
 56
 50
 72
 81
 46
 79
 67
 71
 47
 70
 53
 79
 52
 64
 47
 52
 62
 75
 49
 53
 54
 67
 65
 39
 64
 46
 68
 54
 64
 54
 61
 77
 48
 59
 59
 70
 42
 62
 74
 52
 70
 75
 46
 75
 50
 56
 78
 59
 50
 54
 90
 65
 56
 54
 71
 57
 90
 67
 57
 61
 52
 60
 86
 50
 66
 63
 64
 73
 45
 64
 56
 44
 78
 65
 56
 53
 40
 60
 47
 66
 60
 58
 63
 74
 67
 55
 50
 66
 52
 84
 50
 63
 55
 56
 58
 67
 79
 70
 48
 50
 53
 59
 50
 68
 52
 52
 47
 41
 51
 59
 45
 72
 53
 62
 45
 76
 60
 63
 49
 47
 60
 74
 61
 58
 59
 54
 48
 55
 75
 61
 65
 68
 73
 48
 51
 78
 55
 65
 71
 57
 69
 68
 69
 63
 62
 77
 44
 63
 55
 68
 69
 47
 52
 51
 48
 69
 88
 47
 73
 44
 54
 63
 70
 49
 56
 81
 63
 46
 57
 68
 46
 56
 59
 47
 68
 53
 58
 63
 41
 69
 93
 47
 62
 57
 58
 44
 65
 54
 51
 80
 57
 41
 76
 62
 78
 64
 64
 60
 54
 47
 68
 48
 57
 43
 51
 78
 57
 61
 66
 59
 61
 48
 57
 67
 43
 73
 54
 50
 54
 73
 75
 53
 48
 63
 57
 46
 71
 56
 53
 65
 57
 70
 74
 50
 64
 49
 64
 62
 82
 50
 64
 57
 74
 57
 67
 53
 60
 53
 38
 46
 54
 80
 55
 74
 47
 70
 58
 60
 53
 55
 53
 67
 64
 80
 69
 67
 63
 67
 43
 51
 86
 53
 44
 45
 55
 80
 75
 76
 56
 51
 54
 45
 67
 70
 84
 52
 49
 66
 84
 67
 46
 39
 70
 56
 57
 68
 59
 51
 45
 72
 68
 54
 44
 58
 51
 63
 61
 48
 81
 50
 56
 55
 60
 67
 54
 76
 72
 58
 72
 49
 81
 57
 55
 63
 56
 55
 81
 55
 59
 69
 56
 70
 86
 46
 51
 54
 55
 57
 69
 41
 64
 52
 76
 60
 59
 54
 51
 71
 73
 62
 54
 51
 63
 55
 56
 43
 60
 68
 50
 53
 48
 71
 50
 77
 51
 76
 50
 76
 56
 51
 42
 59
 68
 53
 66
 47
 61
 74
 71
 71
 42
 67
 55
 67
 70
 59
 69
 61
 46
 53
 62
 54
 87
 66
 60
 47
 50
 78
 58
 65
 62
 73
 62
 55
 58
 57
 69
 60
 51
 56
 61
 54
 54
 64
 61
 67
 56
 80
 61
 62
 49
 50
 52
 68
 65
 79
 53
 54
 62
 60
 73
 48
 74
 78
 66
 62
 44
 44
 51
 65
 72
 57
 51
 51
 39
 92
 46
 48
 48
 48
 61
 68
 44
 74
 59
 66
 67
 43
 50
 81
 49
 40
 53
 69
 65
 58
 61
 52
 59
 67
 53
 48
 49
 55
 49
 57
 48
 44
 77
 44
 39
 45
 45
 49
 82
 62
 44
 65
 53
 58
 80
 99
 62
 59
 83
 52
 68
 64
 71
 61
 50
 52
 49
 53
 76
 58
 94
 87
 50
 67
 67
 66
 43
 61
 56
 73
 45
 65
 50
