 42
 32
 51
 59
 58
 53
 46
 54
 49
 59
 45
 38
 41
 60
 42
 34
 52
 44
 42
 53
 41
 32
 53
 43
 42
 58
 59
 46
 65
 35
 56
 41
 52
 51
 37
 44
 44
 42
 44
 41
 45
 50
 53
 41
 80
 51
 47
 41
 59
 55
 41
 40
 40
 42
 44
 56
 51
 68
 44
 30
 55
 58
 50
 55
 65
 45
 48
 59
 50
 48
 45
 51
 61
 44
 53
 36
 44
 62
 49
 39
 47
 36
 48
 43
 37
 43
 55
 40
 41
 57
 40
 57
 45
 47
 43
 53
 43
 53
 49
 32
 38
 43
 69
 32
 43
 42
 36
 46
 38
 38
 40
 55
 50
 53
 47
 43
 61
 38
 50
 42
 50
 56
 56
 53
 37
 62
 46
 46
 33
 59
 62
 46
 53
 41
 57
 34
 72
 48
 51
 53
 65
 49
 52
 30
 34
 43
 56
 61
 40
 40
 59
 43
 58
 54
 47
 42
 58
 52
 57
 55
 52
 49
 42
 45
 41
 62
 53
 45
 53
 42
 42
 68
 52
 67
 46
 49
 43
 44
 45
 47
 52
 66
 34
 53
 48
 56
 34
 36
 35
 40
 59
 62
 74
 35
 45
 61
 61
 64
 38
 59
 57
 57
 55
 60
 46
 40
 42
 47
 46
 58
 49
 42
 46
 44
 55
 42
 50
 33
 41
 56
 54
 62
 51
 40
 71
 46
 35
 51
 52
 50
 56
 59
 51
 52
 38
 51
 45
 35
 51
 46
 41
 62
 42
 44
 48
 55
 45
 56
 64
 41
 61
 54
 54
 54
 53
 54
 48
 54
 44
 61
 44
 48
 50
 55
 44
 59
 54
 45
 58
 42
 39
 46
 41
 55
 45
 54
 57
 64
 62
 44
 57
 57
 44
 65
 59
 56
 58
 44
 41
 47
 61
 35
 49
 52
 49
 61
 46
 45
 46
 59
 35
 42
 47
 42
 57
 61
 35
 32
 62
 44
 50
 53
 55
 42
 42
 44
 38
 57
 37
 33
 47
 57
 52
 61
 69
 39
 67
 54
 46
 37
 49
 43
 38
 46
 40
 46
 42
 49
 42
 30
 49
 44
 56
 48
 59
 44
 28
 42
 37
 58
 51
 40
 38
 59
 60
 63
 51
 36
 47
 57
 48
 43
 42
 43
 53
 56
 46
 44
 53
 61
 63
 63
 40
 40
 35
 41
 37
 45
 39
 50
 52
 42
 40
 49
 57
 53
 65
 52
 34
 51
 53
 48
 48
 39
 67
 52
 30
 41
 63
 48
 53
 33
 49
 45
 41
 48
 67
 75
 37
 37
 57
 45
 67
 42
 38
 44
 55
 54
 62
 44
 42
 42
 64
 41
 45
 64
 53
 63
 57
 53
 47
 40
 60
 38
 39
 47
 54
 64
 64
 44
 48
 51
 44
 60
 50
 44
 42
 76
 47
 57
 42
 49
 42
 55
 48
 50
 41
 40
 53
 52
 49
 42
 44
 47
 43
 67
 38
 43
 63
 70
 54
 56
 57
 64
 40
 42
 42
 52
 64
 40
 45
 54
 47
 51
 35
 74
 49
 61
 38
 60
 67
 35
 45
 58
 51
 54
 59
 67
 50
 62
 67
 43
 46
 43
 69
 45
 40
 43
 43
 46
 61
 40
 46
 63
 73
 42
 35
 56
 61
 39
 44
 50
 48
 60
 67
 26
 43
 55
 47
 58
