27.744048
31.591667
34.570238
37.246429
26.345238
32.834524
33.252381
30.955952
31.007143
31.271825
30.728571
33.836508
30.420238
30.680159
32.761905
32.080952
32.259524
30.845238
32.704762
34.459524
32.373810
31.548810
31.067857
31.507143
31.054762
26.440476
33.566667
33.926190
28.759524
30.156349
30.836905
33.611905
33.846429
30.991667
32.541270
33.589286
30.013095
32.747619
33.120238
33.414286
36.517857
31.579365
33.160714
26.221429
27.538095
32.566667
31.322619
33.425000
32.578571
36.475000
33.111905
33.677381
28.687302
32.945238
31.722222
33.703571
33.248810
36.376190
29.655952
30.923810
30.808333
28.623810
27.372619
29.616667
32.313492
33.916667
34.921429
28.222619
33.283333
30.852381
30.873810
30.125000
27.884127
32.984524
33.803571
31.998413
31.257143
31.902381
34.010714
32.983333
30.421429
30.872619
28.509524
33.852381
28.169048
32.231349
34.566667
31.763095
30.052381
32.272619
32.648810
33.264286
35.801190
29.841667
33.069048
34.171429
30.239286
33.142857
30.019444
31.836508
31.588095
30.367857
30.817857
27.648810
33.962302
31.242857
30.664286
32.992857
35.065476
31.217857
28.713095
31.408333
32.842857
30.592857
30.744048
30.034524
27.011905
31.240476
31.572619
30.352381
28.557143
33.623810
32.171429
32.477778
32.004762
33.108333
29.845238
33.551190
27.304762
29.980952
31.754762
32.057143
33.979762
32.925000
31.992857
32.647619
30.623810
31.900000
29.086905
34.136905
31.867857
25.994048
31.270635
36.264286
33.392857
30.628571
30.832143
35.049603
35.223413
32.460714
31.126190
30.798810
30.371429
27.857143
31.652381
27.989286
29.007143
32.754762
36.215476
31.127381
27.916667
34.913095
28.978571
32.461905
29.919048
29.161905
28.591667
30.916667
27.405556
27.955952
29.178571
30.030952
26.790476
35.192857
34.371429
35.236905
31.672619
27.205556
30.516667
28.763889
32.032143
29.666667
31.967857
33.383333
35.811905
34.742857
30.097619
32.097619
33.272619
33.079762
31.164286
31.907143
36.069048
29.939683
32.585317
31.983333
33.133333
33.836905
27.966667
33.370238
32.591667
32.279762
30.476190
33.175000
35.048810
31.162302
35.519048
32.501190
26.707143
33.060714
32.917857
32.783333
30.530952
31.391667
28.709524
31.507143
33.220238
27.978571
32.351190
36.679762
29.958333
30.189286
28.160317
30.142857
32.588095
31.547619
28.292857
31.551190
33.226587
29.060714
34.047619
33.235714
32.071429
34.264286
34.450000
34.935714
32.436905
33.013095
29.037302
35.007143
31.930952
34.198810
29.053968
33.055952
30.816667
29.228571
34.265079
31.575000
27.035714
28.736905
30.883333
30.911508
31.372619
29.695238
30.574603
36.289286
27.157143
32.209524
32.732143
30.042460
31.810714
29.090476
35.647619
30.819048
28.279762
34.409524
34.478175
31.654762
32.598810
32.236905
33.039286
29.419048
32.959524
34.616667
33.757143
35.222619
36.288095
31.400000
29.958333
30.938095
31.890476
28.219048
30.015079
27.385714
30.135714
34.409524
30.529762
28.659524
28.633333
32.195238
30.576190
32.176190
31.430952
29.511905
32.267857
33.166667
31.211905
34.944048
30.709921
28.925000
29.450000
35.009524
32.533333
30.440476
36.421429
32.185317
33.710714
29.803968
31.203571
33.532143
34.604365
29.711905
32.297619
30.897619
31.614286
33.085317
32.040476
27.433333
34.860714
30.691667
32.182143
30.095238
36.971429
31.601190
31.520238
31.447619
31.989286
27.239286
32.929762
33.513095
27.321032
35.136905
31.914286
31.145238
32.629762
35.322619
30.746429
34.561905
34.800000
32.050000
31.408333
30.442857
30.117857
32.316667
30.919444
32.177381
32.239286
28.577381
31.930159
29.780952
33.573810
34.204762
32.384127
31.676190
32.326190
29.795238
35.240476
32.564286
32.437302
34.152381
32.036905
28.846429
31.586905
28.142857
34.707143
29.471429
29.692857
34.890476
30.576190
29.951190
33.294048
32.090476
28.960714
32.145635
28.921429
31.209127
28.664286
31.217857
28.061905
35.873810
33.465476
31.065476
27.378571
33.484524
29.519048
31.609524
33.964683
35.276190
31.079762
31.018254
32.147619
34.384524
32.328571
34.446429
31.459524
30.439286
30.515873
33.883333
32.130952
33.489286
28.495238
29.010714
27.089683
32.838889
32.505952
31.232143
34.384524
32.270635
31.642857
30.148413
33.638095
29.616667
35.011905
32.935714
32.083333
31.267857
32.959524
31.061905
35.555952
33.722619
32.907937
29.870635
35.563095
31.234524
31.958333
30.221429
33.950000
32.385714
30.053571
29.852381
26.997222
34.054762
33.430159
32.600000
30.344048
33.749206
27.252381
34.300000
34.138095
33.007143
29.716667
31.841667
33.608333
31.611905
32.354762
34.039286
28.972619
36.179762
35.697619
30.360714
29.822619
29.717857
30.846429
32.128571
31.121429
29.180952
28.829762
31.716667
32.280952
30.747619
34.036905
33.116270
30.077778
32.261905
31.380952
31.428571
30.271429
30.925000
32.744048
34.179762
29.371429
30.045238
29.041667
30.428571
27.305952
31.233333
33.510714
30.226190
34.652381
34.101190
29.460714
34.278571
34.678175
34.279762
27.791667
32.114286
31.151190
33.948810
32.935714
30.449603
33.809524
32.220238
28.767857
32.855952
29.175000
32.390476
33.657143
33.646429
35.351587
27.749206
31.297619
32.017857
35.952381
32.734127
32.709524
30.858333
35.515476
30.673810
30.368254
33.710317
35.082540
30.876190
32.865476
30.209524
29.267857
34.919048
30.950000
31.388095
29.344048
34.363095
33.632143
31.038095
32.175000
31.803571
32.141667
30.596825
31.964286
28.621429
33.529762
33.745238
33.985714
31.928571
31.504762
27.205952
33.065476
36.297619
27.842857
33.698810
29.598810
30.606349
30.492857
34.553571
31.477381
30.452381
34.440476
32.452381
33.459524
30.527381
33.148810
35.759524
31.720238
31.658333
29.963095
35.353571
30.366667
28.430952
28.725000
33.723810
33.142857
26.735714
32.164286
32.023810
32.196429
30.010714
27.939286
30.411905
33.380952
35.125000
32.002381
32.795238
30.102381
34.592857
27.341667
28.007143
32.130159
32.171429
35.066667
31.685714
31.929762
29.839286
29.828571
31.368254
33.105952
34.071429
31.285714
26.077381
36.917857
30.451190
30.591667
28.617857
31.847619
29.746429
30.905952
29.855952
34.132143
27.575000
32.819048
30.853175
33.658333
28.554762
30.992857
32.417857
31.130952
31.096429
30.023016
32.209524
31.991667
35.252381
33.150000
29.575000
32.384524
34.883333
27.686905
34.864286
31.875000
34.998810
29.720238
31.266667
30.202381
30.157143
29.575794
34.064286
31.041667
28.455952
32.355952
34.726984
32.628571
28.529762
33.342857
30.445238
28.416667
34.191667
32.405952
32.089286
26.493254
29.391667
31.185714
34.050000
34.350000
31.217460
33.780952
29.808333
33.388889
32.586905
32.089286
31.052381
31.703571
31.700000
33.173810
28.472619
34.565476
33.548810
32.970238
29.509524
35.579762
30.042857
31.822619
31.938095
30.526190
32.792857
34.709524
32.660714
31.601190
34.274603
31.949206
32.843254
31.463095
29.491667
26.720238
30.121429
37.151984
32.972619
29.198810
34.004762
33.223810
33.829762
30.800000
32.311111
32.856349
33.360714
34.195238
28.804762
26.882143
32.509524
29.767857
31.652381
33.953571
30.264286
28.715476
33.186905
32.127381
29.780952
31.769048
31.270238
34.785714
35.786905
30.397619
26.946429
29.182143
30.067857
31.488095
34.361905
35.100000
33.869048
30.709524
27.007143
32.833333
32.773810
33.115476
32.426587
32.454762
33.409524
32.880952
31.495238
34.623810
35.116667
33.828571
31.548810
32.105952
30.884524
27.661905
34.785714
31.473413
30.313095
34.711905
27.020238
32.896429
30.407143
29.779762
33.894841
29.060714
34.109524
30.577381
29.971429
31.736905
32.515476
34.471429
34.032143
33.359524
31.548810
35.792857
36.348810
32.701190
33.150794
36.753571
34.484524
31.844048
30.927381
30.146032
34.988095
28.466667
31.554365
34.919048
32.469841
27.650000
35.090476
31.378571
31.986905
30.378571
26.379762
30.733333
32.573810
31.820635
31.045238
29.047619
32.010714
29.667857
32.890476
28.730952
31.416667
34.319048
31.335714
25.322619
29.523810
32.147619
32.485714
34.096429
28.792857
31.236905
31.401587
31.573810
28.977381
32.500000
36.428571
32.828571
32.911905
35.655952
29.486905
30.861905
34.604762
35.200000
30.964286
33.736905
32.542857
31.319048
30.420635
29.250000
33.335714
35.647222
32.190476
28.834524
32.513492
29.595238
31.466667
31.410714
35.376190
28.033333
32.123810
32.225000
29.391667
33.436905
35.897619
35.922619
35.090476
34.200000
32.819048
33.083730
25.901190
35.089286
32.692857
35.236905
32.509524
32.686508
28.992857
34.615476
31.704762
33.225794
32.059524
33.976190
35.113095
33.955952
30.861905
29.071032
29.529762
31.750000
36.502381
31.589286
29.139286
34.219444
31.333333
28.391667
30.898810
31.472619
31.272619
31.636905
27.719048
28.630952
31.064286
33.992857
33.711905
34.032143
34.186905
31.308333
34.738095
34.273810
34.270238
36.725000
34.214286
32.092857
32.029762
36.489286
32.034524
31.602381
32.196429
29.170238
31.046429
31.511508
26.717857
33.350000
31.747619
32.965476
27.251190
31.585714
29.995238
33.957143
31.488095
31.141667
33.265476
32.261905
31.571429
33.222619
32.673810
26.982143
32.839286
32.342857
30.376587
26.890873
32.005952
31.280952
33.852381
31.780952
29.940476
29.740476
29.615476
32.571429
33.290476
33.520238
34.600000
34.389286
28.430952
29.707143
29.872619
32.321429
33.508333
30.272222
30.178571
35.039286
29.684524
31.492857
33.492857
31.150000
32.432143
32.945238
35.576190
28.650000
31.288095
30.213095
28.423810
34.002381
31.139286
32.844048
33.740476
31.312698
30.720238
30.025397
31.691667
30.398810
31.069048
29.240476
32.428571
34.604762
28.635714
35.616667
26.415476
34.551190
31.990476
32.611905
34.398810
31.689683
29.936905
30.282143
29.490476
31.694048
28.683333
33.876190
34.819048
33.886905
32.997222
26.871429
29.469841
31.916667
27.629762
30.136508
33.514286
31.979762
31.650000
30.979762
32.179762
34.729762
33.114286
32.997619
33.684524
28.410714
32.890476
31.825000
32.357143
28.683333
31.871429
29.829762
28.450000
25.547222
30.950000
31.520238
32.032143
34.688095
32.152381
29.494048
32.854762
28.232540
27.052381
29.098810
36.345238
32.021429
33.975000
31.710714
32.647619
31.564683
26.665476
25.892857
27.255556
35.029762
32.776190
28.722619
30.041667
31.952381
33.739286
32.228571
35.278175
30.192857
31.985317
33.536905
30.717857
33.661905
30.334524
31.989286
29.368651
32.428571
32.092857
30.648810
30.103571
33.915476
34.038095
31.871429
28.853175
30.336508
32.198810
33.765476
34.701984
31.714286
31.002381
28.029762
30.328571
35.201984
33.766667
31.004762
32.119048
32.366667
30.960317
31.959524
32.198810
34.277381
28.963095
32.669048
33.957143
35.134524
33.427381
29.598810
35.196429
31.013095
31.792857
34.026190
34.904762
31.651190
30.635714
30.086905
35.775000
33.071429
29.230952
31.278571
29.171429
29.784921
34.046429
34.133333
31.023810
33.159524
31.421429
31.365873
31.122619
32.978175
33.179762
30.053571
28.250000
32.221429
30.001190
32.557143
29.385714
30.958333
31.397619
33.153571
28.325000
30.619048
33.721429
32.552381
31.404762
31.192857
31.289286
29.433333
34.633333
31.996429
32.119048
29.147619
34.328571
31.646429
27.495238
28.385714
27.819048
31.086508
35.721429
35.553571
28.446429
29.525000
29.645238
33.709524
33.303571
33.064286
34.480952
31.285714
29.617857
34.711905
30.361905
34.807143
28.350000
32.450000
34.489286
32.535714
32.067857
34.178571
30.521825
32.154762
35.116667
30.360317
32.856349
33.769048
31.763095
30.242857
35.766667
32.171825
27.763095
30.197619
31.265476
32.871429
33.700000
32.034524
31.815476
33.373810
33.240476
28.507937
30.286905
27.622619
33.716667
29.709524
33.535714
32.014286
31.484524
33.330952
30.528968
33.355556
30.803571
31.550794
33.004762
34.198810
31.651190
31.745238
33.200000
35.808333
27.652381
30.480952
34.208333
31.658730
33.660714
34.890476
28.788095
29.400000
32.108333
32.430952
30.665476
29.578571
34.195238
32.936905
34.742857
32.234524
30.322619
32.709524
31.150000
32.372619
32.246429
27.859524
33.522619
27.760714
30.455952
28.648810
35.252381
34.107143
31.188492
30.388095
34.471429
30.571429
34.376190
32.846429
31.919048
31.723810
32.000000
27.525000
33.300000
30.877381
29.663095
34.710714
31.230952
32.924206
29.402381
