68.273810
64.749603
65.729762
67.516667
66.028571
68.658333
63.388095
65.927381
67.421429
65.610714
64.952381
66.294048
65.298810
63.903571
67.809524
66.020238
67.866667
66.486905
67.441667
66.284524
62.358333
65.319048
66.077381
65.459524
61.176587
65.128175
65.496032
62.248810
68.638095
63.905556
68.500000
65.824603
68.160714
63.138095
65.272619
66.171429
66.926190
62.446429
67.907143
67.497619
62.695238
65.408333
67.527381
66.123016
67.040476
66.378571
64.688095
66.277778
68.444048
61.957143
68.055952
65.460714
64.545238
65.961905
66.245238
65.494048
67.083333
66.446429
64.317857
64.273810
66.832143
63.617857
68.171429
65.494048
68.761905
67.594048
65.022619
65.664286
65.964286
65.565476
62.104365
66.219048
68.376190
67.084127
67.822222
65.076190
62.540476
64.181349
62.928571
67.115476
64.969048
63.719048
64.542857
68.263095
63.773810
62.913095
65.454762
63.719048
66.963095
66.957143
65.558333
62.622222
64.763095
65.430159
67.707143
66.333333
64.782143
63.327381
67.150000
66.447619
64.972222
68.594048
65.519048
69.351190
66.821429
64.092857
67.885714
62.828571
63.026190
65.965476
63.770238
63.458333
65.492857
68.145635
59.916667
64.965476
64.277381
65.205952
67.373810
65.335714
66.679762
64.817857
67.907143
65.057143
65.402381
65.559524
68.314286
67.218651
66.241667
64.338095
62.365476
65.898810
67.267857
65.598810
63.786905
62.652381
66.771429
63.671429
65.589286
65.097619
64.675000
68.176190
64.633333
65.315476
67.340476
66.344048
68.471429
63.875000
63.133333
66.943651
67.457143
67.655952
63.883333
62.951190
66.600000
63.942857
67.614286
64.407143
65.821429
64.561905
67.384524
64.045238
66.455952
68.833333
65.916667
66.128571
66.097222
65.788095
62.410714
67.616667
63.476190
68.026190
63.563889
64.922619
63.948810
66.956746
63.784524
66.071429
65.213095
62.403571
67.213095
67.408333
68.739286
63.375000
68.897222
66.195238
65.034524
65.045238
65.741667
64.401190
69.140476
60.696429
65.515476
65.300397
66.975000
68.063492
65.311905
62.168254
62.922619
67.285714
65.378571
64.110714
63.865476
66.797619
66.292857
68.822619
62.059524
65.333333
63.498810
62.675000
60.932540
63.633333
65.182143
65.601587
62.704762
67.067857
61.654762
64.163095
66.979762
66.847619
68.430952
66.739286
65.027381
62.088492
63.317857
63.638095
66.569048
70.386111
65.758333
63.161905
67.664286
68.275000
66.888889
67.717857
68.145238
63.270238
61.557143
68.577381
67.189286
61.686905
69.635317
67.365476
66.032143
64.445238
62.792857
65.445238
68.090476
67.169048
67.957143
64.470238
63.457143
66.052381
66.467857
64.964286
65.173810
63.776190
65.727381
66.105952
64.013492
67.236905
62.579762
65.786905
67.457143
66.482937
68.376190
62.625397
65.180952
65.454762
66.970238
62.178968
65.933333
68.895238
63.017857
67.258333
67.969048
64.496429
61.530952
69.782143
68.234127
61.867857
68.284524
67.196429
63.664286
63.096429
67.184524
69.104762
61.142063
66.595238
66.854762
65.017857
66.875397
62.958730
62.825000
62.742460
65.872619
64.260714
64.822619
66.114286
65.688095
65.995238
66.777778
66.101190
69.350000
67.366667
60.997619
63.864286
66.658333
62.984921
66.077381
64.594048
66.586905
65.663492
64.474206
66.229762
63.428571
66.401190
66.822619
66.632143
63.108333
67.354762
62.869048
62.786905
61.726190
67.560714
66.083333
67.145238
66.345238
68.238095
64.244048
64.080952
64.973810
63.403175
65.466667
62.484524
65.975000
64.711905
66.646032
66.291667
65.186508
65.919048
68.004762
67.082937
67.651190
67.635714
68.019048
69.326984
63.310317
65.909524
68.799603
63.033333
68.442857
64.226190
64.092857
66.726190
68.263095
60.338095
65.432143
63.017857
65.513889
66.342857
63.157143
67.095238
66.553175
65.484524
65.236508
69.136905
63.942857
65.909127
62.945238
66.170238
62.347619
65.715476
66.586905
61.135714
67.484921
64.025000
65.195238
66.586905
66.448810
66.633333
64.364286
64.255952
67.748810
66.421429
67.495238
67.698810
66.948810
66.192857
67.897619
67.556746
65.072619
64.251190
63.160714
66.444048
66.679762
65.285714
67.351190
64.888492
65.150000
65.921429
67.153571
66.211905
62.970238
64.240476
67.550000
66.830952
67.619048
65.614286
65.980952
67.346429
64.021429
66.108333
61.882937
60.665476
61.554762
65.130952
66.220238
66.015476
66.907937
65.194048
65.010714
65.417857
66.961905
68.085714
65.520238
67.552381
67.148413
63.721429
65.416667
65.638095
65.970238
62.220635
69.142857
63.048810
67.983333
64.997619
64.460714
68.128571
62.084524
61.172619
67.376190
65.441667
68.827381
66.898810
69.301190
64.858333
63.921429
65.538095
63.539286
65.876190
66.484524
67.698413
66.357143
64.826190
66.226190
65.846429
62.677778
66.491667
63.586508
65.952381
66.647619
65.292857
67.840476
66.361905
65.228571
66.471429
67.160714
67.467063
65.613095
68.186905
66.766667
66.454762
64.154762
63.801190
63.810714
64.025000
66.192857
66.250000
66.288095
64.952381
63.850794
68.170238
63.392857
68.661905
65.882937
65.758333
64.202381
65.567857
62.789286
65.009524
64.114286
66.711905
68.163095
64.438095
69.477778
68.466667
62.795238
66.045238
63.761905
62.355952
64.482540
66.804365
61.033333
68.258333
65.531349
66.769048
66.957143
67.929762
65.017857
63.208333
64.333333
63.708333
66.378571
67.565476
64.679762
65.402381
67.263095
66.172619
68.811905
66.028571
65.050794
64.414286
63.705952
64.775000
64.820238
65.669048
66.157143
67.814286
61.730952
64.722619
65.401190
64.846429
66.714286
65.264286
67.257143
63.877381
64.267063
66.964286
67.292857
68.183333
62.680952
65.313095
63.826190
67.330556
68.775000
64.061905
67.356349
68.683333
63.080952
64.522619
68.313095
63.821429
66.848810
62.294048
64.636905
61.869048
65.876190
66.983333
64.845238
67.520238
66.341667
63.210714
70.317857
64.726190
63.944048
65.333333
64.150000
65.777381
63.948016
63.550000
61.492857
65.594048
65.840476
66.976190
64.544048
67.746429
62.238095
66.522619
64.302381
62.538095
65.103571
63.420238
64.844048
61.922222
63.217063
68.446429
67.109524
64.510714
63.105952
66.589286
64.675000
68.266667
66.628571
68.446032
66.959524
68.786905
65.047619
68.215476
67.476984
63.042063
66.839683
65.646429
67.001190
65.686905
66.634524
64.475000
67.053571
63.266667
69.594444
64.182143
64.915873
67.189286
64.367857
68.557143
67.223810
66.970238
65.357143
67.161905
65.924603
67.438095
66.320238
65.370238
66.190476
66.332143
66.754762
65.769048
62.110714
67.200000
65.696429
64.604762
67.022619
69.203571
66.045238
66.095238
67.163095
68.714286
68.823810
67.594048
66.432143
65.736905
64.176190
63.216667
66.532143
67.377381
63.667063
67.425000
68.032143
64.626190
68.960714
67.136905
66.127381
63.929762
65.002381
66.773810
65.313095
64.138492
63.183333
64.865476
65.321429
64.497619
67.265476
67.377381
65.719048
64.585714
64.782143
63.286905
66.058333
62.825000
68.072619
64.858333
67.700794
66.133333
63.138095
68.104762
60.847619
64.478571
63.026190
66.209524
66.511508
68.001190
65.530952
68.603571
64.279762
66.036111
65.915873
64.330952
64.223413
68.167857
68.400000
64.822619
65.150794
66.746429
63.876190
62.785317
63.634524
65.021429
66.447619
67.685714
69.171429
66.159524
66.251190
64.140476
64.414286
66.652381
63.267857
64.098810
66.876190
65.739286
