89.028571
88.048810
87.241667
88.597619
88.141270
89.432143
87.664286
87.798810
88.790476
90.214286
89.655952
89.288095
88.857143
89.107143
89.019048
88.055952
89.782540
86.961905
89.911905
89.295238
86.964286
88.064286
89.195238
87.490476
89.723810
88.820238
88.826190
89.551190
88.460714
87.379365
90.440476
88.271429
89.459524
88.831746
87.465476
88.470635
89.345238
88.911905
89.292857
87.152778
87.611905
88.875000
89.092857
89.146429
87.646429
88.139286
87.225000
88.841270
89.289286
88.567857
89.392857
87.764286
88.957143
88.469048
87.766667
87.965476
88.570238
90.095238
89.179762
87.478571
88.630952
88.928571
88.859524
88.708333
88.261905
88.842857
89.350000
88.347619
88.520238
89.341667
86.869048
89.183333
88.909524
89.857143
86.280952
87.347619
88.844048
88.794048
88.584524
89.223810
85.733333
87.246429
88.739683
87.566667
87.735714
87.823810
88.503571
89.726190
88.803968
88.092857
88.277381
87.797619
88.166667
87.878571
88.404762
89.871429
89.140476
87.976190
88.832143
87.299603
87.178571
87.707143
89.267857
87.438095
88.495238
89.452381
88.407143
89.242857
88.815476
89.682937
87.200000
87.908333
90.419048
89.541667
88.865476
89.394048
89.360714
87.504762
87.557143
88.077381
88.428571
90.294048
87.454762
87.934524
88.500000
88.405952
88.253175
88.321429
87.233333
88.699206
88.633333
88.052381
89.504762
89.970238
89.358333
89.876190
89.247619
89.572222
89.977381
89.194048
89.798810
89.487302
87.803571
87.560714
87.792857
88.476190
89.311905
88.235714
89.709524
90.034921
88.102381
88.460714
88.202381
89.126190
88.026190
86.807143
88.546429
87.985714
88.580952
87.185714
87.736905
86.884524
88.589286
88.538095
87.726190
89.427381
89.938095
89.258333
87.266270
89.609524
87.810714
89.258333
88.166667
88.723810
88.750000
88.627381
87.892857
88.695238
87.511508
86.298810
88.800000
89.536905
88.788095
87.791667
87.928571
88.321429
88.098810
89.142857
89.107143
90.442857
89.027381
87.284921
88.611905
89.317857
89.650000
89.392857
87.890476
87.923810
89.480952
87.367857
89.450000
88.104762
87.371429
88.073810
89.738095
88.313095
88.209524
87.870238
89.748810
87.035714
88.971429
88.690476
88.048810
88.502381
88.991667
88.608333
88.771429
88.804762
87.686905
89.863095
87.765476
89.417857
88.321429
89.029762
88.853968
89.238095
89.659524
89.241667
89.238095
87.865476
87.341667
87.910714
88.283333
88.326190
88.882143
88.901190
88.000397
87.321429
88.605952
88.610714
89.047619
89.486905
88.266667
88.670238
89.132143
88.273810
89.516667
89.205556
89.171429
87.297619
89.157143
87.847619
88.708333
89.719048
88.970238
87.930952
87.883333
89.633333
88.608333
88.704762
88.913095
89.755952
89.185714
89.520238
88.738095
89.129762
89.214286
88.097619
89.623810
89.246429
87.646429
87.450794
88.570238
87.919048
88.155952
88.007937
89.847619
89.234524
88.694048
88.663492
89.697619
89.644048
89.420238
87.666667
86.588095
88.792857
88.573810
88.733730
87.947619
88.601190
89.207143
87.910714
88.317857
89.734524
88.684524
89.146429
90.365476
88.247619
89.389286
87.752381
89.297619
87.640476
89.943651
90.558333
88.575000
88.503175
87.516667
88.765476
87.566667
88.520238
88.977381
90.186905
89.965476
88.721825
89.371429
88.238095
89.376190
88.210714
87.432540
88.372619
89.432143
89.595238
86.990476
89.021825
89.759524
88.692857
88.894048
88.614286
88.160714
89.209524
87.652381
89.134524
89.004762
87.414286
89.874206
89.001190
86.451190
89.354762
86.636905
87.305952
87.194048
87.859524
89.669048
87.184524
88.952381
88.807143
87.348810
87.963095
87.471429
88.497619
89.714286
89.364286
87.823810
88.448016
87.505952
88.086905
88.884524
87.448810
88.065873
89.003571
86.091667
88.635714
88.235714
87.109524
88.875000
89.385714
86.475000
89.111905
87.319048
88.359524
90.192857
87.370238
88.525000
86.583333
88.082143
88.152381
86.895238
87.523810
89.128571
89.738095
88.238095
89.200000
89.402381
89.338095
88.616667
89.675000
88.485714
89.728571
89.671429
87.280952
87.823810
88.058730
87.485714
88.083333
86.318254
87.705952
89.152381
87.165476
89.442857
88.146429
87.673810
87.263095
88.840476
87.865476
89.122619
87.087698
88.851190
88.590476
88.839286
88.009524
88.611905
88.988095
89.005952
88.064286
87.698810
88.307143
88.290476
87.065079
88.963095
87.719048
89.546429
88.964286
89.272222
88.782143
87.810714
87.366667
89.147619
88.278571
88.159524
88.380952
89.004762
89.769048
88.800397
88.838095
87.784524
86.235714
87.716667
89.251190
89.284524
88.623810
87.957143
89.154762
87.895238
88.228571
88.302381
88.564286
88.896429
88.803571
88.974603
88.373016
88.853571
87.731746
88.852381
88.846429
88.642857
88.123810
86.553571
88.990476
86.928571
87.105952
88.760714
88.616667
87.440476
88.547619
89.734524
87.922619
89.200000
86.505952
88.508333
88.595238
87.970238
88.564286
87.404762
89.019048
89.695238
88.371429
87.975000
87.696825
89.484524
87.840476
89.636508
89.140476
89.852381
88.152381
86.704762
89.607143
89.966667
88.884524
88.352381
89.101190
88.726190
89.517857
87.800000
88.878571
87.627381
88.042857
89.500000
89.097619
88.438095
88.640476
88.266667
88.446429
88.076984
89.047619
87.402381
87.744048
88.321429
88.179762
88.223810
88.320238
87.171429
88.576190
89.822619
88.313095
88.792857
88.759524
90.233333
89.769048
88.367857
88.577778
88.597619
88.417857
89.113095
87.786905
89.159524
88.659524
87.102381
87.258333
88.880952
88.517857
89.140476
88.685714
89.089286
89.415476
88.864286
89.819048
89.548810
88.051190
89.809524
89.004762
88.114286
87.590476
88.171429
88.946429
88.819048
89.335714
89.419048
88.445238
88.532143
87.789286
88.920238
88.654762
88.283333
89.822619
87.742857
89.154762
88.821429
89.085714
87.811111
88.050000
89.233333
86.947619
88.128571
88.725000
88.775000
87.898810
88.732143
88.865476
87.526190
87.954762
88.628571
88.897619
88.042857
88.209524
