1.258e-02 
1.073e-01 
1.128e-01 
1.514e-01 
1.370e-01 
1.609e-01 
1.337e-01 
1.324e-01 
1.233e-01 
2.075e-01 
3.016e-01 
1.638e-01 
1.388e-01 
1.377e-01 
1.380e-01 
1.448e-01 
1.221e-01 
1.270e-01 
2.455e-01 
2.941e-01 
1.795e-01 
2.556e-01 
1.889e-01 
2.233e-01 
1.646e-01 
1.623e-01 
1.529e-01 
1.616e-01 
1.354e-01 
2.100e-01 
1.753e-01 
2.583e-01 
1.262e-01 
2.008e-01 
1.908e-01 
1.564e-01 
2.255e-01 
1.485e-01 
1.426e-01 
2.247e-01 
2.109e-01 
1.463e-01 
1.816e-01 
1.483e-01 
1.807e-01 
8.713e-02 
1.947e-01 
1.271e-01 
1.844e-01 
1.059e-01 
1.778e-01 
2.086e-01 
1.134e-01 
1.218e-01 
1.888e-01 
1.314e-01 
1.747e-01 
1.536e-01 
2.503e-01 
1.633e-01 
1.872e-01 
2.507e-01 
1.734e-01 
1.788e-01 
2.370e-01 
2.051e-01 
1.538e-01 
1.615e-01 
1.884e-01 
1.990e-01 
1.375e-01 
1.923e-01 
1.646e-01 
2.228e-01 
1.608e-01 
1.302e-01 
2.144e-01 
1.556e-01 
1.346e-01 
2.150e-01 
2.306e-01 
1.892e-01 
1.536e-01 
1.699e-01 
1.761e-01 
1.704e-01 
1.727e-01 
1.475e-01 
1.907e-01 
2.258e-01 
1.808e-01 
1.589e-01 
1.823e-01 
1.288e-01 
1.983e-01 
1.294e-01 
1.875e-01 
2.083e-01 
1.381e-01 
2.011e-01 
1.813e-01 
1.558e-01 
2.243e-01 
1.220e-01 
1.151e-01 
1.799e-01 
1.759e-01 
1.721e-01 
1.211e-01 
1.650e-01 
1.537e-01 
1.734e-01 
2.138e-01 
2.131e-01 
1.732e-01 
1.247e-01 
8.485e-02 
2.299e-01 
2.339e-01 
1.759e-01 
1.425e-01 
2.098e-01 
1.937e-01 
2.167e-01 
1.713e-01 
1.781e-01 
1.185e-01 
1.228e-01 
2.053e-01 
2.667e-01 
1.922e-01 
1.643e-01 
2.307e-01 
1.747e-01 
2.581e-01 
1.316e-01 
2.789e-01 
1.861e-01 
1.678e-01 
1.328e-01 
1.838e-01 
1.446e-01 
1.936e-01 
1.387e-01 
1.456e-01 
1.414e-01 
2.010e-01 
1.666e-01 
1.830e-01 
9.892e-02 
1.443e-01 
1.810e-01 
1.415e-01 
1.415e-01 
1.722e-01 
1.558e-01 
1.908e-01 
1.286e-01 
1.703e-01 
1.451e-01 
2.185e-01 
1.285e-01 
1.154e-01 
1.678e-01 
1.759e-01 
1.372e-01 
1.293e-01 
1.720e-01 
1.660e-01 
1.829e-01 
2.396e-01 
1.033e-01 
1.690e-01 
1.298e-01 
1.333e-01 
1.653e-01 
1.379e-01 
2.264e-01 
2.004e-01 
1.601e-01 
1.454e-01 
1.134e-01 
1.266e-01 
1.192e-01 
1.803e-01 
1.079e-01 
1.083e-01 
1.766e-01 
1.631e-01 
1.696e-01 
1.017e-01 
1.201e-01 
1.546e-01 
2.262e-01 
2.719e-01 
2.260e-01 
2.044e-01 
1.681e-01 
1.054e-01 
1.005e-01 
1.778e-01 
2.842e-01 
1.560e-01 
2.131e-01 
2.356e-01 
1.612e-01 
1.699e-01 
1.460e-01 
1.450e-01 
1.634e-01 
2.207e-01 
1.719e-01 
2.207e-01 
1.735e-01 
1.286e-01 
1.880e-01 
2.395e-01 
1.285e-01 
1.434e-01 
1.100e-01 
1.145e-01 
1.378e-01 
1.184e-01 
1.526e-01 
1.993e-01 
1.865e-01 
6.562e-02 
1.539e-01 
1.807e-01 
2.342e-01 
1.249e-01 
8.592e-02 
1.302e-01 
1.544e-01 
1.099e-01 
1.745e-01 
1.258e-01 
1.391e-01 
2.237e-01 
1.852e-01 
1.301e-01 
1.781e-01 
1.468e-01 
1.071e-01 
2.049e-01 
1.135e-01 
3.665e-01 
1.760e-01 
1.765e-01 
1.464e-01 
2.136e-01 
1.857e-01 
1.204e-01 
1.857e-01 
1.757e-01 
1.690e-01 
1.535e-01 
1.415e-01 
1.160e-01 
1.673e-01 
1.804e-01 
1.976e-01 
1.185e-01 
1.130e-01 
1.247e-01 
1.346e-01 
2.093e-01 
2.148e-01 
1.941e-01 
1.384e-01 
1.541e-01 
2.235e-01 
1.509e-01 
1.733e-01 
2.136e-01 
1.786e-01 
1.944e-01 
1.190e-01 
1.775e-01 
2.647e-01 
1.745e-01 
1.823e-01 
1.952e-01 
1.343e-01 
1.331e-01 
2.023e-01 
1.231e-01 
1.576e-01 
1.880e-01 
2.070e-01 
1.917e-01 
1.602e-01 
1.349e-01 
1.202e-01 
1.154e-01 
1.197e-01 
2.209e-01 
1.170e-01 
1.484e-01 
2.499e-01 
2.301e-01 
2.580e-01 
9.433e-02 
1.647e-01 
2.709e-01 
2.469e-01 
1.289e-01 
2.101e-01 
1.360e-01 
1.684e-01 
1.189e-01 
1.890e-01 
1.796e-01 
1.454e-01 
3.288e-01 
1.191e-01 
1.736e-01 
1.954e-01 
2.359e-01 
1.951e-01 
2.057e-01 
2.818e-01 
1.998e-01 
1.494e-01 
2.175e-01 
2.028e-01 
1.484e-01 
2.774e-01 
1.826e-01 
1.729e-01 
1.470e-01 
9.366e-02 
1.189e-01 
1.289e-01 
1.038e-01 
2.065e-01 
2.252e-01 
1.883e-01 
1.400e-01 
2.164e-01 
2.090e-01 
1.761e-01 
2.216e-01 
1.599e-01 
1.321e-01 
9.912e-02 
1.936e-01 
1.939e-01 
1.334e-01 
1.514e-01 
2.237e-01 
8.781e-02 
2.342e-01 
1.381e-01 
2.044e-01 
1.541e-01 
2.435e-01 
2.175e-01 
1.691e-01 
2.753e-01 
2.312e-01 
1.754e-01 
1.337e-01 
1.761e-01 
1.942e-01 
2.165e-01 
1.748e-01 
1.889e-01 
1.558e-01 
1.990e-01 
1.952e-01 
1.332e-01 
1.824e-01 
1.480e-01 
1.684e-01 
1.823e-01 
2.070e-01 
1.285e-01 
1.449e-01 
1.649e-01 
1.506e-01 
1.592e-01 
1.630e-01 
2.158e-01 
1.836e-01 
2.285e-01 
2.096e-01 
2.005e-01 
1.489e-01 
1.472e-01 
1.469e-01 
1.622e-01 
1.998e-01 
1.530e-01 
1.652e-01 
1.821e-01 
2.088e-01 
1.877e-01 
2.199e-01 
2.021e-01 
1.468e-01 
1.490e-01 
8.624e-02 
2.264e-01 
1.650e-01 
2.044e-01 
1.821e-01 
1.618e-01 
1.723e-01 
1.289e-01 
1.910e-01 
1.605e-01 
1.152e-01 
2.219e-01 
1.610e-01 
2.271e-01 
1.336e-01 
1.366e-01 
1.462e-01 
2.007e-01 
1.527e-01 
1.659e-01 
3.124e-01 
1.364e-01 
2.220e-01 
2.140e-01 
1.568e-01 
1.890e-01 
1.895e-01 
9.603e-02 
1.439e-01 
1.482e-01 
1.712e-01 
1.975e-01 
1.827e-01 
1.339e-01 
1.118e-01 
1.910e-01 
1.414e-01 
2.481e-01 
1.955e-01 
2.407e-01 
1.234e-01 
1.607e-01 
1.706e-01 
1.971e-01 
1.893e-01 
1.820e-01 
1.998e-01 
1.805e-01 
2.133e-01 
2.496e-01 
1.684e-01 
1.276e-01 
2.486e-01 
2.775e-01 
1.591e-01 
1.211e-01 
1.812e-01 
2.514e-01 
2.185e-01 
1.410e-01 
1.651e-01 
9.168e-02 
1.597e-01 
1.449e-01 
1.456e-01 
1.540e-01 
1.616e-01 
1.080e-01 
1.217e-01 
2.274e-01 
1.154e-01 
1.946e-01 
1.620e-01 
1.227e-01 
2.105e-01 
1.831e-01 
2.271e-01 
1.166e-01 
2.475e-01 
2.051e-01 
1.474e-01 
1.772e-01 
8.692e-02 
1.427e-01 
1.832e-01 
1.637e-01 
2.057e-01 
2.051e-01 
1.475e-01 
1.179e-01 
1.759e-01 
2.204e-01 
2.118e-01 
1.684e-01 
1.562e-01 
2.153e-01 
1.760e-01 
1.985e-01 
2.155e-01 
