 78
100
 96
112
108
114
 88
 76
 80
 94
 94
 90
114
106
 84
 96
110
100
 98
 96
 90
 84
 86
120
108
104
128
 98
116
 96
100
102
 84
112
 98
112
 90
 90
 70
114
108
 96
 94
 92
 94
100
 96
 86
102
104
118
 92
112
 90
102
 88
 86
104
 82
106
 98
 96
 86
116
102
112
 98
102
 92
 98
102
 90
102
 86
 98
108
 96
 84
124
126
102
106
118
 88
102
 90
 80
100
 96
122
 98
 90
112
112
 72
 94
120
102
114
108
 72
114
 90
 98
 98
 86
 96
114
 94
 98
102
112
100
108
 98
 86
102
110
 90
 84
122
108
108
104
102
 92
110
112
106
124
102
 92
 96
 72
 96
104
102
 98
 98
 98
 84
110
 82
 92
110
104
100
118
100
 76
 88
104
 92
100
 80
126
 80
106
 98
 88
 96
106
 86
114
 80
 92
 82
112
 88
102
106
 92
100
100
120
108
102
108
 88
108
104
 88
110
 84
100
 76
 82
 94
110
 86
106
112
 76
122
 98
 96
112
112
108
102
 88
108
 90
106
 72
114
 78
 92
 80
108
 82
 84
 84
104
120
112
110
108
 96
 88
 62
118
 80
 82
 88
108
104
 94
 92
108
116
108
 86
104
106
 86
120
 88
 82
102
110
 94
 70
 82
 98
 94
100
 90
 84
 88
110
114
 90
112
 84
120
 98
130
106
 90
100
102
 82
112
 80
126
118
112
116
 98
 68
 94
106
 94
 96
102
 86
 68
 78
110
 98
100
126
108
 82
100
118
 72
100
106
 94
 96
110
110
116
110
 84
 94
112
108
 88
 96
 96
 92
106
118
106
112
104
104
110
 88
100
 90
 96
108
120
108
116
 96
102
110
100
100
 94
110
 78
 88
 86
 86
106
 84
106
 96
 94
 74
102
 96
100
 98
104
122
102
 80
 98
112
 82
 74
 82
110
112
108
100
102
108
 96
120
 78
 82
 88
 86
 80
102
110
106
114
 96
110
120
116
 92
 84
100
106
 86
 98
118
110
104
 80
 74
 98
104
 88
118
110
102
 72
112
114
108
 86
108
106
108
110
118
 82
 82
110
120
 94
122
108
102
 98
 98
 92
100
 88
112
112
 90
100
 76
104
 98
110
 66
108
 84
104
 88
110
108
 96
 92
 86
 96
 98
120
100
 90
106
102
 94
110
110
100
122
 98
 94
106
 84
108
 96
108
 92
 94
120
120
 90
 74
 96
106
100
 90
 92
 92
 94
104
102
 98
108
102
100
110
104
 98
 90
 84
 96
 82
104
120
 98
 88
 92
110
 94
114
 90
110
 96
110
 78
 72
 84
114
 96
 92
112
106
 74
100
 92
104
 84
114
100
124
 78
 90
 68
116
122
100
 88
108
120
 80
104
 88
 90
120
104
 92
102
102
108
100
 84
100
100
108
 98
124
 98
114
116
 94
122
104
114
 94
 94
 76
102
108
 90
 90
 96
102
 90
108
 96
 86
112
104
114
104
112
 76
 84
 90
116
124
112
110
104
 96
108
 82
 94
118
 88
 92
118
 78
 82
120
106
104
100
 90
104
110
 84
102
 98
104
 90
 86
 92
104
 90
112
 78
100
 78
104
 92
 86
108
102
102
108
 84
108
110
108
 86
 72
 90
112
 82
112
110
 88
 98
 98
 92
 92
 94
 98
 86
 94
 92
 90
104
 86
110
102
 96
104
 94
110
106
 98
 96
108
108
104
106
 90
114
120
 92
100
 76
 86
 98
 90
100
 98
106
 96
126
 92
106
 92
110
108
 90
104
112
 90
114
 96
 94
 96
 96
 94
 84
 88
104
102
 82
126
 84
104
 84
102
 90
 98
104
 98
120
 88
 96
100
110
 94
120
102
 98
108
108
102
 90
106
106
 90
 86
 88
 96
 76
120
 96
112
 96
 88
102
102
108
118
112
102
122
108
 80
 82
 96
108
106
 96
 98
 90
102
100
110
122
 94
 98
 98
104
 96
100
102
116
 88
120
 84
 80
 98
102
104
 86
 66
108
110
 80
108
120
104
 88
106
 96
 88
 82
 92
104
102
104
108
 96
104
106
 82
 94
108
112
 84
 90
118
 96
106
106
102
114
 96
108
 70
 88
106
100
 92
120
108
102
114
118
116
 98
118
114
104
106
 92
100
112
 94
 94
104
 88
 86
116
 94
112
 80
 92
104
 92
110
100
106
 94
106
104
 86
 88
 74
 80
102
 98
 88
 90
112
 88
116
 80
 94
 86
 86
 96
102
100
102
102
112
 94
102
102
120
 96
 98
 98
102
 98
100
104
106
102
106
 90
108
 78
116
104
104
114
104
102
 80
110
 98
100
132
110
 96
 94
106
102
 90
118
114
 82
110
 94
 96
 96
 98
110
 96
100
 96
 92
112
104
100
112
106
 98
 82
108
120
116
102
100
 92
114
 98
124
108
104
108
126
116
110
110
 82
106
118
 90
102
 90
102
100
 98
 92
 74
104
 88
114
 88
102
 88
106
106
 94
112
122
 98
 90
 88
106
120
 80
 82
102
 72
104
 78
102
 72
110
112
100
112
 78
 88
108
 88
100
110
110
112
106
116
114
 90
 78
110
 92
 94
112
 82
102
116
 78
 94
 90
 92
114
 92
 92
 88
108
 78
102
108
114
116
 84
100
104
114
114
 74
 96
 96
 98
 86
124
110
124
114
118
102
116
 98
 74
122
104
 92
 92
108
100
 94
108
110
100
 92
120
100
108
106
 84
 98
116
 98
102
 82
 80
 96
 84
 78
 86
 88
 96
 94
 92
 96
 88
 96
112
126
 94
114
116
 96
 84
118
 96
 96
 82
 90
100
 84
 98
 86
 98
118
 88
 88
110
100
 94
108
 88
102
108
 98
 90
106
 88
 98
110
110
102
106
 98
110
 94
 94
 88
 90
 88
 82
102
 90
114
108
 90
 82
 92
112
 76
 94
 92
114
 90
118
 88
 74
104
 86
 84
 98
 92
100
114
 80
 86
104
 90
106
 96
108
 98
 88
 92
122
 88
114
 96
120
 90
104
 90
 96
 98
120
102
 94
118
 90
106
114
 86
120
102
 96
110
 98
 98
 92
102
 94
 74
112
 84
100
 84
124
106
106
110
 90
100
 78
112
110
102
 86
108
124
100
 86
112
110
104
114
 78
102
 98
 88
 82
 92
100
 86
118
 94
 86
 96
 94
108
 98
106
104
 94
104
 98
 86
 92
100
 94
 86
 86
106
 78
112
124
104
 96
 90
 94
 80
128
 98
104
 68
102
 88
114
 92
110
 88
 82
 94
104
 86
106
 76
 76
102
100
 96
110
100
 88
104
 86
 84
 98
102
 98
100
 82
116
110
 80
112
 82
100
106
 88
 94
108
 92
110
100
 84
110
 98
 74
100
 90
 94
 80
108
 76
 78
 78
100
 90
102
 98
112
 88
 80
104
100
108
 86
124
 98
106
118
130
 88
 96
 92
 86
 84
 92
102
104
 84
106
104
 86
 86
 62
 80
 86
 88
130
 82
100
116
 86
102
100
118
116
118
 88
 84
104
110
 92
 92
 88
100
 98
104
102
100
 82
 82
 80
 84
102
112
122
102
100
104
102
104
 94
 86
116
 82
100
 98
 90
 88
108
 92
 96
 90
 80
 88
 98
 66
 96
 90
 98
104
 98
 98
104
114
102
100
 98
124
 94
 72
114
108
 92
100
 86
102
128
114
130
110
104
 78
102
 92
 88
104
 96
100
132
110
 74
102
100
118
104
108
122
 96
 94
100
118
110
102
106
 88
 88
104
114
106
 94
114
112
 94
102
106
 88
 90
108
104
120
108
 88
104
 74
 82
 98
 88
 88
118
 98
 74
 78
110
 88
100
 94
 98
110
 92
104
108
 88
116
 92
114
 98
110
102
 82
102
 80
100
 96
 96
110
 94
 98
 84
 82
108
120
114
114
 96
 98
104
 86
 86
100
 82
 90
104
 96
112
 72
108
 80
112
100
 98
 92
 88
 90
 96
100
 98
106
116
 88
 86
 82
 98
102
118
112
114
106
 84
 86
 72
 94
112
112
108
 90
 96
 76
106
118
 92
 86
 92
 82
 90
114
100
108
 88
108
 98
 80
 92
114
104
 72
 88
102
106
112
116
116
 94
 90
 98
 90
104
110
 98
112
102
114
 96
112
114
106
120
100
100
 90
 68
 92
100
120
100
100
110
 94
 86
 92
104
100
108
110
 98
 74
 84
110
100
106
108
126
 98
100
 64
 80
102
108
 80
114
 94
 78
 92
102
110
 92
108
 76
 98
 82
 92
 92
 92
114
116
 86
 82
102
106
114
 96
 88
112
100
 98
100
120
108
 82
108
120
112
104
112
110
102
122
102
112
110
 92
128
100
 90
108
 82
112
 98
100
 88
102
104
 92
104
110
108
 96
 84
 96
102
118
 90
116
106
106
100
118
 94
 76
100
110
102
104
 92
 96
102
100
108
 88
112
100
 78
 92
108
114
106
114
 90
124
 92
 98
110
112
 96
106
 82
 82
 90
110
126
 66
102
116
112
114
108
104
 80
 78
 82
116
102
 98
112
 98
108
 90
110
 98
102
 96
116
 86
 94
 86
 86
 92
 74
 86
108
 98
 94
108
 94
 98
 92
104
 90
102
 82
 98
120
104
 84
 96
112
 90
116
104
110
100
 92
102
 90
 84
 90
112
 90
108
 92
 74
128
 88
114
110
 90
102
 88
118
100
 98
112
104
114
110
 96
104
 84
100
 88
110
 92
104
 96
110
110
108
104
112
108
 98
 82
100
 98
 90
110
 88
 92
 86
108
116
 86
 98
 98
 98
 88
 84
118
 78
104
108
116
116
100
118
100
 98
 96
 74
112
 92
 98
108
 98
 82
114
 96
 84
 74
120
 88
