   3    4   12 0.733333 2.266667
   1    0    6 0.000000 1.000000
   1    0    7 0.000000 1.000000
   2    2   12 0.285714 1.714286
   4    6   17 1.066667 2.933333
   1    0    6 0.000000 1.000000
   1    0    7 0.000000 1.000000
   3    6   12 1.019048 1.980952
   3    4   12 0.766667 2.233333
   1    0    6 0.000000 1.000000
   1    0    6 0.000000 1.000000
   3    4   13 0.742857 2.257143
   1    0    7 0.000000 1.000000
   1    0    7 0.000000 1.000000
   2    2   10 0.342857 1.657143
   3    6   13 0.952381 2.047619
   2    2    9 0.366667 1.633333
   3    4   13 0.742857 2.257143
   1    0    7 0.000000 1.000000
   3    4   15 0.628571 2.371429
   2    2   12 0.285714 1.714286
   5   10   19 1.775000 3.225000
   1    0    5 0.000000 1.000000
   4    6   18 1.085714 2.914286
   1    0    6 0.000000 1.000000
   3    6    9 1.233333 1.766667
   3    6   12 1.000000 2.000000
   2    2   10 0.333333 1.666667
   1    0    6 0.000000 1.000000
   1    0    5 0.000000 1.000000
   2    2   11 0.309524 1.690476
   4    6   18 1.000000 3.000000
   4    6   17 1.052381 2.947619
   2    2   10 0.333333 1.666667
   1    0    5 0.000000 1.000000
   3    6   14 0.904762 2.095238
   1    0    6 0.000000 1.000000
   1    0    6 0.000000 1.000000
   3    4   13 0.700000 2.300000
   3    6   12 1.019048 1.980952
   1    0    6 0.000000 1.000000
   2    2   11 0.309524 1.690476
   3    4   15 0.642857 2.357143
   2    2   10 0.333333 1.666667
   1    0    6 0.000000 1.000000
   2    2   10 0.342857 1.657143
   1    0    7 0.000000 1.000000
   1    0    6 0.000000 1.000000
   1    0    7 0.000000 1.000000
   2    2   10 0.333333 1.666667
   3    6   11 1.066667 1.933333
   3    2   15 0.342857 2.657143
   1    0    6 0.000000 1.000000
   6   16   22 2.617857 3.382143
   1    0    6 0.000000 1.000000
   2    2   11 0.309524 1.690476
   2    0   12 0.000000 2.000000
   6   14   19 2.600000 3.400000
   4   10   14 1.719048 2.280952
   2    0   13 0.000000 2.000000
   2    2   11 0.309524 1.690476
   8   22   28 3.547619 4.452381
   2    2    8 0.400000 1.600000
   4    6   18 1.028571 2.971429
   1    0    6 0.000000 1.000000
   2    2   10 0.342857 1.657143
   5   12   18 2.000000 3.000000
   5   14   17 2.285714 2.714286
   1    0    5 0.000000 1.000000
   1    0    6 0.000000 1.000000
   5   10   19 1.700000 3.300000
   3    4   17 0.559524 2.440476
   4    8   18 1.214286 2.785714
   1    0    7 0.000000 1.000000
   2    2    8 0.416667 1.583333
   3    2   16 0.366667 2.633333
  11   32   30 5.485714 5.514286
   2    2   11 0.309524 1.690476
   2    0   13 0.000000 2.000000
   3    4   12 0.766667 2.233333
   1    0    6 0.000000 1.000000
   2    2    8 0.400000 1.600000
   1    0    7 0.000000 1.000000
   4    4   20 0.700000 3.300000
   6   14   20 2.388095 3.611905
  12   30   42 4.995238 7.004762
   1    0    5 0.000000 1.000000
   8   22   24 3.833333 4.166667
   2    0   13 0.000000 2.000000
   7   20   23 3.347619 3.652381
   1    0    7 0.000000 1.000000
   2    2   10 0.333333 1.666667
   3    4   14 0.676190 2.323810
   2    2   11 0.309524 1.690476
   1    0    7 0.000000 1.000000
   8   24   26 3.861905 4.138095
   2    2   10 0.333333 1.666667
   1    0    6 0.000000 1.000000
   2    0   13 0.000000 2.000000
   2    2    9 0.366667 1.633333
   1    0    6 0.000000 1.000000
   2    2   11 0.309524 1.690476
   4    6   16 1.066667 2.933333
  11   34   35 5.561905 5.438095
   8   28   19 4.800000 3.200000
   3    2   14 0.400000 2.600000
   3    4   14 0.666667 2.333333
   1    0    7 0.000000 1.000000
   3    4   14 0.676190 2.323810
   4    8   18 1.261905 2.738095
   7   16   26 2.835714 4.164286
   3    4   14 0.666667 2.333333
   7   12   29 2.033333 4.966667
   9   14   37 2.595238 6.404762
   1    0    7 0.000000 1.000000
  12   40   30 6.904762 5.095238
   1    0    6 0.000000 1.000000
   4    6   19 0.952381 3.047619
   2    2   12 0.285714 1.714286
   9   18   38 2.923810 6.076190
   2    2    9 0.366667 1.633333
   1    0    7 0.000000 1.000000
   2    2   10 0.333333 1.666667
   3    6   12 1.000000 2.000000
   5    8   21 1.385714 3.614286
  10   26   32 4.471429 5.528571
  11   38   28 6.319048 4.680952
   1    0    6 0.000000 1.000000
   2    2   10 0.333333 1.666667
   2    2    9 0.366667 1.633333
   8   20   27 3.404762 4.595238
   3    4   12 0.766667 2.233333
   5   14   17 2.347619 2.652381
   4    6   18 1.000000 3.000000
   9   22   32 3.657143 5.342857
   9   22   31 3.795238 5.204762
   8   22   30 3.544048 4.455952
   1    0    7 0.000000 1.000000
   4    4   22 0.642857 3.357143
   9   18   34 3.233333 5.766667
   2    2   11 0.309524 1.690476
   6   14   23 2.166667 3.833333
   5   10   21 1.771429 3.228571
  12   38   31 6.521429 5.478571
   8   24   24 4.023810 3.976190
   5   14   15 2.400000 2.600000
   3    2   16 0.342857 2.657143
   9   24   31 3.952381 5.047619
   6   18   17 3.100000 2.900000
   2    2   10 0.333333 1.666667
   6    8   28 1.333333 4.666667
   6   10   25 1.719048 4.280952
  15   50   40 8.518651 6.481349
   9   22   33 3.609524 5.390476
   1    0    6 0.000000 1.000000
   1    0    7 0.000000 1.000000
  10   28   32 4.728571 5.271429
   1    0    6 0.000000 1.000000
   3    2   15 0.366667 2.633333
  11   24   41 4.042857 6.957143
  15   54   37 8.909524 6.090476
   2    2   10 0.333333 1.666667
   8   20   26 3.590476 4.409524
   7   20   22 3.385714 3.614286
   7   18   25 2.923810 4.076190
   3    6   13 0.983333 2.016667
   8   18   31 3.014286 4.985714
  11   32   34 5.428571 5.571429
  11   30   40 4.838095 6.161905
   4    2   22 0.342857 3.657143
   5   10   19 1.741667 3.258333
   1    0    6 0.000000 1.000000
   1    0    7 0.000000 1.000000
  17   54   48 9.114286 7.885714
  16   44   47 7.719048 8.280952
   1    0    6 0.000000 1.000000
   5   10   19 1.766667 3.233333
  12   38   31 6.645238 5.354762
   5    6   25 0.985714 4.014286
   4   10   15 1.647619 2.352381
  11   14   53 2.361905 8.638095
  12   30   46 5.008333 6.991667
  14   38   45 6.526190 7.473810
   6   10   26 1.652381 4.347619
  17   54   47 9.204762 7.795238
  13   34   42 5.814286 7.185714
   1    0    7 0.000000 1.000000
   3    6   12 1.019048 1.980952
  14   50   35 8.291667 5.708333
   8   18   29 3.061905 4.938095
  11   38   27 6.538095 4.461905
   6    8   28 1.419048 4.580952
  13   30   46 5.054762 7.945238
  13   38   41 6.319048 6.680952
   6   12   24 2.083333 3.916667
  11   28   40 4.609524 6.390476
  15   38   52 6.347619 8.652381
  12   36   38 5.823810 6.176190
  10   22   37 3.747619 6.252381
   7   14   26 2.611905 4.388095
   8   22   27 3.576190 4.423810
  15   42   50 6.870238 8.129762
  18   52   53 8.871429 9.128571
   8   20   30 3.372619 4.627381
   8   12   35 2.028571 5.971429
  14   44   40 7.319048 6.680952
  10   20   41 3.242857 6.757143
   5    6   22 1.142857 3.857143
   2    0   12 0.000000 2.000000
  10   34   27 5.623810 4.376190
  18   48   56 8.411905 9.588095
  25   64   88 10.709524 14.290476
   8   18   30 3.009524 4.990476
  12   24   50 3.997619 8.002381
  10   18   42 3.155952 6.844048
   9   20   37 3.161905 5.838095
   3    4   16 0.625000 2.375000
   1    0    5 0.000000 1.000000
   2    2   11 0.309524 1.690476
  22   80   52 13.500000 8.500000
  26   86   70 14.339286 11.660714
  13   36   42 6.033333 6.966667
  19   48   62 8.240476 10.759524
   5    4   25 0.733333 4.266667
  12   24   45 4.357143 7.642857
   2    0   13 0.000000 2.000000
   3    4   12 0.733333 2.266667
  16   48   48 8.104762 7.895238
  24   80   67 13.014286 10.985714
  20   70   50 11.816667 8.183333
  20   68   54 11.314286 8.685714
   3    4   13 0.700000 2.300000
  11   24   42 3.957143 7.042857
   2    2   10 0.342857 1.657143
  12   22   53 3.504762 8.495238
  25   78   72 13.161905 11.838095
  34  130   70 22.130952 11.869048
  15   44   48 7.295238 7.704762
   1    0    5 0.000000 1.000000
   7    8   37 1.304762 5.695238
  12   26   48 4.328571 7.671429
  37  158   63 26.600000 10.400000
  27   98   63 16.533333 10.466667
  17   52   47 8.895238 8.104762
  11   22   40 3.861905 7.138095
  12   26   47 4.319048 7.680952
  37  144   83 23.702381 13.297619
  26   94   61 15.809524 10.190476
  14   44   39 7.366667 6.633333
  14   46   39 7.742857 6.257143
  13   32   48 5.307143 7.692857
  37  130   89 21.969048 15.030952
  26   74   82 12.519048 13.480952
  10   18   42 3.009524 6.990476
  13   48   31 8.053571 4.946429
  12   22   50 3.763095 8.236905
  36  122   90 20.826190 15.173810
  34  120   88 19.735714 14.264286
   5    6   23 1.100000 3.900000
  18   64   46 10.700000 7.300000
   5    6   25 1.000000 4.000000
  42  158   90 26.833333 15.166667
  30  106   76 17.755952 12.244048
   5    6   23 1.052381 3.947619
  26   90   62 15.476190 10.523810
   5    8   22 1.476190 3.523810
  45  168  105 27.916667 17.083333
  20   58   63 9.747619 10.252381
   4    8   16 1.371429 2.628571
  29  102   71 17.214286 11.785714
   4    8   18 1.250000 2.750000
  41  162   83 27.158333 13.841667
  20   64   59 10.785714 9.214286
   6   14   19 2.471429 3.528571
  21   68   54 11.719048 9.280952
   7   12   27 2.176190 4.823810
  39  162   81 26.367857 12.632143
  27  108   52 18.257143 8.742857
   6   14   22 2.336905 3.663095
  20   50   71 8.380952 11.619048
   7   14   24 2.500000 4.500000
  39  160   78 26.792857 12.207143
  30  112   67 18.828571 11.171429
   4    6   18 1.019048 2.980952
  15   20   71 3.430952 11.569048
   3    6   11 1.085714 1.914286
  44  188   76 31.801190 12.198810
  34  138   63 23.317857 10.682143
   4    6   21 0.983333 3.016667
  18   40   65 6.914286 11.085714
   3    4   12 0.733333 2.266667
  42  176   81 28.859524 13.140476
  34  138   66 23.019048 10.980952
   3    0   18 0.000000 3.000000
  16   36   58 6.219048 9.780952
   3    4   18 0.541667 2.458333
  43  190   73 31.555952 11.444048
  31   88   91 15.373810 15.626190
   7   10   32 1.719048 5.280952
  15   32   60 5.435714 9.564286
   3    2   16 0.333333 2.666667
  38  152   74 25.723810 12.276190
  34  116   86 19.677381 14.322619
  10   30   32 5.017857 4.982143
  14   38   44 6.452381 7.547619
   4    8   15 1.361905 2.638095
  39  164   68 27.547619 11.452381
  29   96   84 15.664286 13.335714
  14   42   41 7.028571 6.971429
  13   32   46 5.476190 7.523810
   3    4   14 0.666667 2.333333
  33   96  100 16.295238 16.704762
  34  110   95 18.580952 15.419048
  17   44   59 7.290476 9.709524
  15   28   60 4.727381 10.272619
   6   12   25 1.984524 4.015476
  31  112   80 18.459524 12.540476
  27   52  109 8.802381 18.197619
  21   62   60 10.580952 10.419048
   7   10   36 1.566667 5.433333
   3    4   13 0.733333 2.266667
  31  116   68 19.733333 11.266667
  24   52   93 8.907143 15.092857
  35  124   84 21.071429 13.928571
   6    8   29 1.319048 4.680952
   2    2   11 0.309524 1.690476
  21   66   58 11.271429 9.728571
  31  102   83 17.128571 13.871429
  40  160   81 26.628571 13.371429
   6   12   23 2.071429 3.928571
  25   80   69 13.622619 11.377381
  21   58   70 9.685714 11.314286
  48  210   78 35.069048 12.930952
   6   14   23 2.285714 3.714286
  26   94   61 15.771429 10.228571
  23   60   78 9.934524 13.065476
  45  186   84 31.380952 13.619048
   8   22   26 3.666667 4.333333
  38  152   72 25.623810 12.376190
  30   98   86 16.303571 13.696429
  24   70   74 11.904762 12.095238
   5   10   21 1.683333 3.316667
  43  198   55 33.495238 9.504762
  34  138   64 23.182143 10.817857
  18   50   64 8.113095 9.886905
   4    6   19 0.952381 3.047619
  42  196   61 32.578571 9.421429
  35  138   72 23.123810 11.876190
  19   44   64 7.704762 11.295238
  40  164   75 27.529762 12.470238
  36  136   82 22.619048 13.380952
  24   78   65 13.228571 10.771429
  36  116  102 19.395238 16.604762
  35  134   77 22.386905 12.613095
  29   88   83 15.019048 13.980952
  43  150  107 25.252381 17.747619
  28   98   74 16.157143 11.842857
  29   84   87 14.200000 14.800000
  44  162  104 27.361905 16.638095
  29  104   68 17.633333 11.366667
  27   86   76 14.500000 12.500000
  48  186  106 30.884524 17.115476
  32  118   71 19.961905 12.038095
  20   58   61 9.738095 10.261905
  60  248  112 41.777381 18.222619
  30   86   97 14.223810 15.776190
  10   26   31 4.495238 5.504762
  67  304   94 51.257143 15.742857
  17   24   81 3.936905 13.063095
  16   56   41 9.438095 6.561905
  59  266   92 44.257143 14.742857
  17   48   50 8.200000 8.800000
  24   84   60 14.169048 9.830952
  75  382   64 64.032143 10.967857
  11   26   41 4.385714 6.614286
  14   52   35 8.457143 5.542857
  73  382   61 63.110714 9.889286
   5    6   23 1.033333 3.966667
  22   78   50 13.057143 8.942857
  85  472   39 78.647619 6.352381
  15   50   39 8.423810 6.576190
  90  502   38 83.715873 6.284127
  10   22   38 3.628571 6.371429
  94  528   34 88.289286 5.710714
   6    4   34 0.610714 5.389286
  94  542   22 90.371429 3.628571
   6   14   22 2.458333 3.541667
  93  528   28 88.292857 4.707143
   7   16   28 2.584524 4.415476
  97  568   14 94.705952 2.294048
   3    4   14 0.666667 2.333333
  97  566   16 94.352381 2.647619
   3    2   16 0.333333 2.666667
  99  584    8 97.566667 1.433333
   1    0    8 0.000000 1.000000
 100  600    0 100.000000 0.000000
