   1    0    6 0.000000 1.000000
   4    8   14 1.466667 2.533333
   3    4   14 0.676190 2.323810
   2    2    8 0.400000 1.600000
   1    0    7 0.000000 1.000000
   2    2   12 0.285714 1.714286
   2    2    8 0.400000 1.600000
   1    0    7 0.000000 1.000000
   3    4   13 0.733333 2.266667
   2    2   11 0.309524 1.690476
   2    2   10 0.333333 1.666667
   5   12   16 2.245238 2.754762
   1    0    7 0.000000 1.000000
   1    0    6 0.000000 1.000000
   2    2   10 0.342857 1.657143
   1    0    7 0.000000 1.000000
   3    6   13 0.971429 2.028571
   1    0    6 0.000000 1.000000
   2    2    9 0.366667 1.633333
   1    0    7 0.000000 1.000000
   1    0    7 0.000000 1.000000
   1    0    7 0.000000 1.000000
   2    2   10 0.342857 1.657143
   1    0    7 0.000000 1.000000
   2    2   11 0.309524 1.690476
   1    0    6 0.000000 1.000000
   1    0    6 0.000000 1.000000
   2    2    8 0.400000 1.600000
   1    0    5 0.000000 1.000000
   1    0    5 0.000000 1.000000
   1    0    7 0.000000 1.000000
   1    0    6 0.000000 1.000000
   1    0    7 0.000000 1.000000
   2    2    9 0.366667 1.633333
   1    0    7 0.000000 1.000000
   2    2   10 0.333333 1.666667
   1    0    6 0.000000 1.000000
   2    2   10 0.342857 1.657143
   3    4   13 0.733333 2.266667
   1    0    7 0.000000 1.000000
   2    2   10 0.333333 1.666667
   2    2   10 0.333333 1.666667
   1    0    6 0.000000 1.000000
   3    6   12 1.000000 2.000000
   1    0    7 0.000000 1.000000
   1    0    7 0.000000 1.000000
   2    0   11 0.000000 2.000000
   1    0    6 0.000000 1.000000
   1    0    7 0.000000 1.000000
   3    4   13 0.700000 2.300000
   2    2    9 0.366667 1.633333
   1    0    6 0.000000 1.000000
   2    2   11 0.309524 1.690476
   3    4   14 0.709524 2.290476
   6   10   24 1.766667 4.233333
   1    0    6 0.000000 1.000000
   3    6   12 1.000000 2.000000
   9   26   30 4.276190 4.723810
   3    6   13 0.971429 2.028571
   2    2   10 0.333333 1.666667
   4    8   18 1.214286 2.785714
   1    0    6 0.000000 1.000000
   1    0    7 0.000000 1.000000
   1    0    6 0.000000 1.000000
   6   14   21 2.428571 3.571429
   5   10   21 1.695238 3.304762
   1    0    5 0.000000 1.000000
   1    0    6 0.000000 1.000000
   4    6   15 1.166667 2.833333
   5   10   21 1.666667 3.333333
   1    0    7 0.000000 1.000000
   1    0    5 0.000000 1.000000
   2    2    8 0.400000 1.600000
   1    0    6 0.000000 1.000000
   2    2    9 0.366667 1.633333
   2    2   11 0.309524 1.690476
   2    2    9 0.366667 1.633333
   1    0    7 0.000000 1.000000
   2    2    8 0.400000 1.600000
   4   10   13 1.733333 2.266667
   2    2   11 0.309524 1.690476
   1    0    6 0.000000 1.000000
   1    0    7 0.000000 1.000000
   3    6   12 1.000000 2.000000
   1    0    6 0.000000 1.000000
   2    2   11 0.309524 1.690476
   3    2   15 0.333333 2.666667
   4    6   17 1.109524 2.890476
   1    0    5 0.000000 1.000000
   1    0    6 0.000000 1.000000
   1    0    5 0.000000 1.000000
   1    0    7 0.000000 1.000000
   4    6   21 0.892857 3.107143
  11   32   33 5.438095 5.561905
   5    8   23 1.271429 3.728571
  14   40   41 6.914286 7.085714
   3    4   13 0.700000 2.300000
   4    6   19 0.952381 3.047619
   1    0    6 0.000000 1.000000
   3    6   11 1.066667 1.933333
   2    2   10 0.333333 1.666667
   6   16   19 2.795238 3.204762
   3    2   15 0.366667 2.633333
   1    0    7 0.000000 1.000000
   2    2   10 0.333333 1.666667
   2    2   10 0.342857 1.657143
   5    8   22 1.333333 3.666667
   4   10   12 1.833333 2.166667
   3    6   14 0.904762 2.095238
   1    0    7 0.000000 1.000000
   1    0    6 0.000000 1.000000
   3    4   16 0.583333 2.416667
   2    0   11 0.000000 2.000000
   3    6   14 0.904762 2.095238
   4    4   19 0.733333 3.266667
   2    2    9 0.366667 1.633333
   1    0    7 0.000000 1.000000
   2    2   10 0.333333 1.666667
   1    0    6 0.000000 1.000000
   6   18   20 2.857143 3.142857
   3    6   12 1.000000 2.000000
   1    0    7 0.000000 1.000000
   6   12   22 2.133333 3.866667
   6   10   26 1.752381 4.247619
   1    0    6 0.000000 1.000000
   5    6   21 1.133333 3.866667
   4   10   14 1.714286 2.285714
   2    2    9 0.366667 1.633333
   5   14   18 2.300000 2.700000
   1    0    8 0.000000 1.000000
   5   12   17 2.028571 2.971429
   1    0    6 0.000000 1.000000
   2    2   10 0.333333 1.666667
   5    6   21 1.100000 3.900000
   4    4   20 0.666667 3.333333
  16   66   30 11.166667 4.833333
   3    4   11 0.800000 2.200000
   5    8   21 1.400000 3.600000
   1    0    6 0.000000 1.000000
   3    4   15 0.619048 2.380952
   1    0    6 0.000000 1.000000
   6   16   19 2.766667 3.233333
   1    0    7 0.000000 1.000000
   4    8   19 1.190476 2.809524
   2    2   11 0.309524 1.690476
   2    2   11 0.309524 1.690476
   3    0   19 0.000000 3.000000
  18   62   47 10.428571 7.571429
   1    0    6 0.000000 1.000000
  12   36   37 6.091667 5.908333
   7   12   30 2.061905 4.938095
   1    0    5 0.000000 1.000000
   5   14   16 2.361905 2.638095
   3    4   15 0.642857 2.357143
   6   12   23 2.047619 3.952381
   2    2   10 0.342857 1.657143
   4    4   21 0.652381 3.347619
  13   48   29 8.057143 4.942857
   6   14   20 2.602381 3.397619
  11   32   34 5.385714 5.614286
  11   36   32 5.819048 5.180952
   1    0    5 0.000000 1.000000
   2    2   11 0.309524 1.690476
  15   48   42 7.952381 7.047619
   1    0    6 0.000000 1.000000
  17   56   41 9.800000 7.200000
  12   40   29 7.066667 4.933333
   6   14   21 2.601190 3.398810
   2    2   11 0.309524 1.690476
   7   16   28 2.547619 4.452381
   1    0    7 0.000000 1.000000
   1    0    9 0.000000 1.000000
  10   28   33 4.754762 5.245238
  10   36   25 6.019048 3.980952
   5    4   25 0.709524 4.290476
   4    6   18 1.000000 3.000000
   6   18   19 2.933333 3.066667
   9   32   23 5.404762 3.595238
   9   20   33 3.480952 5.519048
  16   52   45 8.571429 7.428571
   7   14   32 2.242857 4.757143
  10   30   27 5.376190 4.623810
   1    0    6 0.000000 1.000000
   8   18   31 3.019048 4.980952
   2    2   10 0.333333 1.666667
  10   36   25 6.058333 3.941667
  11   26   40 4.409524 6.590476
  10   18   42 3.142857 6.857143
   3    6   13 0.952381 2.047619
   6    8   28 1.395238 4.604762
   3    6   11 1.066667 1.933333
  13   32   42 5.566667 7.433333
  13   38   43 6.171429 6.828571
  10   22   36 3.828571 6.171429
   7   10   32 1.685714 5.314286
   1    0    6 0.000000 1.000000
  11   24   38 4.266667 6.733333
   2    2   10 0.342857 1.657143
   6   18   18 3.000000 3.000000
  11   26   40 4.342857 6.657143
   5    4   26 0.709524 4.290476
  10   26   32 4.466667 5.533333
   8   12   37 2.042857 5.957143
   3    2   17 0.309524 2.690476
  13   32   49 5.166667 7.833333
  21   80   49 13.347619 7.652381
   4    2   20 0.366667 3.633333
   3    6   12 1.000000 2.000000
   2    2   11 0.309524 1.690476
   7   10   32 1.709524 5.290476
   2    0   12 0.000000 2.000000
  12   44   29 7.209524 4.790476
  12   30   46 4.850000 7.150000
   6   10   24 1.800000 4.200000
  11   32   33 5.461905 5.538095
   9   18   34 3.133333 5.866667
   2    2   10 0.333333 1.666667
   9   20   32 3.461905 5.538095
  24   90   54 15.296429 8.703571
   6   12   22 2.100000 3.900000
  11   24   34 4.433333 6.566667
   1    0    6 0.000000 1.000000
   9   24   31 3.971429 5.028571
  15   48   42 8.095238 6.904762
   8   18   32 2.938095 5.061905
   8   10   37 1.752381 6.247619
   9   14   46 2.095238 6.904762
   3    2   17 0.333333 2.666667
   6    6   31 1.000000 5.000000
  33  144   56 24.108333 8.891667
   5    8   21 1.361905 3.638095
  12   30   45 4.914286 7.085714
   5    8   19 1.566667 3.433333
  14   42   41 7.196429 6.803571
   4    6   17 1.076190 2.923810
  11   22   45 3.690476 7.309524
  11   22   42 3.819048 7.180952
   2    2   10 0.333333 1.666667
   3    2   18 0.309524 2.690476
  49  224   73 37.144048 11.855952
   1    0    6 0.000000 1.000000
   7   18   23 3.100000 3.900000
   4    6   19 1.000000 3.000000
  14   50   34 8.414286 5.585714
   6   16   18 2.771429 3.228571
   9   14   41 2.247619 6.752381
   8    6   41 1.042857 6.957143
   2    2    9 0.366667 1.633333
  56  270   67 45.057143 10.942857
   1    0    5 0.000000 1.000000
   4    4   21 0.666667 3.333333
   1    0    7 0.000000 1.000000
  20   82   39 13.719048 6.280952
   3    4   13 0.742857 2.257143
   5    4   26 0.685714 4.314286
   8    6   39 1.159524 6.840476
   2    2   11 0.325000 1.675000
  59  284   75 46.916667 12.083333
   3    6   10 1.185714 1.814286
   2    0   13 0.000000 2.000000
   4    4   20 0.676190 3.323810
  15   42   48 6.985714 8.014286
   3    6   11 1.066667 1.933333
   4    8   15 1.452381 2.547619
  10   10   48 1.776190 8.223810
  60  266   97 44.295238 15.704762
   4    8   16 1.409524 2.590476
  15   36   51 6.438095 8.561905
   7   10   30 1.833333 5.166667
   2    2   10 0.333333 1.666667
  12   22   52 3.714286 8.285714
  65  304   83 51.290476 13.709524
   3    4   13 0.733333 2.266667
  18   52   59 8.660317 9.339683
   6   12   25 1.995238 4.004762
   8   10   38 1.661905 6.338095
  70  336   81 56.535714 13.464286
  14   40   46 6.652381 7.347619
   6   10   27 1.638095 4.361905
  10   26   34 4.352381 5.647619
  70  334   82 56.135317 13.864683
  18   52   57 8.771429 9.228571
   2    0   13 0.000000 2.000000
  10   18   44 3.019048 6.980952
  78  396   73 66.141667 11.858333
  10   18   42 3.172619 6.827381
   3    2   15 0.366667 2.633333
   9   24   30 4.223810 4.776190
  68  314   90 52.609524 15.390476
  13   38   44 6.114286 6.885714
   6   14   23 2.395238 3.604762
  13   38   39 6.323810 6.676190
  64  296   89 49.557143 14.442857
  15   30   56 5.271429 9.728571
   9   24   30 3.957143 5.042857
  12   38   37 6.233333 5.766667
  62  268  104 44.792857 17.207143
  16   42   54 7.042857 8.957143
  13   36   39 6.195238 6.804762
   9   14   43 2.272619 6.727381
  53  246   70 41.183333 11.816667
  26   92   61 15.866667 10.133333
  17   64   42 10.357143 6.642857
   4    8   17 1.285714 2.714286
  45  188   82 31.329762 13.670238
  24   90   58 14.766667 9.233333
  16   50   43 8.542857 7.457143
  15   54   35 9.177381 5.822619
  53  232   85 38.909524 14.090476
  18   46   64 7.739286 10.260714
  19   60   51 10.264286 8.735714
  10   34   28 5.647619 4.352381
  41  162   87 27.122619 13.877381
  16   40   53 6.919048 9.080952
  29   90   85 15.076190 13.923810
  14   42   41 7.075000 6.925000
  43  172   87 28.739286 14.260714
  16   40   57 6.560714 9.439286
  25   62   88 10.290476 14.709524
  16   48   46 8.219048 7.780952
  39  164   73 27.216667 11.783333
  16   38   54 6.514286 9.485714
  24   92   50 15.797619 8.202381
  21   84   45 13.894048 7.105952
  42  188   69 31.154762 10.845238
   8   10   34 1.966667 6.033333
  22   86   46 14.458333 7.541667
  28  112   55 18.822619 9.177381
  41  166   76 28.073810 12.926190
  14   26   60 4.300000 9.700000
  20   72   46 12.370238 7.629762
  25   86   68 14.119048 10.880952
  46  198   80 32.935714 13.064286
   7    4   37 0.700000 6.300000
  28  112   55 18.860714 9.139286
  19   50   64 8.461905 10.538095
  52  232   82 38.758333 13.241667
   4    4   20 0.691667 3.308333
  28   96   69 16.466667 11.533333
  16   50   47 8.290476 7.709524
  63  300   81 50.013095 12.986905
   2    2    8 0.400000 1.600000
  23   70   67 11.842857 11.157143
  12   22   50 3.785714 8.214286
  67  322   79 53.646429 13.353571
  14   24   56 4.053571 9.946429
  19   58   61 9.503571 9.496429
  62  280   91 47.159524 14.840476
  14   28   56 4.742857 9.257143
  24   76   69 12.742857 11.257143
  65  320   70 53.558333 11.441667
  17   62   38 10.538095 6.461905
  18   40   70 6.688095 11.311905
  69  336   77 56.023016 12.976984
  17   60   43 9.885714 7.114286
  14   24   60 4.053571 9.946429
  66  324   72 53.984524 12.015476
  26   96   57 16.314286 9.685714
   8   12   39 1.880952 6.119048
  69  346   71 57.464286 11.535714
  27   98   61 16.500000 10.500000
   4    6   18 1.085714 2.914286
  70  346   71 57.957143 12.042857
  28  106   65 17.598810 10.401190
   2    0   12 0.000000 2.000000
  75  384   67 64.038095 10.961905
  20   62   57 10.428571 9.571429
   5    8   22 1.319048 3.680952
  75  372   77 62.235714 12.764286
  20   58   64 9.714286 10.285714
   5   10   19 1.761905 3.238095
  79  398   76 66.461905 12.538095
  16   36   61 6.109524 9.890476
   5   12   17 2.085714 2.914286
  86  446   67 74.596429 11.403571
  11   16   51 2.802381 8.197619
   3    4   16 0.595238 2.404762
  87  470   52 78.563095 8.436905
  12   26   47 4.452381 7.547619
   1    0    5 0.000000 1.000000
  89  488   45 81.466667 7.533333
  11   22   45 3.738095 7.261905
  94  532   31 88.809524 5.190476
   6    6   31 1.085714 4.914286
  92  520   32 86.809524 5.190476
   8   16   32 2.735714 5.264286
  86  476   43 78.954762 7.045238
  14   38   43 6.607143 7.392857
  87  478   44 79.766667 7.233333
  13   34   44 5.700000 7.300000
  89  496   38 82.557143 6.442857
  11   28   38 4.666667 6.333333
  89  496   41 82.447619 6.552381
  11   22   41 3.961905 7.038095
  92  520   32 86.842857 5.157143
   8   16   32 2.742857 5.257143
  93  528   27 88.309524 4.690476
   7   18   27 2.880952 4.119048
  94  540   22 90.304762 3.695238
   6   16   22 2.576190 3.423810
  97  570   12 94.961905 2.038095
   3    6   12 1.019048 1.980952
  95  554   19 92.060714 2.939286
   5    8   19 1.483333 3.516667
  94  544   21 90.566667 3.433333
   6   14   21 2.404762 3.595238
  96  558   18 93.042857 2.957143
   4    6   18 1.019048 2.980952
  89  508   29 84.490476 4.509524
  11   34   29 6.050000 4.950000
  93  536   24 89.198810 3.801190
   7   16   24 2.828571 4.171429
  97  568   13 94.723810 2.276190
   3    6   13 0.983333 2.016667
  95  556   17 92.500000 2.500000
   5   10   17 1.885714 3.114286
  98  572   13 95.633333 2.366667
   2    2   13 0.267857 1.732143
 100  600    0 100.000000 0.000000
