   1    0    5 0.000000 1.000000
   2    2    9 0.366667 1.633333
   1    0    6 0.000000 1.000000
   1    0    6 0.000000 1.000000
   1    0    7 0.000000 1.000000
   2    2   13 0.267857 1.732143
   1    0    6 0.000000 1.000000
   3    4   13 0.700000 2.300000
   1    0    6 0.000000 1.000000
   3    6   11 1.066667 1.933333
   1    0    6 0.000000 1.000000
   1    0    7 0.000000 1.000000
   1    0    6 0.000000 1.000000
   2    2    9 0.366667 1.633333
   1    0    6 0.000000 1.000000
   1    0    8 0.000000 1.000000
   5   14   15 2.452381 2.547619
   1    0    7 0.000000 1.000000
   2    2    8 0.400000 1.600000
   3    6   12 1.050000 1.950000
   1    0    6 0.000000 1.000000
   6   16   21 2.704762 3.295238
   1    0    6 0.000000 1.000000
   3    6   10 1.133333 1.866667
   2    2   11 0.309524 1.690476
   1    0    5 0.000000 1.000000
   1    0    8 0.000000 1.000000
   1    0    7 0.000000 1.000000
   2    2   12 0.291667 1.708333
   1    0    7 0.000000 1.000000
   1    0    7 0.000000 1.000000
   1    0    7 0.000000 1.000000
   2    2    8 0.400000 1.600000
   1    0    7 0.000000 1.000000
   2    2    9 0.366667 1.633333
   5    8   21 1.495238 3.504762
   1    0    7 0.000000 1.000000
   1    0    5 0.000000 1.000000
   1    0    6 0.000000 1.000000
   1    0    6 0.000000 1.000000
   1    0    6 0.000000 1.000000
   4    8   16 1.328571 2.671429
   1    0    7 0.000000 1.000000
   1    0    6 0.000000 1.000000
   2    2    9 0.366667 1.633333
   2    2   11 0.309524 1.690476
   1    0    6 0.000000 1.000000
   5   14   12 2.666667 2.333333
   2    2   11 0.309524 1.690476
   3    2   14 0.366667 2.633333
   3    4   15 0.685714 2.314286
   3    4   13 0.742857 2.257143
   1    0    6 0.000000 1.000000
   2    2   10 0.333333 1.666667
   1    0    6 0.000000 1.000000
   2    2   11 0.325000 1.675000
   5    8   20 1.433333 3.566667
   3    4   11 0.800000 2.200000
   1    0    8 0.000000 1.000000
   2    2   11 0.309524 1.690476
   1    0    6 0.000000 1.000000
   4    4   19 0.766667 3.233333
   2    2    8 0.400000 1.600000
   1    0    7 0.000000 1.000000
   6   16   18 2.833333 3.166667
   2    2    8 0.400000 1.600000
   1    0    6 0.000000 1.000000
   1    0    6 0.000000 1.000000
   6   12   25 2.019048 3.980952
   2    2   13 0.267857 1.732143
   2    2    9 0.366667 1.633333
   3    4   14 0.676190 2.323810
   2    0   14 0.000000 2.000000
   1    0    7 0.000000 1.000000
   3    6   12 1.019048 1.980952
   2    2   11 0.309524 1.690476
   1    0    7 0.000000 1.000000
   2    2    7 0.450000 1.550000
   1    0    5 0.000000 1.000000
   3    4   15 0.619048 2.380952
   6   14   23 2.338095 3.661905
   3    4   14 0.666667 2.333333
   4    6   19 0.995238 3.004762
   1    0    5 0.000000 1.000000
   5    6   22 1.100000 3.900000
   6   12   26 1.904762 4.095238
   9   26   30 4.292857 4.707143
   4   10   13 1.761905 2.238095
   2    2   10 0.333333 1.666667
   1    0    6 0.000000 1.000000
   5    8   22 1.376190 3.623810
   5    8   22 1.319048 3.680952
   1    0    6 0.000000 1.000000
   2    2   10 0.333333 1.666667
   4    6   17 1.066667 2.933333
   1    0    7 0.000000 1.000000
   1    0    5 0.000000 1.000000
   8   18   29 3.076190 4.923810
   1    0    7 0.000000 1.000000
   1    0    6 0.000000 1.000000
   2    2    8 0.400000 1.600000
   7   10   34 1.619048 5.380952
   4    8   17 1.285714 2.714286
   1    0    6 0.000000 1.000000
   3    6   14 0.904762 2.095238
   6   18   18 2.971429 3.028571
   1    0    6 0.000000 1.000000
   2    2   11 0.309524 1.690476
   8   20   27 3.504762 4.495238
   1    0    6 0.000000 1.000000
   9   30   22 5.171429 3.828571
   3    0   17 0.000000 3.000000
   5    8   23 1.309524 3.690476
  12   36   37 6.092857 5.907143
   5   12   17 2.095238 2.904762
   1    0    6 0.000000 1.000000
   2    2   11 0.309524 1.690476
   6   12   22 2.133333 3.866667
   5   10   20 1.742857 3.257143
   1    0    6 0.000000 1.000000
   3    4   15 0.619048 2.380952
   5   14   16 2.375000 2.625000
   5   14   17 2.290476 2.709524
  10   22   36 3.742857 6.257143
   2    2   10 0.333333 1.666667
   4    2   23 0.366667 3.633333
   1    0    5 0.000000 1.000000
   2    2    9 0.366667 1.633333
   1    0    6 0.000000 1.000000
   2    2   12 0.285714 1.714286
   3    4   15 0.619048 2.380952
   8   20   27 3.428571 4.571429
  13   50   28 8.361905 4.638095
   1    0    7 0.000000 1.000000
  21   84   40 14.385714 6.614286
   4    8   17 1.309524 2.690476
   1    0    6 0.000000 1.000000
   5    8   24 1.238095 3.761905
   2    2    8 0.400000 1.600000
   4    8   16 1.385714 2.614286
   2    2   12 0.285714 1.714286
  17   56   46 9.428571 7.571429
   5   10   19 1.719048 3.280952
   1    0    6 0.000000 1.000000
   7   10   30 1.788095 5.211905
   1    0    6 0.000000 1.000000
   1    0    6 0.000000 1.000000
   2    2    8 0.400000 1.600000
   5    8   24 1.214286 3.785714
  14   40   45 6.714286 7.285714
   1    0    7 0.000000 1.000000
  28  104   62 17.319048 10.680952
   5   12   19 2.002381 2.997619
   2    2   10 0.333333 1.666667
   5   12   18 2.000000 3.000000
   3    4   13 0.700000 2.300000
  11   38   29 6.297619 4.702381
   3    2   18 0.309524 2.690476
  11   22   45 3.685714 7.314286
   2    2    9 0.366667 1.633333
  13   32   44 5.533333 7.466667
  17   48   53 8.173810 8.826190
  30  104   76 17.523810 12.476190
   3    6   13 0.952381 2.047619
   2    2   10 0.333333 1.666667
   3    6   12 1.000000 2.000000
   4    4   20 0.666667 3.333333
   3    2   17 0.309524 2.690476
   7    6   43 0.906349 6.093651
   9   30   24 5.090476 3.909524
  13   24   53 4.263095 8.736905
   8   26   20 4.483333 3.516667
  48  176  107 29.789286 18.210714
   3    4   14 0.652381 2.347619
   1    0    6 0.000000 1.000000
   2    2   11 0.309524 1.690476
   8   10   41 1.590476 6.409524
  15   52   35 8.966667 6.033333
  13   24   50 4.242857 8.757143
   7   16   25 2.700000 4.300000
  51  210   96 35.203571 15.796429
   3    2   20 0.285714 2.714286
   1    0    6 0.000000 1.000000
   4    4   20 0.691667 3.308333
  11   22   41 3.885714 7.114286
  11   38   30 6.406349 4.593651
  12   22   46 3.819048 8.180952
   5   10   19 1.666667 3.333333
  56  240  102 39.595238 16.404762
   1    0    6 0.000000 1.000000
   2    2   11 0.309524 1.690476
   7   20   25 3.252381 3.747619
  11   24   44 3.928571 7.071429
  12   30   42 4.957143 7.042857
   4    4   19 0.709524 3.290476
  63  268  105 45.129762 17.870238
  12   42   31 7.042857 4.957143
  17   40   62 6.811905 10.188095
  19   68   47 11.298810 7.701190
   2    2   10 0.333333 1.666667
  50  184  114 31.169048 18.830952
   9   22   29 3.928571 5.071429
  16   38   59 6.442857 9.557143
  23   78   66 12.719048 10.280952
   3    6   12 1.019048 1.980952
  49  172  118 28.869048 20.130952
  10   24   37 4.053571 5.946429
  12   18   54 2.995238 9.004762
  23   70   67 12.102381 10.897619
   3    2   14 0.366667 2.633333
  52  194  120 32.569048 19.430952
  10   26   34 4.347619 5.652381
  12   26   45 4.466667 7.533333
  21   64   61 10.833333 10.166667
   1    0    5 0.000000 1.000000
  56  218  121 36.192857 19.807143
  10   18   40 3.252381 6.747619
  19   44   68 7.561905 11.438095
   9   18   34 3.004762 5.995238
   1    0    8 0.000000 1.000000
  61  246  124 40.958333 20.041667
   9   18   39 2.960714 6.039286
  22   58   73 9.895238 12.104762
  13   42   33 7.271429 5.728571
  56  232  105 38.521429 17.478571
   4    4   21 0.652381 3.347619
  26   86   69 14.721429 11.278571
  10   24   36 4.066667 5.933333
  60  260  100 43.500000 16.500000
   4    8   14 1.500000 2.500000
  30  112   65 19.080952 10.919048
  14   38   46 6.447619 7.552381
  52  240   77 39.804762 12.195238
   2    2   10 0.342857 1.657143
  45  196   75 32.825000 12.175000
  16   44   50 7.446429 8.553571
  37  130   93 21.770238 15.229762
   5   10   18 1.871429 3.128571
  37  162   61 27.166667 9.833333
  24   88   57 14.623810 9.376190
  34  114   90 18.923810 15.076190
   5   10   19 1.771429 3.228571
  31  128   62 21.066667 9.933333
  21   60   67 10.165476 10.834524
  43  148  106 25.138095 17.861905
   6   14   21 2.504762 3.495238
  29  104   69 17.516667 11.483333
  21   66   59 11.147619 9.852381
  44  154  113 25.495238 18.504762
   5   10   22 1.571429 3.428571
  23   76   61 12.676190 10.323810
  14   34   52 5.747619 8.252381
  58  250   95 42.284524 15.715476
   7   14   28 2.444048 4.555952
  32  130   66 21.485714 10.514286
  13   28   46 4.895238 8.104762
  48  198   90 33.219048 14.780952
   8   16   29 2.738095 5.261905
  29  112   58 19.025000 9.975000
  23   62   78 10.190476 12.809524
  40  148   97 24.680952 15.319048
  13   36   42 6.123810 6.876190
  24   86   56 14.557143 9.442857
  20   42   81 7.014286 12.985714
  43  178   79 29.798810 13.201190
  22   80   50 13.652381 8.347619
  27  106   58 17.404762 9.595238
  16   36   60 6.038095 9.961905
  35  148   62 24.790476 10.209524
  26   78   77 13.114286 12.885714
  12   24   52 3.866667 8.133333
  29   94   80 15.852381 13.147619
  33  126   69 21.242857 11.757143
  17   42   59 7.205952 9.794048
  16   58   41 9.373810 6.626190
  45  186   86 31.211905 13.788095
  22   74   54 12.823810 9.176190
  23   60   75 10.367857 12.632143
  14   34   49 5.790476 8.209524
  44  164   99 27.647619 16.352381
  19   64   55 10.382143 8.617857
  18   50   60 8.296429 9.703571
  15   34   52 6.023810 8.976190
  53  216  103 36.078571 16.921429
  14   28   57 4.652381 9.347619
   8    8   43 1.334524 6.665476
  10   14   47 2.309524 7.690476
  65  298   90 49.997619 15.002381
  17   56   44 9.485714 7.514286
   6    4   29 0.766667 5.233333
  17   38   65 6.385714 10.614286
  54  228   99 37.961905 16.038095
  23   84   53 14.202381 8.797619
   5    6   25 0.985714 4.014286
  12   16   57 2.742857 9.257143
  57  262   79 44.086905 12.913095
  26   94   61 15.991667 10.008333
   3    2   18 0.309524 2.690476
   4    6   19 1.019048 2.980952
  62  300   69 50.507143 11.492857
  31  112   74 18.785714 12.214286
   3    6   12 1.000000 2.000000
  11   44   22 7.544048 3.455952
  66  328   66 54.873810 11.126190
  20   72   50 11.933333 8.066667
   7   22   19 3.795238 3.204762
  14   54   29 9.133333 4.866667
  60  296   67 49.235714 10.764286
  19   68   45 11.357143 7.642857
   7   20   21 3.528571 3.471429
  12   38   32 6.395238 5.604762
  49  202   95 33.523810 15.476190
  32  128   64 21.490476 10.509524
  17   64   38 10.736905 6.263095
  10   24   37 4.042857 5.957143
  42  150  100 25.190476 16.809524
  31  118   69 19.748810 11.251190
   9   24   28 4.061905 4.938095
  16   48   48 8.109524 7.890476
  50  202  101 33.552381 16.447619
  25   86   63 14.453571 10.546429
   8   22   28 3.547619 4.452381
  12   32   40 5.347619 6.652381
  62  282   84 47.538095 14.461905
  18   68   44 11.047619 6.952381
   6   12   24 2.038095 3.961905
  17   48   53 8.089286 8.910714
  62  290   82 48.604762 13.395238
  15   46   45 7.679762 7.320238
   8   14   31 2.576190 5.423810
  12   28   45 4.647619 7.352381
  57  244   99 40.966667 16.033333
  23   72   67 12.190476 10.809524
   6   12   20 2.216667 3.783333
  31  128   57 21.630952 9.369048
  44  174   94 28.859524 15.140476
  19   68   47 11.176190 7.823810
   7   16   28 2.576190 4.423810
  29  116   56 19.561905 9.438095
  36  128   87 21.547619 14.452381
  28  116   53 19.414286 8.585714
   8   20   26 3.466667 4.533333
  26  104   51 17.357143 8.642857
  30  102   82 16.892857 13.107143
  36  156   59 26.116667 9.883333
  13   38   37 6.473810 6.526190
  27   96   67 16.160714 10.839286
  24   64   84 10.640476 13.359524
  36  162   52 27.344841 8.655159
  14   34   48 5.957143 8.042857
  25   98   52 16.701190 8.298810
  20   66   55 11.159524 8.840476
  41  194   53 32.280952 8.719048
  13   32   49 5.247619 7.752381
  21   68   57 11.560714 9.439286
  26   96   58 16.180952 9.819048
  40  170   70 28.576190 11.423810
  12   28   43 4.807143 7.192857
  30  118   59 20.025000 9.975000
  17   50   52 8.400000 8.600000
  41  176   74 29.350000 11.650000
  12   20   50 3.485714 8.514286
  29  106   68 17.721429 11.278571
  14   34   52 5.557143 8.442857
  45  198   72 33.200000 11.800000
   7    4   38 0.642857 6.357143
  30   98   82 16.290476 13.709524
  16   50   49 8.076190 7.923810
  47  188   91 31.636905 15.363095
   7    6   32 1.200000 5.800000
  24   74   74 12.389286 11.610714
  12   38   32 6.559524 5.440476
  57  266   78 44.563095 12.436905
  13   32   45 5.342857 7.657143
  21   66   60 11.157143 9.842857
  16   54   43 9.028571 6.971429
  50  212   88 35.497619 14.502381
  16   32   64 5.420238 10.579762
  40  164   71 27.921429 12.078571
  11   32   37 5.147619 5.852381
  33  130   70 21.629762 11.370238
  10   14   48 2.280952 7.719048
  37  154   67 25.998810 11.001190
   9   30   23 5.080952 3.919048
  44  190   74 31.620238 12.379762
   4    4   18 0.733333 3.266667
  50  224   76 37.495238 12.504762
   4    4   20 0.666667 3.333333
  42  174   80 28.995238 13.004762
   2    2    8 0.400000 1.600000
  52  224   90 37.385714 14.614286
   6   10   25 1.776190 4.223810
  40  160   81 26.715476 13.284524
   2    2    8 0.400000 1.600000
  40  162   77 27.357143 12.642857
   7   14   28 2.371429 4.628571
  51  244   65 40.535714 10.464286
   8   24   27 3.855952 4.144048
  41  162   91 26.672619 14.327381
   3    4   13 0.742857 2.257143
  48  196   83 33.460714 14.539286
   3    2   16 0.333333 2.666667
  45  172   97 28.964286 16.035714
   2    0   11 0.000000 2.000000
  50  214   88 35.719048 14.280952
   2    2   12 0.285714 1.714286
  53  196  117 33.428571 19.571429
  45  160  113 26.528571 18.471429
  53  206  107 35.023810 17.976190
  47  180  107 29.900000 17.100000
  64  290   91 48.563095 15.436905
  36  128   91 20.982143 15.017857
  72  348   86 57.970238 14.029762
  28   80   86 13.666667 14.333333
  65  306   90 50.719048 14.280952
  35  114   90 19.483333 15.516667
  77  374   87 62.689286 14.310714
  23   52   87 8.890476 14.109524
  79  402   73 67.052381 11.947619
  21   52   73 8.815476 12.184524
  81  410   75 68.477381 12.522619
  19   40   75 6.652381 12.347619
  86  452   64 75.297619 10.702381
  14   20   64 3.338095 10.661905
  90  508   34 84.596429 5.403571
  10   24   34 4.128571 5.871429
  96  560   18 93.147619 2.852381
   4    4   18 0.766667 3.233333
  99  590    5 98.190476 0.809524
   1    0    5 0.000000 1.000000
  99  588    6 97.980952 1.019048
   1    0    6 0.000000 1.000000
  99  588    6 97.966667 1.033333
   1    0    6 0.000000 1.000000
 100  600    0 100.000000 0.000000
