   1    0    6 0.000000 1.000000
   1    0    7 0.000000 1.000000
   1    0    7 0.000000 1.000000
   2    2   11 0.309524 1.690476
   1    0    6 0.000000 1.000000
   4   10   15 1.614286 2.385714
   1    0    6 0.000000 1.000000
   2    2    9 0.366667 1.633333
   1    0    6 0.000000 1.000000
   1    0    6 0.000000 1.000000
   2    2    9 0.366667 1.633333
   1    0    5 0.000000 1.000000
   2    2   10 0.333333 1.666667
   1    0    6 0.000000 1.000000
   1    0    7 0.000000 1.000000
   2    2   10 0.333333 1.666667
   1    0    6 0.000000 1.000000
   3    4   14 0.652381 2.347619
   1    0    6 0.000000 1.000000
   1    0    5 0.000000 1.000000
   1    0    7 0.000000 1.000000
   1    0    6 0.000000 1.000000
   1    0    7 0.000000 1.000000
   2    2    8 0.400000 1.600000
   3    6   13 0.983333 2.016667
   1    0    6 0.000000 1.000000
   3    4   12 0.766667 2.233333
   2    0   12 0.000000 2.000000
   1    0    6 0.000000 1.000000
   1    0    8 0.000000 1.000000
   3    4   13 0.742857 2.257143
   1    0    7 0.000000 1.000000
   2    2   10 0.333333 1.666667
   1    0    7 0.000000 1.000000
   1    0    7 0.000000 1.000000
   7   20   21 3.347619 3.652381
   1    0    6 0.000000 1.000000
   1    0    6 0.000000 1.000000
   1    0    7 0.000000 1.000000
   2    2    9 0.366667 1.633333
   2    2    9 0.366667 1.633333
   2    2   11 0.309524 1.690476
   2    2    9 0.366667 1.633333
   2    2    9 0.366667 1.633333
   1    0    7 0.000000 1.000000
   1    0    5 0.000000 1.000000
   1    0    6 0.000000 1.000000
   1    0    7 0.000000 1.000000
   1    0    5 0.000000 1.000000
   2    2    8 0.400000 1.600000
   1    0    6 0.000000 1.000000
   2    2   10 0.342857 1.657143
   1    0    6 0.000000 1.000000
   1    0    8 0.000000 1.000000
   3    6   10 1.133333 1.866667
   1    0    7 0.000000 1.000000
   1    0    5 0.000000 1.000000
   1    0    7 0.000000 1.000000
   1    0    6 0.000000 1.000000
   3    6    9 1.233333 1.766667
   1    0    8 0.000000 1.000000
   2    2    9 0.366667 1.633333
   1    0    8 0.000000 1.000000
   1    0    5 0.000000 1.000000
   2    2   11 0.309524 1.690476
   1    0    6 0.000000 1.000000
   1    0    6 0.000000 1.000000
   2    2    9 0.366667 1.633333
   2    2   10 0.342857 1.657143
   4    8   16 1.376190 2.623810
   3    4   14 0.652381 2.347619
   1    0    6 0.000000 1.000000
   5   14   16 2.352381 2.647619
   6   14   24 2.238095 3.761905
   4    6   18 0.985714 3.014286
   3    6   12 1.019048 1.980952
   1    0    6 0.000000 1.000000
   1    0    6 0.000000 1.000000
   2    2   10 0.333333 1.666667
   2    2   12 0.285714 1.714286
   2    2    7 0.450000 1.550000
  12   38   36 6.285714 5.714286
   1    0    6 0.000000 1.000000
   1    0    6 0.000000 1.000000
   1    0    6 0.000000 1.000000
   2    2    9 0.366667 1.633333
   2    2   12 0.291667 1.708333
   1    0    5 0.000000 1.000000
   3    4   12 0.766667 2.233333
   1    0    6 0.000000 1.000000
   2    2   10 0.342857 1.657143
   1    0    6 0.000000 1.000000
   2    2   10 0.333333 1.666667
   1    0    8 0.000000 1.000000
   5   14   17 2.233333 2.766667
   2    2   10 0.342857 1.657143
   2    2    9 0.366667 1.633333
  15   58   31 9.860714 5.139286
   2    2    9 0.366667 1.633333
   1    0    6 0.000000 1.000000
   1    0    6 0.000000 1.000000
   4   10   13 1.766667 2.233333
   2    2   10 0.333333 1.666667
   1    0    6 0.000000 1.000000
   6   14   23 2.285714 3.714286
   3    4   13 0.700000 2.300000
   2    2   10 0.342857 1.657143
   3    0   19 0.000000 3.000000
   8   18   33 2.871429 5.128571
  10   30   28 5.142857 4.857143
   2    2    9 0.366667 1.633333
   2    2    9 0.366667 1.633333
   4    8   16 1.333333 2.666667
   2    2   10 0.342857 1.657143
   1    0    6 0.000000 1.000000
  10   32   30 5.297619 4.702381
   1    0    6 0.000000 1.000000
   1    0    6 0.000000 1.000000
   5    8   23 1.333333 3.666667
   1    0    5 0.000000 1.000000
   3    6   11 1.085714 1.914286
   5   12   19 1.928571 3.071429
   3    4   14 0.709524 2.290476
   4    8   16 1.333333 2.666667
   2    2   10 0.333333 1.666667
  10   16   43 2.738095 7.261905
   1    0    6 0.000000 1.000000
   3    6   12 1.000000 2.000000
   1    0    6 0.000000 1.000000
   6   14   21 2.419048 3.580952
   2    2   10 0.333333 1.666667
   4    6   19 0.976190 3.023810
   8   14   36 2.242857 5.757143
   1    0    7 0.000000 1.000000
   1    0    6 0.000000 1.000000
   6   12   23 2.114286 3.885714
   6    8   31 1.238095 4.761905
   9   26   27 4.452381 4.547619
   2    2    9 0.366667 1.633333
   2    2    7 0.450000 1.550000
   3    6   11 1.085714 1.914286
   1    0    6 0.000000 1.000000
   4    6   18 1.009524 2.990476
   5   12   20 1.933333 3.066667
   3    2   16 0.333333 2.666667
   3    2   14 0.416667 2.583333
   8   22   30 3.404762 4.595238
   2    2   10 0.333333 1.666667
   9   26   29 4.278571 4.721429
  12   36   33 6.323810 5.676190
   2    2    9 0.366667 1.633333
   4    8   15 1.433333 2.566667
   7   10   30 1.785714 5.214286
   5    6   21 1.133333 3.866667
   3    4   13 0.685714 2.314286
   1    0    7 0.000000 1.000000
   4    4   21 0.642857 3.357143
  24   90   55 14.879762 9.120238
   2    2   10 0.333333 1.666667
   1    0    6 0.000000 1.000000
   4    8   16 1.333333 2.666667
   3    4   15 0.619048 2.380952
   3    2   17 0.309524 2.690476
   2    2   10 0.342857 1.657143
   1    0    7 0.000000 1.000000
  15   52   35 8.909524 6.090476
   3    4   13 0.726190 2.273810
   7   18   28 2.732143 4.267857
   8   18   31 2.942857 5.057143
   3    6   12 1.000000 2.000000
   5    8   21 1.385714 3.614286
   9   20   37 3.171429 5.828571
   8   16   33 2.671429 5.328571
   2    2    8 0.400000 1.600000
   1    0    5 0.000000 1.000000
   1    0    5 0.000000 1.000000
  26   98   59 16.348810 9.651190
   1    0    6 0.000000 1.000000
   2    2   13 0.267857 1.732143
   4    8   16 1.319048 2.680952
   5    6   24 1.042857 3.957143
   2    0   13 0.000000 2.000000
   1    0    6 0.000000 1.000000
  12   36   36 6.011905 5.988095
   1    0    6 0.000000 1.000000
   5   10   21 1.619048 3.380952
   6   10   27 1.628571 4.371429
   9   20   28 3.614286 5.385714
   1    0    6 0.000000 1.000000
   9   14   40 2.419048 6.580952
  11   42   25 7.042857 3.957143
  34  140   66 23.372619 10.627381
   1    0    6 0.000000 1.000000
   1    0    6 0.000000 1.000000
   1    0    6 0.000000 1.000000
   3    2   16 0.333333 2.666667
   2    2   10 0.333333 1.666667
  14   56   28 9.425000 4.575000
   8   24   24 4.000000 4.000000
   4    4   19 0.742857 3.257143
  11   32   32 5.588095 5.411905
   7    8   34 1.395238 5.604762
  11   36   28 6.352381 4.647619
  39  160   77 26.736905 12.263095
   2    2   12 0.285714 1.714286
   1    0    5 0.000000 1.000000
   6   20   16 3.561905 2.438095
   1    0    6 0.000000 1.000000
   9   30   24 5.084524 3.915476
   9   24   29 4.261905 4.738095
   2    0   12 0.000000 2.000000
  13   42   35 7.076190 5.923810
   7   16   25 2.761905 4.238095
   9   18   36 3.095238 5.904762
  40  154   83 25.913095 14.086905
   3    2   15 0.366667 2.633333
   1    0    6 0.000000 1.000000
   7   22   21 3.642857 3.357143
   2    2   10 0.333333 1.666667
   6   12   26 1.935714 4.064286
  13   38   42 6.409524 6.590476
   2    0   13 0.000000 2.000000
  10   28   31 4.900000 5.100000
   7   12   32 2.023810 4.976190
  10   24   35 4.104762 5.895238
  34  124   84 20.509524 13.490476
   8   14   32 2.495238 5.504762
   1    0    6 0.000000 1.000000
   2    0   12 0.000000 2.000000
   3    2   17 0.309524 2.690476
   3    2   14 0.366667 2.633333
  22   64   68 10.582143 11.417857
   1    0    6 0.000000 1.000000
   9   30   22 5.266667 3.733333
  10   34   26 5.790476 4.209524
   6   12   22 2.104762 3.895238
  32  122   72 20.464286 11.535714
   7   12   31 1.947619 5.052381
   1    0    6 0.000000 1.000000
   2    2   10 0.333333 1.666667
  27   98   63 16.488095 10.511905
   3    4   15 0.619048 2.380952
  12   42   29 7.100000 4.900000
   7   12   29 2.110714 4.889286
   2    2   11 0.309524 1.690476
  43  178   72 30.394048 12.605952
   7   10   31 1.704762 5.295238
   2    2   10 0.333333 1.666667
  23   66   76 10.819048 12.180952
   2    2   11 0.309524 1.690476
  14   52   36 8.460714 5.539286
   2    0   11 0.000000 2.000000
  52  240   67 40.576190 11.423810
  10   24   35 4.052381 5.947619
   6   14   23 2.290476 3.709524
  18   38   70 6.395238 11.604762
   3    6   14 0.904762 2.095238
   9   26   32 4.005952 4.994048
   5    8   23 1.275000 3.725000
  51  230   78 38.450000 12.550000
  17   58   43 9.992857 7.007143
   5   14   16 2.366667 2.633333
  13   26   54 4.330952 8.669048
   4    6   16 1.209524 2.790476
   5    6   22 1.066667 3.933333
   2    0   13 0.000000 2.000000
  44  168   95 28.173810 15.826190
  19   54   63 8.839286 10.160714
   6   18   17 3.152381 2.847619
  16   36   62 5.880952 10.119048
   6   18   16 3.200000 2.800000
   7   18   22 3.216667 3.783333
   2    2    9 0.366667 1.633333
  42  172   78 28.900000 13.100000
  17   58   44 9.771429 7.228571
   3    2   16 0.333333 2.666667
  22   80   55 13.230952 8.769048
   3    4   14 0.709524 2.290476
  11   38   28 6.328571 4.671429
   1    0    6 0.000000 1.000000
  48  186  100 31.340476 16.659524
   7   18   25 2.876190 4.123810
   5   12   20 1.880952 3.119048
  18   56   50 9.500000 8.500000
   1    0    6 0.000000 1.000000
  20   84   37 14.130952 5.869048
  41  152   95 25.296429 15.703571
  11   28   38 4.533333 6.466667
  11   32   36 5.214286 5.785714
  23   76   61 12.833333 10.166667
  14   50   32 8.619048 5.380952
  41  150   91 25.590476 15.409524
   7   12   30 2.178571 4.821429
  13   42   37 7.000000 6.000000
  26   94   66 15.701190 10.298810
  13   46   32 7.819048 5.180952
  49  194   98 32.709524 16.290476
   9   14   43 2.369048 6.630952
  10   26   33 4.528571 5.471429
  23   82   55 13.723810 9.276190
   9   30   25 4.857143 4.142857
  48  198   96 32.636905 15.363095
  11   28   38 4.785714 6.214286
   4    8   13 1.533333 2.466667
  24   90   54 15.173810 8.826190
  13   32   43 5.623810 7.376190
  46  184   93 30.840476 15.159524
   5    6   22 1.085714 3.914286
  16   66   29 11.152381 4.847619
  21   78   50 12.946429 8.053571
  12   30   42 4.990476 7.009524
  49  200   96 33.210714 15.789286
   3    2   16 0.342857 2.657143
   9   30   27 4.666667 4.333333
  13   34   45 5.838095 7.161905
  26   96   54 16.730952 9.269048
  48  208   82 34.457143 13.542857
  10   32   28 5.335714 4.664286
   9   18   37 2.923810 6.076190
  33  140   55 23.590476 9.409524
  49  230   68 38.176190 10.823810
  14   54   27 9.208333 4.791667
   7   10   30 1.752381 5.247619
  30  130   51 21.661905 8.338095
  57  264   84 43.719048 13.280952
   4    4   17 0.766667 3.233333
  14   34   49 5.859524 8.140476
  25   90   58 15.195238 9.804762
  65  314   75 52.533333 12.466667
   1    0    5 0.000000 1.000000
  20   72   48 12.076190 7.923810
  14   40   46 6.523810 7.476190
  63  312   67 52.071429 10.928571
   1    0    6 0.000000 1.000000
  22   80   53 13.301190 8.698810
  14   50   32 8.461905 5.538095
  77  392   68 65.697619 11.302381
   9   16   37 2.785714 6.214286
  14   44   43 7.255952 6.744048
  81  428   58 71.450000 9.550000
   5    8   22 1.319048 3.680952
  14   44   40 7.390476 6.609524
  82  416   70 70.063095 11.936905
   7   20   22 3.480952 3.519048
  11   24   48 3.744048 7.255952
  86  460   59 76.613095 9.386905
   6   10   24 1.733333 4.266667
   8   10   37 1.752381 6.247619
  83  430   65 72.083333 10.916667
   5    8   23 1.304762 3.695238
  12   28   46 4.680952 7.319048
  74  386   58 64.432143 9.567857
  11   32   35 5.314286 5.685714
  15   34   55 5.814286 9.185714
  68  332   78 55.122619 12.877381
  13   38   40 6.495238 6.504762
  19   62   50 10.648810 8.351190
  76  400   55 66.980952 9.019048
  14   52   30 8.771429 5.228571
  10   22   41 3.542857 6.457143
  73  376   66 62.504762 10.495238
  14   44   39 7.361905 6.638095
  13   34   41 5.952381 7.047619
  76  406   52 67.739286 8.260714
  11   24   40 4.233333 6.766667
  13   44   34 7.342857 5.657143
  77  414   48 69.266667 7.733333
   7   14   30 2.288095 4.711905
  16   54   40 9.219048 6.780952
  74  398   48 66.141667 7.858333
   8   22   26 3.733333 4.266667
  18   70   36 11.795238 6.204762
  70  362   58 60.322619 9.677381
  12   36   35 6.161905 5.838095
  18   62   47 10.257143 7.742857
  61  296   75 48.879762 12.120238
   7   10   32 1.614286 5.385714
  32  110   77 18.721429 13.278571
  64  312   68 52.561905 11.438095
   4    4   19 0.700000 3.300000
  32  126   71 20.528571 11.471429
  73  372   64 62.231746 10.768254
   5    8   22 1.333333 3.666667
  22   78   56 13.019048 8.980952
  78  382   79 64.282143 13.717857
   7   14   28 2.352381 4.647619
  15   34   63 5.339286 9.660714
  66  310   85 51.988095 14.011905
  11   22   44 3.757143 7.242857
  23   74   65 12.456349 10.543651
  71  326   96 54.864286 16.135714
  11   18   51 2.885714 8.114286
  18   40   69 6.609524 11.390476
  76  382   72 63.979762 12.020238
  11   24   43 3.938095 7.061905
  13   30   49 5.178571 7.821429
  74  364   79 60.695238 13.304762
  15   40   49 6.873810 8.126190
  11   20   48 3.383333 7.616667
  74  360   82 60.192857 13.807143
  13   26   55 4.314286 8.685714
  13   30   47 5.085714 7.914286
  82  426   66 71.110714 10.889286
  13   28   50 4.876190 8.123810
   5   14   16 2.304762 2.695238
  78  400   70 66.624603 11.375397
  17   48   53 8.114286 8.885714
   5   12   17 2.100000 2.900000
  81  406   76 68.241667 12.758333
  17   40   64 6.509524 10.490476
   2    2   12 0.285714 1.714286
  76  380   73 63.779762 12.220238
  23   74   66 12.200000 10.800000
   1    0    7 0.000000 1.000000
  79  408   64 68.223810 10.776190
  21   64   64 10.730952 10.269048
  91  512   36 85.361905 5.638095
   9   16   36 2.885714 6.114286
  85  464   45 77.497619 7.502381
  15   46   45 7.826190 7.173810
  86  476   43 79.142857 6.857143
  14   38   43 6.504762 7.495238
  86  476   42 79.195238 6.804762
  14   40   42 6.928571 7.071429
  88  488   40 81.346429 6.653571
  12   32   40 5.400000 6.600000
  88  484   44 80.714286 7.285714
  12   28   44 4.644048 7.355952
  86  480   43 79.364286 6.635714
  14   34   43 6.138095 7.861905
  84  462   45 76.704762 7.295238
  16   48   45 8.223810 7.776190
  92  512   39 85.554762 6.445238
   8   10   39 1.685714 6.314286
  95  540   29 90.336905 4.663095
   5    2   29 0.333333 4.666667
  92  524   31 87.041667 4.958333
   8   14   31 2.395238 5.604762
  91  514   32 85.776190 5.223810
   9   22   32 3.838095 5.161905
  90  512   26 85.465476 4.534524
  10   36   26 5.823810 4.176190
  90  508   33 84.658333 5.341667
  10   26   33 4.380952 5.619048
  96  552   22 92.319048 3.680952
   4    4   22 0.619048 3.380952
  98  578   10 96.347619 1.652381
   2    2   10 0.333333 1.666667
  97  566   15 94.507143 2.492857
   3    4   15 0.642857 2.357143
  97  568   14 94.566667 2.433333
   3    4   14 0.666667 2.333333
  99  590    5 98.204762 0.795238
   1    0    5 0.000000 1.000000
 100  600    0 100.000000 0.000000
