6.200000
9.995238
4.803571
9.557143
8.691667
6.466667
9.976190
6.890476
8.604762
11.090476
6.614286
4.161905
3.936905
8.400000
5.104762
7.595238
9.616667
8.152381
6.709524
6.696429
11.004762
8.917857
7.861905
8.152381
7.214286
7.833333
8.304762
8.295238
6.652381
8.205952
10.590476
11.015476
6.461905
6.423810
6.198810
9.321429
7.242857
10.357143
8.398810
6.790476
5.209524
8.976190
10.728571
10.100000
10.100000
7.947619
10.557143
8.690476
6.871429
5.005952
5.700000
5.123810
8.628571
9.028571
10.675000
7.095238
6.847619
9.104762
5.741667
9.142857
9.233333
8.328571
7.104762
8.357143
7.659524
9.498810
6.933333
5.314286
9.210714
10.638095
10.397619
9.209524
8.885714
9.576190
9.079762
10.100000
7.633333
11.557143
7.290476
8.884524
6.923810
9.342857
10.523810
7.380952
10.395238
7.905952
9.214286
10.094048
10.647619
10.047619
7.866667
8.227381
10.938095
6.661905
9.380952
10.666667
7.033333
7.120238
10.114286
7.566667
7.376190
8.315476
7.347619
10.930952
9.192857
7.871429
9.204762
10.476190
11.159524
9.500000
8.914286
8.904762
9.061905
9.126190
7.657143
7.571429
8.904762
7.608333
9.357143
8.035714
6.319048
8.154762
7.728571
11.195238
7.395238
8.411905
9.228571
8.457143
10.671429
7.442857
6.933333
7.252381
8.661905
7.361905
8.895238
9.538095
8.228571
8.695238
9.109524
9.114286
9.316667
10.033333
8.652381
10.198810
9.642857
6.100000
7.642857
7.657143
9.023810
8.585714
11.223810
9.442857
9.726190
8.200000
7.836905
7.909524
10.013095
7.886905
9.904762
8.390476
10.757143
6.152381
9.759524
6.595238
8.780952
10.090476
9.017857
6.338095
8.328571
6.033333
5.779365
9.633333
10.890476
8.807143
5.780952
5.976190
6.380952
4.288095
8.680952
8.685714
8.319048
9.366667
8.447619
9.317857
4.698810
7.434524
6.127381
7.809524
11.057143
7.109524
8.957143
7.950000
7.821429
8.428571
6.700000
8.957143
7.600000
7.371429
11.190476
7.832143
8.047619
9.800000
7.614286
9.971429
7.000000
8.942857
6.980952
8.542857
9.048810
7.038095
10.485714
10.589286
6.371429
9.885714
10.538095
6.028571
10.358333
7.895238
8.004762
9.811905
8.509524
9.361905
8.514286
9.123810
9.590476
7.314286
8.848810
10.089286
7.757143
10.485714
11.038095
11.800000
7.538095
6.857143
7.223810
8.247619
4.871429
10.066667
5.595238
8.690476
6.345238
5.409524
6.328571
7.957143
6.152381
6.859524
7.942857
9.911905
8.590476
8.785714
6.047619
6.057143
9.909524
8.709524
7.180952
9.257143
4.676190
9.700000
9.138095
10.700000
4.807143
5.652381
7.538095
10.147619
7.052381
3.339683
7.557143
10.173810
9.251190
7.438095
9.090476
9.123810
7.366667
3.623810
8.752381
8.580952
9.082143
9.585714
5.185714
7.976190
10.833333
7.733333
9.080952
8.523810
9.888095
9.647619
5.638095
9.204762
8.509524
6.147619
7.976190
8.814286
8.285714
7.609524
8.542857
6.038095
8.633333
5.500000
10.200000
7.376190
9.676190
8.109524
7.409524
5.738095
6.728571
6.386905
6.133333
7.976190
9.528571
10.017857
9.625000
8.046429
10.538095
9.111905
8.602381
8.519048
11.285714
7.954762
7.895238
6.988095
6.333333
10.071429
8.666667
7.753571
8.090476
9.148810
6.385714
8.019048
5.607143
8.509524
9.576190
8.347619
10.090476
11.666667
7.229762
8.242857
7.571429
11.219048
6.233333
10.009524
6.390476
10.728571
7.066667
7.928571
11.652381
10.659524
8.400000
7.647619
9.428571
8.915476
8.403571
6.247619
8.301190
10.390476
5.795238
7.667857
8.004762
7.834524
8.204762
6.623810
7.438095
7.842857
8.028571
10.583333
6.604762
8.504762
7.438095
8.504762
10.291667
5.123810
6.190476
6.133333
8.242857
8.788095
5.823810
5.085714
8.519048
10.166667
7.495238
9.361905
6.520238
8.153571
9.266667
9.441667
5.853571
6.455952
9.138095
6.548810
9.423810
6.580952
4.090476
7.709524
9.114286
9.028571
7.666667
7.880952
8.509524
8.033333
6.300000
7.577381
9.583333
8.675000
7.209524
5.814286
8.714286
8.126190
6.614286
11.441667
9.080952
8.228571
11.447619
10.095238
8.089286
8.240476
9.166667
7.776190
9.252381
10.736905
8.104762
9.609524
8.709524
11.400000
10.614286
10.890476
10.892857
6.385714
9.485714
7.217857
5.371429
8.400000
7.728571
8.271429
7.903571
8.471429
9.242857
6.695238
9.371429
10.883333
9.988095
7.828571
6.171429
7.866667
9.015476
6.666667
8.814286
5.811905
7.628571
7.795238
10.105952
6.976190
7.171429
6.700000
9.414286
9.538095
8.776190
10.288095
9.163095
9.195238
7.205952
9.604762
11.000000
10.123810
8.304762
6.133333
9.590476
5.928571
9.196429
5.533333
8.680952
5.695238
9.766667
8.600000
8.578571
7.557143
9.661905
8.066667
4.666667
6.995238
7.904762
6.714286
7.459524
11.280952
9.204762
9.401190
8.604762
8.430952
10.719048
8.938095
7.442857
9.438095
9.185714
11.423810
6.809524
7.690476
6.811905
7.036905
9.752381
8.173810
7.185714
8.785714
9.428571
10.704762
6.385714
8.366667
6.872619
9.795238
8.788095
11.441667
8.947619
8.538095
7.821429
9.176190
6.709524
10.838095
10.190476
6.500000
6.416667
6.966667
7.590476
7.783333
7.810714
9.042857
6.711905
8.400000
6.205952
7.323810
7.552381
11.304762
10.433333
7.461905
10.166667
7.647619
7.480952
7.780952
7.709524
9.282540
10.880952
8.334524
7.257143
8.309524
9.130952
7.403571
8.885714
8.114286
8.664286
8.152381
6.407143
9.585714
9.440476
8.121429
7.409524
8.535714
8.585714
8.353571
6.271429
8.186905
6.402381
7.300000
8.619048
6.942857
5.195238
8.211905
8.738095
7.866667
8.557143
9.766667
4.407143
10.733333
11.365476
8.838095
7.333333
6.861905
8.300000
8.105952
7.628571
7.988095
6.747619
7.961905
11.358333
7.423810
9.100000
9.923810
4.820238
8.814286
7.480952
5.590476
6.785714
7.980952
7.627381
8.423810
6.233333
8.261905
6.980952
9.595238
5.861905
10.400000
9.014286
5.241667
5.261905
6.753571
7.828571
7.485714
8.461905
10.640476
10.288095
5.685714
7.847619
7.942857
9.147619
8.095238
7.976190
7.100000
5.840476
8.019048
7.480952
7.722619
8.609524
5.157143
11.671429
7.355952
6.196429
6.923810
9.832143
9.704762
8.721429
9.257143
9.019048
10.650000
6.509524
5.620238
6.264286
8.966667
10.433333
8.085714
11.066667
9.125000
7.785714
7.292857
10.471429
7.804762
6.590476
7.704762
8.276190
8.614286
8.100000
6.380952
6.539286
4.719048
8.923810
9.380952
6.152381
12.017857
10.423810
10.642857
8.195238
9.742857
6.490476
5.566667
7.328571
10.157143
10.809524
10.792857
10.461905
5.733333
6.246429
8.952381
9.613492
9.519048
10.641667
5.976190
11.366667
7.704762
8.497619
10.961905
7.076190
8.571429
9.433333
7.633333
10.100000
7.128571
9.295238
6.914286
9.842857
8.190476
10.451190
9.126190
8.533333
8.961905
7.391667
7.285714
9.316667
9.300000
6.771429
9.557143
7.838095
10.735714
6.804762
6.339286
10.028571
10.176190
7.766667
8.080952
7.311905
6.089286
7.504762
8.814286
9.685714
7.214286
9.428571
10.490476
10.134524
8.064286
9.790476
7.423810
7.119048
8.328571
9.776190
9.392857
6.628571
8.226190
7.898810
7.547619
7.451190
7.800000
5.717857
6.100000
8.038095
6.704762
7.257143
5.839286
9.348810
8.242857
8.251190
7.742857
10.714286
8.047619
8.066667
8.780952
6.252381
8.290476
8.195238
5.609524
5.561905
5.880952
9.761905
8.814286
9.357143
9.838095
10.495238
6.339286
5.104762
8.426190
8.352381
8.410714
8.671429
10.485714
7.690476
10.528571
7.778571
7.590476
5.883333
8.461905
5.761905
7.114286
9.080952
10.845238
7.961905
6.590476
6.115476
9.157143
6.000000
6.816667
9.057143
6.323810
7.309524
10.028571
7.257143
7.338095
8.780952
8.704762
9.317857
8.204762
7.266667
7.065476
9.514286
8.519048
7.986905
10.233333
10.361905
5.961905
6.083333
11.780952
7.766667
9.869048
10.266667
10.776190
9.895238
7.816667
8.011905
8.300000
6.303571
8.771429
9.560714
7.067857
7.652381
7.166667
6.590476
7.073810
9.732143
7.661905
8.022619
6.097619
8.933333
8.023810
9.566667
8.271429
6.585714
7.572619
6.766667
8.258333
8.042857
8.404762
5.466667
5.890476
7.083333
7.128571
10.795238
10.104762
5.040476
7.119048
6.661905
6.990476
8.014286
8.104762
9.404762
6.280952
8.504762
8.757143
7.057143
7.280952
10.171429
9.552381
10.717857
8.942857
7.216667
7.833333
4.561905
10.814286
8.036905
6.876190
9.247619
8.004762
8.942857
8.457143
9.992857
6.028571
6.142857
9.757143
6.423810
8.242857
9.627381
4.547619
9.771429
8.413095
4.880952
7.017857
9.061905
7.933333
9.627381
9.511905
10.209524
6.409524
7.014286
8.408333
5.400000
8.663095
5.976190
6.580952
9.910714
8.439286
10.309524
8.533333
9.442857
6.861905
10.266667
7.010714
10.280952
9.780952
10.466667
7.400000
7.845238
8.271429
6.519048
8.038095
6.559524
10.320238
6.786905
9.119048
6.380952
5.104762
5.195238
6.347619
8.690476
4.866667
9.514286
4.866667
8.886905
7.614286
5.329762
5.080952
9.520238
8.200000
9.500000
6.590476
6.326190
9.566667
10.152381
8.236905
7.607143
7.352381
8.119048
8.500000
9.165476
8.978571
5.914286
10.180952
11.104762
7.419048
10.113095
11.690476
7.794048
9.727381
6.605952
9.604762
9.747619
7.514286
7.570238
7.214286
8.121429
9.994048
8.414286
8.042857
11.701190
10.404762
6.880952
8.719048
5.992857
7.061905
11.152381
8.685714
7.479762
8.438095
8.451190
6.876190
8.085714
9.409524
7.457143
6.844048
9.171429
7.072619
11.385714
8.333333
11.447619
10.766667
9.633333
10.164286
8.952381
8.804762
9.952381
8.707143
10.645238
8.833333
8.561905
7.952381
9.480952
8.280952
7.936905
8.645238
3.638095
10.533333
10.072619
10.328571
8.650000
7.133333
7.190476
9.567857
4.914286
10.438095
6.133333
6.509524
9.000000
9.190476
9.654762
9.604762
9.509524
7.204762
6.923810
8.423810
5.811111
7.601190
8.790476
7.555952
7.154762
8.471429
7.866667
9.661905
8.652381
6.808333
8.257143
7.252381
7.004762
10.047619
5.871429
7.857143
6.252381
8.738095
9.852381
8.470238
8.114286
4.595238
6.800000
11.573810
9.804762
6.757143
6.928571
9.866667
9.319048
10.530952
8.242857
8.930952
9.680952
