2.190476
3.314286
4.838095
3.038095
4.047619
2.800000
2.747619
4.409524
3.095238
2.571429
4.133333
3.700000
4.561905
3.385714
3.866667
2.361905
1.661905
4.157143
3.338095
3.700000
3.719048
4.509524
2.395238
3.109524
2.095238
3.033333
3.202381
3.357143
3.780952
1.159524
2.595238
3.319048
1.742857
4.361905
3.371429
4.019048
4.100000
4.052381
2.700000
4.091667
1.976190
4.100000
3.138095
1.691667
2.995238
2.114286
2.580952
3.047619
3.421429
2.371429
3.547619
3.142857
3.128571
3.010714
4.071429
1.659524
3.051190
3.771429
3.976190
3.838095
3.500000
3.986905
4.161905
4.300000
2.857143
1.559524
3.700000
2.044048
3.790476
3.585714
3.400000
4.216667
2.191667
3.485714
3.379762
4.376190
2.578571
3.519048
4.019048
1.742857
2.461905
4.509524
4.366667
2.871429
3.609524
1.833333
4.461905
3.966667
3.030952
5.238095
2.376190
2.990476
3.471429
3.819048
3.380952
3.557143
2.371429
1.685714
2.761905
2.928571
2.309524
2.771429
2.900000
2.928571
1.595238
3.047619
3.971429
2.809524
3.038095
2.078571
2.604762
4.000000
4.019048
3.180952
2.873810
2.352381
4.738095
2.704762
4.823810
3.797619
2.280952
2.652381
1.947619
4.414286
3.090476
2.290476
3.980952
3.076190
3.161905
4.085714
3.642857
2.866667
3.547619
2.547619
2.628571
1.860714
4.233333
4.240476
2.004762
4.495238
2.738095
2.614286
3.004762
3.257143
2.814286
3.485714
3.400000
2.347619
2.195238
1.800000
3.504762
3.042857
3.761905
4.000000
1.752381
2.452381
4.571429
4.242857
3.861905
3.376190
3.066667
3.435714
1.766667
2.485714
2.871429
3.471429
3.261905
3.661905
2.623810
4.347619
3.119048
2.142857
4.785714
2.680952
3.209524
2.833333
3.780952
1.728571
1.604762
1.442857
3.085714
4.080952
1.619048
3.495238
3.466667
3.992857
3.677381
1.776190
1.845238
3.304762
4.080952
3.558333
3.895238
3.347619
2.719048
2.428571
2.452381
3.204762
3.385714
2.961905
1.316667
3.733333
2.700000
2.238095
4.310714
4.109524
2.627381
3.608333
2.361905
2.261905
3.404762
3.795238
4.000000
4.071429
3.695238
3.857143
4.323810
3.747619
3.347619
1.638095
1.695238
2.200000
2.738095
3.323810
3.904762
2.041667
1.880952
2.609524
2.809524
4.285714
1.100000
4.385714
2.700000
2.319048
3.775000
3.364286
3.766667
3.652381
2.300000
2.385714
4.300000
3.776190
2.695238
2.928571
3.061905
1.795238
3.438095
2.552381
4.185714
3.547619
3.309524
1.042857
2.928571
2.400000
3.038095
2.438095
2.550000
3.392857
4.123810
3.619048
1.628571
1.401190
3.246429
4.566667
3.228571
2.133333
2.009524
2.727381
1.604762
2.109524
3.251190
2.623810
4.080952
3.116667
4.238095
3.338095
2.709524
2.871429
3.500000
2.404762
3.104762
2.016667
3.990476
2.919048
3.071429
3.919048
3.594048
3.885714
3.490476
2.466667
1.809524
4.340476
4.247619
2.409524
3.623810
1.042857
3.551190
4.171429
2.871429
2.519048
3.728571
4.500000
3.009524
2.804762
2.300000
2.461905
3.704762
1.947619
2.809524
3.566667
3.423810
4.466667
1.695238
1.638095
2.419048
3.361905
1.428571
1.642857
4.257143
1.652381
4.880952
4.542857
4.080952
3.219048
2.328571
1.667857
2.419048
4.223810
3.442857
2.471429
3.128571
3.147619
3.409524
3.819048
4.458333
4.285714
2.066667
3.476190
3.976190
3.771429
3.090476
3.930952
1.583333
2.942857
3.014286
4.019048
3.195238
2.933333
3.357143
2.711905
3.466667
1.709524
3.428571
2.785714
4.896429
3.266667
3.347619
3.785714
2.071429
2.780952
2.576190
3.457143
2.014286
3.488095
4.138095
2.897619
2.257143
4.403571
3.104762
1.695238
2.328571
4.685714
4.502381
3.609524
3.676190
3.766667
2.966667
3.909524
2.028571
3.450000
3.752381
2.214286
3.680952
4.054762
3.082143
1.769048
1.629762
2.910714
1.661905
4.314286
2.700000
3.283333
2.885714
1.966667
3.775000
3.119048
3.438095
1.442857
2.742857
2.735714
4.083333
3.650000
2.161905
3.142857
1.880952
4.891667
2.100000
3.361905
4.285714
3.471429
2.804762
2.857143
3.083333
2.359524
2.458333
2.990476
3.261905
3.047619
3.923810
2.108333
3.035714
1.159524
2.828571
4.388095
3.804762
3.509524
3.252381
2.747619
2.752381
3.957143
1.783333
2.928571
4.433333
2.495238
3.769048
3.052381
3.833333
2.209524
3.685714
4.042857
3.971429
3.019048
2.771429
4.242857
3.942857
3.671429
2.704762
3.289286
4.385714
2.671429
2.652381
2.780952
3.004762
2.691667
2.542857
2.933333
2.285714
4.360714
2.680952
2.559524
3.855952
4.860714
2.547619
4.804762
1.400000
2.942857
3.538095
1.776190
4.242857
4.828571
2.166667
3.250000
4.438095
4.095238
3.309524
3.761905
1.019048
2.542857
4.514286
2.438095
3.676190
3.333333
2.533333
2.741667
4.138095
4.461905
2.966667
3.604762
2.738095
3.200000
3.025000
3.171429
3.133333
2.947619
1.476190
2.585714
3.066667
2.628571
2.961905
2.400000
4.095238
3.533333
1.676190
4.480952
3.357143
2.776190
3.421429
2.619048
3.100000
2.742857
3.352381
2.982143
3.790476
4.142857
2.714286
2.252381
2.338095
1.009524
4.800000
3.828571
3.021429
3.071429
2.671429
2.338095
2.285714
2.085714
2.652381
1.604762
3.100000
4.371429
3.550000
4.300000
4.466667
2.352381
1.285714
1.400000
2.608333
4.480952
2.385714
4.480952
2.195238
3.985714
4.176190
2.980952
2.285714
1.590476
2.161905
2.980952
4.104762
4.713095
3.157143
4.383333
3.657143
1.952381
2.657143
3.275000
1.676190
2.028571
4.638095
4.000000
4.014286
2.119048
2.266667
2.733333
3.947619
4.135714
3.385714
3.178571
3.702381
3.233333
2.966667
3.400000
1.700000
4.761905
2.919048
3.663095
3.014286
1.342857
3.066667
2.885714
3.766667
3.423810
4.400000
4.261905
3.657143
3.647619
4.523810
4.190476
4.942857
2.100000
4.488095
3.426190
4.280952
2.047619
3.228571
2.600000
3.723810
3.000000
2.833333
3.057143
2.242857
1.701190
2.433333
4.619048
4.371429
4.276190
2.685714
1.752381
2.938095
2.402381
2.619048
2.409524
4.466667
3.795238
2.928571
3.380952
2.895238
2.642857
2.467857
2.042857
1.547619
3.122619
4.666667
3.128571
3.576190
2.938095
2.347619
4.552381
1.042857
2.304762
3.683333
4.761905
3.228571
4.333333
4.330952
3.661905
3.314286
3.342857
3.071429
2.952381
2.491667
4.733333
4.014286
3.538095
2.280952
2.095238
4.338095
1.809524
3.767857
2.419048
4.423810
2.238095
3.123810
3.000000
1.776190
3.909524
2.790476
3.428571
3.461905
1.800000
3.500000
4.142857
4.747619
3.019048
4.380952
1.052381
3.752381
3.323810
2.266667
3.421429
3.828571
3.071429
4.466667
3.566667
2.438095
2.709524
3.847619
4.516667
3.419048
3.747619
2.933333
3.709524
2.261905
3.423810
2.611905
3.752381
3.500000
3.942857
2.347619
3.861905
3.309524
3.038095
1.933333
1.752381
1.214286
2.961905
2.885714
4.178571
2.323810
2.886905
1.580952
2.283333
3.757143
2.985714
1.334524
3.685714
3.990476
2.466667
3.128571
2.580952
1.995238
2.276190
2.363095
3.671429
3.476190
2.976190
4.766667
2.083333
2.329762
1.819048
4.252381
2.666667
4.350000
3.600000
3.427381
2.433333
3.709524
2.638095
3.811905
3.646429
2.604762
4.228571
1.761905
4.304762
3.261905
2.661905
3.295238
4.328571
2.942857
3.504762
2.970238
2.125000
2.928571
2.995238
1.928571
1.816667
4.428571
1.433333
3.880952
3.980952
1.628571
2.647619
1.933333
3.114286
2.066667
2.852381
2.542857
2.657143
3.095238
4.752381
4.104762
2.028571
3.395238
4.035714
4.538095
3.195238
2.876190
3.353571
1.409524
2.842857
2.100000
3.695238
2.738095
1.809524
1.952381
2.885714
2.880952
3.142857
1.938095
2.857143
2.933333
4.538095
1.971429
3.385714
4.533333
2.980952
2.185714
3.104762
1.728571
2.976190
4.061905
2.657143
3.735714
3.723810
3.300000
1.333333
2.214286
1.342857
1.383333
3.085714
2.366667
3.516667
3.963095
3.114286
4.828571
4.028571
2.366667
4.409524
2.214286
2.242857
3.335714
4.104762
2.220238
2.552381
2.190476
4.133333
2.142857
3.714286
3.480952
3.090476
3.085714
3.304762
3.238095
3.438095
2.659524
2.906349
2.341667
1.409524
3.257143
1.952381
2.304762
2.100000
1.933333
3.119048
2.528571
2.409524
3.209524
4.171429
2.547619
2.214286
3.995238
2.980952
1.619048
2.311905
2.738095
2.489286
2.338095
4.028571
2.351190
2.071429
3.995238
3.133333
3.404762
3.000000
2.854762
2.657143
3.833333
2.809524
3.842857
4.052381
3.290476
4.342857
3.557143
4.323810
1.776190
4.714286
3.542857
3.152381
1.976190
3.428571
3.595238
4.483333
2.585714
2.390476
4.438095
3.728571
4.442857
1.938095
4.647619
3.633333
2.353571
3.992857
2.038095
4.238095
3.167857
3.195238
3.909524
2.226190
3.255952
1.590476
4.279762
2.895238
4.166667
2.525000
3.442857
3.647619
2.980952
1.628571
2.714286
3.161905
3.238095
2.638095
2.042857
2.595238
2.757143
3.885714
1.971429
2.790476
3.471429
4.839286
2.685714
2.833333
2.261905
3.347619
1.828571
4.561905
4.247619
1.728571
3.323810
2.100000
4.033333
3.700000
4.147619
3.019048
1.571429
1.819048
1.019048
0.985714
1.934524
3.464286
3.747619
3.038095
4.559524
2.414286
1.109524
2.945238
4.233333
4.604762
3.071429
1.710714
2.100000
3.323810
3.538095
3.528571
4.838095
2.285714
4.166667
3.480952
4.114286
2.638095
3.986905
4.023810
3.595238
1.009524
1.310714
3.519048
2.416667
2.728571
3.676190
3.871429
1.776190
3.500000
2.233333
4.404762
4.357143
4.176190
4.047619
3.500000
3.776190
2.633333
3.971429
3.447619
2.042857
0.952381
2.390476
1.985714
2.390476
2.995238
2.714286
1.904762
4.228571
2.404762
1.685714
3.334524
4.490476
1.595238
3.404762
4.704762
2.628571
2.819048
4.223810
2.895238
3.452381
4.620238
1.620238
3.239286
4.538095
2.533333
2.738095
2.345238
3.757143
2.900000
1.914286
3.433333
4.390476
2.680952
3.395238
3.157143
2.353571
3.952381
4.485714
2.328571
3.371429
2.247619
3.161905
3.152381
2.100000
3.157143
3.123810
3.895238
2.547619
3.257143
3.157143
2.876190
4.100000
2.928571
5.042857
2.838095
2.704762
4.042857
2.676190
3.276190
4.109524
3.742857
1.766667
4.395238
2.500000
1.325000
2.369048
2.404762
3.995238
2.980952
2.914286
3.590476
3.433333
2.808333
4.490476
4.804762
4.153571
3.052381
2.528571
1.595238
4.265476
3.419048
2.352381
3.057143
4.390476
2.685714
2.476190
2.116667
4.000000
4.116667
2.766667
3.666667
3.713095
2.661905
4.900000
4.202381
4.002381
1.744048
3.675000
2.761905
3.861905
3.459524
3.476190
3.657143
3.742857
4.438095
2.923810
3.883333
3.390476
3.038095
3.028571
1.878571
2.519048
3.152381
4.085714
3.976190
1.419048
3.023810
2.790476
3.020238
3.209524
2.433333
4.757143
2.280952
3.671429
2.695238
2.528571
2.852381
3.395238
1.880952
3.638095
2.466667
1.214286
3.190476
4.333333
4.747619
2.990476
3.641667
3.828571
3.061905
1.984524
3.713095
3.861905
3.877778
2.638095
3.647619
2.757143
2.019048
1.961905
4.428571
3.361905
2.471429
3.523810
3.709524
2.823810
3.219048
2.600000
4.176190
3.242857
4.028571
3.871429
2.909524
2.466667
4.290476
3.861905
3.138095
1.033333
3.000000
2.004762
2.933333
1.914286
3.014286
3.747619
2.519048
2.211905
2.361905
3.580952
2.358333
1.695238
3.080952
2.095238
2.771429
1.976190
5.142857
3.785714
3.647619
4.252381
4.423810
2.328571
4.957143
1.709524
1.661905
2.416667
4.535714
3.080952
3.900000
3.419048
3.366667
1.575000
1.192857
3.571429
2.642857
4.000000
4.204762
3.061905
4.123810
3.523810
3.357143
2.619048
4.128571
1.971429
3.433333
2.676190
3.747619
2.314286
2.361905
3.752381
4.595238
2.619048
3.595238
3.300000
1.626190
2.109524
2.095238
2.214286
3.671429
3.457143
4.161905
4.079762
2.666667
3.266667
2.619048
4.058333
3.161905
3.695238
3.447619
3.333333
2.723810
4.395238
1.671429
4.061905
3.323810
2.142857
2.052381
3.404762
4.152381
1.977381
3.833333
2.771429
3.200000
4.400000
2.391667
1.328571
2.714286
2.280952
3.619048
4.076190
2.683333
2.776190
2.761905
1.611905
3.023810
2.971429
1.816667
3.152381
1.915476
3.690476
4.228571
3.571429
3.552381
3.604762
4.214286
4.285714
3.514286
2.071429
2.921429
4.066667
1.647619
2.714286
4.240476
2.002381
1.610714
1.995238
2.900000
2.708333
2.647619
3.203571
3.609524
2.404762
3.095238
2.876190
3.440476
1.719048
4.371429
1.652381
1.680952
2.442857
2.400000
3.038095
4.547619
2.675000
1.742857
3.015476
4.542857
3.059524
3.876190
3.576190
1.938095
3.571429
1.277381
3.850000
4.266667
2.280952
3.323810
1.709524
2.928571
3.076190
2.059524
4.050000
2.019048
3.971429
2.769048
4.204762
3.066667
3.300000
3.083333
4.051190
2.052381
2.280952
3.150000
3.728571
3.442857
3.328571
1.661905
2.466667
2.219048
2.609524
3.076190
2.976190
3.476190
2.328571
3.142857
3.061905
2.145238
4.514286
4.019048
4.066667
2.620238
1.842857
4.863095
3.315476
3.242857
2.221429
3.461905
2.077381
2.975000
4.533333
4.050000
4.471429
2.109524
2.214286
4.302381
2.236905
2.261905
3.728571
3.075000
3.291667
4.067857
2.395238
2.141667
2.433333
2.061905
2.780952
3.766667
3.919048
3.495238
2.566667
3.166667
2.542857
2.761905
4.619048
4.704762
3.019048
3.679762
2.828571
2.033333
4.330952
2.285714
2.467857
1.100000
1.923810
3.938095
2.042857
3.938095
2.780952
2.700000
2.390476
2.338095
3.550000
4.414286
3.519048
2.528571
2.842857
4.071429
2.785714
4.154762
3.723810
3.133333
2.842857
1.800000
1.500000
2.709524
1.635714
3.800000
1.719048
1.400000
2.445238
2.214286
3.470238
3.785714
4.363095
1.661905
1.971429
3.500000
4.247619
4.161905
1.263095
1.366667
4.126190
3.195238
4.257143
2.500000
3.583333
2.304762
3.985714
0.995238
2.566667
2.728571
3.433333
3.704762
2.597619
1.733333
4.319048
3.504762
3.671429
3.166667
1.628571
4.809524
1.888095
1.971429
2.714286
3.985714
1.971429
3.100000
2.542857
3.404762
2.438095
3.975000
4.369048
2.907143
3.471429
4.714286
3.266667
3.280952
3.157143
2.061905
3.528571
2.719048
3.766667
1.890476
3.471429
4.442857
3.428571
4.051190
2.800000
2.183333
2.333333
2.833333
3.247619
3.676190
4.604762
2.500000
3.191667
4.419048
2.685714
3.490476
1.880952
3.666667
4.490476
2.690476
3.047619
2.919048
2.909524
1.419048
3.559524
2.720238
3.071429
3.153571
4.808333
3.019048
3.723810
4.095238
3.466667
2.828571
3.670238
3.797619
1.700000
3.619048
2.542857
3.052381
3.371429
2.515476
3.000000
2.176190
1.042857
4.314286
3.232143
2.338095
1.476190
4.052381
2.314286
3.523810
0.928571
3.976190
4.388095
3.780952
3.205952
4.166667
1.914286
3.880952
4.361905
3.071429
4.661905
2.428571
1.952381
2.651190
3.571429
4.761905
3.810714
3.238095
2.938095
2.916667
2.316667
4.342857
4.776190
4.319048
3.047619
1.719048
2.385714
2.547619
3.970238
2.345238
2.328571
1.795238
2.866667
2.138095
2.828571
4.328571
2.857143
2.033333
0.676190
3.438095
4.157143
2.685714
4.642857
3.304762
3.166667
2.971429
0.952381
4.038095
3.519048
3.053571
4.000000
3.171429
3.600000
1.509524
4.333333
3.471429
3.657143
3.609524
3.080952
4.633333
3.252381
1.759524
1.952381
4.028571
3.933333
2.076190
2.128571
3.166667
2.709524
2.338095
2.433333
4.041667
4.361905
3.802381
2.566667
4.842857
2.814286
3.047619
3.766667
3.638095
2.533333
3.352381
3.100000
3.942857
4.466667
1.419048
3.167857
2.447619
4.100000
4.271429
4.190476
3.136905
3.252381
3.397619
3.561905
3.076190
4.114286
4.988095
1.983333
2.952381
1.728571
3.623810
1.400000
4.511905
3.519048
3.590476
2.723810
3.457143
2.795238
3.000000
4.433333
3.119048
3.404762
3.666667
2.400000
3.200000
3.559524
1.809524
2.728571
2.635714
4.109524
1.325000
3.942857
4.510714
3.471429
4.738095
3.385714
3.971429
1.944048
3.876190
4.238095
2.019048
4.228571
4.304762
1.976190
3.638095
4.523810
2.957143
1.619048
1.342857
1.961905
2.654762
1.971429
3.771429
1.466667
2.980952
1.376190
2.738095
2.452381
2.614286
2.304762
2.795238
3.403571
2.442857
2.166667
2.695238
3.864286
3.423810
2.733333
4.042857
3.442857
4.419048
1.785714
3.652381
3.190476
2.466667
4.119048
4.119048
4.023810
2.961905
2.461905
3.071429
3.745238
2.704762
3.152381
3.219048
3.028571
4.147619
4.290476
4.228571
2.304762
4.804762
2.900000
2.314286
3.400000
3.466667
3.995238
2.795238
1.785714
3.702381
2.209524
4.347619
2.461905
1.505952
1.752381
3.519048
2.980952
1.733333
2.521429
2.904762
3.771429
2.809524
2.657143
2.695238
3.466667
1.815476
1.385714
3.219048
2.509524
3.494048
3.119048
4.509524
3.328571
3.390476
3.271429
3.300000
4.657143
4.575000
1.076190
1.710714
3.285714
3.700000
3.552381
1.590476
2.052381
2.695238
2.435714
4.004762
2.028571
3.747619
2.361905
3.655952
2.671429
1.458333
3.276190
2.780952
3.400000
2.338095
2.161905
2.128571
2.885714
2.119048
3.442857
4.371429
2.990476
2.319048
4.214286
3.841667
2.991667
3.857143
1.638095
1.685714
3.357143
3.761905
4.100000
2.490476
3.845238
4.133333
4.810714
4.166667
3.133333
1.644048
2.352381
3.804762
3.438095
1.700000
2.889286
2.383333
1.400000
2.957143
3.416667
3.666667
3.609524
2.209524
1.880952
3.309524
3.966667
3.920238
4.157143
3.478571
2.976190
4.100000
2.347619
3.171429
2.600000
1.433333
3.047619
3.319048
4.619048
3.600000
2.347619
3.604762
3.276190
3.025000
2.966667
3.628571
3.500000
4.109524
2.995238
2.004762
2.928571
3.495238
3.219048
4.014286
2.723810
2.866667
2.728571
2.261905
3.052381
2.359524
1.502381
3.052381
3.747619
4.785714
3.361905
3.733333
2.411905
3.728571
1.542857
4.076190
3.609524
3.757143
3.710714
1.604762
3.535714
4.485714
1.685714
3.909524
1.797619
2.009524
3.595238
2.852381
3.457143
1.826190
3.690476
4.823810
4.500000
3.280952
3.446429
2.771429
2.650000
3.976190
2.069048
2.647619
4.361905
3.228571
3.271429
1.886905
2.661905
2.630952
3.450000
2.552381
2.683333
1.100000
4.360714
4.052381
1.619048
3.261905
3.797619
3.428571
2.275000
2.428571
3.504762
3.700000
3.609524
2.814286
4.090476
1.238095
4.414286
2.733333
2.491667
3.604762
1.638095
2.266667
3.723810
3.361905
3.985714
2.638095
3.271429
2.623810
1.825000
4.133333
1.685714
2.419048
3.242857
3.785714
4.523810
3.638095
3.041667
3.490476
3.019048
3.659524
3.644048
2.109524
2.361905
2.500000
4.333333
3.842857
2.684524
3.919048
2.871429
2.371429
3.404762
2.947619
3.666667
2.052381
1.547619
4.085714
1.376190
2.014286
3.080952
1.761905
3.300000
1.100000
3.633333
2.794048
3.304762
3.047619
2.700000
3.842857
2.395238
3.595238
2.533333
1.933333
3.438095
3.152381
4.161905
2.394048
2.395238
2.638095
2.509524
2.028571
3.117857
3.464286
2.175000
2.742857
3.071429
1.716667
4.504762
3.926190
2.352381
3.464286
4.223810
1.983333
2.438095
3.809524
4.600000
3.904762
3.904762
2.764286
4.171429
2.000000
2.000000
2.519048
3.528571
3.100000
3.755952
3.700000
1.934524
2.033333
2.738095
2.509524
4.090476
3.280952
3.061905
2.109524
2.609524
1.933333
3.066667
2.333333
2.657143
3.033333
3.461905
1.752381
4.302381
4.576190
3.813095
4.466667
2.588095
2.271429
4.833333
2.009524
3.150000
2.700000
3.283333
1.391667
4.642857
2.019048
2.838095
3.590476
3.214286
3.014286
3.080952
4.209524
1.717857
2.833333
2.247619
3.152381
4.038095
4.566667
2.595238
1.604762
2.563095
3.314286
2.878571
3.438095
4.366667
3.633333
4.067857
3.257143
4.880952
3.138095
3.926190
2.569048
2.983333
1.752381
3.204762
4.838095
2.261905
4.338095
3.009524
4.328571
4.138095
2.028571
3.047619
3.353571
1.800000
4.446429
3.766667
3.875000
3.576190
4.473810
1.352381
4.790476
2.128571
2.497619
3.372619
1.850000
2.214286
1.361905
3.385714
3.203571
3.733333
3.680952
2.290476
2.876190
2.883333
3.038095
1.285714
3.833333
2.352381
2.385714
2.600000
3.547619
3.204762
2.642857
3.485714
1.710714
2.809524
2.244048
3.166667
2.533333
3.861905
1.809524
3.209524
2.866667
3.666667
2.676190
2.900000
3.828571
4.004762
3.197619
3.166667
4.022619
2.414286
3.752381
1.914286
1.652381
3.747619
3.014286
3.909524
2.066667
2.647619
2.766667
3.933333
2.923810
3.576190
2.000000
2.261905
2.195238
3.552381
3.750000
3.544048
3.357143
4.333333
2.604762
4.023810
4.338095
0.961905
3.647619
2.561905
2.469048
4.133333
2.104762
2.976190
3.404762
2.497619
4.800000
3.314286
3.216667
2.980952
2.052381
2.166667
3.452381
2.017857
4.471429
1.319048
2.128571
3.666667
3.619048
3.604762
2.395238
3.347619
2.928571
1.433333
2.761905
4.304762
2.042857
2.385714
1.833333
2.042857
4.250000
3.266667
4.466667
4.038095
2.423810
3.666667
2.328571
3.871429
3.423810
4.485714
2.452381
1.683333
2.685714
2.261905
3.895238
1.604762
3.561905
2.028571
4.433333
1.733333
2.716667
3.461905
3.400000
3.195238
3.371429
1.985714
2.647619
3.400000
2.016667
4.690476
3.613095
2.509524
2.919048
1.125000
4.003571
3.461905
3.109524
4.100000
3.857143
3.879762
4.541667
3.038095
2.028571
1.914286
3.538095
1.319048
2.552381
1.361905
3.290476
3.957143
3.238095
2.052381
3.028571
3.795238
2.595238
3.600000
2.657143
1.580952
3.428571
2.395238
3.161905
3.733333
2.373810
4.016667
4.480952
2.590476
3.614286
3.319048
2.733333
2.061905
2.142857
2.923810
3.057143
3.119048
2.076190
2.933333
1.409524
2.642857
2.528571
4.042857
1.794841
1.695238
2.761905
2.119048
2.952381
3.628571
2.166667
