77.367857
79.469048
79.676190
79.364286
78.311905
79.673810
80.889286
79.146429
80.414286
78.459524
78.922619
77.217460
77.061905
82.033333
78.989286
78.385714
78.955952
79.204762
78.926190
78.153571
77.511905
81.257143
78.533333
80.426190
79.807143
80.605952
78.916667
78.651190
79.644841
78.885714
80.032143
78.861905
78.490476
79.252381
80.402381
79.901190
80.776190
80.204762
78.304762
79.023810
79.282143
78.217857
76.965476
78.532143
78.998810
80.409524
77.385714
78.626190
79.501190
81.640476
80.755952
78.240476
79.845238
77.246429
79.452381
80.383333
77.702381
78.658333
79.673810
79.450000
79.254762
80.388095
81.202381
80.185714
79.730952
77.095238
79.278571
77.083333
78.653571
79.258333
80.084524
80.902381
79.188095
77.779762
78.604762
76.147619
80.073810
79.076190
79.900000
80.980952
79.005952
77.645238
78.138095
80.819444
78.690476
81.994048
78.261905
82.561905
79.371429
77.876190
79.252381
82.195238
78.202381
78.923810
77.226190
79.817857
77.926190
79.690476
77.920238
80.516667
77.741667
77.700000
77.578571
78.519048
78.885714
78.605556
80.486905
76.954762
78.076190
79.273810
79.057143
81.557143
81.005952
80.580952
81.242857
77.453571
82.128571
80.109524
81.623810
78.216667
79.041667
81.675000
79.902381
78.984524
79.490476
79.630952
79.292857
77.380952
79.791667
79.304762
78.659524
79.657143
77.586905
76.733333
78.646429
78.071429
80.070238
81.452381
81.009524
78.752381
78.045238
79.078571
79.708333
79.482143
79.498810
80.909524
76.522619
79.150000
80.634524
79.446429
80.290476
79.935714
80.040476
78.451190
76.066667
78.476190
77.784524
77.276190
79.503571
82.371429
78.352381
78.086905
77.608333
78.992857
82.341667
79.766667
78.392857
79.269048
77.278571
78.563095
79.366667
80.800000
80.408333
79.766667
78.259524
78.503571
79.797619
78.057143
77.107143
78.960714
79.480952
77.028571
80.644048
76.970238
79.313095
76.835714
79.828571
80.366667
77.670238
76.814286
