 60
 72
 80
 76
 80
 74
 60
 88
 86
 70
 84
 56
 56
 74
 84
 80
 84
 60
 68
 52
 58
 64
 74
 58
 54
 46
 64
 80
 50
 88
 78
 82
 68
 64
 80
 68
 62
 70
 62
 96
 88
 84
 76
 68
 78
 72
 84
 80
 70
 66
 74
 86
 76
 80
 68
 76
 90
 70
 80
 92
 78
 64
 72
 52
 66
 62
 44
 82
 82
 70
 80
 66
 66
 80
 80
 66
 64
 58
 60
 84
 82
 74
 84
 64
 60
 68
 64
 80
 80
 66
 84
 78
 58
 62
 44
 62
 90
 56
 74
 64
 62
 56
 68
 78
 52
 86
 66
 70
 80
 60
 82
 70
 72
 74
 98
 80
 62
 76
 70
 92
 70
 92
 74
 74
 58
 78
 62
 88
 66
 70
 60
 62
 64
 58
 50
 50
 68
 80
 68
 84
 70
 56
 74
 56
 72
 76
 70
 82
 66
 58
 70
 68
 76
 74
 68
 92
 74
 56
 62
 72
 94
 68
 54
 70
 80
 76
 70
 68
 74
 66
 70
 62
 70
 58
 76
 96
 84
 56
 68
 62
 82
 64
 48
 90
 74
 76
 86
 64
 90
 68
 72
 84
 72
 72
 82
 78
 74
 64
 50
 78
 90
 92
 82
 82
 84
 58
 82
 84
 68
 72
 76
 62
 84
 76
 72
 96
 78
 98
100
 70
 84
 66
 78
 78
 76
 80
 62
 82
 68
 66
 58
 58
 98
 66
 54
 92
 60
 82
 72
 74
 80
 80
 64
 84
 58
 62
 64
 70
 72
 84
 84
 94
 70
 80
 54
 82
 92
 64
 66
 76
 66
 80
 92
 68
 80
 76
 54
 54
 58
 64
 76
 72
 82
 46
 80
 70
 68
 64
 62
 72
 76
 68
 84
 80
 76
 72
 70
 58
 64
 82
 90
 70
 70
 80
 72
 54
 74
 82
 68
 74
 72
 86
 80
 48
 74
 60
 72
 80
 66
 92
 66
 70
 86
 60
 82
 60
 78
 76
 62
 76
 80
 80
 64
 66
 64
 66
 70
 62
 48
 70
 94
 66
 70
 78
 80
 60
 96
 70
 78
 68
 90
 82
 66
 48
 82
100
 74
 88
 80
 70
 70
 74
 78
 62
 76
 60
 60
 78
 70
 80
 92
 42
 78
 76
 70
 72
 82
 80
 76
 42
 70
 80
 68
 78
 68
 74
 70
 64
 62
 80
 78
 90
 94
 68
 84
 54
 78
 62
 68
 78
 96
 62
 48
 58
 74
 70
 64
 50
 72
 68
 64
 86
 66
 58
 74
 94
 54
 70
 66
 60
 80
 56
 76
 80
 70
 76
 78
 80
 74
 72
 76
 70
 86
 84
 92
 60
 60
 70
 90
 74
 76
 76
 88
 66
 82
 66
 56
 96
 86
 68
 68
 80
 70
 68
 66
 80
 72
 62
 60
 70
 78
 56
 74
 82
 82
 96
 78
 64
 86
 82
 90
 68
 76
 66
 62
 64
 84
 56
 42
 84
 72
 70
 88
 84
 70
 70
 70
 66
 56
 82
 76
 56
 64
 68
 52
 78
 76
 68
 72
 58
 66
 84
 76
 96
 74
 78
 78
 78
 82
 78
 68
 68
 98
 70
 72
 50
 86
 68
 78
 92
 98
 62
 68
 68
 68
 94
 66
 54
 62
 64
 70
 64
 64
 68
 72
 90
 54
 64
 46
 68
 70
 92
 90
 50
 74
 54
 90
 76
 64
 58
 62
 70
 72
 92
 78
 66
 70
 58
 84
 80
 90
 90
 80
 60
 76
 62
 90
 80
 92
 68
 64
 78
 72
 54
 52
 86
 72
 68
 48
 58
 90
 72
 64
 50
 58
 80
 86
 62
 80
 60
 74
 74
 80
 58
 64
 66
 68
 72
 62
 76
 92
 64
 68
 48
 74
 52
 62
 56
 64
 62
 80
 76
 76
 82
 52
 54
 74
 56
 52
 62
 80
 94
 86
 78
 60
 76
 64
 64
 58
 68
 52
 46
 50
 58
 78
 70
 72
 64
 94
 70
 66
 50
 68
 86
 74
 76
 76
 82
 70
 82
 76
 68
 82
 88
 64
 64
 50
 64
 76
 88
 48
 72
 84
 70
 66
 60
 52
 60
 72
 52
 82
 70
 82
 62
 84
 70
 86
 80
 62
 48
 78
 52
 64
 80
 84
 72
 88
 60
 86
 56
 86
 66
 52
 78
 58
 66
 78
 86
 50
 90
 82
 72
 88
 68
 68
 72
 62
 70
 52
 72
 50
 48
 60
 76
 62
 54
 76
 76
 72
 50
 56
 68
 68
 72
 62
 82
 64
 70
 70
 78
 66
 76
 56
 80
 76
 72
 64
 54
 66
 78
 72
 66
 82
 78
 78
 64
 60
 72
 66
 64
 74
 62
 52
