198
218
216
214
212
184
198
202
200
208
192
220
206
180
206
222
192
202
212
170
234
200
198
192
200
204
196
186
196
192
220
192
192
194
192
192
204
210
176
198
192
208
220
210
188
206
198
216
230
214
204
224
196
244
206
176
186
224
198
218
218
194
194
198
212
202
228
230
186
198
198
200
178
176
192
198
200
196
196
180
184
200
206
186
216
208
230
170
234
224
200
206
196
196
210
182
198
200
218
192
214
220
218
192
236
188
224
198
188
192
212
200
186
182
198
202
206
192
194
206
192
218
214
186
202
190
196
208
196
222
196
194
206
208
186
210
240
218
172
210
226
220
210
194
190
190
200
186
204
206
206
182
206
216
200
196
212
214
188
192
218
186
226
196
188
230
200
216
204
208
200
204
218
214
210
224
198
210
208
206
228
194
192
190
214
214
212
218
184
200
206
214
226
202
202
194
204
204
190
178
216
196
208
210
166
222
192
202
208
214
218
222
182
194
202
192
176
204
232
238
184
200
180
208
206
200
182
230
240
188
178
214
164
208
218
198
176
204
214
194
180
198
190
218
206
212
220
186
200
194
190
206
190
198
172
196
212
208
184
202
208
222
212
216
220
208
198
194
214
198
194
212
206
238
200
200
194
192
196
190
224
182
198
190
202
230
180
216
200
186
216
196
198
196
192
200
228
202
210
190
212
210
200
204
208
228
206
188
184
202
202
202
204
214
190
178
212
222
194
202
228
216
208
