210
232
244
248
246
232
230
230
232
232
264
234
216
260
208
216
248
242
226
238
216
224
216
230
232
220
258
238
204
220
216
232
236
240
236
232
228
232
230
228
210
228
242
240
226
222
226
254
208
230
214
210
232
236
232
232
248
232
220
228
240
244
236
242
210
252
230
238
216
266
224
254
238
250
232
206
238
220
214
210
230
234
230
226
234
220
230
222
238
232
244
232
246
256
228
230
232
256
242
248
232
220
236
226
220
230
206
202
230
232
248
202
228
230
228
252
222
188
222
244
228
226
236
224
206
230
224
218
236
224
226
254
228
240
230
248
240
238
244
214
230
248
250
208
252
230
226
238
248
238
246
212
226
220
214
252
208
216
220
224
246
236
264
222
240
230
232
250
218
234
230
222
226
236
212
226
220
228
234
214
244
198
224
252
234
230
212
212
198
228
198
188
226
222
254
218
228
240
238
254
240
260
196
232
226
202
242
222
256
212
238
218
250
226
262
236
222
242
214
256
236
248
246
224
246
228
234
234
248
222
252
250
204
240
248
220
232
240
214
248
204
230
208
204
224
236
240
240
246
212
236
220
234
242
230
230
216
236
234
250
244
242
240
202
226
222
236
214
240
218
202
224
242
244
214
254
228
222
220
242
238
224
266
236
224
