366
338
360
382
366
376
374
374
366
348
370
360
384
358
370
366
376
364
358
352
350
372
370
352
364
370
384
364
368
384
386
350
364
358
370
382
364
370
398
352
386
380
392
390
362
344
344
360
378
370
382
358
372
350
398
372
386
370
358
372
378
370
368
370
402
374
382
372
370
370
396
376
388
372
352
372
368
376
346
372
390
348
388
388
354
382
374
382
350
386
378
358
372
388
374
376
360
364
368
366
366
378
356
376
378
366
360
358
366
382
376
374
378
390
376
372
354
380
358
386
344
364
360
354
376
372
356
376
382
386
356
370
370
358
382
370
358
372
370
368
380
370
338
362
366
362
384
376
378
384
356
378
376
372
384
362
370
382
354
392
342
378
348
372
356
374
348
382
358
386
376
360
362
388
378
364
392
392
374
384
362
372
342
390
364
366
386
372
384
360
370
384
382
354
392
354
386
362
372
374
348
346
380
370
384
370
362
356
384
356
380
378
398
376
342
368
376
362
370
372
388
366
380
398
356
388
342
356
372
366
368
362
366
