414
402
394
398
416
406
388
408
388
404
416
414
388
402
404
402
400
400
410
408
398
404
394
410
400
426
398
386
396
420
388
420
392
410
412
400
414
400
416
414
400
410
392
422
398
418
400
396
416
384
408
406
392
424
410
412
416
398
404
382
406
398
410
390
414
402
416
416
388
402
412
418
414
384
374
402
392
402
406
402
402
418
402
404
406
402
422
418
384
392
384
424
376
416
414
402
416
394
404
400
410
398
402
400
388
382
404
392
404
426
404
394
398
400
428
422
382
420
396
412
394
416
408
408
382
414
420
410
400
400
404
404
396
414
392
408
390
406
390
414
400
398
392
394
394
382
394
378
420
398
406
408
414
392
408
400
398
378
412
402
392
406
404
378
420
404
418
402
404
422
414
420
394
396
392
412
404
424
402
394
408
402
380
402
374
396
406
408
370
406
402
404
376
396
408
402
394
398
414
400
418
400
388
412
406
408
414
408
416
384
416
414
382
396
414
406
414
