17.816667
19.233333
16.976190
16.264286
19.786905
17.842857
17.792857
18.621429
21.138095
23.252381
19.296429
18.428571
17.667857
18.357143
17.323810
15.720238
20.166667
20.046429
18.773810
18.452381
17.276190
19.823810
21.529762
17.985714
17.038095
15.166667
18.597619
20.435714
18.169048
18.778571
21.114286
15.861905
18.247619
19.951190
18.146429
20.277381
18.863095
20.051190
15.829762
20.045238
19.607143
19.020238
16.573810
21.547619
13.941667
18.644048
16.871429
18.804762
19.450000
16.640079
17.371429
18.660714
17.038095
19.028571
16.480952
18.025000
16.922619
16.807143
17.865476
19.842857
19.959524
18.338095
20.155952
17.697619
15.325397
18.721429
22.476190
19.471429
18.985714
21.877381
20.254762
14.821429
22.736905
16.300000
20.685714
18.104762
22.054762
18.523810
20.602381
16.276190
16.259921
20.040476
18.079762
18.760714
20.221429
17.151190
21.038095
20.719048
20.527381
17.816667
19.650000
17.173810
18.873810
18.904762
20.220238
21.544048
16.416667
21.089286
17.846429
21.630952
20.745238
20.194048
21.336905
21.634524
18.098810
17.007143
19.254762
20.934524
22.014286
16.852381
18.542857
20.285714
13.961905
17.426190
17.700000
20.614286
21.250000
19.115476
17.475000
16.413095
19.990476
20.004762
16.533333
18.600000
17.240476
17.696429
21.833333
13.261905
16.359524
14.405952
19.047619
18.213095
18.280952
20.953571
18.238095
19.294048
16.547619
15.830952
18.680952
20.747619
17.923810
20.685714
20.370238
16.057143
20.185714
17.760714
19.009524
23.080952
18.282540
19.522222
22.469048
19.963095
22.095238
18.364286
20.638095
21.123810
20.726984
20.019048
19.433333
22.755556
21.351190
17.260714
16.508333
15.819048
19.139286
15.954762
19.963492
18.348810
18.259524
20.857143
20.578571
15.875000
16.010714
20.476190
19.557143
21.428571
17.957143
16.979762
22.176190
17.742857
22.542857
15.302381
16.683333
18.716667
18.457143
18.171429
16.414286
19.980952
15.461905
20.845238
20.320238
17.008333
20.744048
17.488095
19.330952
18.757143
16.719048
19.095238
15.609524
18.688095
20.066667
17.252381
15.325000
21.078571
17.658333
18.291667
19.447619
18.261905
20.704762
14.600000
18.039286
19.977381
19.580952
16.661905
15.328571
20.019048
14.638095
19.450000
15.998810
16.610714
20.901190
16.645238
16.576190
20.546429
21.445238
19.709524
14.214286
16.533333
16.788095
21.188095
21.183333
18.422619
12.714286
16.751190
20.040476
18.988095
21.408333
20.354762
19.689286
16.809524
14.350000
20.852381
17.667857
21.210714
20.698810
21.309524
15.785714
20.095238
15.592857
15.482143
20.400000
18.614286
15.051190
19.929762
16.539683
14.828571
19.925000
19.254762
17.526190
16.757143
15.800000
19.132143
19.390476
14.759524
17.133333
16.285714
21.519048
20.719048
19.542857
18.207143
18.147619
20.102381
17.079762
16.216667
21.364286
21.114286
17.766667
15.690476
18.129762
23.105952
17.287302
21.052381
20.942857
20.207143
21.036905
19.529762
19.985714
19.021429
14.409524
20.623810
18.695238
22.260714
18.166667
19.236905
15.533333
15.982540
17.133333
18.476190
16.592857
17.542857
17.490476
17.919048
16.520238
19.257143
20.921429
19.700000
18.133333
22.697619
17.565476
21.953571
18.400000
16.202381
18.688095
19.709524
18.584524
19.926190
18.713095
18.190476
17.519048
20.190476
21.323810
20.045238
21.857143
19.438095
19.964286
19.121429
20.223810
21.738095
19.742857
16.900000
17.850397
17.680952
15.923810
18.369048
17.630952
16.285714
21.285714
19.390476
17.905952
22.747619
20.383333
18.776190
17.071429
19.792857
16.371429
19.440476
15.777778
20.442857
21.557143
16.297619
17.265476
18.209524
19.153571
15.623810
21.077381
18.852381
16.360714
12.373810
19.686905
17.871429
15.182143
18.302381
19.552381
18.414286
20.092857
16.084524
20.523810
17.409524
17.316667
17.565476
20.295238
19.821429
18.714286
14.025000
20.042857
20.758333
19.252381
17.119048
14.276190
17.823810
16.961905
17.240476
20.552381
20.205952
16.478571
18.966667
18.557143
20.471429
21.477381
16.233333
21.797619
17.809524
18.601190
20.347619
21.238095
18.563095
20.171429
20.207143
19.085714
21.157143
15.326190
16.933333
18.023810
22.267857
16.129762
18.309524
21.585714
19.138095
21.755556
18.890476
17.430952
19.278571
17.079762
17.420238
19.755952
19.764286
18.171429
16.460714
17.208333
16.321429
18.628571
19.271429
19.551190
15.804762
17.328571
17.738095
15.702381
12.616667
18.628571
18.944048
15.304762
20.552381
16.238095
19.319048
18.005952
17.176190
18.892857
18.690476
20.333333
16.646429
16.876190
19.311905
19.923810
20.490476
19.261905
13.819048
22.685714
19.948810
18.298810
16.952381
21.757143
19.485714
16.351190
20.772619
18.067857
19.190476
16.692857
18.852381
17.519048
18.270238
17.477381
15.198810
19.752381
19.244048
15.052381
16.739286
20.819048
21.422619
15.404762
16.418254
14.391667
15.664286
19.679762
18.750000
22.678571
19.579762
21.850794
15.116667
20.007143
18.535714
17.057143
18.590476
16.666667
16.311905
16.719048
23.152381
18.257143
18.342857
19.973810
18.500000
19.192857
19.363095
15.854762
20.185714
19.944048
18.500000
14.400000
17.984524
17.619048
16.004762
21.214286
18.663095
19.583333
20.359524
15.457143
19.771429
16.607143
16.696429
20.636905
20.603571
18.400000
18.835714
16.509524
21.342857
21.451190
17.876190
19.661905
14.736905
17.291667
17.459524
18.133333
18.961905
15.571429
15.376190
21.122619
17.576190
17.385714
22.771429
13.507143
16.357143
19.925000
20.442857
17.430952
15.971429
17.585714
18.725000
17.176190
15.223810
19.360714
22.100000
18.647619
22.571429
17.766667
18.709524
12.120238
19.973810
20.166667
23.165476
14.221429
18.563095
19.941667
17.605952
19.425000
16.569048
16.071429
17.125000
18.488095
16.805952
21.652381
18.433333
19.404762
21.119048
18.560714
18.476190
20.926190
19.857143
22.572619
18.528571
17.904762
20.467857
17.923810
16.180952
19.052381
13.794048
20.003571
22.377381
16.666667
16.813095
17.198810
18.059524
17.559524
20.421429
17.876190
18.069048
18.561905
19.395238
15.716667
16.664286
18.816667
18.403571
18.547619
15.946429
19.711905
17.752381
21.280952
18.171429
18.902381
16.563095
16.494048
18.933333
19.495238
22.195238
21.302381
20.972619
15.459524
13.909524
16.730952
16.607143
19.502381
20.728571
23.964286
16.845238
22.371429
19.463095
18.596429
21.414286
18.209524
17.109524
12.682143
17.279762
14.990476
21.471429
19.890476
19.628571
22.196429
20.651190
16.532143
22.323810
13.657143
16.470238
20.848810
16.552381
15.140476
17.309524
19.267857
21.475000
20.009524
17.433333
22.666667
16.002381
18.004762
21.308333
19.150000
16.551190
14.923810
20.542857
14.848810
16.986905
18.051190
17.221429
20.720238
20.442857
19.842857
14.771429
20.610714
17.880952
16.285714
17.053571
16.328571
17.700000
21.770238
19.083333
21.142857
20.342857
16.514286
19.269048
22.232143
17.115476
17.219048
18.728571
21.500000
16.119048
23.390476
16.807143
21.825000
18.652381
17.957143
22.757143
19.126190
16.880952
15.501190
21.359524
23.027381
16.240476
17.807143
19.585714
23.800000
19.291667
17.195238
21.069048
19.601190
18.800000
15.967857
19.204762
17.184524
19.700000
18.538095
19.329762
15.661905
19.188095
16.348810
21.298810
18.769048
20.250000
15.947619
16.366667
17.819048
17.395238
19.733333
19.142857
22.067857
18.304762
21.035714
21.001190
21.398810
14.870238
20.555952
13.035714
21.442857
20.100000
18.511905
18.704762
16.276190
21.797619
19.275000
17.307143
17.225000
17.436905
16.671429
16.080952
20.057143
19.690476
20.064286
21.890476
20.576190
18.975000
17.313095
20.685714
14.829762
18.885714
13.679762
18.163095
17.145238
19.180952
17.021429
17.600000
21.730952
20.333333
22.690476
19.376190
19.170238
20.802381
15.092857
21.071429
19.547619
19.450000
18.190476
15.015476
16.857143
18.361905
15.344048
21.797619
17.298810
21.466667
16.457143
19.690476
21.407143
17.701190
14.445238
21.747619
22.576190
18.023810
19.638095
20.611905
18.458333
16.523810
19.088095
18.819048
15.832143
17.147619
20.780952
19.883333
16.848810
15.867857
17.771429
17.109524
20.628571
18.085714
21.240476
20.280952
16.716667
20.138095
17.291667
13.814286
18.085714
22.984524
20.214286
19.569444
17.965476
21.861905
20.203571
16.744048
16.785714
19.717857
18.728571
18.041667
15.267857
15.476190
22.535714
15.857143
15.678571
22.417857
18.700000
17.742857
18.730952
21.290476
19.366667
16.886905
18.747619
17.476190
17.890476
16.804762
15.316667
18.728571
19.047619
20.784524
21.938095
20.461905
17.576190
21.190476
18.921429
15.507143
19.817857
16.094048
20.051190
18.044048
22.580952
18.486905
16.990476
15.467857
13.359524
16.445238
19.146429
16.270238
17.958333
17.969048
19.388095
21.286905
15.773810
19.658333
20.472619
19.990476
15.375000
16.628571
21.239286
17.705952
21.309524
21.576190
21.426190
17.138095
16.409524
18.385714
20.739286
22.235714
19.548810
19.366667
16.227381
19.547619
18.758333
20.597619
17.284524
21.428571
19.045238
20.338095
20.614286
15.688095
17.000000
21.880952
17.288095
21.733333
17.480952
15.554762
22.284524
16.280952
22.801190
15.630952
15.991667
20.651190
21.585714
16.404762
16.852381
18.219048
15.580952
18.110714
19.380952
17.276190
18.752381
16.803571
19.225000
19.227381
14.076190
17.422619
19.304762
17.836905
18.017857
14.785714
20.509524
18.752381
17.207143
17.519048
15.285714
18.226190
15.585714
21.838095
17.877381
18.154762
18.811905
17.625000
16.655952
15.927381
16.452381
21.379365
16.538095
17.738095
17.968254
20.233333
18.757143
15.971429
17.073810
16.778571
21.204762
15.759524
15.052381
17.361905
20.283333
20.428571
22.895238
20.117857
17.604762
20.254762
19.014286
17.436905
15.204762
18.165476
21.679762
15.722619
19.186905
18.866667
19.761905
19.876190
21.413095
14.000000
18.745238
20.419048
15.204762
18.038095
20.209524
19.957143
17.105952
19.219048
15.023810
21.265476
17.021429
18.098810
17.852381
20.360714
16.005952
16.871429
19.321429
16.861905
18.648413
19.557143
18.800000
16.042857
20.000000
20.402381
16.328571
16.078571
18.852381
18.657143
18.985714
16.925000
20.692857
16.816667
17.114286
17.326190
15.680952
18.951190
18.291667
22.358333
17.010714
17.147619
19.663492
13.548810
18.651190
17.435714
19.480952
21.759524
17.200000
16.829762
19.476190
18.395238
17.338095
20.780952
21.296429
19.366667
22.414286
18.342857
18.952381
15.145238
13.680952
15.219048
18.209524
19.660714
15.620238
15.971429
20.021429
22.372619
17.178571
18.342857
18.895238
19.860714
20.630952
18.261905
19.990476
17.969048
16.352381
20.467857
22.583333
18.326190
19.829762
19.814286
18.634524
16.519048
17.828571
17.952381
19.805952
15.415873
17.692857
22.058333
19.500000
16.184524
17.695238
17.576190
15.823810
20.888095
15.895238
20.646429
16.238095
20.571429
18.836905
17.353571
21.092857
19.894048
16.339286
17.471429
20.390476
20.596429
17.507143
19.822619
18.847619
17.030952
21.603571
20.161905
21.166667
17.640476
17.390476
18.745238
17.679762
21.057143
18.241667
19.109524
16.947619
17.347619
20.188095
18.461905
15.738095
18.087302
16.352381
20.339286
21.727381
19.150000
18.033333
17.657143
17.054762
19.501190
20.690476
19.590476
17.178571
19.091667
17.760714
20.525397
18.690476
19.561905
16.479762
18.819048
18.945238
13.992857
15.865476
18.761905
17.104762
16.084524
19.176190
17.478571
17.948810
16.817857
20.101190
19.069048
17.363095
18.150000
17.821429
19.015476
15.511905
19.514286
15.008333
19.093651
21.338095
19.704762
15.742857
20.082143
19.886111
18.914286
19.736111
20.242857
17.885714
15.133333
18.076190
16.109524
13.305556
18.447619
19.085714
18.533333
19.553571
17.223810
16.538095
23.082143
18.394048
18.738095
19.919048
17.386905
18.264286
17.084524
14.809524
17.704762
20.402381
19.350000
19.928571
16.652381
19.451190
17.028571
19.228571
17.747619
19.826190
17.944048
20.904762
18.033333
18.817857
17.536905
18.898810
17.860714
17.853571
21.742857
19.039286
17.636905
18.783333
15.780952
19.039286
15.994048
20.188095
16.247619
17.309524
16.204762
20.100000
19.642857
20.691667
14.347619
19.911905
20.221429
18.544048
18.692857
20.107143
19.109524
17.370238
15.413095
17.009524
17.623810
19.855952
19.165476
16.757143
20.647619
16.371429
18.821429
21.695238
19.933333
20.421429
16.302381
19.933333
12.720238
20.133333
19.247619
12.721429
20.261905
20.564286
18.080952
17.826190
18.266667
17.583333
20.584524
13.238095
18.076190
16.808333
16.716667
14.845238
18.328571
17.701190
18.871429
19.729762
19.457143
13.695238
17.982143
14.892460
20.000000
19.519048
22.207143
20.982143
19.273810
21.295238
19.095238
20.347619
17.939286
19.319048
18.944048
19.066667
17.650000
17.452381
16.652381
18.669048
15.045238
20.100000
19.290476
17.205952
19.666667
21.240476
15.460714
19.829762
18.196032
19.398810
18.407143
17.304762
24.404762
21.386905
17.804762
17.976190
20.677778
17.961905
18.139286
18.404762
14.892857
17.547619
20.196032
13.671429
18.644048
18.348810
19.852381
16.892857
19.953571
18.600000
17.476190
19.561905
20.452381
18.882143
20.130952
17.545238
18.635714
16.319048
18.585714
19.238095
21.121429
21.155952
20.192857
22.073810
23.885714
18.133333
18.217857
17.725000
13.294048
19.652381
21.077381
18.502381
19.342857
19.902381
17.434524
17.176190
17.542857
18.453571
17.621429
16.860714
14.108730
21.080952
19.576190
17.064286
14.954762
20.900000
17.939286
18.214286
17.876190
19.436508
16.838095
19.890476
17.536905
19.459524
17.257143
23.814286
19.491667
21.838095
18.104762
15.469048
15.633333
19.790476
22.016667
17.023810
22.073810
19.498810
15.415476
18.392857
17.103571
17.626190
15.161905
15.942857
20.304762
16.861905
15.057143
18.341667
15.435714
17.500000
16.138095
17.240476
17.607143
15.628571
17.411905
17.358333
20.914286
14.254762
19.809524
16.632143
22.080952
19.761905
18.819048
20.665476
18.266667
20.404762
15.519048
16.797619
19.001190
15.463095
15.757143
19.876190
18.767857
18.928571
18.485714
17.445238
17.785714
20.817857
19.371429
18.248810
16.707143
14.742857
18.041270
16.927381
15.691667
20.909524
20.309524
17.146429
20.929762
21.261905
17.417857
16.632143
17.626190
17.209524
18.432143
17.769048
20.228571
19.752381
18.796429
21.007143
21.323810
14.826190
17.000000
20.061905
19.740476
17.723810
19.342857
17.976190
16.423810
16.913095
19.852381
13.304762
18.421429
20.369048
15.942857
17.404762
17.423810
17.766667
21.294048
18.433333
19.647619
21.728571
18.985714
20.747619
21.413095
17.314286
20.684524
19.314286
17.565476
18.991667
19.265476
18.638095
15.520238
17.304762
18.351190
10.788095
19.775000
17.735714
16.123810
18.538095
14.271429
19.583333
17.709524
20.576190
17.910714
18.434524
17.582143
16.628571
21.764286
18.809524
19.123810
16.992857
21.708333
15.108333
22.991667
12.190476
19.734524
19.094048
17.790476
15.963095
14.966667
14.385714
19.066667
12.842857
20.685714
20.603571
17.655952
16.053571
15.621429
17.433333
17.690476
18.639286
18.898810
15.196429
18.086905
13.528571
20.580952
21.797619
16.000397
20.171429
17.611111
20.025000
18.204762
18.844048
19.709524
19.866667
14.004762
15.588095
19.394048
16.704762
22.810714
21.366667
17.150000
15.078571
18.367857
15.033333
17.248810
17.217857
19.390476
22.257143
19.204762
19.314286
21.766667
23.030952
22.690476
17.514286
16.979762
18.663095
18.014286
22.522619
17.683333
17.361905
16.061905
15.103571
16.930952
18.690476
22.161905
19.964286
16.604762
20.207143
21.390476
19.723810
15.785714
13.567857
20.177381
21.273810
17.342857
21.395238
14.388095
18.091270
19.295238
14.214286
18.804762
17.426190
20.678571
15.686905
20.715476
19.066667
18.111905
18.588095
19.960714
19.700000
21.367857
16.766667
17.576190
18.186905
21.688095
15.085714
17.671429
21.171429
18.003571
17.850000
15.576190
20.714286
17.728571
22.273810
22.477381
20.986905
17.947619
18.501190
13.857143
20.100000
18.385714
19.352381
18.804762
17.957143
16.671429
16.076190
18.176190
20.547619
17.688095
18.114286
21.016667
15.271429
16.335714
16.919048
13.064286
14.376190
18.538095
18.880952
17.454762
19.564286
19.266667
20.807143
21.338095
16.310714
14.145238
18.960714
18.850000
20.710714
18.009524
21.585714
17.428571
20.976190
20.623810
15.100000
18.352381
15.376190
18.557143
15.535714
19.033333
19.715476
17.408333
20.723810
16.483333
14.710714
