18.457143
20.986905
22.340476
20.052381
20.803571
23.033333
22.972619
24.527381
20.809524
18.600000
20.965476
25.538095
18.473016
16.865476
22.333333
18.600000
21.282143
25.894048
24.828571
21.978571
14.890476
21.373810
19.451190
23.323810
18.202381
20.128571
24.364286
21.177381
22.044048
23.313095
20.505952
22.409524
20.314286
17.234524
22.276190
16.265476
24.448810
24.488095
26.509524
20.552381
22.166667
21.354762
23.782143
20.966667
18.728571
21.601190
19.069048
18.980952
24.423810
18.461905
19.996429
23.617857
24.941667
22.788095
23.814286
23.376190
21.570238
23.369048
21.058333
19.771429
20.805952
19.700000
25.652381
20.684524
20.210714
18.502381
20.300000
20.917857
22.205952
24.689286
18.657143
19.484524
19.947619
17.564286
20.538095
20.380952
23.797619
22.467857
20.357143
22.021429
20.423810
18.804762
21.502381
19.425000
19.367857
19.434524
19.919048
23.519048
21.761905
18.885714
21.915476
22.569048
21.995238
21.538095
17.734524
20.460714
20.627381
17.604762
20.016667
23.621429
23.457143
23.338095
20.815476
20.416667
14.742857
19.938095
21.525000
19.686905
18.365476
21.380952
16.850000
20.669048
24.004762
23.804762
22.712302
23.904762
17.547619
26.338095
17.480952
22.814286
18.145238
26.065476
14.847619
20.420238
21.885714
21.388095
21.214286
21.200000
21.201190
20.607143
22.023810
21.994048
21.858333
19.554762
19.388095
22.038095
21.255952
22.985714
22.561905
18.598810
21.542857
22.466667
22.802381
19.952381
23.345238
20.919048
21.928571
21.498413
20.560714
23.319048
18.383333
19.852381
19.827381
18.971429
16.886905
22.138095
18.166667
19.373810
16.509524
22.602381
24.350000
22.682143
21.838095
20.815873
20.670238
20.664286
19.951587
18.303571
18.728571
24.616667
20.476190
17.132143
20.509524
20.566667
19.554762
22.805952
17.085714
18.109524
24.923810
25.236905
18.538095
20.342857
20.633333
22.404762
18.454762
21.170238
18.326190
21.895238
24.366667
19.800000
17.922619
19.866667
22.146429
16.285714
21.432143
19.714286
17.015476
19.302381
17.333333
16.288095
22.272619
18.430952
21.354762
20.759524
18.271429
20.261905
21.180159
18.547619
21.454762
19.204762
16.442857
19.913095
21.189286
22.138095
20.057143
19.828175
22.228571
23.447619
21.823810
16.904762
15.925000
20.733333
24.688095
19.394444
21.971429
20.490476
20.104762
22.616667
19.502381
20.228571
22.172619
21.823810
20.438095
22.159524
21.205952
18.744048
22.305952
20.090476
21.038095
19.482143
20.709524
14.935714
23.128571
18.333333
21.009524
15.814286
18.338095
24.483333
22.557143
21.975000
20.926190
17.742857
20.322619
20.497619
19.660714
22.629762
22.023810
18.059524
21.766667
21.766667
23.996429
16.164286
19.940476
20.257143
17.395238
24.919048
19.052381
22.733333
19.185714
17.547619
21.923810
18.152381
21.123810
17.034524
23.276190
20.157143
22.171429
17.647619
19.294048
23.391667
19.879762
21.814286
16.520238
17.754762
23.060714
22.705952
21.709524
20.573810
22.809524
25.801190
23.941667
19.022619
23.354762
23.472619
18.557143
23.370238
19.660317
18.146429
24.303571
17.741667
24.492857
19.384524
24.022619
17.870238
24.232143
22.354762
21.971429
19.994048
22.642857
18.488095
18.558333
22.030952
19.995238
21.413095
21.047619
20.348810
24.038095
20.904762
22.592857
22.634524
22.084524
22.438095
18.247619
21.213095
19.390476
22.832143
21.728571
21.604762
22.319048
17.869048
24.328571
16.369048
17.276190
19.194048
21.647619
21.408333
20.833333
25.655952
19.315476
18.484524
20.550000
22.661905
22.501190
18.541667
24.614286
21.904762
20.533333
19.688095
22.285714
21.527381
23.057143
20.877381
15.839286
23.517857
16.695238
19.455952
25.998810
23.614286
18.141667
20.067857
17.816667
19.190476
19.451190
21.197619
18.335714
19.676190
20.242857
21.992857
20.238095
21.342857
18.440476
18.629762
23.014286
18.358333
23.036905
20.702381
19.839286
21.961905
18.409524
17.716667
20.664286
24.096429
20.591667
21.222619
23.060714
23.819048
18.257143
25.419048
21.938095
21.295238
22.776190
20.814286
19.561905
24.647619
20.757143
23.223810
16.582143
20.523810
19.258333
19.489286
19.861905
20.061905
24.177381
22.597619
21.182143
20.478571
21.398810
16.944048
20.752381
18.808333
18.300000
21.882143
24.400000
25.485714
23.388095
21.052381
20.676190
15.788095
23.126190
20.003571
17.638095
18.403571
23.947619
19.988095
19.089286
18.622619
20.948810
21.514286
17.266667
21.886905
18.148810
20.214286
21.526190
18.851587
19.338095
19.094841
19.970238
20.111905
20.598810
20.709524
16.030952
22.539286
20.275000
21.028175
24.597619
21.977381
23.073810
21.761905
22.044048
24.776190
19.202381
24.320238
22.015476
21.000000
19.236905
25.503571
20.447619
22.997619
22.371429
21.115476
21.952381
16.677381
25.242857
18.202381
22.985714
21.685714
18.119048
20.610714
21.038095
19.923810
20.433333
20.723810
21.600000
21.116667
20.152381
17.653571
21.347619
15.723810
17.244048
21.526190
17.861905
21.590476
24.282143
17.085714
24.364286
20.403571
22.185714
22.289286
19.514286
23.719048
17.536905
14.876190
21.652381
20.795238
22.469841
23.233333
22.407143
22.298016
19.717857
16.570238
20.938095
24.022619
20.361905
21.666667
18.914286
24.011905
21.745238
20.813095
20.932143
19.925000
20.902381
22.080952
22.322619
19.247619
17.547619
24.150000
24.891667
19.797619
24.757143
17.359524
15.809524
20.252381
19.601190
20.608333
19.990476
23.734524
16.152381
21.103571
26.070238
18.285714
18.484524
23.813095
20.241270
21.383333
19.608333
19.517857
21.378571
19.586905
20.388095
19.595238
22.835714
22.328571
16.404762
21.567857
23.473810
17.216667
17.494444
22.389286
19.123413
19.485714
22.638095
23.257143
22.642857
19.522619
21.066667
17.653571
20.913095
21.252381
22.310714
21.480952
15.823810
19.485714
19.959524
23.180952
21.883333
23.004762
15.868254
25.214286
22.127381
21.476190
21.309524
16.405952
23.181746
23.175000
19.428571
19.619048
23.616667
24.100000
20.313095
24.872619
22.645238
20.361905
22.530952
25.269048
21.473810
20.771429
16.014286
20.045238
21.834524
20.004762
21.972619
20.042857
19.514286
21.052381
21.445238
19.604762
21.295238
20.597222
22.941667
22.123810
18.866667
21.457143
17.364286
22.091667
21.238095
25.071429
15.909524
21.790476
18.542857
20.061905
16.775000
20.413095
18.690476
20.692857
19.561905
21.297619
19.823810
21.678175
22.582143
19.507143
20.852381
21.014286
18.129762
19.234524
19.438095
23.659524
22.423810
25.719048
20.011905
22.102381
21.922619
20.869048
18.409524
25.102381
22.997619
21.260714
23.229762
25.414286
21.296429
24.201190
23.860714
24.307143
21.450000
23.510714
18.946429
20.473810
16.732143
16.836905
20.959524
25.095238
18.016667
19.823810
20.730952
24.503571
21.222619
23.697619
22.301190
20.320238
17.779762
21.492857
20.985714
21.014286
19.895238
19.352381
17.142857
18.884524
20.923810
20.720238
19.661905
24.676190
23.233333
20.917857
23.438095
18.745238
20.486905
22.542857
24.361905
23.870238
21.240476
22.404762
23.929762
20.558333
23.428571
21.204762
18.976190
21.091667
19.476190
21.000000
20.101190
16.647619
21.961905
19.091667
23.664286
19.441667
16.890476
20.560714
20.490476
17.166667
23.004762
23.088095
22.538095
19.278571
21.171429
19.040476
22.400000
24.140476
21.278571
27.204762
19.276190
23.128571
20.648810
23.050000
19.584524
17.432143
24.276190
21.700000
20.440476
15.933333
19.222619
17.142857
19.288095
22.296429
18.133333
19.285714
19.635714
26.004762
19.922619
20.252381
19.880952
24.269048
22.028571
19.673810
22.452381
22.071429
18.796429
18.578571
18.895238
21.996429
24.267857
17.452381
21.534524
22.107143
24.865476
19.915476
20.027381
19.098810
17.919048
21.689286
19.328571
20.890476
19.394048
17.266667
21.795238
19.932143
21.327381
23.170238
22.603571
22.504762
20.421429
22.547619
21.733333
22.013095
19.685714
20.908333
17.722619
20.921429
17.028571
21.522619
19.332143
16.023810
21.889286
20.080952
20.897619
25.657143
22.729762
21.223810
16.202381
22.096429
21.285714
19.621429
21.657143
23.446429
19.760714
21.204762
18.028571
23.109524
17.328571
19.300000
18.816667
18.917857
22.191667
21.830952
21.427381
20.202381
18.350000
19.440476
21.153571
20.342857
16.317857
22.133333
21.217857
21.376190
20.114286
22.992857
20.957143
19.159524
22.120238
17.304762
21.091667
21.975000
21.738095
16.985714
20.128571
21.942857
22.776190
24.515476
22.126190
17.529762
22.098810
20.636905
22.359524
24.044048
16.946429
19.670238
22.916667
21.673810
22.152381
25.733333
16.950000
23.373810
18.800000
23.613095
20.700000
21.582143
18.389286
20.176190
19.969048
19.321429
20.176190
18.097619
18.140476
22.409524
21.971429
16.935714
21.466667
24.770635
20.885714
21.542857
21.809524
20.327381
16.888095
21.529762
19.779762
19.185714
22.100000
19.169048
18.741667
18.633333
19.673810
18.904762
23.007143
16.808333
22.400794
17.878571
18.107143
19.067857
21.140476
18.985714
21.471429
15.130952
22.465873
20.209524
21.865476
22.888095
18.761905
21.370238
23.152381
22.978571
21.015476
21.904762
20.359524
18.146429
18.452381
21.855952
18.400000
19.546429
21.838095
19.584524
21.984524
19.159524
24.395238
21.517857
19.957143
20.057143
20.852381
17.171429
19.913492
17.711905
17.254762
21.623810
20.530952
19.176190
23.763095
19.113095
22.585714
20.585714
19.555952
19.257143
20.540476
17.369048
21.870238
20.838095
20.423810
20.023810
21.789286
24.220238
19.163095
22.345238
15.823810
22.200000
18.918651
22.338095
20.346429
19.900000
20.321429
20.359524
19.103571
20.126190
19.927381
22.426190
19.588095
18.704762
17.852381
21.676190
22.707143
21.622619
17.866667
21.809524
21.717857
17.795238
22.129762
23.297619
22.547619
19.114286
21.114286
23.397619
18.838095
18.600000
20.803571
21.291667
23.857143
19.628571
19.619048
23.380952
21.030952
21.501190
20.795238
21.160714
18.900000
20.264286
18.766667
21.523810
19.208333
16.510714
19.494048
19.240476
18.876190
24.073810
16.647619
21.794048
22.991667
22.296429
21.948810
20.634524
17.692857
19.360714
22.115476
22.516667
19.591667
24.758333
17.627381
19.504762
21.447619
19.470238
25.947619
17.647619
21.563095
21.848810
20.028571
22.716667
21.542857
21.809524
20.486905
23.446429
21.385714
21.927381
19.947619
16.395238
21.151190
24.665476
19.782143
18.483333
20.197619
21.410714
20.903571
21.772619
19.728571
21.680952
22.878571
18.840476
20.023810
18.736905
18.861905
19.830952
18.342857
24.214286
16.380952
19.395238
22.227381
21.416667
22.100000
23.319048
20.542857
17.008333
21.752381
18.852381
19.740476
22.171429
23.446825
21.704762
23.390476
21.635714
23.290476
21.552381
23.420238
21.485714
16.523810
21.157143
17.052381
20.069048
22.592857
21.366667
23.690476
19.273810
20.328571
23.386905
19.848810
22.838095
21.291667
18.352381
22.550000
20.697619
19.603571
17.719048
19.004762
22.285714
24.538095
22.695238
17.260714
22.613095
22.136905
21.072619
16.571429
18.488095
23.013095
20.796429
21.871429
21.647619
16.544048
18.195238
19.638095
22.172619
24.580952
22.105952
19.298810
21.615476
17.452381
19.822222
24.033333
22.738095
18.694048
19.125000
17.297619
21.250000
21.314286
19.591667
18.472619
19.371429
21.400000
21.582143
20.671429
13.326190
22.020238
19.733333
21.676190
19.975000
21.580952
23.146429
20.228571
17.369048
21.809524
24.102381
18.933333
18.563095
21.675000
26.042857
20.077381
21.969048
22.533333
20.371429
21.290476
19.802381
17.775000
20.442857
20.342857
19.790476
20.381349
20.960714
21.207143
18.890476
21.250000
23.935714
24.185714
19.869048
21.722619
19.833333
19.964286
21.252381
23.919048
19.685714
21.233333
19.130952
19.436905
20.357143
23.747619
25.266667
24.273810
17.000000
23.397619
24.128571
23.266667
21.717857
20.019048
20.976190
19.484524
20.248810
19.527381
20.719048
21.254762
20.746429
17.648810
21.029762
16.457143
23.486905
22.919048
21.722222
20.800000
19.684524
24.180952
23.585714
21.908333
21.855952
22.486905
19.270238
20.578571
18.177381
19.675000
23.391667
21.546429
18.679762
19.803571
20.438095
21.519048
25.436905
20.119048
21.100000
18.373810
19.371429
23.185714
21.427381
18.288095
17.208333
22.121429
21.367857
19.740476
20.319048
20.261905
19.804762
20.153571
21.092857
18.207143
20.429762
24.639286
24.219048
21.885714
22.733333
24.723810
20.607143
19.292857
16.248810
21.365476
22.338095
21.277381
18.620238
17.647619
20.582143
23.990476
25.683333
18.619841
19.801190
20.342857
18.859524
25.761905
22.701190
21.683333
18.885714
19.823810
20.007143
21.528571
19.702381
19.119048
17.696429
20.471429
18.371429
21.401190
24.419048
24.345238
19.104762
24.295238
17.414286
19.957143
26.092857
23.019048
21.990476
17.928571
18.471429
22.838095
21.984524
21.186905
22.545238
21.650000
19.084524
18.815476
21.171429
22.566667
24.295238
23.147619
20.928571
23.209524
20.516667
19.710714
21.707143
21.460714
23.986905
22.270238
19.835714
18.684524
20.774206
20.560714
20.197619
17.847619
21.579762
14.240476
22.445238
19.534524
22.317857
16.665476
18.761905
21.073810
19.807143
19.842857
19.866667
18.957143
22.351190
21.944048
23.463095
23.573810
21.266667
21.376190
20.190476
19.866667
23.629762
16.900000
21.072619
23.771429
22.738095
13.940476
19.373810
21.141667
20.971429
24.238095
22.626190
18.296429
21.995238
21.133333
23.497619
20.088095
23.433333
18.751190
23.897619
17.490476
24.601190
19.338095
16.765476
24.032143
21.761905
22.901190
19.500000
21.398810
15.323810
18.314286
18.513095
23.046429
17.892857
19.995238
20.052381
23.996429
22.376190
19.667857
22.533333
22.391667
19.028571
18.876190
22.201190
19.908730
21.800000
16.484524
20.500000
22.422619
19.330952
25.121429
15.258333
20.319048
18.238095
20.419048
19.255952
20.019048
19.730159
18.923810
19.863095
21.039286
16.686905
25.504762
20.896429
17.380952
18.000000
20.144048
25.600000
22.900000
18.717857
17.892857
17.542857
17.939286
20.923810
21.288095
19.988095
22.309524
23.414286
18.076190
19.704762
25.792857
18.391667
18.487698
20.578571
22.472619
21.633333
20.404762
21.126190
23.304762
20.601190
24.726190
21.328571
20.854762
18.675000
22.263095
24.557143
15.717857
20.601190
22.186905
22.053571
21.802381
18.304762
19.601190
17.913095
20.909524
17.508333
20.640476
16.333333
22.330952
22.242857
20.519048
16.880952
20.672619
17.589286
19.278571
20.946429
19.623810
22.366667
19.423810
21.104762
22.110714
24.145238
18.638095
20.126190
21.700000
19.925000
19.528571
20.742857
22.588095
22.113095
18.119048
18.717857
23.009524
19.317857
21.605952
20.305952
23.769048
24.095238
20.285714
25.425794
21.085714
24.003571
24.241667
19.380952
20.513095
22.655952
19.278571
17.615476
23.809524
16.657143
18.961905
19.690476
21.936905
17.609524
22.842857
18.771429
20.748810
20.328571
20.445238
18.603571
21.223810
20.025000
21.939286
23.484524
22.165476
21.911905
21.645238
23.563095
17.630952
15.763095
17.365079
19.388095
14.891667
20.818254
21.301190
21.059524
21.826190
22.564286
18.595238
21.626190
19.834524
21.185714
20.854762
21.321429
21.266667
21.419048
22.416667
25.177381
24.705952
19.889286
20.157143
15.766667
21.926190
20.544048
20.419048
21.861905
21.845238
20.700000
19.119048
23.932143
22.113095
22.014286
19.735714
22.607143
17.417857
16.342857
19.544048
21.461905
19.119048
18.161905
20.090476
23.507143
20.359524
20.238095
22.116667
19.845238
17.428571
19.080952
23.005952
25.185714
20.635714
23.252381
