29.195238
36.601190
30.276190
37.319048
34.254762
36.000000
38.661905
30.915476
28.170238
40.197619
36.333333
31.770238
35.435714
31.602381
37.895238
31.325000
31.996429
31.423810
35.366667
32.475000
36.194048
35.705952
31.542857
33.576190
32.905556
34.644048
34.080952
38.761905
36.680952
30.602381
34.992857
29.694048
31.629762
34.113095
33.363095
30.269048
35.369048
34.984524
34.494048
35.672619
37.476190
32.409524
39.135714
33.496429
35.885714
34.410714
31.542857
33.746429
33.908333
32.826190
31.280952
34.698810
35.094048
38.233333
35.430952
33.541667
33.859524
34.050000
36.257143
38.514286
35.891667
38.729762
34.158333
32.628571
32.509524
36.978571
35.520238
31.909524
29.661905
29.271429
32.948810
29.596429
39.819048
33.076190
35.446429
36.242857
36.961905
35.650000
33.607143
34.609524
33.714286
30.808333
30.417857
38.088095
37.480952
34.334921
31.511905
33.476190
34.138095
33.633333
35.696429
30.490873
34.971429
29.963095
34.700000
29.958333
33.676190
32.336905
36.841667
36.402381
34.183333
34.530952
35.382143
37.073810
34.571429
34.989286
37.201190
34.547619
35.492857
35.882540
30.525000
32.161905
34.548810
33.827381
30.989286
27.947619
35.540476
35.461905
36.223810
29.145238
36.728571
31.385714
31.038095
37.466667
36.553571
36.873016
32.985714
33.838095
34.519048
38.204762
32.894048
35.675000
30.973810
34.388095
34.761905
35.136905
33.394048
36.082143
32.277381
35.646429
32.975000
35.054762
41.176190
34.070238
34.635714
35.665476
35.908333
34.342857
39.711905
31.373810
34.470238
32.448810
33.519048
35.070238
34.709524
34.765476
35.340476
33.496429
38.875000
39.059524
31.401190
33.164286
31.761905
33.065476
33.247619
30.861905
30.282143
35.902381
34.061905
34.396429
31.464286
36.980952
36.465476
31.328571
36.588095
34.427381
35.964286
34.789286
34.665476
26.528571
34.171429
30.922619
33.514286
33.152381
37.140476
33.709524
34.045238
38.009524
33.346429
34.534524
30.416667
34.528571
31.002381
37.191667
34.242857
35.421429
33.461905
33.569048
30.698810
32.180952
31.417857
34.798810
38.330952
32.035714
37.028571
37.885714
32.095238
34.771429
32.952381
36.261905
33.582143
37.814286
34.319048
29.928571
33.021429
33.707143
33.381746
33.173810
36.078571
36.614286
34.936905
34.116667
32.472619
35.383333
37.019048
32.322619
30.402381
33.330952
37.326984
30.365476
37.795238
31.252381
30.680952
35.951190
31.410714
33.380952
36.422619
33.248810
33.633333
31.338095
33.153571
38.675000
35.554762
31.590476
36.102381
34.059524
33.557143
31.700000
33.576190
36.460714
34.479762
33.617857
34.619048
32.877381
35.484524
30.894048
29.764286
31.917063
31.379762
34.679762
33.651190
34.417857
34.373810
30.828571
35.582143
33.167857
34.217857
32.250000
34.969048
34.571429
29.220238
32.942857
33.098810
35.995238
38.189286
39.401190
36.309524
35.841667
34.514286
34.561905
35.016667
33.876190
30.576190
34.717857
29.820238
36.017857
32.339286
34.605952
35.050000
35.214286
40.180952
35.260714
31.683333
33.559524
34.461905
29.780952
31.667857
31.371429
31.105952
32.923810
35.548810
34.238095
36.397619
32.639286
31.959524
32.515476
33.297619
36.642857
38.379762
33.686905
31.009524
38.839286
35.859524
33.376190
34.303571
34.222619
35.461905
38.784127
35.011905
35.858333
35.327381
35.798810
32.925794
35.372619
34.701190
30.860714
33.864286
33.295238
40.315476
33.585714
29.242857
32.477381
29.720238
35.954762
38.697619
36.039286
32.509524
33.346429
36.397619
34.984524
35.602381
29.684524
37.771429
34.559524
35.807143
36.126190
35.247619
36.826190
37.023810
35.419048
34.626190
34.542857
37.809524
34.145238
38.928571
36.796429
33.357143
33.469048
31.709524
32.070238
38.390476
29.573810
33.586905
37.330952
36.276190
29.657143
31.858333
33.061905
35.714286
33.271429
30.895238
36.194048
33.229762
31.963095
34.672619
35.644048
34.925000
32.911905
35.114286
37.992857
32.188095
34.997619
35.033333
34.315476
34.752381
34.376190
34.857143
35.050000
38.358333
31.332143
36.953571
35.285714
31.440476
33.533333
36.604762
37.085714
39.233333
35.985714
34.251190
35.569048
30.839286
37.309524
34.722619
34.510714
33.126190
32.219048
35.864286
34.305952
32.538095
30.317857
36.336905
36.241667
36.186905
34.480952
35.528571
33.615476
32.390476
35.461905
37.003571
31.561905
39.460714
29.111905
36.809524
36.064286
32.510714
31.184524
31.360714
37.461905
35.650000
34.736905
35.235714
36.451190
34.077381
30.641667
33.334524
37.169048
28.614286
37.223810
33.827381
30.122619
29.271429
34.808333
34.780952
35.928571
35.226190
36.580159
32.272619
37.890476
34.254762
39.394048
35.066667
32.083333
30.230952
31.604762
32.469048
36.227381
31.678571
33.245238
34.260714
38.173810
34.745238
33.460714
36.035714
37.082143
32.788095
31.521429
37.130952
32.754762
36.335714
38.464286
36.166667
32.101190
35.370238
36.002381
33.745238
34.519048
35.344048
33.680952
31.984524
36.686905
33.933333
32.188095
40.642857
36.564286
33.692857
34.870238
35.732143
35.633333
32.961905
30.526190
32.805952
34.190476
36.021429
35.761905
32.277381
35.438095
31.516667
32.028571
33.828571
35.727381
38.880952
33.788095
36.934524
31.232143
33.142857
34.129762
35.692857
30.942857
31.525000
37.665476
36.600000
32.909524
27.121429
32.567857
32.685714
31.971429
34.677381
35.538095
31.171429
33.896429
34.169048
31.940476
35.988095
31.783333
32.390476
32.601190
33.771429
36.019048
36.061905
33.009524
35.435714
29.570238
38.838095
30.079762
32.369048
32.338095
33.109524
34.455952
31.811905
33.228571
31.776190
31.753571
36.572619
39.428571
37.410714
37.228571
35.714286
34.038095
34.883333
31.938095
39.267857
38.749206
32.359524
37.311905
39.388095
32.548810
35.357143
33.266667
29.539286
31.822619
35.596429
38.167857
35.505952
30.453571
37.009524
35.658333
35.025000
31.695238
31.269048
31.019048
36.651190
30.667857
34.638095
33.877381
32.014286
36.554762
33.442857
36.071429
34.469048
36.234524
35.103571
39.640476
32.398810
37.261905
32.770238
35.880952
33.082143
33.600000
37.302381
33.580952
37.719048
34.458333
36.953968
37.332143
33.161905
34.735714
39.040476
37.650000
34.229762
33.514286
33.157143
34.766667
32.292857
36.179762
36.514286
34.623810
34.817857
32.047619
31.619048
29.066667
33.894048
38.244048
34.822619
32.677381
37.332143
34.747619
34.511905
34.139286
37.090476
32.986905
34.276190
36.542857
30.635714
35.969048
30.070238
32.307143
32.444048
31.367857
30.477381
29.972619
35.566667
36.194048
32.089286
35.411905
32.346429
36.142857
34.257143
39.104762
30.842857
35.896429
32.871429
32.421429
32.914286
34.061905
33.921429
30.319048
35.636905
32.846429
33.514286
34.922619
37.252381
32.066667
38.163095
36.833333
34.604762
35.501190
37.742857
34.683333
32.885714
35.894048
32.879762
35.171429
37.959524
33.580952
30.778571
36.214286
32.391667
28.451190
33.864286
31.254762
34.094048
31.344048
31.715476
37.195238
34.645238
30.388095
39.914286
34.265476
36.040079
36.483333
32.052381
32.004762
37.023810
32.910714
28.620238
34.403571
33.857143
34.265476
34.813095
34.021429
37.076190
40.040476
34.108333
35.260714
38.504762
31.104762
36.588095
34.482143
35.788095
33.204762
34.489286
32.928571
35.842857
35.029762
34.435714
31.864286
37.242857
37.369048
33.910714
36.620238
34.953571
34.547619
33.335714
34.379762
36.527381
33.423810
32.910714
31.765476
33.641667
33.969048
31.723810
32.616667
35.629762
36.123810
32.904762
33.405952
36.504762
34.616667
36.828571
36.325000
33.357143
33.140476
30.452381
30.869048
32.567857
38.457143
32.476190
35.733333
36.107143
31.641667
34.579762
37.852381
35.990476
34.078571
33.021429
33.905952
31.359524
34.939286
35.966667
33.133333
32.117857
38.565476
30.933333
30.808333
33.015476
36.409524
31.841667
34.545238
33.696429
29.404762
37.003571
35.176190
36.133333
38.485714
34.603571
35.076190
32.365476
33.694048
35.123810
36.023810
34.722619
36.486905
37.591667
31.471429
33.138095
32.794048
32.757143
36.264286
40.190476
33.940476
33.234524
31.078571
28.807143
33.265476
35.636905
32.708333
31.167857
30.845238
32.292857
35.136905
38.685714
37.538095
35.006746
34.915079
35.151190
29.855952
38.666667
31.566667
31.206746
28.007143
35.485714
30.861905
35.455952
32.768651
31.986905
34.598810
34.796429
33.130952
37.694048
33.102381
33.951190
32.430952
32.901190
31.694048
35.496429
32.741667
37.690476
31.780952
35.927381
33.216667
29.553571
35.885714
35.355952
35.775000
36.120238
31.123810
35.959524
34.288095
35.126190
35.696429
35.516667
34.808333
36.046429
31.285714
32.869048
33.005952
30.376190
35.186905
36.908333
35.265079
33.222619
34.873810
33.670238
36.240476
32.833333
37.048810
37.395238
37.069444
38.290476
34.234127
35.661905
34.248810
31.300000
31.319048
34.354762
33.940476
32.041667
34.708333
28.328571
33.446429
34.205952
32.252381
35.389286
30.252381
37.154762
33.133333
34.822619
33.883333
37.094048
35.971429
31.373016
32.419048
31.272619
36.407143
32.986905
33.676190
37.580952
36.229762
34.052381
34.022619
34.813095
33.671429
34.479762
32.261905
36.435714
34.398810
33.338095
32.650000
31.339286
29.963095
35.640476
30.763095
34.201190
35.188095
35.228571
34.814286
33.076190
34.172619
34.692857
33.655952
36.257143
33.954762
32.090476
32.757143
31.972619
32.440476
32.552381
32.484524
29.916667
35.910317
33.311905
35.961905
29.823810
33.400000
34.738095
32.920238
36.770238
31.558333
35.171429
31.114286
34.208333
32.311905
36.590476
38.457143
36.515476
36.065476
35.595238
32.144048
32.645238
30.416667
35.059524
34.847619
35.357143
31.428571
33.461905
29.580952
30.046429
36.280952
32.214286
35.448810
31.025000
29.652381
37.357143
36.176190
36.804762
34.663095
33.422619
34.519048
33.276190
36.635714
31.250000
36.835714
36.297619
39.067857
37.294048
35.694048
33.446429
36.061905
31.950000
33.400000
34.367857
36.636905
34.686905
36.817857
31.883333
32.713095
33.795238
34.053571
37.017857
35.942857
35.855952
32.547619
35.728571
35.554762
32.826190
34.084524
37.389286
36.360714
36.138095
33.703571
31.214286
34.719048
32.550000
30.963095
35.626190
36.323810
30.352381
37.086905
31.671429
31.096429
36.876190
32.501190
35.123810
30.600000
34.188095
35.815476
33.741667
35.769048
37.453571
36.422619
29.680952
38.257143
32.419444
35.861905
32.942857
34.952381
32.659524
26.285714
34.838095
32.771429
34.955952
35.535714
34.928571
36.879762
31.542857
33.321032
35.773413
36.014286
38.889286
30.966667
32.557937
28.733333
33.251190
34.191667
31.617857
37.027381
35.176190
36.800000
37.508333
36.180952
34.575000
33.867857
35.080952
37.063095
33.827381
33.011905
32.471429
34.066667
31.890476
35.119048
37.409524
34.392857
33.446429
36.595238
34.755952
34.366667
35.560714
32.615476
35.401190
36.603571
38.704762
33.248810
32.210317
37.860317
35.284524
34.371429
31.144048
37.273810
34.590476
31.914286
37.738095
32.945238
35.458333
33.561905
30.664683
33.177381
36.180952
33.555952
29.775000
39.172619
32.754762
36.360714
31.280952
35.185714
31.479762
