38.173810
38.349206
42.519048
42.444048
42.004762
38.385714
42.579762
36.838095
40.264286
41.347619
36.547619
40.732143
41.585714
40.761905
41.782143
43.676190
42.584524
44.592857
40.480952
40.735714
43.803571
45.619048
44.766667
44.422619
40.450000
36.202381
43.695238
39.772619
44.882143
36.850000
38.178571
42.533333
41.986905
41.492857
41.345238
39.500000
42.640476
39.932143
44.561905
40.372619
43.539286
36.510714
40.952381
37.723810
42.813095
38.503571
43.042857
42.450000
39.427381
43.329762
41.414286
39.592857
36.916667
44.295238
45.057143
41.521429
43.480952
40.816667
39.164286
39.583333
40.250000
40.777381
41.850000
42.047619
45.683333
40.464286
39.908333
44.426190
38.947619
41.329762
42.589286
42.338095
40.928571
43.576190
40.928571
39.855952
39.880952
44.557143
43.785714
37.736905
40.080952
45.265476
39.510714
44.719048
36.548810
40.511508
38.340476
39.819048
44.504762
40.784524
42.157143
43.476190
45.092857
41.946429
38.913095
39.021429
37.579762
38.896429
42.455952
44.669048
42.021429
40.730952
37.159524
41.016667
43.451190
42.097619
39.486905
43.753571
42.682143
41.157143
41.939286
43.663095
38.890476
41.648810
43.411905
42.014286
43.916667
42.992857
43.652381
38.922619
44.908333
36.821429
40.157143
39.445238
43.534524
43.030952
39.847619
39.239286
42.800000
42.947619
39.641667
42.582143
40.745238
39.917857
39.772619
38.054762
45.160714
38.805952
42.033333
37.423810
45.101190
40.378571
41.883333
46.233333
38.208333
44.161905
45.741667
36.727381
40.554762
39.092857
42.883333
38.758333
37.657143
43.661905
41.970238
41.600000
41.063095
40.048810
41.233333
43.590476
42.414286
39.551190
38.223810
40.209524
41.623810
44.664286
43.407143
42.598810
39.590476
43.746429
38.922619
40.462698
43.702381
38.726984
46.251190
39.860714
44.198413
46.552381
39.045238
40.595238
38.441667
39.119048
39.435714
37.928571
41.934524
41.030952
40.915476
37.580952
37.679762
43.800000
37.917063
44.766667
39.860714
44.016667
42.102381
39.052381
42.228571
43.009524
42.947619
41.327381
40.276190
43.657143
40.214286
39.433333
40.776190
41.502381
40.898810
44.195238
43.330556
39.979762
42.764286
40.408333
42.069048
41.107143
41.120238
40.335714
42.829762
41.153968
42.028571
45.021429
40.995238
42.234524
39.397619
40.254762
45.279762
39.884524
41.710714
43.996429
42.744048
43.646429
43.894048
44.532143
43.439286
40.823810
42.347619
39.025000
42.909524
40.390476
41.412302
40.408333
39.352381
40.090476
44.190476
40.444048
41.496429
36.450000
39.834524
45.004762
36.466667
40.516667
37.233333
42.951190
41.486905
42.251190
37.780952
39.088095
44.176190
42.264286
41.115476
34.509524
43.223810
42.150000
42.652381
40.385714
43.329762
41.328571
40.440476
44.689286
35.930952
43.752381
41.363095
42.257143
41.496429
40.121429
42.213889
39.917857
40.605556
37.320238
41.054762
40.814286
40.460714
46.773810
38.014286
36.700000
42.095238
42.471429
43.675000
43.152381
44.252381
43.663095
43.378571
36.460714
42.166667
39.166667
42.216667
39.107143
40.769841
41.033333
40.638095
37.823810
37.942857
43.238095
38.845238
38.025000
38.357143
45.285714
37.535714
43.385714
39.190476
38.013095
41.078571
39.242857
42.266667
38.404762
42.020238
42.128571
45.439286
40.673810
43.542857
40.079762
42.719048
42.538095
34.483333
42.921429
44.520238
39.621429
45.689286
44.422619
42.466667
36.714286
43.595238
40.415476
42.902381
41.071429
46.161905
39.083333
37.107143
42.897619
38.404762
40.259524
41.089286
44.395238
38.302381
42.578571
37.917857
40.459524
40.347619
35.976190
40.497619
40.786905
45.146429
41.082143
40.038095
36.303571
39.890476
40.447619
48.126190
39.073810
38.485714
44.016667
43.455952
39.078571
40.767857
43.873810
39.925000
39.115476
40.119048
43.838095
43.686905
38.161905
39.358333
43.213095
41.785714
37.541667
46.054762
41.110714
45.071429
44.336905
41.804762
41.052381
43.571429
38.379762
42.335714
46.000000
44.571429
41.115476
42.730952
39.734127
40.379762
44.911905
37.850000
36.897619
34.657143
41.703571
43.747619
39.878571
39.688095
39.796429
39.444048
43.369048
40.723810
37.515476
42.163095
38.338095
38.305952
38.190476
44.665476
43.704762
40.166667
39.158333
43.266667
42.064286
43.123810
44.872619
40.500000
39.673810
37.067857
43.489286
42.035714
45.296429
40.717857
45.651190
42.200000
40.685714
39.334524
43.983333
39.838492
44.155952
40.840476
42.034524
43.636905
41.346429
41.323810
40.485714
40.740476
38.995238
42.122619
38.303571
41.384524
45.159524
43.575000
43.703571
42.645238
40.814286
40.267857
39.142857
44.251190
38.689286
36.604762
43.077381
39.678571
41.494048
40.808333
38.804762
37.180952
39.857143
39.804762
42.480952
41.915476
42.526190
40.672619
38.954762
43.402381
40.817857
42.013095
38.130952
42.138095
41.994048
37.055952
41.333333
46.388095
42.541667
35.480952
42.814286
39.785714
42.161905
39.097619
36.360317
40.907143
42.733333
41.103571
42.777381
42.185714
42.870238
41.866667
41.604762
43.190476
39.547619
41.027381
39.948810
45.555952
43.342857
39.986905
43.480952
38.990476
44.742857
34.021429
42.088889
41.184524
44.214286
37.984524
41.855952
42.064286
41.317857
41.876190
41.157143
40.484524
44.300000
42.152381
42.907143
37.010714
40.926587
41.151190
42.230952
40.395238
39.897619
43.210714
40.138095
40.119048
45.058333
48.040476
41.088095
38.533333
39.048810
40.889286
42.609524
40.354762
38.161905
42.178571
39.466667
43.128571
42.047619
42.171429
40.030952
42.075000
41.629762
42.448810
39.361905
40.210714
40.152381
40.610714
42.264286
40.171429
39.395238
40.078571
40.466667
43.145238
43.829762
41.385714
41.240476
41.557143
45.704762
39.573810
39.126190
43.561905
39.330952
42.676587
44.380952
42.447619
43.433333
43.488492
41.673810
37.992857
43.747619
41.191667
46.634524
36.328175
40.737302
39.375000
41.652381
41.576190
42.802381
40.309524
40.744048
44.014286
40.933333
40.358333
44.119048
41.925000
43.510714
42.876190
42.734524
41.171429
36.588095
35.342857
43.204762
40.985714
42.850000
39.747619
42.242857
36.195238
41.867857
40.028571
40.434524
37.180952
41.351190
44.007143
43.923810
39.447619
41.969048
37.783333
43.635714
44.003571
42.748810
39.782143
44.205952
42.138095
37.996429
38.344048
42.365476
36.388095
45.641667
44.919048
42.203571
41.276190
40.544048
38.725794
40.254762
45.127381
43.838492
40.628571
42.444048
37.597619
41.678571
41.667857
39.953571
42.922619
41.852381
47.369048
42.441270
45.051190
45.270238
42.142857
41.897619
38.407143
38.933333
44.040476
41.200000
48.088095
39.176190
36.780952
42.835714
42.035714
38.164286
39.527381
42.316667
39.082143
39.157143
41.876190
38.916667
37.430952
39.920238
41.092857
40.991667
41.288095
40.672619
43.336905
36.544048
42.976190
38.945238
42.300000
36.430952
43.432143
44.753571
44.219048
40.819444
44.501190
43.266667
40.138095
36.707143
37.196429
43.219048
41.770238
41.335714
42.816667
39.385714
47.494048
41.820238
39.913095
40.932143
41.859127
39.627381
42.909524
37.863095
41.519048
39.959524
37.620238
42.041667
39.666667
42.445238
42.967857
41.573810
40.694048
44.101190
40.532143
43.632143
42.538095
45.086905
39.796429
40.177381
40.038095
38.647619
41.861905
38.250000
41.798810
41.913095
39.945238
39.704762
41.445238
36.702381
39.628571
35.821429
39.201190
40.809524
42.873810
42.085714
39.007143
40.592857
40.935714
39.720238
44.051190
41.232143
39.865476
38.476190
44.021429
38.754762
38.108333
43.909524
42.523810
41.117857
40.750000
41.619048
41.733333
36.631746
39.628571
39.942857
36.635714
42.208333
37.552381
41.802381
42.539286
40.128571
40.883333
40.383333
40.702381
40.742857
40.830159
33.802381
37.940476
39.734524
41.507143
43.771429
36.880952
41.613095
40.648810
43.892857
43.538095
39.100000
39.914683
44.541667
42.790476
37.086905
45.486905
42.623810
41.913095
42.479762
42.490476
40.158333
38.019048
37.395238
40.478571
41.298810
45.154762
44.552381
42.483333
38.371429
44.514286
40.528571
39.745238
43.435714
44.733333
39.677381
41.875000
46.900000
41.336905
46.519048
43.539286
43.780952
40.490476
43.526190
39.896429
41.442857
44.273810
44.778571
36.692857
42.013889
36.400000
40.025000
39.964286
39.898810
40.561905
39.841270
38.752381
39.510714
37.798810
39.938095
36.615079
42.367857
43.754762
42.647619
41.228571
39.902381
36.894048
41.095238
36.353571
38.794048
40.044048
39.685714
42.079762
42.477381
40.539286
39.365079
45.897619
45.861905
36.979365
43.509524
43.166667
44.809524
38.666667
39.500000
43.282143
41.569048
41.685714
36.192857
42.977381
45.050794
40.723810
46.877381
43.883333
41.751190
39.297619
40.307143
43.291667
43.702381
39.729365
41.786905
38.789286
39.063095
41.709921
40.372619
38.346825
44.567857
38.372619
38.897619
40.042857
42.602381
42.221429
40.215476
42.861905
38.209524
40.298810
42.913095
42.304762
39.416667
38.908333
40.546429
40.547619
38.439286
