   2    2   10 0.342857 1.657143
   3    6   14 0.904762 2.095238
   2    2    7 0.450000 1.550000
   1    0    5 0.000000 1.000000
   1    0    8 0.000000 1.000000
   1    0    8 0.000000 1.000000
   1    0    7 0.000000 1.000000
   1    0    8 0.000000 1.000000
   3    6   15 0.857143 2.142857
   4    8   14 1.461905 2.538095
   2    2   10 0.333333 1.666667
   3    4   13 0.742857 2.257143
   1    0    8 0.000000 1.000000
   2    2    9 0.366667 1.633333
   2    2    9 0.366667 1.633333
   1    0    7 0.000000 1.000000
   1    0    6 0.000000 1.000000
   2    2   10 0.342857 1.657143
   4    8   15 1.366667 2.633333
   2    2    9 0.366667 1.633333
   1    0    6 0.000000 1.000000
   5   14   14 2.561905 2.438095
   1    0    7 0.000000 1.000000
   1    0    8 0.000000 1.000000
   2    2    9 0.366667 1.633333
   1    0    6 0.000000 1.000000
   1    0    6 0.000000 1.000000
   2    2   11 0.309524 1.690476
   1    0    8 0.000000 1.000000
   5   14   13 2.600000 2.400000
   1    0    9 0.000000 1.000000
   2    2    8 0.400000 1.600000
   4   10   14 1.797619 2.202381
   3    6   14 0.935714 2.064286
   3    4   13 0.742857 2.257143
   2    2   10 0.333333 1.666667
   1    0    6 0.000000 1.000000
   2    2    9 0.366667 1.633333
   3    6   13 0.983333 2.016667
   2    2    9 0.366667 1.633333
   1    0    7 0.000000 1.000000
   1    0    7 0.000000 1.000000
   2    2    9 0.366667 1.633333
   1    0    6 0.000000 1.000000
   2    2    8 0.400000 1.600000
   3    6   12 1.071429 1.928571
   2    2    8 0.416667 1.583333
   1    0    6 0.000000 1.000000
   1    0    5 0.000000 1.000000
   2    2   10 0.333333 1.666667
   1    0    6 0.000000 1.000000
   1    0    5 0.000000 1.000000
   1    0    9 0.000000 1.000000
   2    2   10 0.333333 1.666667
   1    0    8 0.000000 1.000000
   5   14   14 2.669048 2.330952
   3    4   14 0.725000 2.275000
   1    0    6 0.000000 1.000000
   1    0    7 0.000000 1.000000
   4   10   14 1.685714 2.314286
   2    2   10 0.333333 1.666667
   3    4   13 0.700000 2.300000
   2    2   10 0.342857 1.657143
   4    8   17 1.280952 2.719048
   2    2   10 0.342857 1.657143
   5   16   14 3.038095 1.961905
   2    2   10 0.333333 1.666667
   1    0    7 0.000000 1.000000
   4    8   18 1.257143 2.742857
   6   16   16 3.078571 2.921429
   3    6   14 0.935714 2.064286
   2    2   10 0.333333 1.666667
   4   10   11 2.035714 1.964286
   2    2   11 0.309524 1.690476
   3    4   15 0.711111 2.288889
   5   14   16 2.390476 2.609524
   2    2    9 0.366667 1.633333
   2    2   12 0.291667 1.708333
   9   28   22 5.285714 3.714286
   3    4   13 0.742857 2.257143
   2    2   11 0.325000 1.675000
   2    2   10 0.342857 1.657143
   3    6   10 1.166667 1.833333
   2    2   10 0.342857 1.657143
   1    0    5 0.000000 1.000000
   3    4   15 0.628571 2.371429
   1    0    7 0.000000 1.000000
   2    2   10 0.333333 1.666667
   3    6   10 1.133333 1.866667
   6   18   15 3.385714 2.614286
   2    2   11 0.309524 1.690476
   3    6   13 0.983333 2.016667
   1    0    4 0.000000 1.000000
   2    2   10 0.342857 1.657143
   3    6   12 1.019048 1.980952
   4   10   13 1.761905 2.238095
   5   12   21 1.845238 3.154762
   4    8   16 1.409524 2.590476
   1    0    7 0.000000 1.000000
   6   18   21 3.064286 2.935714
  13   44   31 7.790476 5.209524
   4   10   13 1.728571 2.271429
   4    8   17 1.304762 2.695238
   1    0    7 0.000000 1.000000
   4    8   15 1.361905 2.638095
   1    0    6 0.000000 1.000000
   3    6   12 1.122222 1.877778
   5   14   15 2.685714 2.314286
   9   32   23 5.494048 3.505952
   3    4   14 0.676190 2.323810
   5   14   16 2.450000 2.550000
   1    0    6 0.000000 1.000000
   2    2   12 0.291667 1.708333
   1    0    6 0.000000 1.000000
   1    0    7 0.000000 1.000000
   3    6   11 1.066667 1.933333
   2    2   10 0.342857 1.657143
   6   16   22 2.583333 3.416667
   3    6   13 0.983333 2.016667
   4   10   15 1.608333 2.391667
   1    0    7 0.000000 1.000000
   8   30   18 5.303571 2.696429
   9   30   23 5.175000 3.825000
   6   18   16 3.288889 2.711111
   2    2   10 0.333333 1.666667
  11   32   31 5.604762 5.395238
  10   36   25 5.997619 4.002381
   1    0    7 0.000000 1.000000
   1    0    7 0.000000 1.000000
   3    6   11 1.066667 1.933333
  11   36   32 5.950000 5.050000
   8   26   23 4.583333 3.416667
   6   18   15 3.225000 2.775000
   4   10   13 1.785714 2.214286
   2    2    8 0.400000 1.600000
   2    2   12 0.291667 1.708333
   4    8   16 1.333333 2.666667
  10   34   25 5.928571 4.071429
   2    2    7 0.450000 1.550000
   1    0    7 0.000000 1.000000
   9   32   24 5.275000 3.725000
   7   20   18 3.647619 3.352381
   1    0    6 0.000000 1.000000
   1    0    8 0.000000 1.000000
   5    6   23 0.950000 4.050000
  15   58   31 9.904762 5.095238
   5   14   12 2.700000 2.300000
   2    2   14 0.253968 1.746032
   4    4   23 0.610714 3.389286
   9   30   25 5.047619 3.952381
   6   18   21 2.826984 3.173016
   9   30   22 5.514286 3.485714
   1    0    9 0.000000 1.000000
   9   26   25 4.808333 4.191667
   6   18   16 3.261905 2.738095
   3    4   16 0.625000 2.375000
   8   26   23 4.323810 3.676190
  11   44   28 7.327381 3.672619
   2    2    8 0.416667 1.583333
   3    6   13 0.952381 2.047619
   7   16   24 2.883333 4.116667
  14   58   25 9.945238 4.054762
   6   16   16 3.000000 3.000000
   2    2   10 0.333333 1.666667
   5   14   15 2.466667 2.533333
   3    6   15 0.888889 2.111111
  11   42   21 7.459524 3.540476
  11   38   27 6.475397 4.524603
   8   22   29 3.476190 4.523810
  11   42   20 7.583333 3.416667
   2    0   13 0.000000 2.000000
   5    8   21 1.366667 3.633333
  12   46   24 8.092857 3.907143
   3    6   12 1.071429 1.928571
   9   28   30 4.482143 4.517857
   9   32   24 5.601984 3.398016
   5   14   17 2.338095 2.661905
   4   10   16 1.625000 2.375000
   5   12   16 2.302381 2.697619
   2    2   12 0.285714 1.714286
  15   60   31 10.245238 4.754762
  12   42   27 7.350000 4.650000
   6   16   19 2.816667 3.183333
   6   16   21 2.800794 3.199206
   3    2   15 0.366667 2.633333
   1    0    6 0.000000 1.000000
   8   26   22 4.330159 3.669841
   7   24   15 4.428571 2.571429
   6   12   29 1.915476 4.084524
   8   26   27 4.161111 3.838889
   8   26   18 4.730952 3.269048
   7   20   23 3.284524 3.715476
   2    2    8 0.400000 1.600000
  10   38   19 6.746429 3.253571
  15   62   26 10.746429 4.253571
   7   18   25 2.883333 4.116667
  12   38   36 6.441270 5.558730
   6   10   24 1.809524 4.190476
   8   28   23 4.510714 3.489286
   4    8   13 1.533333 2.466667
   4    8   19 1.178571 2.821429
  11   38   25 6.654762 4.345238
   1    0    8 0.000000 1.000000
   6   12   20 2.266667 3.733333
   8   20   25 3.725000 4.275000
   3    6   14 0.935714 2.064286
   1    0    6 0.000000 1.000000
  12   48   21 8.400000 3.600000
  23   98   34 17.215476 5.784524
   7   18   29 2.819048 4.180952
   6   12   33 1.738889 4.261111
   6   12   23 2.138095 3.861905
   3    6   13 0.952381 2.047619
   7   18   20 3.338095 3.661905
   7   18   27 2.816667 4.183333
   8   26   23 4.390476 3.609524
   1    0    6 0.000000 1.000000
   3    4   14 0.676190 2.323810
  10   28   31 4.859524 5.140476
   4    6   17 1.019048 2.980952
  10   34   26 5.927381 4.072619
  26  120   37 20.169048 5.830952
   9   24   31 4.090476 4.909524
   6   18   18 3.136905 2.863095
   3    6   13 0.952381 2.047619
   4    8   14 1.500000 2.500000
   7   18   27 2.967857 4.032143
  13   48   30 8.034524 4.965476
   1    0    8 0.000000 1.000000
   3    6   11 1.066667 1.933333
  11   32   36 5.313095 5.686905
   5   10   21 1.719048 3.280952
   9   26   26 4.725000 4.275000
  20   82   37 13.851190 6.148810
  12   42   31 7.177381 4.822619
  12   42   26 7.423810 4.576190
   1    0    7 0.000000 1.000000
   3    6   15 0.869048 2.130952
   3    2   17 0.392857 2.607143
   9   28   24 4.921429 4.078571
   1    0    8 0.000000 1.000000
   1    0    7 0.000000 1.000000
   9   22   31 4.051190 4.948810
   6   14   22 2.458333 3.541667
  10   38   22 6.642857 3.357143
  36  178   35 30.485317 5.514683
   7   16   25 2.700000 4.300000
  14   52   31 8.880952 5.119048
   2    2   10 0.333333 1.666667
  11   40   25 6.826190 4.173810
   2    2    8 0.416667 1.583333
   3    4   14 0.709524 2.290476
   7   18   29 2.760714 4.239286
   6   14   23 2.385714 3.614286
   8   28   25 4.480159 3.519841
  30  142   44 23.514286 6.485714
  12   34   33 5.905952 6.094048
  19   70   35 12.688095 6.311905
   7   24   18 4.153571 2.846429
   7   18   25 2.916667 4.083333
   2    2   11 0.309524 1.690476
   1    0    6 0.000000 1.000000
   3    4   15 0.642857 2.357143
   1    0    6 0.000000 1.000000
  16   60   31 10.639286 5.360714
  29  126   46 21.638095 7.361905
   8   24   26 4.044048 3.955952
  26  116   42 19.572619 6.427381
  10   34   25 5.728571 4.271429
   3    4   17 0.571429 2.428571
   1    0    7 0.000000 1.000000
   2    2    9 0.366667 1.633333
   5   10   19 1.816667 3.183333
  20   84   35 14.269048 5.730952
  24   96   48 16.232937 7.767063
   6   10   27 1.661905 4.338095
  29  126   47 21.480952 7.519048
  10   30   27 5.402381 4.597619
   3    4   18 0.541667 2.458333
   3    4   12 0.766667 2.233333
   6   16   16 3.083333 2.916667
  19   78   37 13.035714 5.964286
  27   98   65 16.637302 10.362698
   8   26   23 4.428571 3.571429
  24   90   56 15.005952 8.994048
   7   20   24 3.223810 3.776190
   3    6   13 0.952381 2.047619
   1    0    6 0.000000 1.000000
   6   14   19 2.614286 3.385714
  24  100   43 16.987302 7.012698
  29  112   64 18.952381 10.047619
   8   26   21 4.488095 3.511905
  22   80   52 13.635714 8.364286
   7   16   23 2.852381 4.147619
   7   20   21 3.300000 3.700000
   7   20   22 3.408333 3.591667
  20   88   32 15.036508 4.963492
  38  174   52 29.706349 8.293651
   6   12   30 1.797619 4.202381
  15   50   40 8.569841 6.430159
   2    2   10 0.342857 1.657143
   5   10   21 1.661905 3.338095
   7   14   28 2.411905 4.588095
  22   86   44 14.660317 7.339683
  39  174   59 29.953175 9.046825
   7   20   23 3.360714 3.639286
  18   76   33 13.129762 4.870238
   5   12   21 1.840476 3.159524
   3    4   16 0.592857 2.407143
  28  112   58 18.714286 9.285714
  43  186   69 31.873413 11.126587
  10   28   29 4.988095 5.011905
  11   40   25 6.847619 4.152381
   1    0    7 0.000000 1.000000
  26  104   57 17.284524 8.715476
  38  146   79 24.956746 13.043254
  27  124   34 21.333333 5.666667
   8   26   23 4.550000 3.450000
  21   66   65 10.826587 10.173413
  41  156   92 26.601190 14.398810
  28  120   42 20.759524 7.240476
  10   22   37 3.888095 6.111905
  19   70   47 11.721429 7.278571
  35  132   74 22.390476 12.609524
  39  178   54 30.280556 8.719444
   7   18   27 2.855952 4.144048
  25   92   53 15.763095 9.236905
  38  156   72 26.005556 11.994444
  33  138   63 23.041667 9.958333
   4    6   20 0.959524 3.040476
  23   88   59 14.511111 8.488889
  40  160   72 27.700000 12.300000
  36  150   65 25.657143 10.342857
   1    0    6 0.000000 1.000000
  23   92   48 15.708333 7.291667
  32  128   62 22.175000 9.825000
  43  194   63 32.784921 10.215079
   2    2   11 0.309524 1.690476
  30  118   60 20.252381 9.747619
  29  108   65 18.371032 10.628968
  28  114   58 18.776190 9.223810
  13   54   23 9.341667 3.658333
  30  110   66 18.786905 11.213095
  29  118   56 20.023810 8.976190
  30  122   62 20.542063 9.457937
  11   40   26 6.892063 4.107937
  31  130   50 22.373810 8.626190
  27  114   55 18.916667 8.083333
  34  140   61 23.889286 10.110714
   8   22   28 3.558333 4.441667
  46  196   74 33.770238 12.229762
  24   82   71 13.281746 10.718254
  27  106   54 18.219048 8.780952
   3    4   13 0.726190 2.273810
  46  208   69 35.489286 10.510714
  28  110   57 18.576190 9.423810
  23   80   58 13.514286 9.485714
   3    6   12 1.083333 1.916667
  47  216   65 36.383333 10.616667
  20   72   54 11.629762 8.370238
  30  108   66 19.004762 10.995238
   3    6   13 0.952381 2.047619
  48  218   68 36.986111 11.013889
  13   42   38 6.805952 6.194048
  31  112   75 18.803571 12.196429
   8   26   21 4.533333 3.466667
  46  208   67 35.255952 10.744048
   9   30   25 4.875000 4.125000
  36  148   65 25.624206 10.375794
   9   32   25 5.407937 3.592063
  46  202   70 34.247619 11.752381
   7   24   23 3.921032 3.078968
  38  160   66 27.334127 10.665873
   9   30   25 5.212302 3.787698
  44  178   86 29.834524 14.165476
   1    0    7 0.000000 1.000000
  42  178   76 29.894444 12.105556
  13   48   27 8.304762 4.695238
  36  136   81 22.954762 13.045238
  56  246   84 41.973016 14.026984
   8   26   27 4.038095 3.961905
  33  112   92 18.515476 14.484524
  61  264   96 45.194841 15.805159
   6   16   20 2.883333 3.116667
  31  110   78 18.651984 12.348016
  60  272   89 45.913492 14.086508
   9   22   29 3.821429 5.178571
  29   98   82 15.955952 13.044048
  62  278   90 47.299206 14.700794
   9   24   28 4.200000 4.800000
  27   98   69 16.206494 10.793506
  69  334   77 56.567460 12.432540
   4    4   18 0.759524 3.240476
  25   84   76 14.321825 10.678175
  73  344   83 59.283333 13.716667
   2    0   13 0.000000 2.000000
  14   58   26 10.014286 3.985714
  85  476   33 79.710714 5.289286
   1    0    7 0.000000 1.000000
  16   58   35 9.945238 6.054762
  84  472   35 78.473810 5.526190
  12   40   31 6.818651 5.181349
  88  498   31 83.080159 4.919841
  11   34   32 5.792857 5.207143
  89  502   32 84.055952 4.944048
  24   96   42 16.805952 7.194048
  76  420   42 69.566667 6.433333
  15   54   38 8.883333 6.116667
  85  470   38 78.886905 6.113095
  11   32   35 5.365079 5.634921
  89  498   35 83.368651 5.631349
   5    8   25 1.346825 3.653175
  95  542   25 90.875000 4.125000
 100  600    0 100.000000 0.000000
