   4   10   14 1.685714 2.314286
   7   24   20 4.166667 2.833333
   2    2   12 0.291667 1.708333
   2    2    8 0.400000 1.600000
   4   10   13 1.858333 2.141667
   4   10   11 1.978571 2.021429
   1    0    8 0.000000 1.000000
   1    0    6 0.000000 1.000000
   2    2   10 0.333333 1.666667
   3    6   12 1.050000 1.950000
   1    0    7 0.000000 1.000000
   2    2    8 0.400000 1.600000
   1    0    5 0.000000 1.000000
   3    6    9 1.233333 1.766667
   2    2   11 0.309524 1.690476
   1    0    6 0.000000 1.000000
   3    6    9 1.233333 1.766667
   3    4   14 0.666667 2.333333
   1    0    8 0.000000 1.000000
   2    2    8 0.400000 1.600000
   1    0    8 0.000000 1.000000
   1    0    5 0.000000 1.000000
   1    0    8 0.000000 1.000000
   2    2   10 0.333333 1.666667
   2    2   10 0.333333 1.666667
   1    0   10 0.000000 1.000000
   1    0    6 0.000000 1.000000
   1    0    6 0.000000 1.000000
   1    0    7 0.000000 1.000000
   4   10   13 1.869048 2.130952
   1    0    7 0.000000 1.000000
   5   12   15 2.402381 2.597619
   1    0    8 0.000000 1.000000
   1    0    9 0.000000 1.000000
   1    0    7 0.000000 1.000000
   1    0    7 0.000000 1.000000
   4   10   11 1.983333 2.016667
   2    2    8 0.400000 1.600000
   2    2   10 0.342857 1.657143
   2    2   10 0.342857 1.657143
   1    0    7 0.000000 1.000000
   2    2   11 0.309524 1.690476
   4   10   11 1.978571 2.021429
   2    2   11 0.325000 1.675000
   1    0    7 0.000000 1.000000
   4   10   13 1.819048 2.180952
   2    2   10 0.333333 1.666667
   9   24   29 4.197619 4.802381
   7   20   29 2.979365 4.020635
   1    0    9 0.000000 1.000000
   4    8   16 1.428571 2.571429
   7   20   19 3.714286 3.285714
   1    0    7 0.000000 1.000000
   6   18   19 3.083333 2.916667
   5   12   19 2.017857 2.982143
   2    2   11 0.309524 1.690476
   1    0    7 0.000000 1.000000
   1    0    6 0.000000 1.000000
   4    6   14 1.216667 2.783333
   4    8   17 1.285714 2.714286
   1    0    7 0.000000 1.000000
   3    6   13 0.983333 2.016667
   1    0    7 0.000000 1.000000
   2    2    7 0.450000 1.550000
   1    0    8 0.000000 1.000000
   2    2    7 0.450000 1.550000
   1    0    6 0.000000 1.000000
   1    0    7 0.000000 1.000000
   2    2   13 0.267857 1.732143
   1    0    6 0.000000 1.000000
   5   12   17 2.066667 2.933333
   1    0    7 0.000000 1.000000
   1    0    5 0.000000 1.000000
   4   10   16 1.600000 2.400000
   1    0    7 0.000000 1.000000
   1    0    5 0.000000 1.000000
   2    2    7 0.450000 1.550000
   7   20   18 3.666667 3.333333
   3    6    9 1.285714 1.714286
   3    6   10 1.133333 1.866667
   1    0    9 0.000000 1.000000
   4    6   15 1.166667 2.833333
   6   14   21 2.525000 3.475000
   3    4   18 0.587302 2.412698
   1    0    8 0.000000 1.000000
   4    6   20 0.952381 3.047619
   3    6   10 1.185714 1.814286
   3    6   13 0.952381 2.047619
   9   26   24 4.811905 4.188095
   5   12   16 2.242857 2.757143
   5   14   15 2.461905 2.538095
   6   14   23 2.350000 3.650000
   2    2    8 0.400000 1.600000
   2    2   10 0.333333 1.666667
   2    2    9 0.366667 1.633333
   3    4   12 0.833333 2.166667
   2    2   11 0.309524 1.690476
   9   30   26 5.078571 3.921429
   3    6    9 1.233333 1.766667
   4   10   13 1.761905 2.238095
   4    8   15 1.400000 2.600000
   2    2   12 0.291667 1.708333
   1    0    8 0.000000 1.000000
   8   22   27 3.716667 4.283333
   3    4   16 0.667857 2.332143
   1    0    8 0.000000 1.000000
   3    6   10 1.185714 1.814286
   6   18   18 3.085714 2.914286
   9   24   30 4.038095 4.961905
   2    2    9 0.392857 1.607143
   1    0    8 0.000000 1.000000
   4    6   20 0.959524 3.040476
   3    4   15 0.642857 2.357143
   4   10   12 1.935714 2.064286
   1    0    6 0.000000 1.000000
   7   22   19 3.828571 3.171429
   5   12   18 2.042857 2.957143
  10   24   32 4.333333 5.666667
   2    2   12 0.311111 1.688889
   1    0    7 0.000000 1.000000
   8   28   17 5.242063 2.757937
   2    2   10 0.342857 1.657143
   3    6   14 0.955556 2.044444
  10   40   18 7.208730 2.791270
   8   28   19 4.800000 3.200000
   1    0    7 0.000000 1.000000
   3    6   11 1.119048 1.880952
   5   12   22 1.958333 3.041667
   6   14   20 2.645238 3.354762
   4    8   15 1.450000 2.550000
   1    0    9 0.000000 1.000000
  14   46   34 8.155952 5.844048
   1    0    6 0.000000 1.000000
   3    4   13 0.733333 2.266667
   2    2   12 0.291667 1.708333
   6   18   17 3.152381 2.847619
   1    0    8 0.000000 1.000000
   7   14   27 2.419048 4.580952
   4    6   20 0.914286 3.085714
  19   76   39 13.201190 5.798810
   1    0    6 0.000000 1.000000
  12   48   24 8.366667 3.633333
   2    2   11 0.309524 1.690476
   2    2    9 0.366667 1.633333
   6   14   24 2.258333 3.741667
   5   14   18 2.364286 2.635714
   1    0    5 0.000000 1.000000
   6   14   21 2.525000 3.475000
   3    4   14 0.666667 2.333333
   5   10   18 1.769048 3.230952
  12   36   35 6.219048 5.780952
   1    0   10 0.000000 1.000000
   5   14   16 2.466667 2.533333
   3    6   11 1.119048 1.880952
   9   26   28 4.276190 4.723810
   6   16   20 2.750000 3.250000
  22   78   50 13.616667 8.383333
   2    2    9 0.366667 1.633333
  16   66   31 11.321032 4.678968
   5   14   15 2.550000 2.450000
   1    0    7 0.000000 1.000000
   7   20   22 3.442857 3.557143
   5   10   19 1.719048 3.280952
   4    8   16 1.319048 2.680952
   1    0    7 0.000000 1.000000
   1    0    8 0.000000 1.000000
  18   72   38 12.055952 5.944048
   5   14   17 2.323810 2.676190
   9   22   33 3.769048 5.230952
   3    4   16 0.625000 2.375000
  25   96   48 16.798810 8.201190
   3    4   11 0.866667 2.133333
  23   92   40 15.871429 7.128571
   2    2   12 0.285714 1.714286
   1    0    7 0.000000 1.000000
   6   16   19 2.766667 3.233333
   2    0   17 0.000000 2.000000
   3    4   16 0.700000 2.300000
  24  104   34 17.930952 6.069048
   5   12   20 1.870238 3.129762
   9   26   25 4.750000 4.250000
   4    6   22 0.857143 3.142857
  21   76   50 13.088095 7.911905
   1    0    8 0.000000 1.000000
  20   74   43 12.970238 7.029762
   1    0    6 0.000000 1.000000
   2    2   12 0.285714 1.714286
   4    8   17 1.280952 2.719048
   4    8   16 1.319048 2.680952
   5   14   17 2.350000 2.650000
  41  204   43 34.535714 6.464286
   2    2   12 0.285714 1.714286
   5   14   16 2.414286 2.585714
   1    0    6 0.000000 1.000000
  18   72   33 12.636905 5.363095
   3    6   11 1.119048 1.880952
  21   74   49 13.167460 7.832540
   1    0    6 0.000000 1.000000
   1    0    6 0.000000 1.000000
   4    8   18 1.321429 2.678571
   1    0    5 0.000000 1.000000
   2    2   13 0.277778 1.722222
  50  240   57 40.873810 9.126190
   3    6   12 1.122222 1.877778
   5   14   15 2.514286 2.485714
   1    0    9 0.000000 1.000000
  12   40   35 6.432143 5.567857
  22   86   45 14.619048 7.380952
   1    0    6 0.000000 1.000000
   2    2    9 0.366667 1.633333
   1    0    6 0.000000 1.000000
   3    4   14 0.678571 2.321429
  43  210   50 35.553175 7.446825
   1    0    7 0.000000 1.000000
   4   10   16 1.622222 2.377778
  14   44   39 7.308333 6.691667
  34  142   56 24.638492 9.361508
   1    0    7 0.000000 1.000000
   3    4   15 0.616667 2.383333
  38  174   55 29.411905 8.588095
   6   18   16 3.295238 2.704762
  18   64   45 10.938095 7.061905
  36  160   55 27.188095 8.811905
   2    2   11 0.309524 1.690476
  22   88   42 15.375000 6.625000
   5    8   22 1.501190 3.498810
  32  130   62 22.142857 9.857143
  40  196   47 32.773810 7.226190
   1    0    5 0.000000 1.000000
  31  130   58 21.830952 9.169048
   1    0    6 0.000000 1.000000
  27  106   55 17.851190 9.148810
  36  162   54 27.651190 8.348810
   5   16   13 3.033333 1.966667
  41  188   53 32.169048 8.830952
   1    0    7 0.000000 1.000000
  22   84   50 14.451190 7.548810
  27  104   60 17.519048 9.480952
   9   34   20 5.925000 3.075000
  50  238   57 40.688095 9.311905
  24   98   47 16.583333 7.416667
  22   72   63 12.075000 9.925000
   4   10   15 1.614286 2.385714
  53  256   57 43.698810 9.301190
  11   36   38 5.572222 5.427778
  32  124   65 21.270635 10.729365
   4   10   14 1.675000 2.325000
  57  292   50 49.081349 7.918651
  12   40   33 6.783333 5.216667
  28  102   65 17.317460 10.682540
   3    6   12 1.083333 1.916667
  60  300   58 50.555159 9.444841
  11   30   36 5.097619 5.902381
  28  106   63 17.947619 10.052381
   1    0    7 0.000000 1.000000
  62  308   63 51.717857 10.282143
  12   32   43 5.270238 6.729762
  26  108   46 18.347619 7.652381
  64  324   54 54.542857 9.457143
  11   28   41 4.571429 6.428571
  25  102   51 17.158333 7.841667
  64  342   44 57.240476 6.759524
  14   40   37 7.309524 6.690476
  22   86   51 14.585714 7.414286
  55  276   54 46.096429 8.903571
  11   34   33 5.785714 5.214286
  34  142   61 24.145238 9.854762
  55  278   53 46.466667 8.533333
   5    8   21 1.385714 3.614286
  40  178   62 30.421429 9.578571
  72  374   55 63.095635 8.904365
   2    2   12 0.285714 1.714286
  26   96   61 16.230952 9.769048
  67  336   63 56.621032 10.378968
  33  138   63 23.257143 9.742857
  68  344   60 58.110714 9.889286
  32  136   60 22.613095 9.386905
  72  382   52 64.186905 7.813095
  28  114   52 19.690476 8.309524
  75  402   47 67.515476 7.484524
  25  104   47 17.666667 7.333333
  85  468   40 78.508333 6.491667
  15   52   40 8.601190 6.398810
  91  504   38 84.450000 6.550000
   9   20   38 3.232937 5.767063
  90  502   34 84.429762 5.570238
  10   30   34 4.896429 5.103571
  86  486   31 81.138492 4.861508
  14   52   31 8.938889 5.061111
  82  454   38 75.598413 6.401587
  18   70   38 11.791270 6.208730
  83  460   39 76.690476 6.309524
  17   62   39 10.603571 6.396429
  88  494   32 82.963095 5.036905
  12   42   32 7.235714 4.764286
  89  498   32 83.519048 5.480952
  11   38   32 6.260714 4.739286
  89  510   24 85.185317 3.814683
  11   42   24 7.166667 3.833333
  84  480   26 80.093651 3.906349
  16   68   26 11.698810 4.301190
  88  500   27 83.665079 4.334921
  12   46   27 7.733333 4.266667
  94  528   29 88.794048 5.205952
   6   14   29 2.046825 3.953175
  91  524   24 87.189286 3.810714
   9   28   24 4.980952 4.019048
  80  442   41 73.697619 6.302381
  20   76   41 13.239286 6.760714
  79  432   38 72.548413 6.451587
  21   92   38 15.453968 5.546032
  82  462   31 77.171429 4.828571
  18   76   31 12.866667 5.133333
  80  450   32 75.174603 4.825397
  20   86   32 14.545238 5.454762
  88  494   31 83.141667 4.858333
  12   44   31 7.432937 4.567063
  88  496   31 82.972619 5.027381
  12   42   31 7.225000 4.775000
  89  506   28 84.638889 4.361111
  11   38   28 6.400000 4.600000
  95  550   19 92.080952 2.919048
   5   12   19 2.020238 2.979762
  93  546   16 90.712302 2.287698
   7   22   16 4.133333 2.866667
  96  558   16 93.505159 2.494841
   4   10   16 1.571429 2.428571
  98  574   12 95.814286 2.185714
   2    2   12 0.285714 1.714286
  97  568   14 94.726984 2.273016
   3    4   14 0.676190 2.323810
  98  572   13 95.876190 2.123810
   2    2   13 0.277778 1.722222
  99  582    9 97.478571 1.521429
   1    0    9 0.000000 1.000000
 100  600    0 100.000000 0.000000
