   3    6   10 1.185714 1.814286
   1    0    8 0.000000 1.000000
   5   12   19 1.923810 3.076190
   1    0    7 0.000000 1.000000
   1    0    7 0.000000 1.000000
   2    2    8 0.400000 1.600000
   1    0    8 0.000000 1.000000
   2    2    9 0.392857 1.607143
   3    6   12 1.000000 2.000000
   1    0    7 0.000000 1.000000
   3    6   11 1.119048 1.880952
   1    0    7 0.000000 1.000000
   2    2   11 0.309524 1.690476
   1    0    6 0.000000 1.000000
   4    8   15 1.400000 2.600000
   3    6   10 1.133333 1.866667
   1    0    7 0.000000 1.000000
   1    0    7 0.000000 1.000000
   4   12   11 2.375000 1.625000
   1    0    5 0.000000 1.000000
   1    0    6 0.000000 1.000000
   7   24   14 4.566667 2.433333
   3    6   10 1.166667 1.833333
   1    0    7 0.000000 1.000000
   1    0    7 0.000000 1.000000
   3    4   13 0.825000 2.175000
   2    2   12 0.291667 1.708333
   1    0    8 0.000000 1.000000
   1    0    7 0.000000 1.000000
   1    0    7 0.000000 1.000000
   1    0    8 0.000000 1.000000
   4   10   12 1.935714 2.064286
   3    6   15 0.869048 2.130952
   3    4   13 0.742857 2.257143
   1    0    6 0.000000 1.000000
   1    0    5 0.000000 1.000000
   1    0    8 0.000000 1.000000
   1    0    6 0.000000 1.000000
   1    0    5 0.000000 1.000000
   1    0    6 0.000000 1.000000
   1    0    6 0.000000 1.000000
   3    6   14 0.935714 2.064286
   1    0    8 0.000000 1.000000
   2    2   11 0.325000 1.675000
   2    2   10 0.333333 1.666667
   2    2    8 0.400000 1.600000
   1    0    8 0.000000 1.000000
   5    8   17 1.666667 3.333333
   2    2    7 0.450000 1.550000
   1    0    5 0.000000 1.000000
   1    0    6 0.000000 1.000000
   4   10   13 1.869048 2.130952
   2    2   10 0.333333 1.666667
  13   52   25 8.970238 4.029762
   1    0    9 0.000000 1.000000
   1    0    6 0.000000 1.000000
   1    0    8 0.000000 1.000000
   5   12   19 1.971429 3.028571
   1    0    6 0.000000 1.000000
   2    2    8 0.400000 1.600000
   2    2    8 0.400000 1.600000
   1    0    6 0.000000 1.000000
   3    4   16 0.583333 2.416667
   2    2    9 0.366667 1.633333
  11   44   22 7.558333 3.441667
   4   10   13 1.761905 2.238095
   3    6   13 0.983333 2.016667
   2    2   10 0.333333 1.666667
   4   10   12 1.885714 2.114286
   5   14   13 2.654762 2.345238
   5   14   17 2.392857 2.607143
   5   14   16 2.333333 2.666667
   6   20   13 3.828571 2.171429
   4   10   14 1.719048 2.280952
   2    2   11 0.309524 1.690476
   1    0    8 0.000000 1.000000
   1    0    7 0.000000 1.000000
   1    0    6 0.000000 1.000000
   1    0    8 0.000000 1.000000
   6   18   19 2.979762 3.020238
   1    0    5 0.000000 1.000000
   1    0    7 0.000000 1.000000
  14   54   29 9.317857 4.682143
   1    0    6 0.000000 1.000000
   4    8   17 1.316667 2.683333
   3    4   14 0.676190 2.323810
   5   14   17 2.400000 2.600000
   2    2   10 0.333333 1.666667
   7   18   26 3.002381 3.997619
  12   44   31 7.141667 4.858333
   3    4   11 0.783333 2.216667
   2    2   10 0.333333 1.666667
   4   10   14 1.733333 2.266667
   8   26   18 4.654762 3.345238
  12   38   33 6.541667 5.458333
   4    4   19 0.700000 3.300000
   8   20   24 3.600000 4.400000
   5   14   18 2.211111 2.788889
   1    0    5 0.000000 1.000000
   3    4   18 0.583333 2.416667
   1    0    7 0.000000 1.000000
  10   30   29 5.178571 4.821429
  11   38   24 6.961905 4.038095
   5   14   19 2.246429 2.753571
   2    0   15 0.000000 2.000000
  10   32   29 5.525000 4.475000
   5   10   20 1.814286 3.185714
   2    2    9 0.366667 1.633333
   1    0    7 0.000000 1.000000
   7   26   18 4.428571 2.571429
  24  108   32 18.851190 5.148810
   3    4   11 0.783333 2.216667
   5   14   18 2.300000 2.700000
  11   44   20 7.748810 3.251190
   1    0    7 0.000000 1.000000
   3    6   14 0.955556 2.044444
   9   18   33 3.347619 5.652381
   9   26   26 4.642857 4.357143
   5   14   18 2.352381 2.647619
   6   18   23 2.913889 3.086111
  15   50   35 8.957143 6.042857
   3    4   12 0.842857 2.157143
   1    0    8 0.000000 1.000000
   6   10   28 1.588095 4.411905
  31  136   46 23.426190 7.573810
   1    0    8 0.000000 1.000000
   5   12   18 2.071429 2.928571
   8   26   23 4.304762 3.695238
   1    0    8 0.000000 1.000000
   6   18   15 3.321429 2.678571
   7   24   18 4.173016 2.826984
   8   26   22 4.457143 3.542857
  10   36   24 6.161905 3.838095
  16   62   32 10.632143 5.367857
   3    4   16 0.583333 2.416667
  33  148   48 25.246429 7.753571
   1    0    5 0.000000 1.000000
   6   16   24 2.613095 3.386905
  10   36   26 5.921429 4.078571
   5   14   16 2.400000 2.600000
   6   18   21 2.733333 3.266667
  17   66   29 12.140476 4.859524
  15   56   33 9.636905 5.363095
  15   48   40 8.322619 6.677381
   5    8   21 1.400000 3.600000
  22   90   45 14.878571 7.121429
   1    0    6 0.000000 1.000000
   3    4   17 0.577381 2.422619
  11   38   30 6.534524 4.465476
   1    0    8 0.000000 1.000000
   4    8   17 1.357143 2.642857
  14   54   28 9.278571 4.721429
  33  156   39 26.825000 6.175000
   6   14   27 2.042857 3.957143
   9   30   21 5.375000 3.625000
  17   58   45 9.571429 7.428571
   2    2   10 0.333333 1.666667
  14   56   27 9.552381 4.447619
   2    2   10 0.342857 1.657143
   6   12   24 2.108333 3.891667
  15   52   39 8.844048 6.155952
  34  160   43 27.086905 6.913095
   4    8   17 1.280952 2.719048
   6   12   25 2.071429 3.928571
  22   78   52 13.535714 8.464286
   1    0    6 0.000000 1.000000
  10   34   26 5.940476 4.059524
   1    0    8 0.000000 1.000000
   3    2   20 0.285714 2.714286
  21   74   47 13.057143 7.942857
  31  132   52 22.446825 8.553175
   1    0    7 0.000000 1.000000
   7   22   17 4.019048 2.980952
  30  138   42 23.443651 6.556349
   6   14   25 2.252381 3.747619
   3    2   16 0.400000 2.600000
  21   76   48 13.173810 7.826190
  27  116   49 19.258333 7.741667
   1    0    7 0.000000 1.000000
   9   26   27 4.547619 4.452381
  25  108   42 18.149603 6.850397
  14   48   35 8.638889 5.361111
  20   76   46 13.112302 6.887698
  24  100   50 16.632143 7.367857
  18   68   35 12.071429 5.928571
  19   58   55 9.892063 9.107937
  19   78   34 13.469048 5.530952
  22   80   45 14.240476 7.759524
  15   54   39 8.741667 6.258333
  30  122   53 21.035714 8.964286
  19   64   53 10.830952 8.169048
  14   44   46 6.917857 7.082143
  17   56   44 9.545238 7.454762
  21   78   49 12.864286 8.135714
  30  112   66 19.022619 10.977381
  20   76   44 13.043254 6.956746
  12   38   37 6.138889 5.861111
  12   38   34 6.347619 5.652381
  19   74   42 12.879762 6.120238
  30  122   61 20.704762 9.295238
  23   94   46 16.141270 6.858730
  16   64   25 11.383333 4.616667
  13   24   49 4.330159 8.669841
  13   44   39 7.262302 5.737698
  40  168   74 28.553968 11.446032
  15   44   50 7.284127 7.715873
  19   76   32 13.292857 5.707143
  14   26   57 4.705952 9.294048
   8   22   28 3.590476 4.409524
  35  132   76 22.751190 12.248810
  13   36   47 6.092460 6.907540
  30  130   46 22.172619 7.827381
  13   28   48 4.945238 8.054762
  10   34   26 5.614683 4.385317
  29  120   60 20.026190 8.973810
  12   30   41 5.154762 6.845238
  36  162   51 27.753571 8.246429
  13   30   52 4.981746 8.018254
   6   14   23 2.311905 3.688095
  28  102   66 17.568254 10.431746
  14   40   42 6.883333 7.116667
  39  176   55 29.946429 9.053571
   8   16   33 2.792857 5.207143
   5   12   22 1.769048 3.230952
  39  158   72 27.286508 11.713492
  21   76   48 13.226984 7.773016
  27  116   47 19.566667 7.433333
   4    4   22 0.708333 3.291667
   5   12   23 1.726190 3.273810
  39  154   76 26.469841 12.530159
  22   76   57 12.869841 9.130159
  30  130   46 22.345238 7.654762
   3    2   15 0.366667 2.633333
   3    4   17 0.601190 2.398810
  40  156   89 26.138095 13.861905
  21   62   60 10.982143 10.017857
  33  140   55 24.028571 8.971429
   5   14   14 2.500000 2.500000
   4    8   22 1.109127 2.890873
  44  168   95 28.571429 15.428571
  28  102   60 18.022619 9.977381
  19   66   51 10.809524 8.190476
   3    6   14 0.904762 2.095238
   1    0    7 0.000000 1.000000
  46  196   78 33.486905 12.513095
  31  116   70 20.265873 10.734127
  19   72   41 12.503968 6.496032
   3    6   11 1.085714 1.914286
  44  196   69 32.877778 11.122222
  25   90   63 15.023810 9.976190
  28  120   45 20.489286 7.510714
   1    0    7 0.000000 1.000000
  44  194   64 33.466667 10.533333
  20   68   56 11.183333 8.816667
  35  158   53 26.677381 8.322619
  30  120   58 20.376190 9.623810
  28  108   62 18.127778 9.872222
  42  206   46 34.738095 7.261905
  25   98   54 16.214683 8.785317
  29  108   58 18.783333 10.216667
  46  218   64 36.561111 9.438889
  38  156   69 26.401984 11.598016
  21   82   44 13.936905 7.063095
  41  192   57 32.032143 8.967857
  30  106   73 18.180952 11.819048
  23   90   52 15.134127 7.865873
  47  214   65 36.354762 10.645238
  28   98   72 16.255952 11.744048
  24   88   59 14.916270 9.083730
  48  214   69 36.359524 11.640476
  30  122   61 20.389683 9.610317
  19   72   41 12.072619 6.927381
  51  234   70 39.516667 11.483333
  37  158   62 26.767857 10.232143
  14   44   37 7.831349 6.168651
  49  230   69 38.393254 10.606746
  42  188   61 31.926190 10.073810
  12   36   37 5.976190 6.023810
  46  218   60 36.435317 9.564683
  33  138   62 22.877381 10.122619
  11   32   32 5.547619 5.452381
  56  268   68 44.983333 11.016667
  38  142   90 23.659921 14.340079
   5    8   23 1.328571 3.671429
  57  248   89 42.233333 14.766667
  42  166   84 28.251190 13.748810
   1    0    6 0.000000 1.000000
  57  260   84 43.746825 13.253175
  45  188   85 31.277381 13.722619
  55  242   85 41.065079 13.934921
  35  136   79 22.665476 12.334524
  65  306   79 51.586508 13.413492
  39  150   84 25.591667 13.408333
  61  282   84 47.461508 13.538492
  29  102   81 16.823413 12.176587
  71  336   81 57.213095 13.786905
  28  100   62 17.609524 10.390476
  72  376   62 62.625794 9.374206
  13   34   46 5.970238 7.029762
  87  474   46 79.824603 7.175397
  23   78   52 13.926190 9.073810
  77  418   52 69.114286 7.885714
  13   30   54 4.659921 8.340079
  87  462   54 77.617460 9.382540
  17   46   49 8.266667 8.733333
  83  456   49 75.793254 7.206746
   6   10   23 1.876190 4.123810
  94  544   23 90.471429 3.528571
  10   30   29 5.358333 4.641667
  90  512   29 85.413095 4.586905
   5   10   19 1.752381 3.247619
  95  552   19 92.061905 2.938095
   3    6   11 1.119048 1.880952
  97  572   11 95.300000 1.700000
 100  600    0 100.000000 0.000000
