   1    0    7 0.000000 1.000000
   2    2   10 0.333333 1.666667
   1    0    8 0.000000 1.000000
   4   10   13 1.775000 2.225000
   3    6   12 1.019048 1.980952
   1    0    7 0.000000 1.000000
   1    0    4 0.000000 1.000000
   1    0    6 0.000000 1.000000
   2    2    9 0.366667 1.633333
   1    0    7 0.000000 1.000000
   1    0   10 0.000000 1.000000
   1    0    7 0.000000 1.000000
   1    0    8 0.000000 1.000000
   1    0    9 0.000000 1.000000
   3    6   10 1.166667 1.833333
   5   16   15 3.050000 1.950000
   1    0    5 0.000000 1.000000
   1    0    7 0.000000 1.000000
   1    0    7 0.000000 1.000000
   1    0    5 0.000000 1.000000
   4   10   12 1.875000 2.125000
   2    2    9 0.366667 1.633333
   1    0    8 0.000000 1.000000
   1    0    7 0.000000 1.000000
   1    0    8 0.000000 1.000000
   3    6   11 1.066667 1.933333
   1    0    6 0.000000 1.000000
   3    6   10 1.133333 1.866667
   1    0    6 0.000000 1.000000
   1    0    6 0.000000 1.000000
   2    2    9 0.366667 1.633333
   3    4   13 0.733333 2.266667
   3    6   12 1.122222 1.877778
   1    0    7 0.000000 1.000000
   1    0    6 0.000000 1.000000
   1    0    9 0.000000 1.000000
   2    2   10 0.333333 1.666667
   3    6   11 1.066667 1.933333
   2    2    8 0.400000 1.600000
   1    0    6 0.000000 1.000000
   1    0    8 0.000000 1.000000
   1    0    6 0.000000 1.000000
   1    0    7 0.000000 1.000000
   4   10   13 1.833333 2.166667
   3    6   11 1.119048 1.880952
   5   16   13 3.033333 1.966667
   2    2    7 0.450000 1.550000
   1    0    6 0.000000 1.000000
   2    2    9 0.366667 1.633333
   2    2   11 0.309524 1.690476
   1    0    6 0.000000 1.000000
   3    4   11 0.800000 2.200000
   3    4   12 0.766667 2.233333
   1    0    6 0.000000 1.000000
   9   30   21 5.519048 3.480952
   1    0    7 0.000000 1.000000
   6   16   18 2.854762 3.145238
   3    4   15 0.642857 2.357143
   1    0    7 0.000000 1.000000
   1    0    7 0.000000 1.000000
   3    4   12 0.733333 2.266667
   2    2    9 0.366667 1.633333
   7   26   13 4.839286 2.160714
   7   22   19 3.852381 3.147619
   3    6   14 0.935714 2.064286
   2    2    9 0.366667 1.633333
   3    6   11 1.222222 1.777778
   2    0   14 0.000000 2.000000
   1    0    9 0.000000 1.000000
   2    2   10 0.342857 1.657143
   4    8   16 1.383333 2.616667
  10   40   19 7.072619 2.927381
   1    0    7 0.000000 1.000000
   2    2   10 0.333333 1.666667
   2    2    9 0.366667 1.633333
   1    0    7 0.000000 1.000000
   1    0    8 0.000000 1.000000
   5   12   19 2.000000 3.000000
   1    0    6 0.000000 1.000000
   1    0    5 0.000000 1.000000
   2    2    8 0.400000 1.600000
   4    8   14 1.466667 2.533333
   1    0    6 0.000000 1.000000
   1    0    8 0.000000 1.000000
   1    0    7 0.000000 1.000000
   4    6   18 0.985714 3.014286
   3    6   13 0.983333 2.016667
   3    6   13 1.035714 1.964286
  10   40   21 6.904762 3.095238
   5   12   18 2.000000 3.000000
   3    2   15 0.400000 2.600000
   2    2   12 0.285714 1.714286
   1    0    6 0.000000 1.000000
   5   14   16 2.361905 2.638095
  10   38   22 6.517460 3.482540
   3    6   14 0.935714 2.064286
   2    2    9 0.392857 1.607143
   4   10   13 1.761905 2.238095
   2    0   13 0.000000 2.000000
   3    4   14 0.709524 2.290476
   5   12   14 2.250000 2.750000
   5   12   20 1.900000 3.100000
   1    0    7 0.000000 1.000000
   1    0    7 0.000000 1.000000
   3    6   10 1.133333 1.866667
   1    0    6 0.000000 1.000000
   5   14   18 2.179762 2.820238
   4   10   15 1.683333 2.316667
   4   10   14 1.760714 2.239286
   5   14   19 2.225000 2.775000
   9   32   16 5.990476 3.009524
   3    4   12 0.766667 2.233333
   2    2   12 0.285714 1.714286
   2    2    9 0.366667 1.633333
  11   40   25 6.860714 4.139286
   4   10   13 1.900000 2.100000
   1    0    6 0.000000 1.000000
   1    0    8 0.000000 1.000000
   4   10   15 1.647619 2.352381
   6   18   19 2.853571 3.146429
   4   10   15 1.744048 2.255952
   3    4   13 0.742857 2.257143
   6   20   16 3.528571 2.471429
   5   14   17 2.457143 2.542857
   5   10   17 1.900000 3.100000
  11   42   24 7.150000 3.850000
   3    2   15 0.366667 2.633333
   1    0    8 0.000000 1.000000
   2    2   10 0.333333 1.666667
   1    0    6 0.000000 1.000000
   1    0    6 0.000000 1.000000
   1    0    8 0.000000 1.000000
   5   12   17 2.085714 2.914286
   8   24   22 4.250000 3.750000
   6   18   20 2.857143 3.142857
  10   34   23 6.057143 3.942857
   1    0    7 0.000000 1.000000
  13   52   26 9.047619 3.952381
   4   10   13 1.785714 2.214286
   2    2   11 0.309524 1.690476
   6   18   19 3.063492 2.936508
   2    2    9 0.392857 1.607143
   5   10   18 1.885714 3.114286
   7   16   25 2.902778 4.097222
   1    0    9 0.000000 1.000000
   8   14   34 2.394048 5.605952
   4    8   14 1.595238 2.404762
   3    6   14 0.904762 2.095238
   6   18   14 3.388095 2.611905
   1    0    8 0.000000 1.000000
  10   32   26 5.628571 4.371429
   3    4   19 0.533333 2.466667
  22   96   35 16.396429 5.603571
   3    6   12 1.019048 1.980952
  12   44   29 7.537302 4.462698
   5   12   18 2.050000 2.950000
   6   16   19 2.814286 3.185714
   5   14   15 2.461905 2.538095
  11   34   29 6.016667 4.983333
   6   12   19 2.366667 3.633333
   1    0    6 0.000000 1.000000
   4    4   22 0.666667 3.333333
   2    2   12 0.285714 1.714286
   1    0    6 0.000000 1.000000
   8   24   24 3.938095 4.061905
   1    0    6 0.000000 1.000000
   8   22   29 3.575000 4.425000
   4    4   23 0.709524 3.290476
  19   66   47 11.030952 7.969048
   7   22   20 3.727381 3.272619
  11   32   33 5.694048 5.305952
  11   34   30 5.945238 5.054762
   4   10   17 1.564286 2.435714
   4   10   15 1.619048 2.380952
  13   48   29 8.546429 4.453571
   5   10   20 1.700000 3.300000
   4    6   16 1.133333 2.866667
   1    0    7 0.000000 1.000000
   1    0    9 0.000000 1.000000
   6   16   18 2.804762 3.195238
   1    0    6 0.000000 1.000000
   4    2   24 0.309524 3.690476
   2    2    9 0.392857 1.607143
  27  118   44 20.115476 6.884524
   6   12   23 2.135714 3.864286
  11   30   41 4.677381 6.322619
  14   54   28 9.139286 4.860714
   6   18   17 3.233333 2.766667
   1    0    6 0.000000 1.000000
  10   32   29 5.331746 4.668254
   7   20   19 3.652381 3.347619
   1    0   10 0.000000 1.000000
   4   10   15 1.636905 2.363095
   4   10   11 1.983333 2.016667
   6   12   25 2.038095 3.961905
   3    6   12 1.019048 1.980952
  23   92   48 15.474206 7.525794
  10   24   31 4.419048 5.580952
  13   46   30 7.909524 5.090476
   6   14   22 2.376190 3.623810
   3    4   16 0.619048 2.380952
   1    0    8 0.000000 1.000000
   8   18   34 3.114286 4.885714
   8   30   19 5.113095 2.886905
   2    2   10 0.333333 1.666667
   2    2    9 0.366667 1.633333
   4    8   17 1.391667 2.608333
   6   18   17 3.061905 2.938095
   7   22   23 3.503571 3.496429
  32  126   55 22.419048 9.580952
   8   22   28 3.600000 4.400000
  13   46   30 8.009524 4.990476
   4    8   18 1.286905 2.713095
   3    4   13 0.726190 2.273810
   4    6   19 1.085714 2.914286
   5   10   24 1.440476 3.559524
   1    0    7 0.000000 1.000000
   7   20   21 3.469048 3.530952
   9   30   21 5.280952 3.719048
   4    8   18 1.286905 2.713095
  45  202   66 34.234921 10.765079
   5    6   23 1.042857 3.957143
   8   24   24 4.193651 3.806349
   4    8   15 1.419048 2.580952
   4    6   22 1.035714 2.964286
   5   10   19 1.728571 3.271429
   5   16   14 2.903571 2.096429
   2    2   13 0.277778 1.722222
   4   10   15 1.595238 2.404762
  11   32   26 6.190476 4.809524
  56  278   60 46.982143 9.017857
   1    0    6 0.000000 1.000000
   7   20   22 3.441667 3.558333
   6   16   20 2.845238 3.154762
   4   10   16 1.611905 2.388095
   1    0    6 0.000000 1.000000
   8   26   20 4.466667 3.533333
  14   42   40 7.074603 6.925397
  57  282   64 46.705159 10.294841
   3    4   12 0.766667 2.233333
   3    4   17 0.577381 2.422619
  10   32   27 5.628571 4.371429
   4    8   19 1.308333 2.691667
   8   20   28 3.310714 4.689286
  73  370   61 62.800000 10.200000
   2    2   12 0.285714 1.714286
   3    4   13 0.742857 2.257143
  15   64   25 11.183333 3.816667
   1    0    8 0.000000 1.000000
  15   46   44 7.965476 7.034524
  66  346   50 58.088095 7.911905
   1    0    6 0.000000 1.000000
   8   28   22 4.609524 3.390476
  15   42   47 7.645635 7.354365
  76  396   59 66.457143 9.542857
   2    2    8 0.400000 1.600000
   5   10   20 1.785714 3.214286
  17   48   52 8.140476 8.859524
  76  398   62 66.345238 9.654762
   4    4   19 0.709524 3.290476
  17   54   46 9.195238 7.804762
  79  422   55 70.436111 8.563889
   2    2   11 0.309524 1.690476
  22   72   61 12.240079 9.759921
  76  392   62 65.926190 10.073810
   2    2   10 0.333333 1.666667
  29  102   66 17.815476 11.184524
  69  348   72 57.632540 11.367460
   4   10   13 1.766667 2.233333
  23   76   65 12.656746 10.343254
  73  364   72 60.943651 12.056349
   2    2   11 0.309524 1.690476
  23   86   50 14.739286 8.260714
  75  396   55 66.148810 8.851190
   4    6   18 0.985714 3.014286
  21   80   43 13.737302 7.262698
  75  400   53 66.898810 8.101190
   3    4   13 0.685714 2.314286
  21   76   52 12.833333 8.166667
  76  398   57 66.603571 9.396429
   1    0    8 0.000000 1.000000
  30  126   53 21.450000 8.550000
  69  360   53 60.528571 8.471429
  24   94   47 16.380952 7.619048
  76  412   47 69.217063 6.782937
  29  112   55 19.577778 9.422222
  71  378   55 62.686905 8.313095
  24  102   45 17.008333 6.991667
  76  408   45 68.733333 7.266667
  21   78   52 13.072222 7.927778
  79  418   52 70.398413 8.601587
  26   96   57 16.557143 9.442857
  74  390   57 65.191270 8.808730
  20   70   57 11.277381 8.722619
  80  416   57 70.497619 9.502381
  17   42   64 6.953968 10.046032
  83  430   64 72.537302 10.462698
  21   66   61 11.422619 9.577381
  79  412   61 69.161508 9.838492
  14   16   68 2.771429 11.228571
  86  448   68 74.828571 11.171429
  12   14   49 2.816667 9.183333
  88  488   49 80.571825 7.428175
  15   40   50 6.849206 8.150794
  85  460   50 76.883333 8.116667
   8   12   43 1.779365 6.220635
  92  502   43 84.702381 7.297619
  12   38   36 6.613095 5.386905
  88  490   36 82.128968 5.871032
  16   48   47 8.184524 7.815476
  84  458   47 76.572619 7.427381
  22   84   52 14.075000 7.925000
  78  412   52 69.316667 8.683333
  21   76   49 13.215476 7.784524
  79  426   49 71.175000 7.825000
  22   82   50 14.005952 7.994048
  78  418   50 69.958333 8.041667
  20   70   49 11.947619 8.052381
  80  432   49 72.478968 7.521032
  19   60   55 9.983333 9.016667
  81  430   55 71.943651 9.056349
   9   14   47 2.177381 6.822619
  91  492   47 83.341667 7.658333
   9   14   38 2.552381 6.447619
  91  510   38 84.847222 6.152778
   2    0   13 0.000000 2.000000
  98  574   13 95.919048 2.080952
   1    0    8 0.000000 1.000000
  99  584    8 97.704762 1.295238
 100  600    0 100.000000 0.000000
