   3    6   11 1.085714 1.914286
   1    0    6 0.000000 1.000000
   1    0    6 0.000000 1.000000
   2    2   10 0.333333 1.666667
   1    0    6 0.000000 1.000000
   1    0    9 0.000000 1.000000
   2    2    8 0.400000 1.600000
   1    0    8 0.000000 1.000000
   1    0    6 0.000000 1.000000
   1    0    7 0.000000 1.000000
   1    0    6 0.000000 1.000000
   1    0    8 0.000000 1.000000
   1    0    6 0.000000 1.000000
   2    2   11 0.309524 1.690476
   3    6   12 1.019048 1.980952
   1    0    5 0.000000 1.000000
   3    6   11 1.066667 1.933333
   1    0    5 0.000000 1.000000
   1    0    6 0.000000 1.000000
   3    6   10 1.166667 1.833333
   1    0    7 0.000000 1.000000
   3    6   10 1.133333 1.866667
   2    2   10 0.342857 1.657143
   1    0    7 0.000000 1.000000
   2    2   12 0.311111 1.688889
   9   34   20 5.909524 3.090476
   1    0    7 0.000000 1.000000
   2    2    9 0.366667 1.633333
   2    2    6 0.500000 1.500000
   3    4   13 0.742857 2.257143
   3    4   13 0.733333 2.266667
   1    0    7 0.000000 1.000000
   2    2    8 0.400000 1.600000
   1    0    6 0.000000 1.000000
   4   10   11 1.900000 2.100000
   1    0    7 0.000000 1.000000
   1    0    7 0.000000 1.000000
   3    6   11 1.150000 1.850000
   1    0    8 0.000000 1.000000
   3    6   10 1.185714 1.814286
   1    0    7 0.000000 1.000000
   1    0    8 0.000000 1.000000
   1    0    9 0.000000 1.000000
   1    0    6 0.000000 1.000000
   1    0    7 0.000000 1.000000
   1    0    6 0.000000 1.000000
   1    0    7 0.000000 1.000000
   2    2    9 0.366667 1.633333
   1    0    6 0.000000 1.000000
   1    0    6 0.000000 1.000000
   1    0    7 0.000000 1.000000
   2    2    7 0.450000 1.550000
   2    2    8 0.400000 1.600000
   2    2    8 0.400000 1.600000
   1    0    8 0.000000 1.000000
   2    2   12 0.291667 1.708333
   1    0    6 0.000000 1.000000
   1    0    7 0.000000 1.000000
   1    0    7 0.000000 1.000000
   2    2   12 0.285714 1.714286
   2    2    8 0.400000 1.600000
   2    0   12 0.000000 2.000000
   1    0    7 0.000000 1.000000
   1    0    8 0.000000 1.000000
   2    2    9 0.366667 1.633333
   1    0    8 0.000000 1.000000
   2    2    8 0.400000 1.600000
   2    2   10 0.333333 1.666667
   2    2    9 0.366667 1.633333
   1    0    7 0.000000 1.000000
   1    0    7 0.000000 1.000000
   2    2    9 0.366667 1.633333
   2    2   10 0.333333 1.666667
   1    0    7 0.000000 1.000000
   3    6   12 1.083333 1.916667
   5   10   16 1.933333 3.066667
   3    6   15 0.869048 2.130952
   4   10   13 1.808333 2.191667
   3    4   15 0.691667 2.308333
   2    2   10 0.333333 1.666667
   4   10   14 1.797619 2.202381
   2    2   10 0.342857 1.657143
   1    0    7 0.000000 1.000000
   4   10   16 1.619048 2.380952
   6   18   16 3.257143 2.742857
   1    0    9 0.000000 1.000000
   3    6   16 0.841270 2.158730
   4   10   14 1.778571 2.221429
   1    0    7 0.000000 1.000000
   2    2    9 0.366667 1.633333
   2    2    9 0.366667 1.633333
   1    0    8 0.000000 1.000000
   3    6   11 1.066667 1.933333
   4    6   14 1.166667 2.833333
   6   22   14 4.044444 1.955556
   2    2    8 0.416667 1.583333
   6   18   14 3.458333 2.541667
   2    2    9 0.366667 1.633333
   1    0    6 0.000000 1.000000
   4    8   12 1.600000 2.400000
   1    0    8 0.000000 1.000000
   1    0    6 0.000000 1.000000
   3    6   11 1.066667 1.933333
   9   34   20 5.875000 3.125000
   1    0    7 0.000000 1.000000
   1    0    5 0.000000 1.000000
   3    2   16 0.392857 2.607143
   5   12   21 1.936508 3.063492
   4    8   18 1.286905 2.713095
   1    0    7 0.000000 1.000000
   9   32   24 5.300000 3.700000
   7   22   19 3.823810 3.176190
   7   20   21 3.435714 3.564286
   2    2   12 0.291667 1.708333
   1    0    6 0.000000 1.000000
   4   10   14 1.666667 2.333333
   6   18   18 3.019048 2.980952
   2    2   10 0.333333 1.666667
   7   20   21 3.446429 3.553571
   3    6   12 1.019048 1.980952
   2    2   11 0.309524 1.690476
   5   12   17 2.284524 2.715476
   1    0    6 0.000000 1.000000
   1    0    6 0.000000 1.000000
   2    2    9 0.366667 1.633333
   4   10   13 1.728571 2.271429
   1    0    7 0.000000 1.000000
   3    6    9 1.200000 1.800000
   4    8   20 1.203571 2.796429
   1    0    6 0.000000 1.000000
  10   38   22 6.433333 3.566667
   3    4   14 0.709524 2.290476
   4    4   19 0.742857 3.257143
   4   10   14 1.778571 2.221429
  10   28   26 5.091667 4.908333
   2    2    9 0.366667 1.633333
   9   32   21 5.657143 3.342857
   4    6   18 1.035714 2.964286
   4    8   17 1.351190 2.648810
   5   14   17 2.378571 2.621429
   5   12   16 2.158333 2.841667
   3    4   18 0.535714 2.464286
   3    6   13 0.983333 2.016667
  10   34   27 5.807143 4.192857
   4   10   12 1.833333 2.166667
   1    0    8 0.000000 1.000000
   7   20   19 3.604762 3.395238
   1    0    5 0.000000 1.000000
   4   10   17 1.470238 2.529762
   2    2   10 0.333333 1.666667
   9   26   24 4.723810 4.276190
  10   34   27 5.780952 4.219048
   1    0    9 0.000000 1.000000
   4   10   14 1.685714 2.314286
  15   58   32 9.776190 5.223810
   5   14   13 2.725000 2.275000
  10   36   22 6.145238 3.854762
   6   18   15 3.271429 2.728571
   2    2   12 0.311111 1.688889
   1    0    8 0.000000 1.000000
   3    4   18 0.541667 2.458333
   2    2   13 0.277778 1.722222
   2    2   11 0.309524 1.690476
   7   20   22 3.442857 3.557143
   6   18   15 3.366667 2.633333
   4    6   20 0.916667 3.083333
   3    6   11 1.085714 1.914286
   9   30   20 5.366667 3.633333
   1    0    8 0.000000 1.000000
  11   34   28 6.113095 4.886905
   7   20   20 3.607143 3.392857
   3    6   13 0.971429 2.028571
  11   38   31 6.275000 4.725000
  12   46   23 8.096429 3.903571
  11   38   32 5.995238 5.004762
   7   24   15 4.333333 2.666667
   1    0    8 0.000000 1.000000
   1    0    9 0.000000 1.000000
   8   24   23 4.259524 3.740476
   1    0    9 0.000000 1.000000
   3    6   12 1.050000 1.950000
   7   20   22 3.390476 3.609524
   4    8   16 1.319048 2.680952
   3    6   10 1.133333 1.866667
   2    2    8 0.400000 1.600000
   8   26   23 4.392857 3.607143
  14   52   31 8.884524 5.115476
   5    8   27 1.172619 3.827381
   2    2   10 0.342857 1.657143
  14   46   32 8.319444 5.680556
  21   96   33 16.253968 4.746032
   7   14   26 2.480952 4.519048
   4    8   18 1.194048 2.805952
   2    2    8 0.416667 1.583333
   5   10   19 1.816667 3.183333
   2    2   11 0.309524 1.690476
  10   40   19 7.146429 2.853571
   3    6   11 1.066667 1.933333
   2    2   11 0.309524 1.690476
   2    2    9 0.366667 1.633333
   7   20   25 3.292857 3.707143
  12   46   25 7.935714 4.064286
   6   10   24 1.800000 4.200000
   2    2    9 0.366667 1.633333
  23   96   40 16.446429 6.553571
  14   52   35 8.493651 5.506349
   9   28   25 5.095238 3.904762
   7   20   22 3.361905 3.638095
   3    6   12 1.050000 1.950000
   4    8   15 1.385714 2.614286
   1    0    9 0.000000 1.000000
  11   40   27 6.688095 4.311905
   3    4   14 0.709524 2.290476
   2    2   11 0.309524 1.690476
   3    4   14 0.708333 2.291667
  11   42   24 7.197619 3.802381
  11   32   32 5.610714 5.389286
   5   14   15 2.519048 2.480952
  20   82   38 13.927381 6.072619
  10   32   28 5.638095 4.361905
   6   16   21 2.666667 3.333333
   6   16   23 2.494048 3.505952
   2    2   10 0.333333 1.666667
   9   28   27 4.888095 4.111905
   1    0    7 0.000000 1.000000
  11   40   26 6.671429 4.328571
   4    8   13 1.483333 2.516667
   1    0    5 0.000000 1.000000
   3    4   15 0.619048 2.380952
  14   52   32 8.960317 5.039683
  13   42   34 7.225000 5.775000
   6   14   20 2.466667 3.533333
  11   28   34 5.038095 5.961905
   9   26   29 4.366667 4.633333
   6   16   22 2.742857 3.257143
   7   22   19 3.916667 3.083333
   1    0    6 0.000000 1.000000
  13   44   30 8.011905 4.988095
  14   46   39 8.008333 5.991667
   4    8   21 1.126190 2.873810
   1    0    6 0.000000 1.000000
   1    0   10 0.000000 1.000000
  24  110   31 19.000000 5.000000
  11   38   26 6.526984 4.473016
   2    2   10 0.333333 1.666667
   9   26   27 4.561905 4.438095
   6   14   29 2.056349 3.943651
  11   36   28 6.540476 4.459524
   3    4   13 0.742857 2.257143
  10   36   26 5.959524 4.040476
  19   76   33 13.359524 5.640476
   3    4   18 0.553571 2.446429
   2    2   11 0.325000 1.675000
  25  110   40 18.558333 6.441667
  14   46   39 7.830952 6.169048
   5   12   15 2.233333 2.766667
  12   32   41 5.384127 6.615873
   7   10   30 1.733333 5.266667
  13   48   29 8.133333 4.866667
   1    0    6 0.000000 1.000000
  11   44   26 7.426587 3.573413
   8   26   22 4.460714 3.539286
   4    8   16 1.376190 2.623810
  13   52   26 8.903571 4.096429
  20   72   49 12.222222 7.777778
   8   26   23 4.471032 3.528968
   8   22   25 3.852381 4.147619
   9   22   33 3.651190 5.348810
  17   66   38 10.887302 6.112698
  20   74   39 13.023810 6.976190
   2    2   12 0.285714 1.714286
   3    4   15 0.642857 2.357143
   7   22   20 3.700000 3.300000
  15   48   47 7.634524 7.365476
  11   42   23 7.142857 3.857143
  15   48   36 8.740476 6.259524
  14   40   44 7.035317 6.964683
  25  106   44 18.008333 6.991667
   8   20   30 3.414286 4.585714
   5   14   16 2.430159 2.569841
   4    6   16 1.176190 2.823810
  14   42   40 7.385714 6.614286
   5   12   22 1.812698 3.187302
  15   46   43 7.991667 7.008333
   9   30   22 5.370238 3.629762
  30  126   63 20.809921 9.190079
  16   52   40 9.121429 6.878571
   7   22   18 3.864286 3.135714
   2    2   10 0.342857 1.657143
  11   36   30 6.080952 4.919048
   4    8   17 1.481818 2.518182
  10   22   45 3.391667 6.608333
  14   52   29 9.050000 4.950000
  19   56   63 9.317857 9.682143
  32  134   52 23.565476 8.434524
   8   26   18 4.678571 3.321429
   1    0    9 0.000000 1.000000
   7   22   19 3.738095 3.261905
   5   14   17 2.327381 2.672619
   6    4   36 0.610714 5.389286
  16   52   40 9.057143 6.942857
  28  110   56 18.785714 9.214286
  24   96   46 16.554762 7.445238
  13   58   21 9.958333 3.041667
   8   22   24 3.766667 4.233333
   3    6   12 1.000000 2.000000
   7    6   37 1.075000 5.925000
  11   34   30 5.771429 5.228571
  19   60   58 9.755952 9.244048
  24   86   59 14.476190 9.523810
  28  130   36 22.091270 5.908730
  13   46   28 8.188889 4.811111
  10   18   39 3.228571 6.771429
  12   38   35 6.438095 5.561905
  15   46   47 7.603571 7.396429
  25   82   69 13.823810 11.176190
  25  112   40 18.582143 6.417857
   9   32   22 5.578571 3.421429
  12   22   49 3.655952 8.344048
  11   38   28 6.464286 4.535714
  18   42   67 7.169048 10.830952
  29  100   71 17.171429 11.828571
  21   84   45 14.171429 6.828571
   8   28   21 4.804762 3.195238
  16   34   58 6.233333 9.766667
   8   26   22 4.414286 3.585714
  19   54   61 9.005159 9.994841
  36  146   72 24.470238 11.529762
  13   50   28 8.219048 4.780952
   8   24   22 4.133333 3.866667
  15   36   58 6.269048 8.730952
   8   24   24 4.007937 3.992063
  19   54   64 9.091270 9.908730
  35  128   76 22.495635 12.504365
  15   52   38 8.713492 6.286508
  14   34   51 5.723810 8.276190
  11   34   32 5.923810 5.076190
  11   30   35 5.266667 5.733333
  51  222   84 37.769048 13.230952
  13   52   26 8.894048 4.105952
  10   14   43 2.533333 7.466667
  14   46   37 8.021429 5.978571
  12   40   36 6.615476 5.384524
  51  232   71 39.484524 11.515476
  13   54   27 9.129762 3.870238
  12   30   42 5.110714 6.889286
  14   50   35 8.442857 5.557143
  11   38   27 6.553571 4.446429
  53  268   50 45.391667 7.608333
  10   32   28 5.257143 4.742857
  13   40   38 6.714286 6.285714
  21   80   43 13.952381 7.047619
  16   64   33 10.798810 5.201190
  42  196   54 33.284524 8.715476
   8   24   28 3.865476 4.134524
  11   32   34 5.502381 5.497619
  26  100   57 17.138492 8.861508
  15   52   38 8.959524 6.040476
  38  162   68 27.265079 10.734921
  10   30   27 5.354762 4.645238
   5   10   22 1.797619 3.202381
  17   64   41 10.838095 6.161905
  25   98   52 16.655952 8.344048
  43  176   77 29.967857 13.032143
  10   32   28 5.373810 4.626190
   5   14   16 2.338095 2.661905
  13   46   29 7.959524 5.040476
  28  118   53 20.091667 7.908333
  47  210   70 35.543651 11.456349
   7   22   22 3.791667 3.208333
   1    0    9 0.000000 1.000000
  12   44   31 7.285714 4.714286
  20   74   45 12.553571 7.446429
  57  280   55 47.792857 9.207143
  10   34   28 5.817460 4.182540
  10   34   29 5.471429 4.528571
  17   58   49 9.483333 7.516667
  55  264   61 44.876190 10.123810
  18   70   35 12.189286 5.810714
  13   40   37 6.711905 6.288095
  18   62   45 10.808333 7.191667
  44  208   61 34.714286 9.285714
  25  102   45 17.536905 7.463095
   6   14   26 2.150000 3.850000
  27  108   53 18.523810 8.476190
  50  236   58 40.244048 9.755952
  17   62   43 10.075000 6.925000
   6   10   24 1.928571 4.071429
  37  156   66 26.399206 10.600794
  40  174   65 29.585714 10.414286
  17   66   39 11.040079 5.959921
   9   32   25 5.222619 3.777381
  34  144   58 24.825000 9.175000
  41  188   58 31.379762 9.620238
  16   54   41 9.223810 6.776190
   8   24   28 3.809524 4.190476
  26  106   56 17.565476 8.434524
  47  218   57 37.294048 9.705952
  19   72   39 12.316667 6.683333
   7   16   30 2.720238 4.279762
  30  126   52 21.773413 8.226587
  43  212   44 35.746429 7.253571
  20   76   44 13.058333 6.941667
   6   14   26 2.138095 3.861905
  32  142   49 24.096429 7.903571
  42  206   47 34.492063 7.507937
  20   68   48 11.661905 8.338095
   5   12   17 2.173810 2.826190
  35  160   53 26.846429 8.153571
  55  264   59 45.307937 9.692063
   5    4   31 0.601190 4.398810
  10   36   27 5.846429 4.153571
  52  250   55 42.726587 9.273413
  32  138   55 23.157143 8.842857
   6   10   29 1.713492 4.286508
   9   28   26 4.650000 4.350000
  51  240   62 40.788095 10.211905
  32  126   70 20.859524 11.140476
   8   20   28 3.323810 4.676190
   7   24   18 4.157143 2.842857
  57  284   60 47.562698 9.437302
  28  102   66 17.295238 10.704762
   8   22   24 3.890476 4.109524
  10   38   20 6.658333 3.341667
  64  324   56 54.947619 9.052381
  21   70   59 11.484524 9.515476
   5   10   23 1.523810 3.476190
   9   32   21 5.577381 3.422619
  64  330   55 55.351190 8.648810
  24   84   59 14.115079 9.884921
   3    6   13 1.035714 1.964286
   9   26   27 4.763492 4.236508
  73  384   50 64.913095 8.086905
  17   48   57 7.813095 9.186905
   1    0    8 0.000000 1.000000
   4    6   21 0.931746 3.068254
  70  376   46 63.050794 6.949206
  23   80   55 13.991667 9.008333
   3    4   12 0.766667 2.233333
   1    0    7 0.000000 1.000000
  74  394   48 66.236905 7.763095
  24   96   47 16.294444 7.705556
   1    0    8 0.000000 1.000000
   1    0    9 0.000000 1.000000
  72  386   44 64.917063 7.082937
  26  112   41 19.289286 6.710714
   1    0    8 0.000000 1.000000
   1    0    9 0.000000 1.000000
  73  398   43 66.699603 6.300397
  26  106   44 18.433333 7.566667
  60  310   48 52.047619 7.952381
  40  194   48 32.489286 7.510714
  69  364   46 61.539286 7.460714
  31  144   46 24.090476 6.909524
  71  370   53 62.277381 8.722619
  29  124   53 20.764286 8.235714
  83  462   35 77.452381 5.547619
  17   68   35 11.576190 5.423810
  83  460   34 77.310714 5.689286
  17   72   34 11.980952 5.019048
  77  416   44 69.848810 7.151190
  23   96   44 15.991667 7.008333
  77  420   41 70.214683 6.785317
  23   98   41 16.542857 6.457143
  85  478   36 79.621429 5.378571
  15   50   36 8.876190 6.123810
  94  526   33 88.597222 5.402778
   6    8   33 1.251190 4.748810
  95  540   26 90.731746 4.268254
   5    8   26 1.241270 3.758730
  88  496   33 82.690476 5.309524
  12   38   33 6.672619 5.327381
  83  468   34 77.696032 5.303968
  17   64   34 11.257143 5.742857
  83  464   36 77.398810 5.601190
  17   64   36 11.216667 5.783333
  86  478   36 80.250000 5.750000
  14   50   36 8.601190 5.398810
  83  456   43 76.117857 6.882143
  17   58   43 9.960317 7.039683
  78  428   42 71.250794 6.749206
  22   88   42 15.358730 6.641270
  73  394   48 65.385714 7.614286
  27  110   48 18.821429 8.178571
  59  300   59 49.476190 9.523810
  41  182   59 31.244048 9.755952
  59  284   75 47.295238 11.704762
  41  166   75 28.166667 12.833333
  59  276   75 46.437698 12.562302
  41  174   75 28.996429 12.003571
  62  310   64 51.894048 10.105952
  38  162   64 27.752778 10.247222
  49  224   72 37.517857 11.482143
  51  232   72 39.298413 11.701587
  51  252   59 41.840873 9.159127
  49  230   59 39.138889 9.861111
  64  328   54 55.428175 8.571825
  36  164   54 27.563889 8.436111
  71  348   71 59.123810 11.876190
  29  110   71 18.176190 10.823810
  73  368   67 61.738095 11.261905
  27   98   67 15.990476 11.009524
  80  418   62 70.172619 9.827381
  20   58   62 9.894048 10.105952
  83  454   47 75.734524 7.265476
  17   52   47 9.133333 7.866667
  86  466   47 78.606746 7.393254
  14   40   47 6.698810 7.301190
  80  434   50 72.546429 7.453571
  20   66   50 11.394048 8.605952
  90  502   33 84.576190 5.423810
  10   32   33 5.065476 4.934524
  86  494   26 82.126190 3.873810
  14   54   26 9.484127 4.515873
  92  534   20 88.946032 3.053968
   8   26   20 4.746429 3.253571
  91  524   22 87.315476 3.684524
   9   32   22 5.519444 3.480556
  90  522   21 86.551190 3.448810
  10   36   21 6.328571 3.671429
  81  460   29 76.539683 4.460317
  19   82   29 14.366667 4.633333
  83  462   34 77.071429 5.928571
  17   70   34 11.621429 5.378571
  81  454   32 75.916667 5.083333
  19   82   32 13.970238 5.029762
  80  438   44 73.139286 6.860714
  20   74   44 12.685714 7.314286
  87  472   50 78.875000 8.125000
  13   28   50 4.669048 8.330952
  83  452   43 75.671429 7.328571
  17   62   43 10.444048 6.555952
  70  372   51 61.750000 8.250000
  30  126   51 21.688095 8.311905
  61  316   52 52.541270 8.458730
  39  180   52 30.631746 8.368254
  51  250   55 41.780952 9.219048
  49  240   55 40.355952 8.644048
  52  258   53 43.573016 8.426984
  48  236   53 39.833333 8.166667
  55  270   59 45.265476 9.734524
  45  212   59 35.644048 9.355952
  46  224   52 37.740873 8.259127
  54  272   52 45.692460 8.307540
  49  232   59 39.307143 9.692857
  51  250   59 41.861905 9.138095
  46  208   66 34.998016 11.001984
  54  260   66 43.772619 10.227381
  51  232   64 39.741270 11.258730
  49  240   64 39.539286 9.460714
  39  174   60 28.942857 10.057143
  61  306   60 51.420238 9.579762
  48  238   57 39.823810 8.176190
  52  248   57 42.268651 9.731349
  41  186   55 31.533333 9.466667
  59  304   55 50.629762 8.370238
  34  146   60 24.559127 9.440873
  66  334   60 56.449206 9.550794
  34  140   67 23.536508 10.463492
  66  326   67 55.180952 10.819048
  38  168   56 28.388095 9.611905
  62  320   56 53.168651 8.831349
  28  124   48 20.645238 7.354762
  72  380   48 64.235714 7.764286
  27  110   54 18.623810 8.376190
  73  382   54 64.602381 8.397619
  33  148   54 24.840476 8.159524
  67  344   54 58.028175 8.971825
  36  156   66 26.131746 9.868254
  64  312   66 53.018651 10.981349
  42  178   70 30.066667 11.933333
  58  282   70 47.335714 10.664286
  35  136   66 23.476190 11.523810
  65  332   66 55.401407 9.598593
  35  152   62 25.476190 9.523810
  65  324   62 54.810317 10.189683
  41  178   70 29.948810 11.051190
  59  282   70 47.521429 11.478571
  36  150   69 25.039502 10.960498
  64  312   69 52.621429 11.378571
  37  160   60 27.309921 9.690079
  63  320   60 53.697619 9.302381
  30  122   57 20.802381 9.197619
  70  364   57 60.766667 9.233333
  38  174   50 29.898810 8.101190
  62  326   50 54.508333 7.491667
  32  140   54 23.154762 8.845238
  68  352   54 59.093254 8.906746
  34  148   62 24.604365 9.395635
  66  328   62 55.680556 10.319444
  30  112   64 19.241667 10.758333
  70  360   64 60.108333 9.891667
  39  182   53 30.494048 8.505952
  61  312   53 52.454365 8.545635
  44  212   51 35.848810 8.151190
  56  286   51 47.800000 8.200000
  34  148   59 24.521825 9.478175
  66  334   59 56.131746 9.868254
  26  110   48 18.430952 7.569048
  74  394   48 66.330952 7.669048
  21   86   48 13.942460 7.057540
  79  418   48 70.752778 8.247222
  19   70   49 11.184524 7.815476
  81  432   49 73.044444 7.955556
  15   44   52 7.214286 7.785714
  85  452   52 76.385714 8.614286
  12   32   48 4.928175 7.071825
  88  472   48 79.573810 8.426190
   7   14   32 2.421429 4.578571
  93  522   32 87.557937 5.442063
   5    4   23 0.742857 4.257143
  95  550   23 91.475000 3.525000
   5    6   24 1.035714 3.964286
  95  546   24 91.245202 3.754798
   3    4   12 0.733333 2.266667
  97  572   12 95.163095 1.836905
   4    4   18 0.775000 3.225000
  96  560   18 93.250794 2.749206
   8   20   30 3.382143 4.617857
  92  520   30 86.917460 5.082540
   3    2   16 0.392857 2.607143
  97  566   16 94.468651 2.531349
   2    2   10 0.342857 1.657143
  98  578   10 96.439286 1.560714
   5   10   19 1.785714 3.214286
  95  552   19 92.007143 2.992857
   7   16   27 2.595238 4.404762
  93  530   27 88.699206 4.300794
  12   40   32 6.930159 5.069841
  88  496   32 82.671032 5.328968
  14   44   39 7.609524 6.390476
  86  478   39 79.722619 6.277381
  16   54   39 9.607143 6.392857
  84  468   39 77.889286 6.110714
  16   58   35 9.903571 6.096429
  84  472   35 78.665079 5.334921
  11   34   35 5.442460 5.557540
  89  496   35 83.265476 5.734524
  15   58   31 10.051190 4.948810
  85  480   31 80.001190 4.998810
  11   40   28 6.566667 4.433333
  89  504   28 84.430159 4.569841
  18   74   36 12.409524 5.590476
  82  454   36 76.011508 5.988492
  26  112   41 19.212698 6.787302
  74  406   41 67.596429 6.403571
  20   84   41 13.749206 6.250794
  80  434   41 72.779762 7.220238
  20   74   51 12.266667 7.733333
  80  424   51 71.010714 8.989286
  25  100   42 17.400000 7.600000
  75  416   42 68.832937 6.167063
  20   80   44 13.407143 6.592857
  80  432   44 72.686905 7.313095
  24   96   46 16.585317 7.414683
  76  412   46 68.745635 7.254365
  13   40   44 6.225000 6.775000
  87  472   44 79.526190 7.473810
   8   18   28 3.391667 4.608333
  92  526   28 87.680952 4.319048
   3    2   22 0.267857 2.732143
  97  554   22 93.366667 3.633333
 100  600    0 100.000000 0.000000
