   3    6   10 1.185714 1.814286
   1    0    8 0.000000 1.000000
   1    0    5 0.000000 1.000000
   1    0    7 0.000000 1.000000
   2    2    9 0.366667 1.633333
   1    0    6 0.000000 1.000000
   2    2   11 0.309524 1.690476
   1    0    6 0.000000 1.000000
   1    0    8 0.000000 1.000000
   4   10   13 1.869048 2.130952
   1    0    7 0.000000 1.000000
   2    2    8 0.400000 1.600000
   1    0    8 0.000000 1.000000
   1    0    5 0.000000 1.000000
   1    0    8 0.000000 1.000000
   1    0    7 0.000000 1.000000
   1    0    6 0.000000 1.000000
   2    2   10 0.342857 1.657143
   1    0    8 0.000000 1.000000
   1    0    7 0.000000 1.000000
   1    0    6 0.000000 1.000000
   1    0    6 0.000000 1.000000
   1    0    8 0.000000 1.000000
   1    0    7 0.000000 1.000000
   2    2    9 0.366667 1.633333
   2    2   10 0.342857 1.657143
   2    2   10 0.333333 1.666667
   1    0    8 0.000000 1.000000
   4   10   13 1.733333 2.266667
   3    4   11 0.816667 2.183333
   1    0    5 0.000000 1.000000
   1    0    6 0.000000 1.000000
   1    0    7 0.000000 1.000000
   1    0    7 0.000000 1.000000
   1    0    6 0.000000 1.000000
   1    0    6 0.000000 1.000000
   2    2    9 0.366667 1.633333
   1    0    6 0.000000 1.000000
   1    0    7 0.000000 1.000000
   2    2    9 0.366667 1.633333
   3    4   15 0.711111 2.288889
   4   10   12 1.833333 2.166667
   1    0    7 0.000000 1.000000
   2    2   10 0.342857 1.657143
   3    4   12 0.833333 2.166667
   1    0    8 0.000000 1.000000
   2    2   11 0.309524 1.690476
   5   14   15 2.461905 2.538095
   2    2    8 0.416667 1.583333
   3    4   13 0.700000 2.300000
   1    0    6 0.000000 1.000000
   3    6   10 1.133333 1.866667
   2    2   11 0.309524 1.690476
   4   10   11 1.933333 2.066667
   2    2    9 0.366667 1.633333
   1    0    5 0.000000 1.000000
   1    0    7 0.000000 1.000000
   1    0    7 0.000000 1.000000
   4   10   13 1.921429 2.078571
   1    0    7 0.000000 1.000000
   4    6   17 1.109524 2.890476
   3    6   13 1.035714 1.964286
   2    2    9 0.366667 1.633333
   1    0    6 0.000000 1.000000
   2    2   13 0.277778 1.722222
   2    2    9 0.366667 1.633333
   2    2    9 0.366667 1.633333
   6   20   17 3.403571 2.596429
   2    2   14 0.266667 1.733333
   2    0   16 0.000000 2.000000
   1    0    7 0.000000 1.000000
   1    0    7 0.000000 1.000000
   1    0    8 0.000000 1.000000
   1    0    6 0.000000 1.000000
   5   14   14 2.552381 2.447619
   7   22   17 3.966667 3.033333
   5   14   11 2.883333 2.116667
   1    0    5 0.000000 1.000000
   1    0    6 0.000000 1.000000
   7   22   16 4.171429 2.828571
   1    0    6 0.000000 1.000000
   1    0    7 0.000000 1.000000
   6   18   18 3.166667 2.833333
   2    2   10 0.333333 1.666667
   1    0    7 0.000000 1.000000
   1    0    8 0.000000 1.000000
   5   12   17 2.011905 2.988095
   1    0    5 0.000000 1.000000
   5   12   16 2.200000 2.800000
   1    0    6 0.000000 1.000000
   1    0    8 0.000000 1.000000
   3    6   13 0.952381 2.047619
   2    2   10 0.342857 1.657143
   3    4   14 0.666667 2.333333
   2    2    8 0.400000 1.600000
   1    0    8 0.000000 1.000000
   3    6   11 1.066667 1.933333
   9   30   22 5.252381 3.747619
   5    8   21 1.409524 3.590476
   1    0    7 0.000000 1.000000
   5   14   13 2.604762 2.395238
   1    0    9 0.000000 1.000000
   5   12   15 2.204762 2.795238
   2    0   14 0.000000 2.000000
   5   12   19 2.053571 2.946429
   1    0    8 0.000000 1.000000
   1    0    7 0.000000 1.000000
   1    0    7 0.000000 1.000000
   4    6   18 1.016667 2.983333
   7   22   20 3.704762 3.295238
   2    2   12 0.285714 1.714286
   4    8   17 1.400000 2.600000
   1    0    6 0.000000 1.000000
   1    0    7 0.000000 1.000000
  11   40   20 7.253175 3.746825
   2    2   12 0.285714 1.714286
   7   24   17 4.467460 2.532540
   4    8   14 1.552381 2.447619
   1    0    7 0.000000 1.000000
   6   16   16 2.950000 3.050000
   4    8   15 1.369048 2.630952
   3    4   15 0.642857 2.357143
   3    6   15 0.869048 2.130952
   1    0    6 0.000000 1.000000
   1    0    8 0.000000 1.000000
   2    2    9 0.366667 1.633333
   2    2    9 0.366667 1.633333
   5    6   26 0.961905 4.038095
   1    0    6 0.000000 1.000000
   6   20   19 3.260714 2.739286
   2    2   12 0.291667 1.708333
   1    0    7 0.000000 1.000000
   2    2   11 0.325000 1.675000
  16   70   24 12.092857 3.907143
   9   28   21 5.129762 3.870238
   4   10   14 1.661905 2.338095
   3    6   12 1.000000 2.000000
  17   72   31 12.164286 4.835714
   1    0   10 0.000000 1.000000
   9   30   21 5.166667 3.833333
   4    8   15 1.366667 2.633333
   2    2    9 0.392857 1.607143
   6   16   19 2.766667 3.233333
   5   12   16 2.219048 2.780952
   3    2   16 0.400000 2.600000
   2    2   12 0.285714 1.714286
   1    0    6 0.000000 1.000000
   9   24   28 4.410714 4.589286
   9   32   21 5.450000 3.550000
   4    6   21 0.904762 3.095238
  12   42   29 7.248810 4.751190
   6   18   16 3.171429 2.828571
   4    6   18 1.028571 2.971429
   1    0    7 0.000000 1.000000
  28  130   39 22.007143 5.992857
   8   26   24 4.400000 3.600000
   4   10   14 1.661905 2.338095
   2    2    9 0.366667 1.633333
   1    0    7 0.000000 1.000000
  11   44   21 7.592857 3.407143
  13   50   28 8.611905 4.388095
  17   66   31 11.661905 5.338095
   1    0    8 0.000000 1.000000
   6   18   23 2.696429 3.303571
   3    4   16 0.625000 2.375000
   1    0    6 0.000000 1.000000
   3    4   16 0.667857 2.332143
  19   74   38 12.614286 6.385714
   6   18   18 3.028571 2.971429
   8   24   24 4.280952 3.719048
   1    0    5 0.000000 1.000000
  22   94   35 15.966667 6.033333
  21   88   34 15.388095 5.611905
  12   48   23 8.269841 3.730159
   1    0    7 0.000000 1.000000
   5   16   17 2.678571 2.321429
   1    0    8 0.000000 1.000000
  22   94   37 16.172619 5.827381
   7   26   16 4.595238 2.404762
   5   10   22 1.636508 3.363492
   1    0    8 0.000000 1.000000
  25  104   42 17.985714 7.014286
  30  136   41 23.183333 6.816667
  15   58   31 9.905952 5.094048
   7   18   23 3.273810 3.726190
   1    0    8 0.000000 1.000000
  14   50   41 8.101587 5.898413
   5   14   20 2.071429 2.928571
   2    2    8 0.416667 1.583333
  26  102   48 17.584127 8.415873
  33  154   45 25.926190 7.073810
  17   66   38 11.171825 5.828175
   7   22   21 3.676190 3.323810
   2    2    9 0.366667 1.633333
  10   30   29 5.516667 4.483333
   1    0    7 0.000000 1.000000
   1    0    7 0.000000 1.000000
  29  124   46 21.259524 7.740476
  24  108   37 18.365476 5.634524
   9   30   25 5.121429 3.878571
   5   12   17 2.119048 2.880952
   1    0    6 0.000000 1.000000
   8   24   23 4.203571 3.796429
  53  274   44 46.133333 6.866667
  36  162   48 28.096429 7.903571
   4    8   21 1.138889 2.861111
   5   14   18 2.278571 2.721429
   7   20   22 3.515476 3.484524
  48  236   51 39.526984 8.473016
  37  172   52 29.104762 7.895238
   3    4   15 0.642857 2.357143
   2    2   12 0.285714 1.714286
  10   36   24 6.150000 3.850000
  48  226   57 38.751587 9.248413
  32  132   62 22.221429 9.778571
   9   28   26 4.742857 4.257143
  59  284   68 48.362698 10.637302
  34  134   70 22.575000 11.425000
  11   32   31 5.738095 5.261905
  55  260   73 43.360317 11.639683
  32  116   79 19.574206 12.425794
   6   16   20 2.742857 3.257143
  62  288   81 48.773810 13.226190
  33  120   77 20.275000 12.725000
   5   14   15 2.400000 2.600000
  62  296   78 49.875000 12.125000
  32   98   94 16.897619 15.102381
   9   32   20 5.545238 3.454762
  59  258   98 43.278571 15.721429
  24   66   88 10.576984 13.423016
  12   44   28 7.376190 4.623810
  64  274  100 46.856746 17.143254
  15   38   59 6.525397 8.474603
  23  112   24 19.295238 3.704762
  62  304   63 51.838095 10.161905
  15   34   52 5.947619 9.052381
  21  100   30 16.909524 4.090476
  64  322   62 54.101190 9.898810
  15   38   49 6.773810 8.226190
  16   58   36 10.151190 5.848810
  69  354   65 58.794048 10.205952
  18   62   45 10.854365 7.145635
  14   48   36 8.192857 5.807143
  68  350   59 59.279365 8.720635
  16   56   43 9.313095 6.686905
  15   54   40 8.971429 6.028571
  69  348   59 59.031349 9.968651
  11   42   30 6.952381 4.047619
  11   30   35 5.351190 5.648810
  78  408   55 68.841667 9.158333
  14   48   34 8.204762 5.795238
   7   12   30 2.144048 4.855952
  79  430   46 72.220238 6.779762
  25  100   45 17.458333 7.541667
   9   18   36 3.139286 5.860714
  66  346   55 57.567857 8.432143
  32  140   51 23.725794 8.274206
   3    6   12 1.019048 1.980952
  65  342   49 56.950000 8.050000
  21   76   49 12.921429 8.078571
   4   10   15 1.678571 2.321429
  75  402   48 67.411905 7.588095
  16   52   47 8.670238 7.329762
   6   18   19 2.980952 3.019048
  78  418   46 70.405159 7.594841
  18   54   50 9.504762 8.495238
   9   26   25 4.600000 4.400000
  73  392   53 64.863889 8.136111
  19   50   64 8.507143 10.492857
  11   30   31 5.570238 5.429762
  70  368   57 61.051190 8.948810
  15   32   62 5.376190 9.623810
  20   78   40 13.632143 6.367857
  65  326   62 54.940079 10.059921
  16   42   48 7.876190 8.123810
  20   70   51 11.758333 8.241667
  64  332   57 55.323810 8.676190
  12   32   41 5.533333 6.466667
  14   40   44 6.752381 7.247619
  74  388   55 65.203571 8.796429
  13   30   46 5.221429 7.778571
   7    8   41 1.237302 5.762698
  80  420   55 70.903571 9.096429
   5    8   24 1.383333 3.616667
   2    2   11 0.325000 1.675000
  93  526   29 88.350794 4.649206
   3    2   20 0.311111 2.688889
   5   12   18 1.966667 3.033333
  92  512   36 86.101190 5.898810
   6   18   16 3.219048 2.780952
   3    4   16 0.595238 2.404762
  91  522   24 87.097619 3.902381
   7   22   22 3.622222 3.377778
   2    2   10 0.342857 1.657143
  91  512   32 85.415476 5.584524
   8   24   22 4.216667 3.783333
   4   10   11 1.933333 2.066667
  88  500   33 82.696032 5.303968
  10   40   22 6.883333 3.116667
   7   22   19 3.821429 3.178571
  83  456   41 76.436508 6.563492
  18   82   26 13.988095 4.011905
   7   22   23 3.485714 3.514286
  75  398   49 66.619048 8.380952
   9   30   22 5.341270 3.658730
   5   10   23 1.535714 3.464286
  86  470   45 78.732143 7.267857
   2    2   12 0.285714 1.714286
   5   12   18 2.041667 2.958333
  93  526   30 87.782540 5.217460
   2    2    9 0.366667 1.633333
   5   12   20 2.029762 2.970238
  93  528   29 88.186905 4.813095
   5   12   15 2.304762 2.695238
  95  558   15 92.871032 2.128968
   3    4   13 0.742857 2.257143
  97  570   13 95.109524 1.890476
   3    4   16 0.595238 2.404762
  97  564   16 94.433333 2.566667
   1    0    6 0.000000 1.000000
  99  588    6 98.083333 0.916667
 100  600    0 100.000000 0.000000
