   1    0    5 0.000000 1.000000
   1    0    7 0.000000 1.000000
   2    2   13 0.267857 1.732143
   2    2    8 0.400000 1.600000
   2    2    9 0.366667 1.633333
   2    2   10 0.333333 1.666667
   1    0    6 0.000000 1.000000
   1    0    7 0.000000 1.000000
   6   18   16 3.171429 2.828571
   1    0    8 0.000000 1.000000
   2    2    8 0.400000 1.600000
   1    0    6 0.000000 1.000000
   1    0    6 0.000000 1.000000
   4   10   12 1.833333 2.166667
   3    6   10 1.133333 1.866667
   1    0    7 0.000000 1.000000
   1    0    6 0.000000 1.000000
   2    2   11 0.309524 1.690476
   1    0    7 0.000000 1.000000
   2    2    9 0.366667 1.633333
   3    4   12 0.766667 2.233333
   2    2    9 0.366667 1.633333
   2    2   10 0.333333 1.666667
   1    0    8 0.000000 1.000000
   1    0    7 0.000000 1.000000
   2    2    9 0.392857 1.607143
   1    0    7 0.000000 1.000000
   1    0    8 0.000000 1.000000
   1    0    7 0.000000 1.000000
   2    2    9 0.366667 1.633333
   1    0    5 0.000000 1.000000
   1    0    5 0.000000 1.000000
   2    2   11 0.309524 1.690476
   2    2    9 0.366667 1.633333
   2    2   11 0.309524 1.690476
   2    2    9 0.366667 1.633333
   1    0    8 0.000000 1.000000
   1    0    7 0.000000 1.000000
   2    2    9 0.392857 1.607143
   3    6   10 1.133333 1.866667
   6   18   17 3.233333 2.766667
   2    2    8 0.416667 1.583333
   3    6   11 1.085714 1.914286
   1    0    7 0.000000 1.000000
   1    0    6 0.000000 1.000000
   1    0    7 0.000000 1.000000
   1    0    6 0.000000 1.000000
   1    0    7 0.000000 1.000000
   1    0    7 0.000000 1.000000
   1    0    6 0.000000 1.000000
   4   10   12 1.950000 2.050000
   1    0    7 0.000000 1.000000
   1    0    8 0.000000 1.000000
   1    0    7 0.000000 1.000000
   1    0    5 0.000000 1.000000
   1    0    9 0.000000 1.000000
   2    2    8 0.400000 1.600000
   1    0    7 0.000000 1.000000
   2    2   11 0.309524 1.690476
   1    0    6 0.000000 1.000000
   2    0   12 0.000000 2.000000
   2    2    9 0.366667 1.633333
   5   10   21 1.725000 3.275000
   5   12   17 2.085714 2.914286
   3    6   12 1.071429 1.928571
   2    2    7 0.450000 1.550000
   1    0    7 0.000000 1.000000
   5   14   16 2.328571 2.671429
   5   12   20 1.959524 3.040476
   1    0    7 0.000000 1.000000
   2    2    8 0.416667 1.583333
   1    0    5 0.000000 1.000000
   5   12   15 2.266667 2.733333
   1    0    6 0.000000 1.000000
   1    0    8 0.000000 1.000000
   2    2   11 0.309524 1.690476
   3    6   12 1.071429 1.928571
   3    6   11 1.085714 1.914286
   3    6   12 1.019048 1.980952
   2    2   12 0.291667 1.708333
   2    2   10 0.333333 1.666667
   2    2    9 0.366667 1.633333
   9   32   22 5.467857 3.532143
   6   18   19 3.116667 2.883333
   7   22   16 4.100000 2.900000
   5   16   15 2.960317 2.039683
   7   24   15 4.371429 2.628571
   1    0    6 0.000000 1.000000
   2    2   14 0.253968 1.746032
   2    2   13 0.267857 1.732143
   2    2   11 0.325000 1.675000
   2    2   11 0.309524 1.690476
   5   12   21 1.885714 3.114286
   2    2    8 0.400000 1.600000
   6   18   17 3.103571 2.896429
   5   12   17 2.150000 2.850000
   2    2   10 0.342857 1.657143
   1    0    7 0.000000 1.000000
   3    6   13 0.983333 2.016667
   5   12   18 1.995238 3.004762
   8   28   20 4.865476 3.134524
   1    0    8 0.000000 1.000000
   2    2   11 0.309524 1.690476
   1    0    5 0.000000 1.000000
   5    8   17 1.650000 3.350000
   2    2   11 0.309524 1.690476
   2    2   10 0.333333 1.666667
   6   18   15 3.383333 2.616667
   8   26   26 4.107143 3.892857
   6   12   24 2.028571 3.971429
  10   36   24 6.175000 3.825000
   6   20   16 3.457143 2.542857
   7   24   16 4.257143 2.742857
   1    0    7 0.000000 1.000000
   1    0    6 0.000000 1.000000
   1    0    5 0.000000 1.000000
   8   28   22 4.665476 3.334524
   3    2   19 0.342857 2.657143
   1    0    7 0.000000 1.000000
  10   28   29 5.066667 4.933333
   6   16   21 2.630952 3.369048
   3    4   15 0.685714 2.314286
   1    0    6 0.000000 1.000000
  17   70   29 12.211905 4.788095
   2    2    8 0.416667 1.583333
   5   10   20 1.704762 3.295238
   2    2   13 0.267857 1.732143
   1    0    7 0.000000 1.000000
  11   42   25 7.075000 3.925000
   6   16   19 2.775000 3.225000
   8   18   27 3.354762 4.645238
   4   10   15 1.647619 2.352381
   9   30   23 5.019048 3.980952
   3    4   13 0.700000 2.300000
   8   26   24 4.204762 3.795238
   3    6   13 0.983333 2.016667
   1    0    7 0.000000 1.000000
  18   74   29 12.952381 5.047619
   2    2   11 0.309524 1.690476
   6   16   17 2.900000 3.100000
   1    0    6 0.000000 1.000000
  23   96   41 16.394048 6.605952
   2    2   11 0.309524 1.690476
   3    4   12 0.842857 2.157143
   9   26   28 4.517857 4.482143
   2    2   10 0.333333 1.666667
   9   26   31 4.276190 4.723810
   3    4   15 0.691667 2.308333
   8   30   19 5.136905 2.863095
   2    2   10 0.342857 1.657143
   8   18   26 3.233333 4.766667
   4   10   15 1.619048 2.380952
  21   92   32 15.901190 5.098810
   4   10   13 1.761905 2.238095
  12   44   25 7.750794 4.249206
  29  124   51 20.998810 8.001190
   2    2   12 0.285714 1.714286
   3    4   16 0.595238 2.404762
   4   10   12 1.911905 2.088095
   4    4   22 0.625000 3.375000
   1    0    8 0.000000 1.000000
   7   24   20 4.113889 2.886111
   1    0    6 0.000000 1.000000
   7   20   20 3.533333 3.466667
   4    8   15 1.366667 2.633333
  21   92   32 15.740476 5.259524
   3    6   13 0.983333 2.016667
  10   34   25 5.872222 4.127778
  34  158   51 26.327778 7.672222
   2    2    9 0.366667 1.633333
   4   10   16 1.594048 2.405952
   2    2    9 0.366667 1.633333
   1    0    9 0.000000 1.000000
   1    0    5 0.000000 1.000000
  11   34   30 5.783333 5.216667
   8   28   18 4.983333 3.016667
   1    0    6 0.000000 1.000000
  11   40   32 6.576190 4.423810
   5   14   16 2.304762 2.695238
  13   42   32 7.404762 5.595238
  40  178   63 30.109524 9.890476
   2    2   10 0.342857 1.657143
   1    0    6 0.000000 1.000000
   3    6    9 1.200000 1.800000
   3    4   13 0.733333 2.266667
  13   52   29 8.698413 4.301587
   6   18   21 2.879762 3.120238
   1    0    6 0.000000 1.000000
  10   32   27 5.527778 4.472222
   6   18   16 3.200000 2.800000
  14   42   44 7.130556 6.869444
  33  126   74 21.359524 11.640476
   5   14   18 2.357143 2.642857
   5   14   14 2.504762 2.495238
  20   88   28 15.390476 4.609524
   7   22   21 3.861905 3.138095
   3    6   12 1.050000 1.950000
   2    2   10 0.342857 1.657143
  17   66   37 11.490476 5.509524
  25   94   63 15.667460 9.332540
   3    6   12 1.000000 2.000000
   3    2   18 0.325000 2.675000
  40  186   43 32.208333 7.791667
  11   34   29 6.026190 4.973810
   2    2   12 0.291667 1.708333
   2    2   10 0.333333 1.666667
  11   32   37 5.409524 5.590476
  22   76   61 12.777381 9.222619
   3    6   12 1.019048 1.980952
   6   10   23 1.871429 4.128571
  43  206   48 35.127381 7.872619
  16   64   30 11.260714 4.739286
   4   10   15 1.614286 2.385714
   9   22   37 3.607937 5.392063
  24   78   61 13.599206 10.400794
   2    2    9 0.366667 1.633333
   3    6   12 1.000000 2.000000
  42  196   58 32.821825 9.178175
  28  134   35 22.907937 5.092063
   2    2   13 0.267857 1.732143
  21   82   42 14.106349 6.893651
  49  238   54 40.139286 8.860714
  31  140   45 23.566667 7.433333
   1    0    9 0.000000 1.000000
  26  102   50 17.436905 8.563095
  42  182   72 30.683730 11.316270
  42  194   50 33.493651 8.506349
  24   88   57 14.750000 9.250000
  34  144   67 23.860714 10.139286
  42  196   54 33.190476 8.809524
  19   64   51 10.432143 8.567857
  39  172   63 29.332937 9.667063
  39  174   57 29.532143 9.467857
  19   70   49 11.619048 7.380952
  42  190   60 32.393254 9.606746
  47  212   64 36.482937 10.517063
  16   54   47 8.695238 7.304762
  37  154   69 26.102381 10.897619
  41  188   60 31.742460 9.257540
  11   36   31 6.160714 4.839286
  48  216   69 36.582359 11.417641
  40  188   56 31.803175 8.196825
   8   22   28 3.600000 4.400000
  52  238   68 40.484524 11.515476
  37  174   51 28.952381 8.047619
   4   10   15 1.761905 2.238095
  59  294   56 49.801190 9.198810
  43  198   58 33.620635 9.379365
   3    6   13 0.952381 2.047619
  54  258   67 42.903968 11.096032
  42  188   62 31.945238 10.054762
   6   20   12 3.878571 2.121429
  52  248   70 41.004365 10.995635
  38  148   73 25.364286 12.635714
   5   14   18 2.254762 2.745238
  57  270   77 45.021825 11.978175
  38  146   79 25.146429 12.853571
   8   26   19 4.652381 3.347619
  54  254   76 42.191667 11.808333
  45  192   75 32.530159 12.469841
   7   22   24 3.403571 3.596429
  48  210   77 35.350000 12.650000
  48  228   60 38.216667 9.783333
   3    6   14 0.916667 2.083333
  49  238   54 40.298810 8.701190
  54  266   64 44.311111 9.688889
   3    6   11 1.066667 1.933333
  43  192   61 32.835714 10.164286
  56  266   71 44.639286 11.360714
   9   34   20 6.075794 2.924206
  35  146   63 24.566667 10.433333
  62  302   68 51.141667 10.858333
  17   72   30 12.355159 4.644841
  21   74   54 12.088095 8.911905
  70  358   61 60.280556 9.719444
  11   34   32 5.526190 5.473810
  19   66   49 11.188095 7.811905
  80  416   60 70.280952 9.719048
   7   18   24 3.071429 3.928571
  13   42   40 6.864286 6.135714
  82  428   63 71.863095 10.136905
   6   10   28 1.644048 4.355952
  12   32   39 5.419048 6.580952
  80  434   51 72.459524 7.540476
   5   10   17 2.100000 2.900000
  15   54   34 9.435714 5.564286
  72  372   62 61.907143 10.092857
   5   10   20 1.800000 3.200000
  23   94   42 15.988095 7.011905
  67  336   64 57.033333 9.966667
   4   10   15 1.619048 2.380952
  29  124   51 20.980952 8.019048
  65  334   57 56.086905 8.913095
  35  152   57 26.085317 8.914683
  78  406   56 68.840476 9.159524
  22   82   56 13.726984 8.273016
  83  450   44 75.875397 7.124603
  17   62   44 10.169048 6.830952
  81  430   49 72.773810 8.226190
  19   72   49 11.775794 7.224206
  74  394   52 65.825000 8.175000
  26  102   52 17.422222 8.577778
  75  410   41 68.401190 6.598810
  25  108   41 18.253571 6.746429
  77  434   33 72.026190 4.973810
  23  100   33 17.258333 5.741667
  83  474   27 79.064286 3.935714
  17   72   27 12.459524 4.540476
  86  490   27 81.996429 4.003571
  14   56   27 9.877381 4.122619
  88  492   33 82.445238 5.554762
  12   42   33 6.902381 5.097619
  93  530   23 89.322222 3.677778
   7   24   23 3.839683 3.160317
  97  572   11 95.252381 1.747619
   3    6   11 1.119048 1.880952
  94  552   15 91.686905 2.313095
   6   18   15 3.486905 2.513095
  94  550   15 91.649206 2.350794
   6   20   15 3.619048 2.380952
  88  504   27 83.672619 4.327381
  12   42   27 7.457143 4.542857
  96  556   19 92.977778 3.022222
   4    6   19 0.869048 3.130952
  98  578   11 96.205952 1.794048
   2    0   11 0.000000 2.000000
  96  560   14 93.567857 2.432143
   4   12   14 2.208333 1.791667
  98  576   11 96.229762 1.770238
   2    2   11 0.309524 1.690476
 100  600    0 100.000000 0.000000
