   2    2   11 0.309524 1.690476
   3    6   11 1.066667 1.933333
   2    2   10 0.342857 1.657143
   1    0    7 0.000000 1.000000
   1    0    7 0.000000 1.000000
   2    2   10 0.342857 1.657143
   1    0    7 0.000000 1.000000
   3    4   13 0.775000 2.225000
   1    0    7 0.000000 1.000000
   1    0    5 0.000000 1.000000
   1    0    9 0.000000 1.000000
   4   10   18 1.536508 2.463492
   1    0    7 0.000000 1.000000
   2    2   11 0.309524 1.690476
   2    2    8 0.400000 1.600000
   1    0    7 0.000000 1.000000
   2    2   10 0.333333 1.666667
   1    0    7 0.000000 1.000000
   1    0    6 0.000000 1.000000
   1    0    6 0.000000 1.000000
   1    0    7 0.000000 1.000000
   1    0    8 0.000000 1.000000
   1    0    8 0.000000 1.000000
   4   10   14 1.708333 2.291667
   3    4   13 0.733333 2.266667
   3    6   11 1.066667 1.933333
   2    2    7 0.450000 1.550000
   1    0    7 0.000000 1.000000
   1    0    7 0.000000 1.000000
   3    6   11 1.066667 1.933333
   2    2    9 0.392857 1.607143
   1    0    6 0.000000 1.000000
   2    2   11 0.309524 1.690476
   7   22   13 4.333333 2.666667
   5   14   17 2.400000 2.600000
   1    0    8 0.000000 1.000000
   2    2    9 0.366667 1.633333
   1    0    7 0.000000 1.000000
   1    0    7 0.000000 1.000000
   1    0    7 0.000000 1.000000
   2    2    8 0.400000 1.600000
   1    0    6 0.000000 1.000000
   1    0    6 0.000000 1.000000
   2    2    9 0.366667 1.633333
   3    6    8 1.333333 1.666667
   4   10   15 1.744048 2.255952
   3    4   11 0.816667 2.183333
   2    2    8 0.416667 1.583333
   2    2    9 0.366667 1.633333
   3    4   14 0.676190 2.323810
   1    0    8 0.000000 1.000000
   4    8   16 1.352381 2.647619
   3    4   14 0.666667 2.333333
   2    2   10 0.342857 1.657143
   3    6   11 1.066667 1.933333
   1    0    7 0.000000 1.000000
   4   10   13 1.761905 2.238095
   3    6   11 1.119048 1.880952
   4   10   14 1.708333 2.291667
   1    0    7 0.000000 1.000000
   3    6   14 0.935714 2.064286
   1    0    7 0.000000 1.000000
   2    2    8 0.400000 1.600000
   2    2   10 0.333333 1.666667
   1    0    9 0.000000 1.000000
   2    2   11 0.309524 1.690476
   4    8   18 1.322222 2.677778
   2    2    8 0.400000 1.600000
   2    2   11 0.309524 1.690476
   5   14   16 2.361905 2.638095
   4   10   14 1.833333 2.166667
   9   32   20 5.776190 3.223810
   1    0    7 0.000000 1.000000
   7   22   19 3.897619 3.102381
   5   14   15 2.483333 2.516667
   2    2   10 0.333333 1.666667
   1    0    9 0.000000 1.000000
   9   30   20 5.483333 3.516667
   4   10   11 1.900000 2.100000
   2    2   10 0.342857 1.657143
   1    0    8 0.000000 1.000000
   2    2    9 0.366667 1.633333
   3    4   14 0.709524 2.290476
   1    0    7 0.000000 1.000000
   2    2   10 0.333333 1.666667
   1    0    8 0.000000 1.000000
   1    0    7 0.000000 1.000000
   3    6   11 1.119048 1.880952
   9   32   18 5.816667 3.183333
   1    0    6 0.000000 1.000000
   1    0    6 0.000000 1.000000
   1    0    7 0.000000 1.000000
   2    2   12 0.291667 1.708333
   2    2   10 0.333333 1.666667
   1    0    8 0.000000 1.000000
   4    6   18 0.985714 3.014286
   4    6   14 1.200000 2.800000
   3    6   12 1.019048 1.980952
  11   44   20 7.805556 3.194444
   4   10   15 1.671429 2.328571
   2    2   10 0.342857 1.657143
   1    0    8 0.000000 1.000000
   3    6   12 1.000000 2.000000
   3    6   11 1.085714 1.914286
   5   12   16 2.161905 2.838095
   8   28   22 4.675000 3.325000
   5   14   14 2.528571 2.471429
   1    0    8 0.000000 1.000000
  12   40   33 6.946429 5.053571
   5   14   15 2.371429 2.628571
   1    0    5 0.000000 1.000000
   3    4   13 0.742857 2.257143
   1    0    9 0.000000 1.000000
   1    0    5 0.000000 1.000000
   2    2   12 0.311111 1.688889
   1    0    6 0.000000 1.000000
   7   18   22 3.326190 3.673810
   2    2    9 0.366667 1.633333
   3    4   12 0.733333 2.266667
   6   18   17 3.240476 2.759524
   1    0    7 0.000000 1.000000
   2    2   15 0.236111 1.763889
   4    8   15 1.428571 2.571429
   4   10   14 1.695238 2.304762
   5   12   22 1.803571 3.196429
   5   12   17 2.158333 2.841667
   1    0    7 0.000000 1.000000
   1    0    8 0.000000 1.000000
   5   12   19 2.017857 2.982143
   5   12   17 2.066667 2.933333
  10   36   27 5.961905 4.038095
  13   42   29 7.726190 5.273810
   9   30   23 5.283333 3.716667
   8   26   19 4.688095 3.311905
   2    2   10 0.342857 1.657143
   1    0    8 0.000000 1.000000
   2    2   10 0.333333 1.666667
   2    2   12 0.291667 1.708333
   1    0    7 0.000000 1.000000
   4    6   17 1.116667 2.883333
   4    8   13 1.500000 2.500000
   3    6   13 0.952381 2.047619
  10   36   20 6.464286 3.535714
   3    4   13 0.775000 2.225000
   3    4   15 0.660714 2.339286
   7   22   15 4.307143 2.692857
   1    0    8 0.000000 1.000000
   3    2   19 0.333333 2.666667
   7   22   23 3.741667 3.258333
   4   10   17 1.500000 2.500000
   8   20   30 3.319048 4.680952
  16   60   36 10.363492 5.636508
   9   30   23 5.480159 3.519841
   4    8   18 1.200000 2.800000
   3    6   12 1.083333 1.916667
   2    2   10 0.342857 1.657143
   6   18   13 3.497619 2.502381
   2    2   11 0.309524 1.690476
   2    2    9 0.392857 1.607143
   2    2   11 0.309524 1.690476
   1    0    6 0.000000 1.000000
   5   10   20 1.671429 3.328571
  12   38   29 6.842857 5.157143
   5   14   16 2.390476 2.609524
   7   20   21 3.552381 3.447619
  13   56   19 9.823810 3.176190
   4    8   15 1.369048 2.630952
   1    0    7 0.000000 1.000000
   3    6   15 0.888889 2.111111
   5   12   17 2.028571 2.971429
   5    8   29 1.233333 3.766667
  10   32   24 5.776190 4.223810
   8   22   28 3.666667 4.333333
   3    4   16 0.619048 2.380952
   6   18   16 3.219048 2.780952
   6   16   21 2.623810 3.376190
   2    2   12 0.285714 1.714286
   1    0    7 0.000000 1.000000
   8   20   25 3.652381 4.347619
  12   40   27 7.061905 4.938095
   7   20   20 3.642857 3.357143
  10   34   25 5.945238 4.054762
  10   40   22 6.785714 3.214286
   9   34   26 5.547619 3.452381
   2    2   10 0.342857 1.657143
   1    0    7 0.000000 1.000000
   9   36   18 6.238095 2.761905
   5    8   22 1.500000 3.500000
   6   14   22 2.428571 3.571429
   3    6   12 1.083333 1.916667
   1    0    8 0.000000 1.000000
   7   24   16 4.319048 2.680952
   7   22   19 3.866667 3.133333
   2    2   10 0.333333 1.666667
  10   34   27 5.638095 4.361905
  18   76   30 13.142857 4.857143
   7   22   19 3.897619 3.102381
   9   30   21 5.438095 3.561905
  16   58   33 10.271429 5.728571
   5   10   19 1.766667 3.233333
   2    2   11 0.309524 1.690476
   2    2   13 0.277778 1.722222
   5   12   21 2.000000 3.000000
   5   14   18 2.276190 2.723810
   1    0    7 0.000000 1.000000
   4   10   12 1.833333 2.166667
   2    2   10 0.375000 1.625000
   6   18   20 2.927381 3.072619
   6   14   23 2.221429 3.778571
   4    8   16 1.383333 2.616667
   8   16   30 2.785714 5.214286
  16   62   32 10.557143 5.442857
   3    4   13 0.700000 2.300000
   3    4   14 0.666667 2.333333
  16   62   36 10.341270 5.658730
  13   48   27 8.482143 4.517857
   1    0    7 0.000000 1.000000
   2    2   13 0.277778 1.722222
   5   14   15 2.488095 2.511905
   7   20   19 3.525000 3.475000
   3    4   14 0.652381 2.347619
   3    6   13 0.983333 2.016667
   8   28   22 4.623810 3.376190
   8   22   29 3.647222 4.352778
   2    2    9 0.366667 1.633333
  14   48   34 8.417857 5.582143
  21   94   34 15.895238 5.104762
   2    2   10 0.342857 1.657143
   4    8   20 1.172619 2.827381
  11   38   32 5.995238 5.004762
   5   10   23 1.647619 3.352381
   1    0    6 0.000000 1.000000
   2    2   10 0.333333 1.666667
   9   30   20 5.280952 3.719048
   3    6   14 0.904762 2.095238
   1    0    5 0.000000 1.000000
   3    6   11 1.085714 1.914286
  12   44   26 7.509524 4.490476
  10   28   28 4.942857 5.057143
   1    0    7 0.000000 1.000000
   6   12   23 2.114286 3.885714
  25  106   47 17.722619 7.277381
   3    6   12 1.000000 2.000000
   3    2   17 0.285714 2.714286
  13   40   36 6.807937 6.192063
  10   32   26 5.688095 4.311905
   3    6   11 1.119048 1.880952
   2    2    9 0.366667 1.633333
  11   36   32 5.883333 5.116667
   4    8   19 1.266667 2.733333
   2    2    9 0.366667 1.633333
   7   20   19 3.788095 3.211905
   8   22   28 3.547619 4.452381
   2    2    9 0.366667 1.633333
   2    2    9 0.366667 1.633333
   4   10   14 1.685714 2.314286
  23  102   41 16.838492 6.161508
   5   14   16 2.333333 2.666667
   8   20   24 3.833333 4.166667
  15   54   37 9.195238 5.804762
   6   14   22 2.540476 3.459524
   4   10   13 1.766667 2.233333
  15   58   31 10.028571 4.971429
   5   10   22 1.614286 3.385714
   1    0    6 0.000000 1.000000
   5   10   17 1.866667 3.133333
   5   14   19 2.244048 2.755952
   2    2    9 0.366667 1.633333
   1    0    6 0.000000 1.000000
   3    4   14 0.652381 2.347619
  13   42   36 7.278571 5.721429
   7   20   22 3.450000 3.550000
  11   32   37 5.292857 5.707143
  18   62   45 10.578571 7.421429
   3    2   18 0.333333 2.666667
   9   30   22 5.200000 3.800000
  15   62   27 10.825000 4.175000
   6   14   20 2.590476 3.409524
  10   36   23 6.195238 3.804762
   4    8   18 1.339286 2.660714
   7   22   21 3.704762 3.295238
  11   40   27 6.755952 4.244048
   5   14   22 2.016667 2.983333
  14   52   31 8.905952 5.094048
  12   40   30 6.895238 5.104762
   3    2   17 0.342857 2.657143
   9   28   24 5.113095 3.886905
  15   56   32 9.758333 5.241667
   2    2    9 0.366667 1.633333
  18   76   29 13.133333 4.866667
   4    6   20 1.001190 2.998810
   7   22   21 3.692857 3.307143
  15   54   32 9.452381 5.547619
   1    0    7 0.000000 1.000000
  13   50   29 8.403571 4.596429
   7   14   26 2.595238 4.404762
   2    2   13 0.267857 1.732143
   8   22   26 3.622222 4.377778
  19   80   34 13.733333 5.266667
   2    2    8 0.400000 1.600000
  21   86   40 14.473413 6.526587
   5    8   24 1.261905 3.738095
   2    2   10 0.333333 1.666667
  23  102   37 17.277381 5.722619
  19   86   27 14.805952 4.194048
   9   30   24 5.009524 3.990476
   5    8   19 1.533333 3.466667
  22   88   46 14.542857 7.457143
   4   10   12 1.800000 2.200000
  15   56   35 9.261905 5.738095
   1    0    8 0.000000 1.000000
   2    2   10 0.342857 1.657143
  17   60   44 10.023810 6.976190
  25  114   33 19.615873 5.384127
  14   52   36 8.567857 5.432143
   5   14   15 2.452381 2.547619
  10   28   33 4.745238 5.254762
   1    0    7 0.000000 1.000000
  22   90   40 15.513095 6.486905
   4   10   12 1.935714 2.064286
  11   28   41 4.619048 6.380952
  26  114   41 19.365079 6.634921
  15   50   38 8.584524 6.415476
   5   12   18 2.019048 2.980952
  15   58   34 9.956746 5.043254
  25  106   43 18.216667 6.783333
   3    6   11 1.085714 1.914286
  14   50   31 8.703571 5.296429
  35  156   52 26.459524 8.540476
  17   58   39 10.215873 6.784127
   2    2   13 0.267857 1.732143
  11   36   34 6.169986 4.830014
  19   68   47 11.590873 7.409127
   2    0   14 0.000000 2.000000
  13   50   27 8.569048 4.430952
  39  176   55 29.958730 9.041270
  18   68   39 11.611905 6.388095
   7   22   20 3.671429 3.328571
  16   54   44 9.046032 6.953968
   7   18   27 2.892857 4.107143
  16   62   38 10.519048 5.480952
  48  224   58 38.666667 9.333333
  12   44   29 7.233333 4.766667
   8   28   18 4.995238 3.004762
   5    8   27 1.142857 3.857143
  11   30   34 5.319048 5.680952
  20   78   41 13.365873 6.634127
  37  170   53 28.698016 8.301984
  25  112   36 19.054762 5.945238
   3    4   15 0.642857 2.357143
   3    6   14 0.955556 2.044444
  12   42   29 7.090476 4.909524
  30  136   40 23.189286 6.810714
  40  188   51 32.032143 7.967857
  21   84   42 14.334307 6.665693
   1    0    7 0.000000 1.000000
   8   26   26 4.156349 3.843651
  38  174   53 29.388492 8.611508
  38  170   61 28.707143 9.292857
  22   88   42 15.070238 6.929762
   2    0   12 0.000000 2.000000
  23   80   62 13.478968 9.521032
  47  210   73 35.282143 11.717857
  30  122   53 21.050000 8.950000
  29  106   60 18.795238 10.204762
  41  186   67 30.666270 10.333730
  30  118   63 19.794048 10.205952
  35  152   52 26.146825 8.853175
  32  124   66 21.101190 10.898810
  33  138   68 22.724206 10.275794
  41  192   48 32.974603 8.025397
  21   76   59 12.423810 8.576190
  38  162   63 27.655952 10.344048
  37  166   55 28.151190 8.848810
  28  106   60 18.636905 9.363095
  35  134   79 22.123810 12.876190
  40  176   62 29.590476 10.409524
  38  158   63 27.126190 10.873810
  22   74   67 11.757143 10.242857
  35  148   56 25.211905 9.788095
  43  204   56 34.045635 8.954365
  22   82   54 13.860317 8.139683
  49  240   51 40.571825 8.428175
  32  142   51 23.633333 8.366667
  19   60   56 9.851587 9.148413
  45  208   57 35.479762 9.520238
  42  204   51 34.244048 7.755952
  13   28   52 4.550000 8.450000
  34  146   66 23.674603 10.325397
  56  266   60 45.472222 10.527778
  10   26   36 4.467063 5.532937
  27  104   61 17.303571 9.696429
  56  272   61 45.817857 10.182143
  17   56   46 9.709524 7.290476
  26   90   65 15.516667 10.483333
  50  240   59 40.565476 9.434524
  24   76   70 12.600000 11.400000
  26   96   58 16.280159 9.719841
  49  232   62 39.307540 9.692460
  25   86   66 14.631746 10.368254
  24   76   73 12.544048 11.455952
  48  226   62 38.383730 9.616270
  28  108   55 18.855952 9.144048
  32  116   70 20.304762 11.695238
  40  184   55 31.264683 8.735317
  28  112   63 18.611111 9.388889
  38  156   76 26.333333 11.666667
  34  152   56 25.416270 8.583730
  28  106   54 18.197619 9.802381
  37  152   69 25.925397 11.074603
  37  160   61 26.948810 10.051190
  26  106   52 17.853571 8.146429
  38  154   76 26.036905 11.963095
  46  220   53 37.188095 8.811905
  16   54   43 9.103571 6.896429
  23   76   67 12.545238 10.454762
  63  312   58 53.207540 9.792460
  14   38   49 6.128571 7.871429
  29  100   72 17.311905 11.688095
  58  290   61 48.752778 9.247222
  13   42   35 7.350000 5.650000
  25   76   72 12.952381 12.047619
  56  272   66 45.571825 10.428175
  19   58   56 10.008333 8.991667
  20   56   65 9.477381 10.522619
  65  332   55 56.130556 8.869444
  15   44   48 7.559524 7.440476
  20   60   56 10.597619 9.402381
  75  400   51 66.964683 8.035317
   5    6   27 0.930159 4.069841
  19   64   50 11.085714 7.914286
  77  412   48 69.390476 7.609524
   4    4   22 0.628571 3.371429
  14   42   48 6.934524 7.065476
  83  444   47 75.014286 7.985714
   3    2   17 0.342857 2.657143
  15   40   46 7.277381 7.722619
  84  460   47 76.688095 7.311905
   1    0    7 0.000000 1.000000
  18   58   48 10.105952 7.894048
  81  440   47 73.464683 7.535317
   1    0    7 0.000000 1.000000
  24   90   56 15.201587 8.798413
  76  398   56 66.768651 9.231349
  29  108   63 18.717316 10.282684
  71  366   63 61.099603 9.900397
  30  110   68 18.897619 11.102381
  70  354   68 58.836905 11.163095
  20   68   57 11.488095 8.511905
  80  418   57 70.669841 9.330159
  16   42   55 7.159524 8.840476
  84  448   55 74.971825 9.028175
  16   50   47 8.561905 7.438095
  84  456   47 76.315873 7.684127
  19   62   52 10.588095 8.411905
  81  434   52 72.696032 8.303968
  18   60   51 9.991667 8.008333
  82  438   51 73.499206 8.500794
  18   62   46 10.641667 7.358333
  82  446   46 74.733730 7.266270
  14   50   38 8.018254 5.981746
  86  474   38 79.605952 6.394048
   7   12   35 1.847619 5.152381
  93  518   35 86.929365 6.070635
   7   22   20 3.844048 3.155952
  93  538   20 89.788095 3.211905
   4   10   15 1.595238 2.404762
  96  560   15 93.544841 2.455159
   3    4   12 0.766667 2.233333
  97  572   12 95.026984 1.973016
   3    4   15 0.642857 2.357143
  97  566   15 94.371429 2.628571
   5   14   16 2.525000 2.475000
  95  554   16 92.413095 2.586905
   6   20   15 3.683333 2.316667
  94  550   15 91.584921 2.415079
   1    0    6 0.000000 1.000000
  99  588    6 97.948810 1.051190
   3    4   12 0.766667 2.233333
  97  572   12 95.096429 1.903571
   4   10   15 1.678571 2.321429
  96  560   15 93.586508 2.413492
   2    2   11 0.309524 1.690476
  98  576   11 96.140476 1.859524
   3    6   11 1.085714 1.914286
  97  572   11 95.338095 1.661905
   4   10   14 1.695238 2.304762
  96  562   14 93.746032 2.253968
   1    0    7 0.000000 1.000000
  99  586    7 97.948810 1.051190
 100  600    0 100.000000 0.000000
