   1    0    6 0.000000 1.000000
   2    2    7 0.450000 1.550000
   1    0    6 0.000000 1.000000
   1    0    5 0.000000 1.000000
   1    0    6 0.000000 1.000000
   2    2    9 0.366667 1.633333
   1    0    8 0.000000 1.000000
   2    2   12 0.291667 1.708333
   1    0    7 0.000000 1.000000
   1    0    9 0.000000 1.000000
   1    0    7 0.000000 1.000000
   2    2   11 0.309524 1.690476
   2    2    9 0.366667 1.633333
   2    2   10 0.333333 1.666667
   1    0    6 0.000000 1.000000
   1    0    9 0.000000 1.000000
   1    0    6 0.000000 1.000000
   3    6   13 0.952381 2.047619
   1    0    6 0.000000 1.000000
   6   20   13 3.804762 2.195238
   1    0    5 0.000000 1.000000
   2    2   10 0.333333 1.666667
   2    2   11 0.325000 1.675000
   1    0    9 0.000000 1.000000
   1    0    6 0.000000 1.000000
   2    2    9 0.392857 1.607143
   1    0    9 0.000000 1.000000
   1    0    6 0.000000 1.000000
   2    2   12 0.291667 1.708333
   3    6   10 1.133333 1.866667
  12   48   21 8.604762 3.395238
   4    8   13 1.566667 2.433333
   1    0    7 0.000000 1.000000
   1    0    7 0.000000 1.000000
   1    0    6 0.000000 1.000000
   3    6   11 1.085714 1.914286
   1    0    6 0.000000 1.000000
   2    2   10 0.342857 1.657143
   1    0    5 0.000000 1.000000
   1    0    7 0.000000 1.000000
   3    4   14 0.791667 2.208333
   1    0    7 0.000000 1.000000
   4   10   11 1.985714 2.014286
   1    0    6 0.000000 1.000000
   3    6   11 1.119048 1.880952
   2    2   10 0.333333 1.666667
   1    0    7 0.000000 1.000000
   2    2    9 0.366667 1.633333
   5   14   14 2.583333 2.416667
   2    2   10 0.333333 1.666667
   1    0    6 0.000000 1.000000
   3    6   11 1.250000 1.750000
   4   10   12 1.875000 2.125000
   3    4   12 0.766667 2.233333
   2    2    9 0.392857 1.607143
   1    0    8 0.000000 1.000000
   2    2   11 0.309524 1.690476
   4   10   12 1.828571 2.171429
   3    6   12 1.083333 1.916667
   3    6   11 1.066667 1.933333
   2    2   10 0.333333 1.666667
   1    0    6 0.000000 1.000000
   1    0    7 0.000000 1.000000
   3    6   13 0.983333 2.016667
   7   24   19 4.152381 2.847619
   2    2    8 0.400000 1.600000
   2    2   11 0.309524 1.690476
   1    0    6 0.000000 1.000000
   1    0    6 0.000000 1.000000
   4   10   13 1.733333 2.266667
   2    2    8 0.400000 1.600000
   1    0    7 0.000000 1.000000
   1    0    8 0.000000 1.000000
   1    0    6 0.000000 1.000000
  13   54   26 9.171429 3.828571
   2    2   11 0.309524 1.690476
   5   12   16 2.133333 2.866667
   1    0    6 0.000000 1.000000
   2    2   11 0.309524 1.690476
   2    2   10 0.342857 1.657143
   2    2   11 0.309524 1.690476
   4    8   16 1.371429 2.628571
   2    2    8 0.400000 1.600000
   1    0    7 0.000000 1.000000
   2    2    9 0.366667 1.633333
   3    6   14 0.935714 2.064286
   1    0    7 0.000000 1.000000
   1    0    6 0.000000 1.000000
   4   10   14 1.821429 2.178571
   4   10   16 1.696429 2.303571
   7   22   20 3.775000 3.225000
   1    0    6 0.000000 1.000000
   2    2   10 0.333333 1.666667
   3    6   12 1.019048 1.980952
   3    6   12 1.000000 2.000000
   1    0    5 0.000000 1.000000
   4    6   17 1.076190 2.923810
   4   10   15 1.595238 2.404762
   1    0    8 0.000000 1.000000
   4    8   13 1.642857 2.357143
  12   46   25 7.819048 4.180952
   2    2   13 0.267857 1.732143
   1    0    6 0.000000 1.000000
  15   60   29 10.242857 4.757143
   1    0    6 0.000000 1.000000
   2    2   10 0.342857 1.657143
   3    6   11 1.066667 1.933333
   2    0   14 0.000000 2.000000
   4    8   15 1.366667 2.633333
   3    4   12 0.733333 2.266667
   6   18   18 3.119048 2.880952
   3    4   11 0.800000 2.200000
   1    0    6 0.000000 1.000000
   5   10   19 1.892857 3.107143
   1    0    8 0.000000 1.000000
   1    0    7 0.000000 1.000000
   4   10   16 1.583333 2.416667
   5   10   20 1.695238 3.304762
   3    4   13 0.700000 2.300000
   1    0    6 0.000000 1.000000
   3    4   13 0.685714 2.314286
   4   10   16 1.560714 2.439286
   4   10   17 1.500000 2.500000
   2    2   10 0.333333 1.666667
   1    0    7 0.000000 1.000000
   1    0    5 0.000000 1.000000
   3    2   14 0.416667 2.583333
  13   50   28 8.544841 4.455159
  16   64   26 11.492857 4.507143
   1    0    7 0.000000 1.000000
   2    2   11 0.309524 1.690476
   1    0    6 0.000000 1.000000
   8   24   25 4.061905 3.938095
   7   20   19 3.621429 3.378571
   4    6   22 0.920635 3.079365
   2    2   10 0.333333 1.666667
   3    4   16 0.667857 2.332143
  12   44   26 7.839286 4.160714
   1    0    7 0.000000 1.000000
   3    6   12 1.019048 1.980952
  10   34   28 5.676190 4.323810
  11   42   21 7.672222 3.327778
   5   12   25 1.672619 3.327381
   1    0    6 0.000000 1.000000
   1    0    7 0.000000 1.000000
   1    0    6 0.000000 1.000000
   4    4   16 0.816667 3.183333
  11   34   27 6.055556 4.944444
  14   50   32 8.617857 5.382143
   1    0    6 0.000000 1.000000
   8   26   22 4.382143 3.617857
  11   44   20 7.796429 3.203571
   3    6   15 0.869048 2.130952
   2    2   12 0.291667 1.708333
   8   24   25 4.146429 3.853571
   9   24   30 4.098810 4.901190
   4    6   24 0.791667 3.208333
   9   32   20 5.571429 3.428571
   4    4   20 0.709524 3.290476
   1    0    7 0.000000 1.000000
   4    8   11 1.700000 2.300000
  18   72   39 12.018254 5.981746
  14   46   40 7.798810 6.201190
   5   14   15 2.597619 2.402381
   6   12   23 2.100000 3.900000
   6   18   19 2.961905 3.038095
   2    2    8 0.400000 1.600000
   2    2   10 0.333333 1.666667
  11   32   31 5.701190 5.298810
  14   50   35 8.126190 5.873810
   7   24   18 4.369048 2.630952
  15   64   24 11.044048 3.955952
   3    2   19 0.285714 2.714286
   3    4   16 0.667857 2.332143
  17   64   40 10.795022 6.204978
  13   32   47 5.409524 7.590476
   2    2   11 0.309524 1.690476
   2    0   11 0.000000 2.000000
   5   12   18 1.938095 3.061905
   1    0    6 0.000000 1.000000
   1    0    5 0.000000 1.000000
  18   64   40 11.133333 6.866667
  13   46   31 8.021429 4.978571
  13   56   21 9.771429 3.228571
   8   26   25 4.240476 3.759524
   8   20   26 3.635714 4.364286
   1    0    8 0.000000 1.000000
  18   60   43 10.615476 7.384524
  18   52   52 9.313095 8.686905
   1    0    5 0.000000 1.000000
   2    0   15 0.000000 2.000000
   1    0    7 0.000000 1.000000
   1    0    8 0.000000 1.000000
  23   92   45 15.725000 7.275000
   6   14   25 2.266667 3.733333
  11   36   35 5.760714 5.239286
  15   54   34 9.307937 5.692063
  12   32   39 5.674603 6.325397
   2    2    8 0.416667 1.583333
  20   78   41 13.380952 6.619048
   8   16   31 2.795238 5.204762
   1    0    7 0.000000 1.000000
   4   10   12 1.866667 2.133333
   1    0    7 0.000000 1.000000
   1    0    7 0.000000 1.000000
  23   98   37 16.838095 6.161905
   2    2   14 0.250000 1.750000
   6    8   28 1.385714 4.614286
   9   16   39 2.623810 6.376190
  19   72   42 12.395635 6.604365
  26  102   47 18.086905 7.913095
  13   42   35 7.286905 5.713095
   3    4   16 0.595238 2.404762
  23   94   47 15.906349 7.093651
   1    0    8 0.000000 1.000000
   5    8   21 1.416667 3.583333
   8   14   36 2.353571 5.646429
  16   50   45 8.720238 7.279762
  24  106   36 18.226190 5.773810
  20   70   49 12.130303 7.869697
   1    0    7 0.000000 1.000000
  25  102   51 17.701335 7.298665
   1    0    5 0.000000 1.000000
   9   24   27 4.285714 4.714286
  15   48   41 8.182143 6.817857
   9   24   34 3.955159 5.044841
  14   46   39 7.716667 6.283333
  22   80   51 13.646429 8.353571
  29  122   51 20.657143 8.342857
   2    2   11 0.309524 1.690476
   7   16   25 2.779762 4.220238
  22   88   43 15.275397 6.724603
   8   24   21 4.290476 3.709524
  10   30   31 5.110714 4.889286
  15   44   50 7.357143 7.642857
  37  154   65 26.278571 10.721429
   1    0    9 0.000000 1.000000
   4    4   21 0.694444 3.305556
  31  134   48 23.100000 7.900000
  12   42   29 7.235714 4.764286
   9   22   30 3.857143 5.142857
  13   42   40 6.971825 6.028175
  31  144   44 24.045238 6.954762
   7   20   21 3.557143 3.442857
  44  196   61 33.901190 10.098810
   6   16   23 2.535714 3.464286
   8   20   29 3.427381 4.572619
  11   32   34 5.503571 5.496429
  24   94   54 15.907540 8.092460
   5   10   21 1.650794 3.349206
  51  228   72 39.041667 11.958333
   5   14   17 2.285714 2.714286
   9   26   24 4.702381 4.297619
   4    6   24 0.785714 3.214286
  26   98   60 16.544444 9.455556
   4    8   18 1.326190 2.673810
  51  252   57 42.195635 8.804365
   4   10   14 1.661905 2.338095
   8   22   24 3.911905 4.088095
   4    6   16 1.126190 2.873810
  29  112   61 19.026190 9.973810
   3    4   14 0.652381 2.347619
  42  172   76 29.360714 12.639286
   9   30   24 5.127381 3.872619
   6   14   28 2.141667 3.858333
   2    2   10 0.342857 1.657143
  38  166   60 28.213095 9.786905
   3    4   17 0.577381 2.422619
  38  148   76 25.543651 12.456349
  18   76   31 13.016667 4.983333
   9   24   32 3.952381 5.047619
   1    0    8 0.000000 1.000000
  31  138   46 23.376190 7.623810
   3    4   14 0.652381 2.347619
  28  104   65 17.289286 10.710714
  24  110   33 18.740476 5.259524
  12   46   24 8.110714 3.889286
   3    6   13 1.035714 1.964286
  30  132   49 22.029762 7.970238
   5   14   17 2.350000 2.650000
  29  120   56 20.255952 8.744048
  17   70   30 12.178571 4.821429
  12   42   27 7.263095 4.736905
   2    2   10 0.342857 1.657143
  35  154   58 25.734524 9.265476
   3    4   13 0.742857 2.257143
  31  116   74 19.456746 11.543254
  18   70   34 12.177381 5.822619
  18   68   35 11.977381 6.022619
   2    2   13 0.277778 1.722222
  28  112   59 18.696429 9.303571
  38  172   58 29.019048 8.980952
  15   58   35 9.677381 5.322619
  20   86   35 14.796429 5.203571
  27   96   60 16.626190 10.373810
  41  196   54 32.711905 8.288095
  19   82   34 13.796429 5.203571
  22   94   36 16.298810 5.701190
  18   52   52 8.947619 9.052381
  39  180   55 30.182143 8.817857
  21   94   32 16.027381 4.972619
  20   80   42 13.553175 6.446825
  20   70   47 12.160714 7.839286
  40  178   62 29.804762 10.195238
  15   56   35 9.260714 5.739286
  21   82   42 14.123810 6.876190
  24   90   55 15.457937 8.542063
  46  214   65 35.869048 10.130952
  16   48   45 8.338095 7.661905
  14   48   37 8.102381 5.897619
  24  102   41 17.612302 6.387698
  36  158   60 26.175397 9.824603
  22   80   51 13.922619 8.077381
  18   64   41 10.950000 7.050000
  24  100   46 16.823810 7.176190
  26  108   49 18.192857 7.807143
  18   70   42 11.723810 6.276190
  22   90   41 15.311905 6.688095
  34  148   52 25.476190 8.523810
  33  136   63 22.978571 10.021429
  20   72   48 12.151190 7.848810
  16   58   43 9.407937 6.592063
  31  126   54 21.809524 9.190476
  35  128   72 22.359524 12.640476
  16   56   51 8.959524 7.040476
  11   22   44 3.749206 7.250794
  38  168   59 28.543254 9.456746
  32  122   65 20.947619 11.052381
  16   48   58 7.495238 8.504762
   6   14   24 2.261905 3.738095
  46  196   73 34.010714 11.989286
  42  184   59 32.141667 9.858333
  14   36   51 5.886905 8.113095
   8   20   31 3.353571 4.646429
  36  144   75 24.235714 11.764286
  36  164   58 27.413817 8.586183
  18   54   51 9.417857 8.582143
   4   10   13 1.900000 2.100000
  42  166   84 28.430952 13.569048
  24   98   46 16.509524 7.490476
  18   70   41 11.653571 6.346429
  12   46   22 8.166667 3.833333
  46  208   69 35.195238 10.804762
  23   98   44 16.082143 6.917857
  14   42   42 6.916667 7.083333
  10   36   24 6.325000 3.675000
  53  250   64 42.451190 10.548810
  20   82   42 13.628968 6.371032
  27  100   64 17.190873 9.809127
  11   34   32 5.864286 5.135714
  42  186   60 31.605952 10.394048
  24   98   49 16.282143 7.717857
  17   44   55 7.782143 9.217857
  20   80   40 13.795635 6.204365
  39  186   48 31.500397 7.499603
  19   68   45 11.454762 7.545238
   9   16   42 2.601190 6.398810
  21   82   39 14.389286 6.610714
  51  246   62 41.218254 9.781746
  18   72   45 11.697619 6.302381
   2    0   11 0.000000 2.000000
  27  114   40 19.805952 7.194048
  53  262   56 44.097619 8.902381
  14   52   34 8.598413 5.401587
   3    2   18 0.333333 2.666667
  42  198   49 33.847619 8.152381
  41  186   61 31.100000 9.900000
  12   40   36 6.485714 5.514286
  45  214   58 35.724603 9.275397
  43  186   66 31.850000 11.150000
  11   34   34 5.564286 5.435714
  54  260   62 44.000000 10.000000
  35  134   76 22.632143 12.367857
  14   46   39 7.769444 6.230556
  40  192   46 32.376190 7.623810
  46  206   71 34.880952 11.119048
  16   52   46 8.603571 7.396429
  35  148   63 25.007143 9.992857
  49  202   89 34.414286 14.585714
  19   68   42 11.721429 7.278571
  38  174   46 29.833333 8.166667
  43  190   80 30.956349 12.043651
  26  110   44 19.060714 6.939286
  30  124   56 20.819048 9.180952
  44  178   88 30.065476 13.934524
  31  134   48 22.867857 8.132143
  31  136   52 22.584524 8.415476
  38  148   82 24.930159 13.069841
  34  154   49 25.909524 8.090476
  29  124   48 21.115476 7.884524
  37  138   87 23.232143 13.767857
  28  118   52 19.504762 8.495238
  25  104   50 17.372619 7.627381
  47  184   92 31.786508 15.213492
  34  158   48 26.536905 7.463095
  22   84   48 14.165476 7.834524
  44  170   92 29.081746 14.918254
  36  160   57 27.069444 8.930556
  24   88   54 14.942857 9.057143
  40  158   83 26.623810 13.376190
  42  202   53 33.995238 8.004762
  21   70   58 11.787302 9.212698
  37  138   79 23.495238 13.504762
  41  198   52 33.128175 7.871825
  19   48   59 8.504762 10.495238
  40  162   81 27.067857 12.932143
  24   90   55 15.115079 8.884921
  30  104   72 18.088889 11.911111
  46  202   77 33.847619 12.152381
  28  110   54 18.728175 9.271825
  18   58   50 9.990476 8.009524
  54  256   72 42.604762 11.395238
  30  120   59 20.271429 9.728571
  16   54   42 9.419048 6.580952
  54  256   69 42.826984 11.173016
  35  142   67 24.067857 10.932143
   9   26   31 4.259921 4.740079
  56  264   70 44.602778 11.397222
  33  132   71 22.224206 10.775794
   9   20   31 3.534524 5.465476
  58  278   68 47.316667 10.683333
  33  122   76 20.826190 12.173810
  15   52   39 8.895238 6.104762
  52  246   65 41.483333 10.516667
  27   96   72 15.810317 11.189683
  24  100   39 17.164286 6.835714
  49  226   67 38.053571 10.946429
  21   60   71 9.810714 11.189286
  23   98   42 16.402381 6.597619
  56  244   85 41.634127 14.365873
  17   44   62 7.296825 9.703175
  18   68   46 11.185714 6.814286
  65  290   90 49.734524 15.265476
  16   46   54 7.746429 8.253571
  20   78   43 13.063095 6.936905
  64  300   79 50.882143 13.117857
  15   40   45 7.146429 7.853571
  19   70   47 11.792063 7.207937
  66  326   72 54.563095 11.436905
  29  112   65 18.932143 10.067857
  16   52   44 8.854762 7.145238
  55  252   75 42.750397 12.249603
  28  102   68 17.483730 10.516270
  11   26   49 4.066270 6.933730
  61  274   81 47.230952 13.769048
  22   78   58 13.213095 8.786905
   6   14   22 2.300000 3.700000
  72  370   58 62.453571 9.546429
  16   48   54 7.598413 8.401587
   6   18   19 3.033333 2.966667
  78  398   63 67.480952 10.519048
  23   82   57 13.719048 9.280952
   5   14   16 2.390476 2.609524
  72  370   61 61.940476 10.059524
  24   84   66 13.946429 10.053571
   7   22   18 3.785714 3.214286
  69  342   68 57.571429 11.428571
  27   96   63 16.488095 10.511905
   6   18   22 2.879365 3.120635
  67  344   57 57.977778 9.022222
  24   84   62 14.221429 9.778571
  10   38   25 6.427778 3.572222
  66  328   63 55.551840 10.448160
  17   48   56 8.289286 8.710714
  10   38   23 6.584127 3.415873
  73  368   67 62.051190 10.948810
  11   24   40 4.164286 6.835714
  11   38   30 6.323810 4.676190
  78  414   54 69.402778 8.597222
  12   36   36 6.301190 5.698810
   5   10   24 1.579365 3.420635
  83  438   56 73.407143 9.592857
  12   38   38 6.495238 5.504762
   3    4   15 0.711111 2.288889
  85  454   51 76.793254 8.206746
  17   58   46 9.710714 7.289286
   1    0    6 0.000000 1.000000
  82  440   50 73.931746 8.068254
  17   60   44 10.191667 6.808333
  83  452   44 75.971032 7.028968
  19   62   54 10.299206 8.700794
  81  430   54 71.682143 9.317857
  10   28   33 4.651190 5.348810
  90  506   33 84.630952 5.369048
   8   22   26 3.936508 4.063492
  92  526   26 87.781746 4.218254
   6   16   18 2.942857 3.057143
  94  548   18 91.324206 2.675794
   3    6   12 1.019048 1.980952
  97  570   12 95.082143 1.917857
   4   10   15 1.750794 2.249206
  96  560   15 93.500000 2.500000
 100  600    0 100.000000 0.000000
