   1    0    6 0.000000 1.000000
   1    0    8 0.000000 1.000000
   1    0    7 0.000000 1.000000
   1    0    6 0.000000 1.000000
   3    6   11 1.150000 1.850000
   2    2   12 0.291667 1.708333
   2    2   11 0.325000 1.675000
   1    0    6 0.000000 1.000000
   1    0    8 0.000000 1.000000
   1    0    8 0.000000 1.000000
   2    2   11 0.309524 1.690476
   1    0    7 0.000000 1.000000
   4    8   12 1.695238 2.304762
   1    0    7 0.000000 1.000000
   1    0    7 0.000000 1.000000
   1    0    6 0.000000 1.000000
   2    2    8 0.400000 1.600000
   1    0    8 0.000000 1.000000
   3    6    9 1.233333 1.766667
   2    2    8 0.400000 1.600000
   1    0    8 0.000000 1.000000
   6   18   13 3.438095 2.561905
   1    0    7 0.000000 1.000000
   2    2    8 0.416667 1.583333
   3    6   13 0.983333 2.016667
   4   10   12 1.800000 2.200000
   2    2   11 0.309524 1.690476
   1    0    6 0.000000 1.000000
   2    2   10 0.342857 1.657143
   9   34   16 6.261905 2.738095
   1    0    6 0.000000 1.000000
   1    0    7 0.000000 1.000000
   2    2   14 0.253968 1.746032
   1    0    7 0.000000 1.000000
   2    2   11 0.309524 1.690476
   2    2    9 0.366667 1.633333
   3    4   14 0.709524 2.290476
   3    6   12 1.019048 1.980952
   3    6   10 1.133333 1.866667
   1    0    8 0.000000 1.000000
   1    0    6 0.000000 1.000000
   2    2    9 0.366667 1.633333
   3    4   11 0.800000 2.200000
   5   14   14 2.504762 2.495238
   1    0    7 0.000000 1.000000
   1    0    7 0.000000 1.000000
   1    0    6 0.000000 1.000000
   1    0    7 0.000000 1.000000
   1    0    6 0.000000 1.000000
   1    0    6 0.000000 1.000000
   1    0    7 0.000000 1.000000
   3    6   13 0.983333 2.016667
   1    0    8 0.000000 1.000000
   3    6   11 1.119048 1.880952
   6   18   18 3.116667 2.883333
   1    0    7 0.000000 1.000000
   1    0    7 0.000000 1.000000
   1    0    7 0.000000 1.000000
   4   10   16 1.541667 2.458333
   4   10   13 1.814286 2.185714
   2    2   11 0.309524 1.690476
   4    8   13 1.500000 2.500000
   3    6   13 0.983333 2.016667
   4   10   13 1.785714 2.214286
   1    0    7 0.000000 1.000000
   7   20   17 3.821429 3.178571
   1    0    6 0.000000 1.000000
   1    0    7 0.000000 1.000000
   4   10   14 1.797619 2.202381
   3    6   12 1.000000 2.000000
   1    0    6 0.000000 1.000000
  14   56   22 10.126190 3.873810
   1    0    6 0.000000 1.000000
   1    0    7 0.000000 1.000000
   1    0    8 0.000000 1.000000
   1    0    9 0.000000 1.000000
   1    0    7 0.000000 1.000000
   3    4   16 0.625000 2.375000
   7   22   19 3.719048 3.280952
   2    2   10 0.333333 1.666667
   1    0    7 0.000000 1.000000
   7   20   18 3.616667 3.383333
   5   12   17 2.085714 2.914286
   1    0    7 0.000000 1.000000
   4    6   17 1.052381 2.947619
   5   14   19 2.178571 2.821429
   2    2   10 0.342857 1.657143
   6   20   16 3.533333 2.466667
   1    0    7 0.000000 1.000000
   2    2    9 0.366667 1.633333
   7   20   18 3.671429 3.328571
   2    2   11 0.309524 1.690476
   2    2   11 0.325000 1.675000
  15   62   22 11.066667 3.933333
   2    2   11 0.309524 1.690476
   1    0    8 0.000000 1.000000
   3    6   10 1.250000 1.750000
   6   14   20 2.457143 3.542857
   1    0    9 0.000000 1.000000
  23  100   40 16.823016 6.176984
   1    0    5 0.000000 1.000000
   2    2   13 0.277778 1.722222
  11   38   25 6.769048 4.230952
   1    0    8 0.000000 1.000000
   2    0   13 0.000000 2.000000
   1    0    6 0.000000 1.000000
  11   36   27 6.352381 4.647619
   7   18   25 3.014286 3.985714
   7   24   17 4.280952 2.719048
   1    0    8 0.000000 1.000000
   1    0    7 0.000000 1.000000
  10   30   27 5.502381 4.497619
   4    6   18 1.083333 2.916667
   4   10   16 1.734127 2.265873
   7   22   19 3.823810 3.176190
   3    6   12 1.019048 1.980952
   5   12   17 2.090476 2.909524
   2    2   14 0.250000 1.750000
   1    0    9 0.000000 1.000000
  28  120   44 20.684524 7.315476
   5    8   24 1.310714 3.689286
   3    6   10 1.166667 1.833333
   1    0    6 0.000000 1.000000
  15   54   35 9.189286 5.810714
   3    6   12 1.019048 1.980952
   6   14   23 2.508442 3.491558
   3    6   11 1.066667 1.933333
  14   56   31 9.357143 4.642857
  10   32   23 5.745238 4.254762
   4    8   20 1.154762 2.845238
   4    8   18 1.344048 2.655952
   4    8   17 1.333333 2.666667
   2    2    8 0.400000 1.600000
  25  104   42 18.082143 6.917857
   9   20   35 3.471429 5.528571
   1    0    7 0.000000 1.000000
  13   44   31 7.683333 5.316667
   1    0    6 0.000000 1.000000
   6   20   18 3.422619 2.577381
   1    0    5 0.000000 1.000000
  20   86   37 14.573810 5.426190
  11   28   39 4.767063 6.232937
   1    0    7 0.000000 1.000000
   1    0    7 0.000000 1.000000
   3    6   10 1.133333 1.866667
   2    2    9 0.366667 1.633333
  27  132   31 22.617460 4.382540
  12   28   42 5.045238 6.954762
   2    2   10 0.375000 1.625000
  19   80   31 13.816667 5.183333
   4   10   14 1.661905 2.338095
  13   52   29 8.748810 4.251190
  13   50   30 8.483333 4.516667
   2    2   11 0.325000 1.675000
   2    2   11 0.309524 1.690476
   4   10   15 1.755556 2.244444
  34  162   39 27.452381 6.547619
   9   18   34 3.090476 5.909524
  14   56   29 9.490476 4.509524
   6   16   19 2.835714 3.164286
  18   76   32 12.935714 5.064286
  18   70   35 12.219048 5.780952
   3    6   15 0.900000 2.100000
   2    2    8 0.400000 1.600000
   2    2   11 0.309524 1.690476
  27  116   44 19.751190 7.248810
  10   20   43 3.375000 6.625000
  11   38   30 6.302381 4.697619
   7   18   23 3.171429 3.828571
  14   54   35 8.813095 5.186905
  14   48   34 8.355952 5.644048
   6   20   14 3.707143 2.292857
   5   12   15 2.200000 2.800000
   9   30   22 5.316667 3.683333
  22   98   37 16.340873 5.659127
  12   26   46 4.454762 7.545238
  16   66   32 11.130952 4.869048
   5    8   20 1.466667 3.533333
   8   24   28 3.831746 4.168254
  20   76   43 12.816667 7.183333
   4    8   13 1.483333 2.516667
   1    0    6 0.000000 1.000000
   5   14   17 2.350000 2.650000
  28  124   44 21.126190 6.873810
  13   36   41 6.403571 6.596429
  10   34   30 5.376190 4.623810
   5    8   19 1.502381 3.497619
   7   14   31 2.197619 4.802381
  23   90   46 15.471429 7.528571
  10   36   22 6.471429 3.528571
   5   12   18 2.014286 2.985714
  35  162   46 27.873016 7.126984
   5    8   24 1.259524 3.740476
  10   34   26 6.039683 3.960317
   5   10   23 1.536508 3.463492
   7   16   27 2.633333 4.366667
  26  106   47 18.280952 7.719048
   5   12   18 1.990476 3.009524
   3    4   13 0.700000 2.300000
  36  158   58 26.789286 9.210714
   8   24   24 4.325000 3.675000
  17   68   34 11.740476 5.259524
   4   10   15 1.660714 2.339286
   4    6   20 0.869048 3.130952
  19   64   45 11.073810 7.926190
   6   18   19 3.007143 2.992857
   2    2   10 0.342857 1.657143
  41  184   62 30.922619 10.077381
   7   22   21 3.766667 3.233333
  19   74   40 12.713492 6.286508
   3    4   13 0.825000 2.175000
   2    0   14 0.000000 2.000000
  24   96   46 16.678571 7.321429
   7   24   15 4.366667 2.633333
  39  186   52 31.030159 7.969841
   6   18   18 2.971429 3.028571
  13   46   31 7.861905 5.138095
   2    2    9 0.366667 1.633333
  35  166   45 28.092460 6.907540
   9   22   28 4.080952 4.919048
  32  140   58 23.145238 8.854762
   9   30   23 5.023810 3.976190
  16   62   35 10.725000 5.275000
   1    0    8 0.000000 1.000000
  41  192   53 32.367857 8.632143
   4    6   20 0.955556 3.044444
  24   90   55 15.110714 8.889286
  14   52   27 9.119048 4.880952
  23   98   41 16.614286 6.385714
  36  164   55 27.380556 8.619444
   1    0    7 0.000000 1.000000
  18   68   40 11.636905 6.363095
  22   94   33 16.397619 5.602381
  21   90   39 15.074206 5.925794
  35  154   53 26.229762 8.770238
   1    0    8 0.000000 1.000000
  14   52   32 8.861905 5.138095
  29  126   46 21.688095 7.311905
  20   82   39 13.765476 6.234524
  41  178   63 30.183333 10.816667
   3    6   14 0.916667 2.083333
   9   24   33 3.823810 5.176190
  27  114   47 19.408730 7.591270
  17   58   43 9.700000 7.300000
  41  168   77 28.610714 12.389286
   2    2   10 0.342857 1.657143
  10   32   29 5.385714 4.614286
  30  120   61 20.320238 9.679762
  15   42   47 7.201190 7.798810
  41  180   76 29.856349 11.143651
   4    8   15 1.471429 2.528571
  11   36   31 6.166667 4.833333
  29  102   63 18.008333 10.991667
  14   44   38 7.826984 6.173016
  45  210   60 35.245238 9.754762
   3    4   17 0.597222 2.402778
   5   10   21 1.719048 3.280952
  33  140   56 23.748810 9.251190
  16   52   42 9.014286 6.985714
  49  226   65 38.464286 10.535714
   6   18   20 3.121429 2.878571
  29  118   59 19.646429 9.353571
  19   64   49 10.901984 8.098016
  41  190   62 31.597619 9.402381
  11   36   29 6.604762 4.395238
  29  102   68 17.616270 11.383730
  21   64   58 11.296825 9.703175
  39  170   67 28.508333 10.491667
  16   56   39 9.695238 6.304762
  24   84   62 14.082143 9.917857
  20   66   55 11.033333 8.966667
  43  192   65 32.579762 10.420238
  16   58   39 9.934524 6.065476
  21   64   61 11.033730 9.966270
  22   80   53 13.554762 8.445238
  32  138   53 23.364286 8.635714
  22   88   42 15.117857 6.882143
  24   96   50 16.291667 7.708333
  27  108   64 17.824603 9.175397
  43  190   57 33.010714 9.989286
  11   38   27 6.557143 4.442857
  19   62   54 10.311111 8.688889
  23   80   53 13.913095 9.086905
  42  200   54 33.725000 8.275000
  11   42   25 7.047619 3.952381
  24   94   52 15.679762 8.320238
  34  134   73 22.280952 11.719048
  31  126   63 20.928571 10.071429
  16   60   31 10.428571 5.571429
  19   68   45 11.603571 7.396429
  39  166   66 28.184524 10.815476
  35  148   59 25.438095 9.561905
  17   72   32 12.064286 4.935714
   9   24   33 3.804762 5.195238
  41  166   72 28.996429 12.003571
  23   80   61 13.053968 9.946032
  16   70   29 11.794048 4.205952
  20   80   42 13.694444 6.305556
  33  136   69 22.232540 10.767460
  21   76   48 12.895238 8.104762
  18   74   32 12.687302 5.312698
  28  114   51 19.318651 8.681349
  38  154   78 25.901984 12.098016
  18   62   45 10.874603 7.125397
  12   34   36 5.778571 6.221429
  32  128   63 21.663095 10.336905
  23   84   66 13.546032 9.453968
  21   80   46 13.673016 7.326984
   7   12   31 2.100000 4.900000
  49  214   67 37.265476 11.734524
  17   56   49 9.361905 7.638095
  21   78   47 13.409524 7.590476
   4    6   19 1.019048 2.980952
  58  272   73 46.046429 11.953571
  14   42   49 6.512698 7.487302
  24   90   56 15.480556 8.519444
   1    0    5 0.000000 1.000000
  61  284   74 48.715476 12.284524
  16   50   44 8.573810 7.426190
  30  120   60 20.556349 9.443651
   1    0    9 0.000000 1.000000
  53  240   77 40.416270 12.583730
   7   20   26 3.201190 3.798810
  21   68   58 11.545238 9.454762
   3    4   12 0.875000 2.125000
  69  334   78 56.476190 12.523810
   7   24   20 4.061905 2.938095
  26   98   57 16.826190 9.173810
   2    2   10 0.333333 1.666667
  65  318   71 53.641667 11.358333
   8   26   24 4.466667 3.533333
  21   68   55 11.732143 9.267857
   2    2    7 0.450000 1.550000
  69  346   72 57.819841 11.180159
   8   18   30 3.233333 4.766667
  19   46   67 8.090476 10.909524
  73  352   87 59.218254 13.781746
   9   24   29 4.364286 4.635714
  21   58   67 9.761905 11.238095
  70  340   82 57.175397 12.824603
  20   72   49 12.630952 7.369048
  17   50   48 9.134127 7.865873
  63  310   71 51.954365 11.045635
  26  106   48 18.311905 7.688095
  27  116   47 19.775000 7.225000
  47  208   75 34.890476 12.109524
  27  112   55 18.725397 8.274603
  16   44   54 7.424603 8.575397
  57  260   75 44.594048 12.405952
  23   86   57 14.034524 8.965476
  22   70   62 11.982143 10.017857
  55  248   77 42.512698 12.487302
  23   74   63 12.765476 10.234524
  25   90   63 15.300000 9.700000
  52  218   92 36.636905 15.363095
  21   80   49 13.480952 7.519048
  25   96   52 16.897619 8.102381
  54  232   91 39.308333 14.691667
  19   74   41 12.579762 6.420238
  28  106   61 17.939286 10.060714
  53  232   86 39.265873 13.734127
  24   92   49 15.685714 8.314286
  25   92   56 15.563095 9.436905
  51  224   87 37.558333 13.441667
  27  116   43 19.911905 7.088095
  21   86   40 14.660714 6.339286
  52  242   73 40.654365 11.345635
  24  108   34 18.719048 5.280952
  20   74   42 12.722619 7.277381
  56  268   74 44.769048 11.230952
  23   98   40 16.554762 6.445238
  20   82   41 13.873810 6.126190
  57  260   79 44.169048 12.830952
  19   70   45 11.844444 7.155556
  24   94   48 16.209524 7.790476
  57  256   87 42.861508 14.138492
  11   30   43 4.665476 6.334524
  21   80   48 13.519048 7.480952
  68  312   87 53.282143 14.717857
   9   20   34 3.414286 5.585714
  16   56   38 9.650000 6.350000
  75  382   70 63.997222 11.002778
  21   72   49 12.710714 8.289286
  11   32   31 5.719048 5.280952
  68  344   72 56.882143 11.117857
  24   84   55 14.578571 9.421429
  15   58   33 9.692857 5.307143
  61  304   66 50.503175 10.496825
  29  114   58 19.392460 9.607540
  14   48   34 8.271429 5.728571
  57  276   70 45.709524 11.290476
  17   54   52 8.771429 8.228571
  28  108   50 19.094048 8.905952
  55  256   80 42.940873 12.059127
   7   14   29 2.304762 4.695238
  40  184   56 31.485317 8.514683
  53  246   71 41.157143 11.842857
   9   16   33 3.008333 5.991667
  49  230   62 39.140873 9.859127
  42  184   75 30.762302 11.237698
  18   62   41 10.938095 7.061905
  43  212   52 35.288095 7.711905
  39  170   63 28.415476 10.584524
  17   54   45 9.536905 7.463095
  48  234   55 39.427778 8.572222
  35  150   62 24.957143 10.042857
  13   36   41 6.077381 6.922619
  42  188   64 31.422619 10.577381
  45  204   67 33.853968 11.146032
  13   32   45 5.745238 7.254762
  40  170   71 28.586905 11.413095
  47  218   64 37.015079 9.984921
  19   68   42 12.164286 6.835714
  40  176   64 29.882143 10.117857
  41  186   64 31.046429 9.953571
  17   62   39 10.997619 6.002381
  54  266   58 45.095238 8.904762
  29  120   55 20.128571 8.871429
  12   24   46 4.097619 7.902381
  64  324   59 54.566667 9.433333
  24   80   67 13.219841 10.780159
   6   16   22 2.803571 3.196429
  63  318   60 53.566270 9.433730
  31  118   66 20.283333 10.716667
   8   18   31 3.084524 4.915476
  71  366   57 61.979762 9.020238
  21   84   44 14.165476 6.834524
   6   14   22 2.323810 3.676190
  66  334   66 55.661508 10.338492
  28  110   54 18.773810 9.226190
  77  412   44 69.564683 7.435317
  23  100   44 16.439286 6.560714
  82  440   46 74.445238 7.554762
  18   68   46 11.079762 6.920238
  76  414   43 69.147222 6.852778
  24  100   43 17.057143 6.942857
  71  378   51 63.225000 7.775000
  29  120   51 20.445238 8.554762
  83  446   50 74.801190 8.198810
  17   54   50 8.850000 8.150000
  90  494   40 83.238095 6.761905
  10   26   40 4.095238 5.904762
  84  462   46 76.851190 7.148810
  16   46   46 8.161905 7.838095
  87  490   32 81.972619 5.027381
  13   46   32 7.858730 5.141270
  86  474   37 79.583333 6.416667
  14   52   37 8.505952 5.494048
  84  460   42 77.237302 6.762698
  16   56   42 9.813492 6.186508
  67  354   53 58.951984 8.048016
  33  140   53 24.171032 8.828968
  63  324   57 53.798016 9.201984
  37  162   57 27.717857 9.282143
  66  330   64 55.230952 10.769048
  34  142   64 23.741667 10.258333
  69  356   65 58.919444 10.080556
  31  114   65 20.045238 10.954762
  71  354   70 59.463492 11.536508
  29  106   70 18.129762 10.870238
  70  360   59 60.408333 9.591667
  30  122   59 20.519048 9.480952
  67  328   71 55.207143 11.792857
  33  130   71 21.826190 11.173810
  64  320   68 53.030556 10.969444
  36  144   68 24.766667 11.233333
  61  298   68 50.028175 10.971825
  39  166   68 28.180952 10.819048
  61  302   71 50.780952 10.219048
  39  156   71 26.951190 12.048810
  62  288   80 48.620238 13.379762
  38  152   80 25.368254 12.631746
  66  300   93 50.707937 15.292063
  34  114   93 19.057937 14.942063
  66  302   94 51.303571 14.696429
  34  110   94 18.741667 15.258333
  62  284   86 48.036905 13.963095
  38  144   86 24.763095 13.236905
  68  324   92 53.770635 14.229365
  32   92   92 16.067857 15.932143
  71  344   83 58.253391 12.746609
  29   90   83 15.336111 13.663889
  79  410   67 68.511508 10.488492
  21   56   67 9.573810 11.426190
  84  440   64 73.927381 10.072619
  16   32   64 5.490476 10.509524
  88  486   47 80.940873 7.059127
  12   20   47 3.876190 8.123810
  90  514   28 85.677381 4.322619
  10   30   28 5.398810 4.601190
  89  506   33 84.332937 4.667063
  11   28   33 5.158333 5.841667
  73  398   47 66.060317 6.939683
  27  108   47 19.007143 7.992857
  72  376   58 62.609127 9.390873
  28  108   58 18.402381 9.597619
  68  364   51 60.352381 7.647619
  32  134   51 23.382143 8.617857
  74  392   52 65.875794 8.124206
  26  104   52 17.742857 8.257143
  84  452   50 75.829762 8.170238
  16   48   50 8.191270 7.808730
  91  500   40 84.118651 6.881349
   9   20   40 3.071825 5.928175
  91  528   22 87.716667 3.283333
   9   28   22 5.052381 3.947619
  91  510   36 85.545238 5.454762
   9   18   36 3.059524 5.940476
  88  504   28 83.713095 4.286905
  12   40   28 7.254762 4.745238
  87  498   27 83.049206 3.950794
  13   48   27 8.467857 4.532143
  90  510   32 85.094048 4.905952
  10   26   32 4.761905 5.238095
  95  552   17 92.198810 2.801190
   5   14   17 2.400000 2.600000
  94  544   21 90.661905 3.338095
   6   14   21 2.471429 3.528571
  91  528   20 87.915079 3.084921
   9   32   20 5.578571 3.421429
  93  530   24 89.111905 3.888095
   7   22   24 3.676190 3.323810
  91  516   28 86.378571 4.621429
   9   28   28 4.826190 4.173810
  90  514   30 85.770635 4.229365
  10   26   30 4.721429 5.278571
  93  532   26 88.867857 4.132143
   7   16   26 2.676190 4.323810
  93  530   28 88.674206 4.325794
   7   14   28 2.447619 4.552381
  95  558   14 92.735714 2.264286
   5   14   14 2.533333 2.466667
 100  600    0 100.000000 0.000000
