168
184
180
194
154
174
174
176
184
186
202
172
176
232
182
164
206
200
176
182
210
170
188
216
174
198
200
178
190
200
194
184
178
194
184
186
192
190
178
174
182
166
180
186
202
212
208
180
194
208
198
188
168
194
164
198
156
160
210
150
154
174
178
164
202
182
170
168
190
188
168
180
192
162
166
186
172
194
210
204
172
152
180
198
180
198
202
170
172
180
164
176
176
176
182
180
192
202
184
218
196
172
162
176
174
190
184
188
178
202
184
200
192
190
188
202
188
182
198
184
168
180
192
170
198
178
176
194
196
184
202
186
178
200
198
190
194
172
186
186
176
204
210
194
200
182
166
170
218
162
180
170
182
202
170
194
178
182
166
186
194
166
174
188
174
182
176
212
180
192
154
174
170
176
172
176
180
160
218
176
214
204
170
174
206
168
158
218
192
198
200
184
200
184
184
190
150
172
178
194
166
206
178
178
218
216
186
182
214
190
224
194
182
176
174
172
180
196
198
198
174
210
198
162
162
180
192
184
190
190
196
176
194
188
194
204
188
184
166
178
174
190
202
164
178
156
204
168
200
168
180
196
166
198
168
186
182
166
186
184
160
198
212
190
212
170
184
168
182
200
160
158
176
202
192
180
218
162
178
150
208
170
188
190
178
168
186
190
194
196
190
176
202
190
184
196
176
150
162
170
184
196
192
184
178
194
184
170
188
194
218
178
198
190
172
190
182
170
172
164
178
160
180
190
188
192
182
182
182
172
178
174
188
194
196
196
174
182
198
212
154
198
204
166
190
170
178
182
146
190
192
186
210
168
196
162
184
206
184
162
178
196
190
170
180
184
188
188
186
206
182
214
198
188
210
178
160
188
202
170
172
186
168
184
198
182
204
182
192
190
198
210
186
174
200
180
194
198
188
182
182
166
178
196
150
156
154
206
174
196
182
176
162
188
200
154
206
186
154
168
188
170
198
152
206
178
176
172
166
190
190
206
196
176
212
184
176
182
162
204
160
190
190
194
184
198
214
188
182
198
166
166
190
194
186
194
184
206
186
180
152
186
196
182
168
228
186
156
178
172
164
184
168
188
202
196
184
186
180
200
204
192
158
192
224
188
170
182
182
196
160
168
170
168
196
182
194
192
192
168
168
194
166
156
170
210
178
144
196
192
174
198
190
216
186
176
162
204
158
166
206
210
164
198
182
184
196
168
194
198
160
164
188
200
210
202
182
180
188
166
190
190
176
198
184
180
176
182
166
176
184
204
188
160
154
196
208
212
168
178
178
208
196
194
206
184
194
186
180
180
190
172
170
172
190
190
212
186
180
186
196
166
188
166
178
180
204
172
196
200
182
206
182
162
202
200
188
182
174
208
178
202
182
188
162
180
164
176
200
172
192
182
182
154
148
202
198
198
170
200
170
182
178
162
204
192
164
164
164
174
182
166
188
204
190
198
186
186
204
178
162
198
184
196
170
188
180
198
184
184
170
202
178
170
210
172
158
196
190
212
188
190
202
204
162
178
188
200
208
214
188
194
184
180
204
172
194
166
184
146
190
166
182
200
204
164
160
190
164
176
174
180
186
192
174
212
206
172
190
164
208
192
172
176
172
172
206
218
174
196
182
204
174
172
176
174
152
182
178
184
186
190
172
162
176
170
184
186
192
202
194
190
178
182
196
186
172
172
186
190
182
178
184
174
178
198
168
166
190
158
166
194
190
198
208
204
182
206
168
186
158
212
184
190
168
186
200
200
178
202
192
220
168
192
196
172
178
184
166
170
204
172
162
194
164
194
212
202
198
178
184
180
202
200
194
210
180
200
200
180
196
198
204
170
184
178
186
192
200
202
186
178
198
192
200
176
182
180
144
172
176
188
206
172
168
200
178
196
176
164
170
164
212
208
184
158
188
192
208
180
174
188
160
198
218
184
198
202
184
216
176
166
196
192
152
180
182
200
162
176
178
190
182
186
176
204
176
194
176
202
164
196
198
192
204
178
192
164
198
174
200
176
172
154
188
166
198
184
182
198
180
190
214
210
196
198
178
164
192
156
186
178
172
178
202
172
186
188
210
180
176
188
166
176
200
188
160
190
194
206
178
176
168
172
194
184
188
186
168
190
214
218
184
182
182
206
202
218
210
206
194
180
174
182
188
162
186
180
158
184
190
186
178
200
206
178
216
192
184
190
176
196
174
164
154
190
188
180
158
166
188
188
186
206
192
214
184
180
216
176
190
192
178
146
166
180
208
140
222
172
202
176
168
176
184
198
176
202
208
186
218
180
188
166
162
208
204
170
188
178
186
202
184
180
192
212
156
180
178
196
186
180
194
214
200
180
172
194
192
176
202
224
170
198
172
192
178
174
196
168
