324
304
328
316
320
300
354
316
344
340
324
340
302
304
318
344
322
340
312
332
294
316
330
334
356
322
342
334
340
312
336
338
322
348
324
342
342
352
334
330
316
296
338
334
314
332
328
334
318
322
320
346
350
350
332
316
354
326
320
330
334
334
308
328
318
336
322
340
338
310
318
334
316
322
336
324
322
318
328
346
314
324
308
310
330
310
318
316
318
334
326
312
326
334
312
322
308
308
346
304
306
328
308
328
332
308
302
340
346
332
312
320
314
310
314
332
330
342
322
316
322
314
334
344
322
336
314
338
326
346
342
326
338
338
334
324
356
332
306
344
326
338
324
326
332
298
324
334
296
340
334
340
326
338
328
318
314
336
350
338
334
334
304
314
316
306
314
316
324
346
318
310
324
328
304
342
332
346
308
328
330
312
342
326
322
330
322
352
340
316
316
330
326
308
316
334
316
322
328
326
312
328
356
346
302
342
326
334
310
312
326
344
310
320
326
348
338
318
324
352
312
342
328
334
348
318
328
344
312
330
326
330
322
322
296
328
306
322
340
304
328
334
336
360
340
320
328
328
298
328
336
336
300
334
332
330
324
336
338
342
322
308
346
326
330
338
330
334
314
340
312
320
322
306
322
322
304
312
320
318
340
320
312
356
326
340
328
320
326
332
312
308
314
328
320
318
320
310
336
330
340
302
352
320
340
342
336
296
326
318
314
334
320
316
338
310
354
338
316
334
308
334
310
332
326
350
334
322
342
346
334
314
322
320
316
310
322
358
312
306
324
332
318
326
324
330
332
320
344
314
332
318
322
308
336
328
320
340
328
320
338
336
340
306
328
334
340
320
320
348
322
332
328
330
344
312
344
338
304
354
328
322
338
328
322
330
350
312
328
302
324
328
334
322
324
312
318
320
334
326
324
320
306
326
316
342
324
344
328
328
290
324
306
322
334
306
334
340
328
338
318
314
332
334
310
342
332
306
336
320
322
336
326
330
318
328
314
312
318
330
324
314
318
328
338
332
334
338
326
312
338
346
308
322
344
318
334
320
324
340
334
360
314
332
326
318
344
334
336
334
304
326
322
338
330
314
332
334
292
360
302
314
348
326
316
308
304
320
332
332
316
336
310
330
334
342
310
322
336
338
342
322
336
336
346
330
340
336
300
314
310
328
316
302
326
320
342
342
320
342
332
336
328
340
312
306
342
344
348
344
332
310
322
330
330
326
342
308
318
326
320
304
320
344
296
320
336
314
340
326
328
338
302
326
326
314
332
316
340
322
316
320
350
310
324
314
320
320
324
312
326
304
324
314
340
328
334
314
308
320
330
338
320
330
316
330
320
340
316
304
316
302
330
312
316
352
314
330
318
354
326
330
346
324
352
352
344
324
312
322
296
308
328
314
306
328
326
332
344
318
332
330
346
320
334
308
316
306
336
326
328
340
352
332
338
322
344
310
344
324
328
322
322
316
330
346
318
326
328
342
312
316
318
322
336
334
334
308
312
330
340
342
346
342
322
332
344
350
328
318
336
314
330
330
310
312
310
330
360
348
304
336
324
332
292
336
308
332
316
324
320
332
330
326
316
332
340
340
350
346
324
334
334
352
304
344
314
332
346
334
326
324
326
320
314
352
346
326
338
352
314
324
328
324
334
344
330
346
310
338
316
328
338
310
330
302
308
330
330
340
310
342
330
324
326
324
336
332
338
330
344
314
344
360
326
302
336
320
320
316
306
