542
544
532
536
542
532
540
538
536
544
532
534
536
538
542
544
530
532
540
536
544
546
536
536
530
526
536
540
538
542
534
538
544
544
534
538
544
536
544
548
542
536
546
542
532
530
536
536
534
526
546
540
548
524
542
540
536
536
542
536
538
528
542
550
536
538
538
538
548
540
530
536
542
542
542
540
544
536
548
540
532
530
548
534
534
536
542
546
538
534
542
542
538
540
536
542
538
540
530
534
546
542
538
544
534
532
530
534
538
542
548
538
524
528
538
542
534
538
532
532
538
532
540
536
540
540
542
538
540
534
542
536
532
536
536
544
548
536
532
540
542
534
538
530
542
544
534
538
536
536
534
534
536
540
538
530
534
534
548
542
548
540
538
548
536
544
550
540
534
538
534
538
534
530
540
540
538
544
540
534
544
530
538
536
532
536
540
540
528
536
536
536
534
538
540
546
540
540
548
534
540
554
538
542
536
534
530
536
540
536
538
544
532
550
534
534
534
538
534
532
530
540
542
544
536
542
542
540
532
536
544
546
538
536
530
536
542
540
534
534
544
540
544
536
538
544
540
544
542
538
542
538
538
548
536
540
528
540
540
532
542
532
550
544
530
544
540
536
536
534
538
544
536
542
530
542
534
538
530
536
530
546
542
532
544
544
536
542
538
534
528
546
530
542
548
540
526
544
538
536
538
542
548
528
538
542
542
532
530
542
534
542
528
546
546
542
548
532
540
536
538
532
542
540
528
538
530
534
540
548
542
538
526
544
540
542
542
532
534
548
534
534
546
532
538
544
536
542
536
550
544
538
536
544
538
534
536
540
530
536
538
542
538
536
544
536
544
536
546
542
544
550
548
534
532
546
532
534
538
540
542
540
548
542
546
530
546
544
546
534
542
546
534
548
546
540
542
532
534
538
542
544
532
538
542
538
544
544
536
534
536
544
544
538
534
542
526
544
548
548
536
530
542
528
536
538
532
540
540
544
542
540
540
544
540
546
536
544
542
538
538
526
544
534
544
548
526
542
534
550
546
538
542
546
542
540
544
544
550
542
546
540
534
548
544
534
540
544
550
536
536
532
542
536
536
542
538
544
536
540
528
550
538
528
528
526
538
538
552
548
540
542
530
530
542
542
542
536
534
538
534
