13.819048
16.571429
13.885714
13.344048
17.133333
17.076190
14.448810
13.875000
18.094048
12.311905
12.238095
14.828571
13.298810
14.478571
17.200000
13.295238
11.342857
16.926190
14.036905
13.578571
16.990476
15.623810
14.832143
13.896429
19.871429
14.077381
14.661905
14.561905
7.702381
13.635714
17.585714
12.319048
14.569048
14.928571
11.939286
18.850000
17.052381
16.684524
16.841667
13.828571
15.646429
14.671429
10.313095
14.746429
17.238095
13.171429
13.625000
11.919048
15.061905
14.780952
16.870238
18.136905
14.389286
12.530952
17.154762
11.976190
15.038095
12.059524
14.242857
16.920238
15.690476
16.647619
11.219048
15.646429
15.404762
17.558333
15.635714
14.795238
15.572619
12.150000
15.978571
13.766667
13.904762
12.942857
13.608333
12.315476
15.616667
8.657143
14.959524
12.295238
14.642857
16.447619
13.685714
11.495238
15.542857
14.534524
15.871429
16.319048
17.320238
18.282143
11.590476
13.695238
16.319048
11.622619
12.547619
15.967857
15.319048
15.497619
16.355952
13.252381
15.008333
14.252381
12.691667
14.588095
13.430952
15.838095
12.195238
14.514286
11.385714
18.627381
11.846429
12.441667
12.796429
13.728571
12.426190
14.242857
11.554762
11.683333
11.079762
12.575000
15.319048
13.633333
16.695238
16.046429
18.414286
16.628571
14.228571
17.719048
15.442857
17.633333
15.002381
18.114286
14.252381
15.609524
12.832143
14.639286
14.709524
12.113095
17.438095
14.100000
12.780952
15.319048
13.203571
18.302381
15.995238
13.345238
11.923810
17.742857
13.108333
14.604762
16.646429
12.609524
17.641667
11.957143
14.313095
15.584524
10.408333
11.870238
13.783333
10.295238
13.967857
11.385714
16.826190
15.455952
9.030952
16.885714
15.771429
13.059524
13.261905
10.680952
13.702381
16.142857
15.950000
11.769048
8.247619
13.957143
13.223810
14.869048
12.253571
13.735714
13.902381
13.742857
13.333333
12.847619
14.984524
11.321429
15.322619
11.552381
17.761905
12.033333
12.671429
14.647619
12.978571
16.523810
11.690476
15.227381
10.738095
13.071429
12.723810
13.839286
10.928571
15.707143
13.458333
14.759524
14.238095
14.634524
13.576190
11.419048
13.614286
14.688095
13.509524
14.776190
15.352381
15.321429
14.589286
14.057143
14.416667
16.266667
14.004762
14.838095
8.763095
10.492857
15.072619
12.919048
18.717857
15.934524
13.708333
12.259524
15.833333
17.371429
10.373810
15.235714
15.929762
12.039286
10.847619
13.996429
15.432143
16.067857
18.083333
13.379762
11.685714
18.295238
16.179762
14.557143
17.476190
15.527381
17.336905
13.839286
15.860714
16.016667
11.786905
14.671429
11.477381
13.130952
19.742857
12.801190
11.691667
12.589286
17.082143
12.095238
16.605952
17.276190
10.578571
14.028571
14.200000
14.092857
10.527381
10.371429
11.342857
16.266667
10.458333
17.691667
15.415476
13.740476
16.770238
17.891667
13.990476
18.566667
13.914286
11.347619
16.066667
10.880952
15.253571
17.652381
16.540476
17.709524
12.023810
13.936905
13.516667
12.389286
16.520238
13.266667
14.534524
10.742857
14.958333
12.060714
16.858333
10.119048
18.594048
16.540476
17.710714
15.223810
16.361905
11.833333
11.383333
17.283333
12.717857
14.009524
12.623810
11.650000
11.585714
14.526190
18.166667
15.708333
13.094048
14.666667
8.509524
12.703571
15.298810
14.216667
15.338095
13.380952
15.111905
18.333333
12.736905
12.797619
9.804762
11.247619
13.395238
11.680952
15.880952
14.789286
14.328571
11.595238
13.203571
15.533333
14.376190
16.608333
13.766667
14.052381
16.007143
16.057143
14.807143
11.825000
14.609524
10.380952
11.833333
14.350000
15.814286
16.045238
12.904762
15.819048
15.809524
16.200000
19.028571
14.842857
13.423810
13.532143
13.063095
10.180952
14.611905
16.284921
17.669048
13.080952
12.708333
14.607143
17.398810
15.741667
13.785714
16.352381
12.577778
14.289286
13.089286
17.236905
16.052381
14.600000
17.035714
7.790476
12.771429
18.161905
16.722619
15.264286
12.452381
18.428571
11.976190
13.657143
13.310714
14.430952
15.525000
15.434524
13.703571
11.833333
15.438095
11.152381
19.483333
9.735714
13.471429
16.527381
16.975000
14.380952
10.683333
15.535714
13.233333
13.191667
13.004762
15.214286
13.403571
12.182143
11.807143
15.304762
12.713095
14.753571
17.096429
14.714286
12.529762
15.978571
16.138095
15.422619
12.550000
14.082143
15.090476
13.128571
16.142857
14.373810
16.859524
18.816667
15.709524
13.864286
12.652381
16.092857
15.380952
13.447619
16.696429
14.050000
13.488095
15.726190
13.116667
14.244048
13.927778
16.801190
18.700000
11.819048
15.802381
14.941667
13.346429
14.930952
13.401190
9.604762
14.929762
13.062698
15.647619
14.020238
16.461905
14.204762
15.851190
16.380952
14.395238
9.733333
12.814286
13.891667
14.317857
18.220238
16.263095
15.776190
13.353571
15.985714
15.919048
13.548810
15.802381
16.263095
15.130952
13.173810
11.952381
11.900000
14.488889
16.314286
13.433333
13.609524
12.938095
11.865476
15.878571
17.821429
11.485714
14.357143
15.683333
15.904762
14.394048
10.826190
15.338095
15.323810
11.541667
16.090476
14.842857
16.091667
13.857143
13.900000
18.823810
13.935714
11.604762
13.369048
12.285714
12.480952
16.373810
13.982143
14.823810
17.729762
14.090476
13.207143
14.951190
13.377381
16.288095
10.804762
16.616667
13.738095
18.710714
13.595238
19.880952
18.071429
15.528571
10.530952
12.188095
12.610714
14.157143
16.402381
17.428571
14.802381
14.571429
14.714286
20.157143
11.971429
11.185714
13.954762
12.315476
13.757143
12.985714
16.428571
15.392857
14.488095
13.455952
14.114286
17.673810
11.061905
14.500000
13.638095
15.546429
13.819048
17.128571
9.680952
12.242857
9.660714
12.726190
13.223810
14.896429
17.147619
14.216667
11.397619
18.485714
12.646429
14.683333
12.300000
15.053571
16.752381
12.663095
11.992857
13.090476
13.320238
14.350000
12.304762
13.107143
17.021429
14.671429
15.154762
15.848810
13.332143
12.654762
17.607143
15.535714
11.965476
14.940476
15.247619
16.214286
14.555952
10.715476
17.828571
9.526190
12.072619
13.055952
11.440476
11.395238
16.423810
12.582540
16.204762
16.908333
10.683333
14.907143
19.883333
12.698810
17.595238
17.002381
16.916667
15.611905
14.864286
14.909524
13.150000
12.964286
13.915476
14.403571
13.801190
13.269841
16.630952
15.580952
13.173810
15.703571
16.407143
13.255952
13.538095
12.136905
10.223810
10.680952
14.435714
17.603571
14.966667
12.509524
14.033333
17.807143
8.760714
11.964286
14.814286
15.238095
16.388095
12.139286
15.427381
14.333333
14.352381
13.607143
14.969048
11.283333
17.166667
15.107143
16.819048
14.957143
11.064286
17.320238
13.667857
15.494048
15.625000
12.192857
14.719048
8.626190
11.796429
16.291667
15.838095
14.833333
16.476190
18.985714
14.573810
18.647619
16.064286
15.058333
11.038095
12.471429
13.547619
14.211905
14.213095
10.915476
15.630952
16.116667
8.029762
11.804762
10.846429
18.546429
13.203571
13.361111
11.472619
9.686905
10.442857
15.347619
13.385714
14.980952
10.476190
15.872619
15.376190
13.871429
15.619048
15.748810
11.989286
17.010714
18.309524
13.852381
15.345238
12.909524
14.233333
17.255952
13.954762
13.951190
15.219048
13.411905
14.028571
14.804762
16.021429
14.583333
15.342857
17.638095
12.925000
11.714286
14.504762
15.705952
16.302381
13.271429
16.142857
10.876190
15.033333
14.616667
9.873810
13.327381
15.589286
18.090476
11.766667
17.275000
12.433333
12.000000
13.876190
13.363095
16.627381
12.895238
16.440476
13.985714
13.285714
14.152381
12.842857
16.504762
13.176190
12.971429
14.653571
14.242857
14.900000
15.680952
12.215476
14.938095
16.532143
17.889286
14.475000
12.572619
9.836905
15.702381
16.053571
15.608333
12.101984
19.683333
15.708333
12.958333
17.107143
10.169048
15.013095
14.195238
12.847619
11.328571
14.285714
15.046429
11.195238
11.883333
13.490476
9.880952
11.342857
14.957143
15.080952
15.069048
18.767857
16.777381
14.919048
17.542857
19.826190
14.271429
14.310714
12.828571
14.182143
12.352381
12.361905
15.153571
11.066667
14.285714
13.309524
12.685714
14.552381
15.344048
14.295238
15.489286
17.323810
14.969048
18.009524
14.923810
16.736905
17.385714
14.425000
15.698810
14.095238
12.882143
13.928571
14.589286
13.713095
20.105952
13.592857
15.190476
14.544048
13.598810
17.171429
15.650000
11.061905
15.404762
17.361905
13.428571
15.547619
14.571429
15.417857
15.066667
13.885714
14.590476
9.527381
16.961905
12.282143
14.889286
12.876190
13.726190
18.328571
15.719048
13.104762
15.344048
15.070238
9.255952
15.750000
14.204762
15.317857
17.335714
14.733333
10.550000
12.409524
12.614286
12.864286
17.863095
13.023810
11.834524
14.977381
15.046429
16.476190
10.515476
13.778571
13.211905
9.955952
10.977381
14.414286
16.995238
15.357143
10.976190
12.990476
16.419048
14.077381
17.882143
11.566667
15.623810
13.186905
14.700000
16.222619
17.245238
13.566667
15.869048
12.157143
11.429762
15.671429
16.133333
16.585714
13.559524
10.875000
6.815476
17.580952
11.819048
15.182143
17.208333
14.726190
16.847619
15.108333
12.732143
13.609524
14.192857
11.463095
9.614286
10.542857
14.514286
13.238095
13.233333
16.270238
15.407143
13.723810
12.916667
13.576190
11.497619
15.161905
13.378571
16.359524
13.673810
15.184127
12.027381
16.714286
12.933333
13.590476
12.264286
12.679762
12.223810
14.098810
16.942857
12.225000
13.120238
12.147619
10.663095
14.347619
13.085714
14.823810
16.563095
13.389286
15.670238
16.069048
10.409524
15.471429
12.950000
10.619048
17.016667
11.363095
15.926190
18.635714
17.190476
10.961905
11.479762
11.727381
10.779762
12.733333
14.361905
15.285714
14.590476
14.457143
13.654762
18.676190
14.664286
16.380952
12.767857
9.561905
17.869048
12.572619
11.909524
10.761905
11.779762
13.333333
14.861905
14.001190
12.098810
14.933333
16.527381
16.634524
15.153571
16.672619
17.004762
12.047619
11.925000
15.021429
13.669048
12.433333
12.885714
13.053571
15.691667
12.871429
15.109524
15.380952
19.133333
13.078571
14.160714
11.776190
11.986905
17.473810
10.004762
12.865476
12.980952
17.963095
17.669048
16.242857
15.909524
10.357143
18.822619
16.290476
16.341667
15.300000
16.098810
13.110714
11.809524
13.823810
13.286905
12.755952
15.622619
13.255952
15.479762
14.415476
14.770238
15.978571
14.533333
11.647619
17.436905
15.184524
10.835714
11.011905
10.503571
16.207143
10.957143
16.371429
14.233333
19.438095
16.942857
14.027381
17.523810
16.247619
11.072619
13.052381
15.410714
13.923810
11.666667
16.535714
11.496429
15.152381
14.945238
9.780952
11.480952
13.304762
13.938095
15.036905
12.857143
11.661905
16.010714
17.433333
14.033333
14.050000
11.677778
14.014286
15.038095
11.940476
9.276190
12.487302
14.095238
12.057143
10.322619
17.747619
12.604762
14.652381
13.271429
15.398810
16.694048
16.197619
13.196429
12.750000
12.025000
11.828571
14.295238
13.339286
12.413095
12.257143
14.460714
14.809524
16.876190
12.195238
11.642857
12.366667
10.695238
17.536905
13.998810
13.969048
15.548810
12.105952
13.189286
15.465476
15.052381
18.405952
15.675000
9.861905
14.950000
13.250000
15.509524
13.328571
12.580952
13.642857
15.986905
13.673810
12.672619
9.315476
15.764286
14.090476
12.552381
13.780952
16.988095
10.238095
12.525000
15.221429
16.788095
13.352381
13.486905
10.139286
12.988095
18.448810
10.792857
13.838095
11.666667
10.279762
16.638095
9.702381
14.886905
14.561905
14.107143
11.657143
14.376190
19.146429
14.544048
15.959524
15.004762
15.578571
12.076190
11.571429
14.851190
13.690476
15.717857
11.796429
11.504762
16.366667
16.958333
18.904762
13.580952
13.070238
16.290476
11.728571
13.654762
14.341667
13.388095
13.800000
13.597619
14.391667
13.047619
14.997619
16.998810
12.791667
15.790476
14.373810
10.938095
12.035714
14.139286
12.247619
12.687302
12.852381
10.690476
11.511905
16.048810
17.354762
13.419048
10.104762
15.461905
11.960714
11.423810
17.433333
14.371429
13.073810
14.853571
14.950000
17.489286
13.045238
15.765476
13.707143
15.291667
18.432143
14.661905
15.528571
13.980952
12.617857
15.592857
14.403571
12.870238
16.783333
12.801190
16.219048
15.183333
15.121429
12.867857
17.934524
15.447619
16.292857
13.290476
14.719048
15.546429
11.592857
10.033333
10.146429
15.535714
14.814286
16.963095
11.440476
15.515476
14.848810
16.932143
12.913095
15.176190
19.361905
12.095238
15.722619
15.347619
16.848810
17.192857
13.376190
17.115476
15.347619
15.548810
14.389286
11.580952
13.847619
11.928571
16.419048
14.123810
11.880952
17.389286
14.007143
15.976190
12.438095
16.126190
11.366667
14.961905
12.603571
12.182143
10.804762
11.628571
13.748810
13.436905
13.226190
14.023810
17.759524
16.090476
15.219048
15.280952
13.233333
14.470238
13.728571
13.772619
13.328571
15.152381
15.808333
16.854762
12.705952
17.486905
12.085714
12.765476
13.328571
9.233333
12.752381
13.166667
16.971429
18.176190
13.664286
12.033333
14.400000
10.591667
12.232143
15.747619
12.857143
12.951190
14.578571
12.211905
13.914286
15.645238
12.375000
14.342857
13.517857
18.513095
11.795238
15.890476
16.833333
13.404762
16.515476
18.204762
15.970238
12.285714
11.703571
13.913095
17.313095
