14.744048
14.258333
16.623810
13.430952
15.079762
19.700000
15.621429
18.225794
10.998810
14.509524
14.371429
17.333333
13.620635
12.421429
17.400000
11.611905
18.095238
18.063095
15.161905
17.201190
9.652381
10.588095
14.073810
16.359524
10.616667
15.223810
8.385714
16.807143
15.909524
13.190476
13.859524
18.998810
16.814286
17.154762
14.688095
15.648810
16.771429
15.904762
12.240476
18.355952
15.742857
12.292857
16.147619
16.228571
14.685714
17.414286
19.700000
15.277381
15.383333
13.635714
18.352381
13.052381
13.192857
16.210714
15.441667
15.796429
15.372619
15.490476
14.729762
13.921429
14.967857
13.742857
17.228571
13.900000
18.073810
15.614286
8.014286
15.552381
15.985714
15.284524
16.066667
17.966667
16.158333
15.101190
20.885714
18.615476
12.907143
15.920238
15.091667
15.404762
14.895238
9.447619
14.553571
13.984524
13.200000
17.209524
12.385714
10.652381
14.507143
12.538095
17.097619
13.240476
14.277778
14.490476
15.771429
14.919048
16.844048
17.525000
12.392857
16.978571
15.367857
10.952381
14.609127
13.142857
16.854762
19.029365
18.850000
15.150000
14.802381
19.203571
18.100000
12.286905
16.986905
18.084524
17.571429
16.661905
18.226190
17.423810
18.709524
14.278571
11.423810
13.689286
16.266667
17.205952
11.577381
15.542857
14.320238
16.700000
10.585714
14.634524
15.546429
12.701190
11.415476
16.539286
13.234524
17.591667
17.380952
18.423810
18.029762
11.016667
16.790476
11.523810
13.638095
18.478571
16.360714
12.278571
18.371429
14.614286
13.291667
15.011905
17.690476
13.923810
9.847619
14.440476
16.619048
16.402381
17.190476
13.052381
10.590476
11.914286
13.228571
13.138095
14.420238
15.292857
10.244048
13.300000
12.708730
17.902381
10.823810
14.238095
14.251190
16.761905
14.239286
12.685714
16.907143
13.400000
13.815476
14.779762
9.823810
13.569048
11.747619
15.141667
14.069048
18.996429
13.972619
15.571429
12.608333
12.519048
11.395238
11.305952
12.176190
17.252381
15.385714
17.079762
16.416667
13.775000
19.061905
12.255952
12.742857
11.628571
16.520238
14.115476
13.746429
13.509524
15.947619
18.679762
16.414286
15.609524
17.451190
18.490476
14.747619
14.669048
16.490476
16.814286
18.347619
16.353571
15.907143
9.845238
12.800000
14.467857
12.977381
11.907143
17.504365
17.576190
18.229762
16.703571
16.011905
13.878571
16.869048
17.828571
18.452381
13.109524
15.988095
10.680952
15.170238
20.685714
11.219048
17.142857
13.583333
20.057143
15.300000
11.020238
12.494048
18.026190
22.140476
13.214286
15.741667
15.529762
15.280952
12.573810
16.182143
15.657143
16.807143
11.933333
13.467857
13.971429
14.547619
12.752381
14.771429
14.376190
12.634524
10.407143
14.246429
18.014286
19.790476
16.972619
16.914286
17.471429
16.969048
12.259524
16.816667
12.178571
12.291667
15.155952
15.086905
11.252381
10.266667
10.990476
12.720238
17.766667
11.467857
14.785714
12.976190
15.222619
19.969048
14.633333
19.014286
10.916667
12.692857
15.371429
11.047619
17.714286
20.472619
11.275000
14.042857
18.904762
13.547619
14.726190
8.866667
18.514286
13.469048
13.780952
13.890476
12.414286
16.247619
17.421429
20.276190
13.161905
17.877778
15.319048
13.204762
12.721429
15.680952
16.090476
13.358333
15.909524
15.071429
15.223810
13.759524
21.745238
14.917857
17.814286
14.504762
22.015476
12.109524
15.404762
12.306349
15.504762
10.095238
13.139286
11.361905
11.779762
20.966667
16.333333
16.190476
13.266667
15.998413
14.247619
12.376190
16.542857
14.939286
18.247619
14.404762
14.271429
16.195238
16.285714
11.861905
17.404762
10.990476
16.061905
14.842857
13.269048
9.535714
15.128571
14.967857
14.061905
15.523810
13.891667
13.954762
14.307143
15.961905
13.854762
10.504762
14.666667
14.267857
15.645238
12.038095
12.928571
11.627381
11.482143
17.996429
18.402381
13.720238
18.459524
12.892857
16.533333
13.360714
13.288095
15.176190
14.158333
18.291667
18.821429
16.526190
15.651190
17.192857
13.697619
15.479762
16.596429
17.250000
13.500000
15.422619
14.461905
19.145238
18.284524
15.578571
11.516667
17.044048
16.150000
12.016667
18.357143
11.417460
10.066667
11.123810
15.271429
16.419048
17.222619
11.966667
16.409524
12.545238
17.371429
15.655952
14.458333
15.515476
16.355952
19.015476
13.164286
14.916667
13.512698
15.235714
14.742857
14.771429
19.938095
19.452381
15.996429
12.807143
16.504762
15.409524
18.364286
11.063095
16.742857
13.141270
18.321429
13.664286
11.153571
13.179762
14.985714
14.902381
13.066667
14.909524
15.292857
13.104762
18.242857
12.608333
12.130952
9.580952
16.390476
16.552381
13.427381
18.557143
15.984524
15.925000
14.871429
16.871429
14.202381
14.211905
15.126190
17.196429
17.319048
13.647619
15.295238
19.485714
14.304762
18.657143
13.455952
16.925000
9.042857
19.257143
15.000000
15.514286
14.479762
13.733333
15.004762
14.800000
15.217857
11.415476
15.205952
16.502381
17.214286
10.566667
18.217857
10.695238
14.747619
17.427381
13.096429
13.533333
20.673810
15.938095
12.304762
12.733333
12.375000
15.241270
13.547619
12.595238
12.628571
14.244048
18.182143
13.919048
14.125000
16.476190
13.295238
17.386905
13.655952
10.714286
15.422619
17.102381
15.958333
14.785714
11.804762
17.383333
13.573810
16.350000
12.990476
11.990476
17.323810
14.285714
16.139286
12.476190
13.273810
15.145238
14.676190
13.566667
12.971429
13.392857
14.911905
14.215476
13.109524
12.335714
13.398810
11.489286
20.585714
16.571429
15.409524
11.565476
13.185714
15.340476
15.600000
11.580952
12.736905
13.040476
13.215476
15.485714
16.428571
14.729762
11.282143
12.147619
17.878571
17.976190
14.805952
14.571429
12.328571
17.809524
15.791667
10.929762
11.672619
16.334524
11.975000
16.495238
16.188095
14.116667
16.544048
13.519048
13.247619
15.689286
18.033333
15.628571
15.254762
17.380952
16.283333
12.747619
8.438095
15.138095
11.890476
16.369048
16.980952
14.172619
16.260714
13.014286
15.466667
13.126190
15.388095
17.271429
16.642857
15.355952
14.352381
12.770238
17.571429
10.871429
15.638095
14.666667
12.059524
12.895238
13.209524
16.726984
14.009524
12.446429
11.628571
16.669048
15.113095
18.354762
14.223810
16.769048
11.661905
15.023810
16.720238
13.910714
18.441667
12.076190
11.795238
16.204762
17.178571
13.945238
17.354762
15.142857
12.458333
12.264286
13.379762
17.621429
14.592857
19.361905
18.890476
11.278571
17.566667
19.019048
13.842857
15.626190
13.759524
16.233333
14.648810
13.209524
12.550000
14.495238
15.419048
12.734524
11.728571
14.690476
20.220238
17.528571
11.166667
13.778571
10.366667
10.766667
12.452381
19.376190
18.119048
15.666667
14.952381
12.833333
11.540476
16.558333
16.289286
15.632143
18.678571
10.478571
12.505952
17.342857
19.766667
15.948810
12.411905
19.147619
15.414286
13.723810
11.688095
11.505952
10.552381
12.630952
15.061905
15.779762
11.278571
13.961905
14.571429
11.786905
15.141667
14.891667
10.766667
13.690476
18.185714
17.471429
12.466667
12.944048
13.538095
14.580952
14.898413
11.000000
13.148810
13.363095
15.253571
16.304762
19.113095
14.639286
14.879762
15.447619
19.219048
16.190476
14.739286
13.466667
16.903571
16.515476
10.245238
12.654762
11.180952
9.023810
17.904762
9.250000
15.461905
13.614286
13.940476
13.002381
15.764286
14.700000
12.504762
16.100000
9.519048
15.228968
20.138095
15.564286
13.695238
16.333333
14.548810
19.316667
15.767857
16.911905
16.890476
16.644048
16.147619
14.788095
15.244444
16.940476
15.280952
14.082143
15.219048
16.133333
16.459524
14.920238
13.967857
16.200000
19.203571
15.885714
16.895238
18.895238
15.628571
11.794048
16.528571
16.567857
14.990476
17.752381
16.221429
12.215476
13.207143
12.288095
17.447619
12.821429
11.328571
11.957143
13.682143
14.990476
15.838095
16.152381
18.094048
12.867857
18.346429
17.392857
13.178571
18.923810
12.232143
15.695238
18.942857
14.223810
15.709524
15.009524
17.023810
15.138095
12.814286
18.255952
15.273810
14.263095
13.514286
13.476587
18.809524
12.028571
14.321429
15.880952
9.211905
12.216667
18.800000
16.554762
11.679762
17.673810
16.871429
14.740476
15.846429
14.060714
10.798810
14.865476
18.269048
15.540476
14.628571
13.890476
14.747619
14.975000
13.695238
20.350000
16.726190
17.428571
12.966667
15.033333
10.545238
15.677381
14.239286
14.920238
11.564286
15.753571
15.295238
16.946429
11.678571
11.919048
14.877381
11.971429
16.907143
12.761905
10.285714
15.409524
17.120238
11.963095
15.405952
12.459524
14.385714
15.623810
15.998810
16.750000
14.997619
16.538095
14.277381
15.098810
19.285714
15.957143
9.971429
18.107143
14.366667
9.485714
14.980952
14.686905
15.075000
17.811905
12.310714
14.338095
17.516667
16.171429
18.210714
17.054762
12.053571
14.276190
16.515476
14.432143
16.447619
15.384524
10.786905
16.647619
16.338095
17.344048
11.709524
15.990476
13.366667
14.054762
14.276190
11.809524
16.619048
15.214286
16.070238
11.666667
15.914286
19.830952
16.917857
15.967857
10.207143
12.041667
18.176190
13.386905
14.547619
16.288095
13.400000
12.928571
13.251190
16.035714
13.642857
18.004762
14.994048
16.014286
14.779762
13.090476
14.494048
11.514286
14.001190
17.888095
14.922619
13.409524
12.792857
14.263095
15.658333
18.991667
9.757143
10.927381
13.695238
15.416667
13.826190
17.619048
16.547619
12.733333
12.907143
17.986905
19.038095
17.023810
16.998810
18.619048
19.714286
19.647619
10.290476
11.171429
17.797619
18.758730
15.922619
18.948810
13.880952
14.563095
18.195238
13.842857
17.919048
13.247619
13.523810
17.115476
16.747619
15.560714
14.100000
12.102381
19.823810
18.883333
14.544048
12.284524
11.500000
12.742857
13.176190
17.151190
18.415079
12.616667
14.269048
15.128571
15.147619
9.454762
17.609524
16.620238
17.858333
17.859524
16.564286
14.061905
9.398810
10.583333
15.807143
13.209524
14.176190
15.223810
14.347619
10.316667
13.191667
13.983333
12.270238
18.780952
14.814286
15.795238
17.623810
13.423810
9.476190
19.320238
14.241667
12.852381
11.956349
20.028571
15.838095
14.895238
14.392857
17.409524
19.767857
13.575000
17.548810
15.283333
12.561905
13.480952
11.369048
11.957143
17.571429
18.075000
13.646429
14.686905
17.290476
14.952381
17.370238
16.430952
11.666667
14.533333
14.219048
18.176190
11.766667
15.970238
15.114286
11.680952
17.561905
18.071429
11.797619
13.566667
15.725000
13.709524
11.928571
13.790476
14.233333
15.477381
16.672619
14.310714
13.063095
12.747619
14.742857
16.528571
15.061905
14.767857
13.523810
14.845238
12.472619
8.979762
16.214286
19.602381
15.752381
17.466667
17.716667
12.554762
14.305952
14.835714
10.098810
16.560714
13.161905
13.447619
18.378571
18.147619
