9.661905
10.739286
8.329762
6.314286
10.447619
9.785714
7.835714
8.438095
10.245238
9.651190
7.169048
9.005952
9.173810
8.319048
6.785714
8.205952
7.515476
10.511905
9.391667
9.650000
9.719048
10.179762
8.602381
7.945238
10.423810
10.451190
6.544048
9.740476
10.729762
6.876190
9.002381
9.202381
9.971429
5.097619
8.226190
6.570238
10.678571
8.690476
7.269048
9.171429
12.733333
9.380952
9.123810
8.617857
9.704762
10.394048
10.834524
11.126190
7.602381
10.091667
8.023810
6.244048
8.408333
9.209524
7.190476
10.903571
10.197619
10.423810
8.665476
6.138095
8.500000
10.419048
11.133333
7.721429
10.048810
12.370238
9.138095
12.547619
11.803571
11.557143
10.777381
11.780952
11.125000
11.019048
10.739286
10.283333
9.750000
11.457143
9.061905
9.719048
8.704762
10.988095
9.933333
12.385714
9.228571
12.295238
8.616667
9.144841
9.188095
12.657937
9.647619
11.278571
7.794048
9.401190
7.790476
11.188095
9.542857
6.239286
9.216667
9.628571
8.866667
10.578571
8.934524
10.686905
8.704762
6.248810
7.859524
10.319048
8.917857
10.857143
8.980952
12.888095
7.625000
12.504762
10.197619
8.176190
10.775000
8.733333
10.789286
11.865476
10.900000
9.752381
7.371429
9.544048
10.858333
11.860714
11.094048
8.825000
10.642857
12.865476
9.557143
7.295238
7.276190
10.970238
9.869048
7.138095
8.760714
10.525000
9.347619
9.489286
8.138095
10.617857
8.859524
8.297619
9.358333
10.947619
9.584524
8.578571
10.605556
9.615476
8.407143
7.893254
13.478571
8.961905
9.470238
10.942857
7.485714
13.252381
7.279762
9.088095
10.055952
11.544048
9.284524
7.207143
12.780952
9.400000
12.059524
12.454762
7.641667
8.939286
6.961905
6.852381
9.833333
10.375000
10.203571
8.290476
9.141667
9.084524
11.145238
9.238095
8.596429
9.971429
8.003571
10.226190
12.736905
12.838095
10.721429
11.023810
9.904762
9.282143
8.461905
10.920238
11.117857
7.614286
9.442857
11.052381
10.530952
7.722619
9.717857
11.261905
8.026190
9.336905
11.301190
10.522222
10.113095
10.045238
11.970238
6.984524
7.746429
7.261905
8.490476
10.988095
10.951190
9.202381
10.171429
11.936905
7.502381
10.019048
11.611905
11.704762
7.957143
7.966667
8.947619
7.197619
8.640476
9.114286
8.819048
5.838095
12.263095
8.023810
10.696429
9.817857
8.451190
11.076190
12.063095
10.952381
10.554762
9.523810
8.094048
10.016667
8.815476
12.219048
9.828571
10.095238
13.136905
8.888095
11.746429
8.248810
12.902381
7.266667
10.444048
8.084524
8.826190
9.890476
9.414286
10.001190
10.777381
9.385714
9.159524
11.066667
8.704762
10.296429
8.220238
8.333333
9.840476
11.098810
11.414286
9.486905
10.661905
10.334524
10.142857
11.759524
9.038095
7.555952
11.275000
10.444048
10.684524
9.438095
10.033333
10.811905
8.973810
8.692857
8.500000
13.172619
9.745238
12.082143
10.166667
11.821429
11.738095
11.992857
10.747619
11.411905
13.538095
11.209524
9.147619
7.166667
5.394048
9.236905
6.742857
9.280952
10.765476
8.958333
7.950000
11.408333
8.185714
7.464286
10.120238
10.775000
10.603571
8.422619
7.701190
9.390476
9.414286
10.404762
14.292857
7.108333
11.709524
12.519048
7.897619
8.683333
9.873810
10.848810
10.651190
10.838095
6.085714
9.457143
7.888095
12.964286
8.028571
11.247619
8.309524
10.091667
9.082937
11.761905
10.386905
9.676190
6.861905
9.476190
8.150000
7.822619
7.371429
9.255952
10.348810
9.891667
7.320238
8.709524
10.757143
9.588095
8.896429
13.265476
12.267857
9.328571
8.138095
10.920238
8.777381
10.072619
9.005952
12.902381
12.126190
10.757143
7.633333
7.527381
11.397619
11.926190
8.061905
6.823810
8.880952
11.627381
12.188492
8.685714
8.661905
11.769048
6.833333
8.405952
10.634524
7.025000
9.252381
9.114286
8.090476
6.400000
9.042857
9.379762
10.016667
10.723810
11.280952
9.925000
9.809524
9.113095
10.311905
11.763095
9.529762
8.775000
9.503571
10.166667
10.888095
10.066667
7.791667
8.471429
7.848810
11.614286
11.825000
8.976190
6.515079
8.966667
10.029762
7.882540
10.405952
7.355952
9.552381
11.121429
7.692857
9.352381
9.904762
8.970238
8.273016
10.371429
7.619048
11.459524
6.855952
9.923810
10.357143
11.276190
9.648810
8.690476
10.828571
8.642857
7.471429
8.396429
6.109524
8.454762
12.323810
5.545238
11.708333
11.625000
10.361905
9.736905
11.309524
12.409524
12.175000
7.923810
10.633333
9.079762
6.463095
11.109524
10.654762
7.409524
9.270238
9.504762
7.639286
7.239286
7.929762
8.966667
8.357143
10.904762
10.673810
9.222619
8.945238
9.844048
10.151190
9.329762
9.734524
6.795238
9.423810
11.028571
12.469048
10.148810
10.257143
11.471429
7.404762
8.615476
9.028571
12.796429
7.744048
10.450000
9.534524
8.979762
10.076190
10.147619
9.678571
10.619048
7.897619
10.780952
10.150000
8.047619
12.553175
10.105952
10.184524
7.645238
9.415476
9.019048
10.205952
7.114286
9.966667
10.795238
11.251190
8.657143
7.528571
10.738095
9.273810
10.034524
10.257143
8.800000
10.090476
9.786905
10.691667
11.523810
7.766667
10.865476
7.233333
10.330952
11.416667
6.744048
10.333333
10.380952
11.571429
12.395238
10.536905
5.797619
10.115476
9.359524
9.429762
12.817857
10.216667
9.683333
5.791667
12.589286
9.039286
10.348810
8.902381
10.748810
7.970238
8.614286
6.776190
9.690476
13.066667
8.700000
7.773810
11.420238
10.869048
8.733333
7.082143
10.500000
9.815476
11.170238
9.752381
9.520238
8.467857
7.461905
9.530952
10.616667
10.675000
10.327381
12.129762
10.319048
11.332143
8.704762
10.344048
8.898810
10.488095
8.283333
9.019048
8.973810
8.390476
9.961905
8.067857
8.623810
7.746429
9.548810
8.657143
5.366667
8.469048
12.358333
6.419048
6.901190
11.464286
7.825000
8.698810
10.030952
10.109524
5.795238
11.486905
6.328571
9.052381
11.107143
8.992857
8.426190
9.041667
13.090476
10.814286
6.735714
8.304762
7.009524
11.514286
8.300000
9.148810
9.839286
11.052381
10.704762
11.897619
6.766667
10.567857
11.822619
9.967857
9.597619
8.633333
11.298810
11.650000
12.866667
11.815476
8.466667
7.190476
11.061905
5.457143
12.696429
11.834524
9.986905
8.076190
11.604762
10.704762
10.083333
10.553571
7.871429
9.002381
7.604762
12.376190
8.605159
9.600000
11.347619
8.188095
7.211905
12.152381
8.371429
11.182143
