4.730952
4.261905
4.338095
5.728571
4.728571
5.192857
4.709524
5.485714
5.628571
4.359524
4.094048
4.103571
3.257143
4.847619
4.096429
6.129762
5.985714
4.810714
5.296429
4.726190
6.371429
5.720238
3.800000
5.666667
3.877381
6.101587
5.101190
6.377381
6.666667
6.766667
5.614286
4.638095
4.909524
7.072619
3.064286
5.052381
4.344048
3.769048
5.425397
4.991667
5.240476
5.464286
4.682143
6.200000
4.450000
4.657143
3.644048
5.910714
5.042857
4.504762
5.586905
4.466667
6.285714
4.666667
6.184524
5.629762
3.773810
4.666667
3.223810
5.509524
5.028571
6.967857
4.358333
4.567857
6.038095
6.454762
6.083333
3.980952
4.080952
4.586905
3.819048
5.211905
4.659524
5.126190
7.192857
4.638095
6.380952
6.695238
4.333333
5.023810
5.128571
4.090476
5.723810
3.576190
5.425000
4.804762
6.286905
6.647619
7.871429
6.019048
7.447619
6.315476
4.170238
4.077381
4.965476
6.010714
4.785714
3.590476
7.546429
6.129762
4.476190
5.085714
6.395238
6.159524
6.875000
4.742857
5.615476
5.734524
5.790476
4.278571
6.236905
5.325000
5.571429
5.452381
6.742857
3.990476
6.223810
4.590476
5.492857
5.466667
5.204762
6.338095
6.353571
6.161905
3.804762
5.156349
4.939286
4.371429
3.928571
4.900000
5.204762
6.228571
5.204762
6.029762
6.727381
5.833333
5.271429
6.173016
5.023810
7.219048
5.509524
6.463095
4.047619
4.480952
7.826190
5.819048
5.158333
6.514286
4.533730
5.561905
4.233333
6.195238
7.382143
4.771429
4.904762
6.134524
4.948810
5.645238
4.210714
6.571429
5.177381
4.657143
5.784524
5.044048
5.923810
5.680952
5.892857
5.554762
4.828571
4.623810
6.630952
5.752381
5.086905
5.457143
5.235714
6.059524
3.904762
6.515476
3.885714
4.357143
6.776190
3.190476
2.809524
6.272619
5.723810
3.504762
5.051587
5.690476
6.457143
5.385714
6.138095
4.585714
5.045238
4.738095
5.785714
5.890476
5.703571
4.150000
4.527381
5.661905
5.871429
5.028571
6.360714
5.948810
5.121429
3.532143
7.500000
3.266667
5.109524
4.900000
4.165476
4.572619
6.333333
6.901190
4.419048
4.438095
4.371429
6.439286
5.985714
5.595238
7.009524
5.995238
5.958333
3.833333
4.940476
6.060714
4.992857
6.373810
4.923810
4.476190
4.004762
3.966667
6.442857
6.211905
5.028571
5.142857
5.498810
6.447619
5.197619
5.935714
5.142857
4.228571
4.394048
4.247619
4.966667
7.105952
6.378571
3.761905
4.133333
3.510714
5.633333
5.278571
3.783333
4.366667
6.277381
7.019048
5.076190
4.510714
3.720238
5.704762
3.954762
6.121429
5.686905
4.839286
5.019048
5.397619
6.084524
4.471429
5.566667
5.838095
6.557143
4.866667
4.097619
4.442857
5.186905
6.138095
6.426190
4.176190
3.790476
4.627381
6.680952
5.457143
4.733333
4.577381
5.591667
5.467857
5.376190
6.475397
5.730952
4.052381
5.600000
4.019048
6.152381
5.300000
5.604762
5.585714
4.665476
4.915476
6.877381
4.676190
6.241667
3.940476
6.702381
6.400000
7.328571
5.250000
3.023810
5.789286
4.696429
5.733333
4.680952
4.358333
6.390476
4.341667
6.428571
3.919048
4.819048
4.595238
4.228571
6.383333
4.158333
4.450000
6.476190
3.713095
5.298810
5.002778
4.136905
4.585714
5.000000
6.439286
3.795238
4.785714
4.971429
5.509524
6.139286
4.571429
4.526190
6.578571
5.096429
4.338095
4.204762
4.800000
6.688095
5.383730
5.294048
5.009524
7.529762
3.761905
5.788095
3.504762
4.412698
6.571429
4.504762
4.991667
4.646429
5.729762
6.979762
4.110714
5.928571
4.146429
4.419048
5.447619
5.228571
5.390476
4.938095
5.391667
7.115476
4.019048
4.539286
4.066667
4.015476
4.019048
5.807143
6.239286
5.595238
4.976190
5.135714
5.371429
5.404762
6.292857
3.442857
4.785714
3.588095
5.512698
4.740476
5.276190
6.195238
5.294048
4.921429
4.346429
4.009524
6.861905
6.558333
5.092857
5.466667
4.459524
4.615476
4.644048
5.030952
6.085714
5.780952
3.803175
4.938095
5.319048
4.790476
5.184524
6.316667
4.483333
4.705952
4.109524
5.173810
5.632937
4.366667
4.373810
6.225000
6.644048
4.823810
6.680952
5.423810
5.333333
3.938095
4.365476
5.271429
3.550000
5.623810
6.777381
5.690476
7.311905
3.766667
5.639286
6.652381
6.033333
5.758333
5.042857
6.752381
3.625000
3.750000
5.232540
5.376190
5.140476
6.035714
3.821429
5.938095
6.050000
5.309524
4.838095
3.904762
4.380952
6.215476
4.928571
5.863095
4.352381
5.265476
6.938095
3.623810
5.013095
5.076190
5.833333
6.795238
4.452381
3.942857
6.580952
6.039286
4.857143
7.071429
6.171429
4.470238
4.028571
4.503571
4.296429
4.186905
3.610714
5.980952
5.226190
6.073810
3.888095
6.798810
4.842857
6.045238
5.021429
4.451190
4.552381
5.804762
5.257143
4.103571
5.869048
6.770238
4.678571
5.508333
4.542857
5.871429
6.785714
5.009524
5.442857
4.690476
5.198810
6.004762
4.619048
3.638095
4.959524
4.352381
3.936905
6.025000
3.577381
6.619048
4.961905
7.752381
4.472619
4.800000
6.414286
6.619048
5.204762
5.052381
3.176190
5.236905
4.876190
4.852381
4.971429
5.850397
5.669048
6.157143
3.740476
4.891667
5.216667
5.842857
7.385714
5.171429
7.234524
7.233333
4.419048
5.767857
3.971429
6.290476
4.214286
6.926190
