   1    0    6 0.000000 1.000000
   2    2   11 0.309524 1.690476
   1    0    7 0.000000 1.000000
   2    2   11 0.325000 1.675000
   1    0    7 0.000000 1.000000
   6   18   17 3.100000 2.900000
   1    0    8 0.000000 1.000000
   3    0   19 0.000000 3.000000
   1    0    7 0.000000 1.000000
   1    0    6 0.000000 1.000000
   2    2   10 0.333333 1.666667
   1    0    5 0.000000 1.000000
   1    0    6 0.000000 1.000000
   3    4   11 0.800000 2.200000
   1    0    7 0.000000 1.000000
   1    0    6 0.000000 1.000000
   2    2   11 0.309524 1.690476
   2    2   11 0.309524 1.690476
   1    0    6 0.000000 1.000000
   1    0    6 0.000000 1.000000
   2    2    9 0.366667 1.633333
   1    0    7 0.000000 1.000000
   2    2   11 0.309524 1.690476
   2    2    9 0.366667 1.633333
   2    2   10 0.333333 1.666667
   1    0    6 0.000000 1.000000
   1    0    6 0.000000 1.000000
   3    4   12 0.733333 2.266667
   1    0    6 0.000000 1.000000
   1    0    6 0.000000 1.000000
   1    0    6 0.000000 1.000000
   1    0    7 0.000000 1.000000
   2    2    9 0.366667 1.633333
   1    0    8 0.000000 1.000000
   1    0    6 0.000000 1.000000
   1    0    7 0.000000 1.000000
   1    0    5 0.000000 1.000000
   1    0    6 0.000000 1.000000
   1    0    7 0.000000 1.000000
   1    0    6 0.000000 1.000000
   1    0    7 0.000000 1.000000
   6   12   23 2.100000 3.900000
   2    2    7 0.450000 1.550000
   1    0    5 0.000000 1.000000
   1    0    6 0.000000 1.000000
   1    0    6 0.000000 1.000000
   1    0    6 0.000000 1.000000
   4    8   15 1.385714 2.614286
   3    6   11 1.066667 1.933333
   1    0    6 0.000000 1.000000
   2    2    9 0.366667 1.633333
   2    2   11 0.309524 1.690476
   1    0    7 0.000000 1.000000
   2    2    8 0.400000 1.600000
   3    2   16 0.366667 2.633333
   1    0    7 0.000000 1.000000
   2    2   11 0.309524 1.690476
   2    2    9 0.366667 1.633333
   2    2    9 0.366667 1.633333
   1    0    6 0.000000 1.000000
   2    2    9 0.366667 1.633333
   1    0    5 0.000000 1.000000
   1    0    5 0.000000 1.000000
   1    0    6 0.000000 1.000000
  12   38   32 6.561905 5.438095
   4    2   21 0.366667 3.633333
   2    2    8 0.400000 1.600000
   2    2    9 0.366667 1.633333
   2    2    9 0.366667 1.633333
   1    0    7 0.000000 1.000000
   1    0    6 0.000000 1.000000
   1    0    6 0.000000 1.000000
   2    2   11 0.309524 1.690476
   2    2   10 0.333333 1.666667
   2    2    9 0.366667 1.633333
   6   18   19 2.990476 3.009524
   1    0    6 0.000000 1.000000
   1    0    7 0.000000 1.000000
   1    0    7 0.000000 1.000000
   4    6   19 0.952381 3.047619
   1    0    6 0.000000 1.000000
   1    0    7 0.000000 1.000000
   6   18   19 2.909524 3.090476
   1    0    5 0.000000 1.000000
   1    0    6 0.000000 1.000000
   1    0    7 0.000000 1.000000
   6   14   22 2.328571 3.671429
   8   20   28 3.366667 4.633333
   2    2   13 0.267857 1.732143
   1    0    6 0.000000 1.000000
   2    2    8 0.400000 1.600000
   2    2   10 0.342857 1.657143
   8   22   28 3.571429 4.428571
   1    0    7 0.000000 1.000000
   6   14   22 2.409524 3.590476
   4   10   13 1.850000 2.150000
   6   16   20 2.776190 3.223810
   3    6   12 1.019048 1.980952
   1    0    7 0.000000 1.000000
  12   42   30 7.023810 4.976190
   1    0    6 0.000000 1.000000
   6   10   24 1.785714 4.214286
   1    0    6 0.000000 1.000000
   5   12   16 2.200000 2.800000
   1    0    6 0.000000 1.000000
   2    2   11 0.309524 1.690476
   8   26   21 4.461905 3.538095
   1    0    5 0.000000 1.000000
   2    2   10 0.333333 1.666667
   3    6   12 1.000000 2.000000
   5   12   17 2.171429 2.828571
   1    0    7 0.000000 1.000000
   2    2   11 0.309524 1.690476
   1    0    6 0.000000 1.000000
   1    0    6 0.000000 1.000000
   3    4   14 0.666667 2.333333
   6   10   29 1.547619 4.452381
   2    2   10 0.333333 1.666667
   4    8   15 1.366667 2.633333
   3    4   14 0.666667 2.333333
   9   28   24 4.814286 4.185714
   9   32   24 5.322619 3.677381
   2    0   13 0.000000 2.000000
   1    0    7 0.000000 1.000000
   2    0   13 0.000000 2.000000
   2    2    8 0.400000 1.600000
   3    2   16 0.333333 2.666667
   1    0    7 0.000000 1.000000
   1    0    6 0.000000 1.000000
   1    0    6 0.000000 1.000000
   8   18   29 3.071429 4.928571
   2    2   11 0.309524 1.690476
  15   56   35 9.400000 5.600000
   2    2   12 0.291667 1.708333
   1    0    7 0.000000 1.000000
   8   20   29 3.389286 4.610714
   1    0    6 0.000000 1.000000
   1    0    7 0.000000 1.000000
   1    0    6 0.000000 1.000000
   6   18   18 3.000000 3.000000
  18   70   37 11.871429 6.128571
   7   16   24 2.910714 4.089286
   5    6   22 1.066667 3.933333
   3    2   16 0.342857 2.657143
   6   14   23 2.314286 3.685714
   5   14   13 2.633333 2.366667
   1    0    7 0.000000 1.000000
   1    0    6 0.000000 1.000000
   2    2   10 0.342857 1.657143
   1    0    7 0.000000 1.000000
   4    4   19 0.709524 3.290476
   8   14   29 2.633333 5.366667
   3    4   12 0.766667 2.233333
  19   54   62 8.897619 10.102381
   1    0    6 0.000000 1.000000
   1    0    7 0.000000 1.000000
   1    0    6 0.000000 1.000000
  29  134   40 22.527381 6.472619
   7   22   21 3.823810 3.176190
   7   14   28 2.452381 4.547619
   9   26   28 4.319048 4.680952
   4    8   18 1.238095 2.761905
   2    2   10 0.342857 1.657143
   3    4   13 0.726190 2.273810
   6   12   25 2.019048 3.980952
   4    4   19 0.733333 3.266667
   1    0    8 0.000000 1.000000
  20   64   60 10.472619 9.527381
   2    2   10 0.333333 1.666667
  34  142   64 23.626190 10.373810
  10   30   27 5.138095 4.861905
   7   14   26 2.466667 4.533333
   7   16   24 2.823810 4.176190
   5   10   18 1.833333 3.166667
   1    0    8 0.000000 1.000000
   8   20   27 3.476190 4.523810
   6   12   24 2.038095 3.961905
  16   38   57 6.466667 9.533333
   4   10   13 1.819048 2.180952
  33  138   63 22.802381 10.197619
  18   60   44 10.389286 7.610714
   8   16   35 2.576190 5.423810
   5   10   21 1.614286 3.385714
   1    0    6 0.000000 1.000000
   1    0    6 0.000000 1.000000
  10   22   42 3.476190 6.523810
   6   12   24 1.961905 4.038095
  24   70   69 12.257143 11.742857
   8   24   24 4.075000 3.925000
  26   84   74 13.990476 12.009524
  13   32   49 5.288095 7.711905
   9   22   29 3.885714 5.114286
   4    4   19 0.700000 3.300000
   6    6   32 0.976190 5.023810
   8   28   18 4.838095 3.161905
  26  102   53 17.285714 8.714286
  14   52   31 8.833333 5.166667
  26   76   81 12.634524 13.365476
   2    2   12 0.285714 1.714286
  13   50   28 8.380952 4.619048
   5   10   19 1.700000 3.300000
   3    0   20 0.000000 3.000000
   3    2   16 0.333333 2.666667
  18   60   50 10.113095 7.886905
  22   92   40 15.304762 6.695238
  40  146   91 24.876190 15.123810
   3    6   13 0.952381 2.047619
   6   14   22 2.400000 3.600000
   5   12   16 2.185714 2.814286
   4    4   22 0.595238 3.404762
   7   14   29 2.300000 4.700000
  14   34   49 5.709524 8.290476
  17   56   46 9.333333 7.666667
  50  188  111 31.503571 18.496429
   5   12   18 2.028571 2.971429
   2    2    9 0.366667 1.633333
   1    0    6 0.000000 1.000000
   6   12   25 1.928571 4.071429
  15   50   39 8.560714 6.439286
   8   14   35 2.269048 5.730952
  22   80   54 13.266667 8.733333
  43  152  103 25.465476 17.534524
   5    8   22 1.400000 3.600000
   1    0    6 0.000000 1.000000
   5   10   21 1.571429 3.428571
   3    0   19 0.000000 3.000000
   7   14   29 2.461905 4.538095
  31  118   71 19.709524 11.290476
  50  192  105 32.410714 17.589286
   4    6   15 1.200000 2.800000
   2    2   12 0.291667 1.708333
   5   10   20 1.719048 3.280952
   6   16   20 2.652381 3.347619
  27  100   60 17.002381 9.997619
  60  272   88 45.549206 14.450794
   4    6   18 1.019048 2.980952
   5   10   19 1.761905 3.238095
  23   92   48 15.080952 7.919048
  68  344   63 57.414286 10.585714
   3    6   12 1.000000 2.000000
  26   88   69 14.846429 11.153571
  71  356   69 59.417857 11.582143
   6    8   26 1.333333 4.666667
  24   72   74 11.838095 12.161905
  70  342   78 57.002381 12.997619
  11   22   44 3.828571 7.171429
  30   86   98 14.145238 15.854762
  59  250  100 41.780952 17.219048
  11   18   50 3.038095 7.961905
  31   88   98 14.885714 16.114286
  58  252   94 42.363095 15.636905
  12   22   47 3.780952 8.219048
  33  100  100 16.508333 16.491667
  55  226  105 37.595238 17.404762
  22   68   62 11.561905 10.438095
  26   70   85 12.042857 13.957143
  52  202  113 33.714286 18.285714
  31  114   71 19.114286 11.885714
  21   44   85 7.261905 13.738095
  48  172  114 28.995238 19.004762
  31  112   73 18.752381 12.247619
  20   34   86 5.771429 14.228571
  49  182  113 30.419048 18.580952
  38  160   69 26.910714 11.089286
  19   50   63 8.371429 10.628571
  43  178   80 29.910714 13.089286
  35  134   79 22.255952 12.744048
   7    8   34 1.319048 5.680952
  58  260   85 43.910714 14.089286
  38  124   97 21.326190 16.673810
  20   54   69 8.961905 11.038095
  42  156  100 26.032143 15.967857
  38  144   83 24.171429 13.828571
  15   32   56 5.561905 9.438095
  47  204   81 33.714286 13.285714
  45  188   83 31.395238 13.604762
   4    2   22 0.333333 3.666667
  51  210   95 35.123810 15.876190
  56  254   83 42.630952 13.369048
   8   16   31 2.680952 5.319048
  36  126   90 21.286905 14.713095
  48  200   96 32.754365 15.245635
  10   28   33 4.642857 5.357143
  42  136  107 23.209524 18.790476
  39  138   89 23.585714 15.414286
  15   48   44 8.095238 6.904762
  46  186   95 31.166667 14.833333
  42  156   94 26.251190 15.748810
   7   14   26 2.495238 4.504762
  51  208  102 34.642857 16.357143
  38  140   89 23.435714 14.564286
   9   30   26 5.008333 3.991667
  53  218   97 36.658333 16.341667
  41  148   97 24.932143 16.067857
   5    8   22 1.352381 3.647619
  54  226   99 37.836905 16.163095
  48  180  104 30.477381 17.522619
   2    2   10 0.333333 1.666667
  50  206   98 34.205952 15.794048
  54  240   84 40.147619 13.852381
   1    0    7 0.000000 1.000000
  45  192   77 32.242857 12.757143
  32  112   82 18.538095 13.461905
  68  324   82 54.361905 13.638095
  20   54   71 8.963095 11.036905
  80  404   71 67.892857 12.107143
  18   42   65 7.152381 10.847619
  82  428   65 71.463095 10.536905
  12   16   59 2.519048 9.480952
  88  466   59 77.903571 10.096429
  17   40   62 6.904762 10.095238
  83  436   62 72.608333 10.391667
  25   78   69 13.311905 11.688095
  75  384   69 63.600000 11.400000
  37  138   85 23.445238 13.554762
  63  292   85 48.857143 14.142857
  44  176   91 29.454762 14.545238
  56  242   91 40.765476 15.234524
  49  186  103 31.478571 17.521429
  51  208  103 34.603571 16.396429
  53  230   86 38.528571 14.471429
  47  198   86 32.909524 14.090476
  62  280   89 46.948810 15.051190
  38  142   89 23.584524 14.415476
  69  330   83 55.432143 13.567857
  31  104   83 17.382143 13.617857
  68  318   89 53.297619 14.702381
  32  104   89 17.489286 14.510714
  63  288   92 47.665476 15.334524
  37  128   92 21.357143 15.642857
  63  278   97 46.726190 16.273810
  37  128   97 21.441667 15.558333
  71  334   89 56.116667 14.883333
  29   88   89 14.661905 14.338095
  75  384   74 63.339286 11.660714
  25   68   74 11.848810 13.151190
  73  340   97 56.752381 16.247619
  27   66   97 11.200000 15.800000
  82  434   60 72.150000 9.850000
  18   46   60 7.742857 10.257143
  75  372   78 62.326190 12.673810
  25   72   78 12.397619 12.602381
  77  390   75 64.764286 12.235714
  23   60   75 10.155952 12.844048
  80  392   83 65.895238 14.104762
  20   42   83 6.809524 13.190476
  79  398   76 66.380952 12.619048
  21   50   76 8.442857 12.557143
  84  438   63 73.384524 10.615476
  16   36   63 6.025000 9.975000
  86  462   55 76.960714 9.039286
  14   28   55 5.020238 8.979762
  78  408   63 67.823810 10.176190
  22   66   63 11.348810 10.651190
  76  382   73 63.941667 12.058333
  24   72   73 12.114286 11.885714
  80  416   66 69.219048 10.780952
  20   52   66 8.904762 11.095238
  90  488   50 81.458333 8.541667
  10   12   50 1.904762 8.095238
  91  516   30 86.059524 4.940476
   9   24   30 3.925000 5.075000
  90  506   36 84.265476 5.734524
  10   22   36 3.953571 6.046429
  81  432   55 71.827381 9.172619
  19   58   55 9.909524 9.090476
  79  408   63 68.225000 10.775000
  21   66   63 10.930952 10.069048
  73  366   72 61.191667 11.808333
  27   90   72 15.197619 11.802381
  84  462   41 77.123810 6.876190
  16   56   41 9.219048 6.780952
  77  408   53 68.288095 8.711905
  23   86   53 14.366667 8.633333
  68  328   86 54.436905 13.563095
  32  100   86 17.195238 14.804762
  65  296   91 49.817857 15.182143
  35  122   91 20.242857 14.757143
  67  322   82 53.527381 13.472619
  33  114   82 19.095238 13.904762
  69  338   77 56.409524 12.590476
  31  108   77 17.977381 13.022619
  72  350   80 58.592857 13.407143
  28   90   80 14.876190 13.123810
  73  358   78 60.061905 12.938095
  27   86   78 14.372619 12.627381
  68  352   55 59.010714 8.989286
  32  138   55 23.230952 8.769048
  66  332   63 55.636905 10.363095
  34  142   63 23.778571 10.221429
  64  310   69 51.969048 12.030952
  36  152   69 25.042857 10.957143
  58  278   68 46.799206 11.200794
  42  186   68 30.891667 11.108333
  48  228   64 38.003571 9.996429
  52  244   64 41.109524 10.890476
  45  196   75 32.690476 12.309524
  55  254   75 42.464286 12.535714
  41  166   79 27.773810 13.226190
  59  276   79 46.105952 12.894048
  42  192   61 32.076190 9.923810
  58  286   61 47.923810 10.076190
  37  164   65 26.986905 10.013095
  63  306   65 51.619048 11.380952
  44  190   71 32.128571 11.871429
  56  268   71 44.685714 11.314286
  57  242   97 40.463095 16.536905
  43  164   97 27.119048 15.880952
  54  218  107 36.226190 17.773810
  46  168  107 28.425000 17.575000
  42  156   96 26.209524 15.790476
  58  252   96 42.266667 15.733333
  38  136   95 22.717857 15.282143
  62  274   95 45.994048 16.005952
  49  206   89 34.605952 14.394048
  51  216   89 35.971429 15.028571
  46  188   87 31.390476 14.609524
  54  238   87 39.592857 14.407143
  49  190  104 31.952381 17.047619
  51  202  104 33.857143 17.142857
  59  258   94 43.300000 15.700000
  41  154   94 25.800000 15.200000
  61  294   75 48.791667 12.208333
  39  156   75 26.376190 12.623810
  69  336   78 56.297619 12.702381
  31  108   78 18.004762 12.995238
  69  322   93 54.133333 14.866667
  31   92   93 15.702381 15.297619
  64  310   74 51.757143 12.242857
  36  142   74 23.659524 12.340476
  68  336   71 56.226190 11.773810
  32  122   71 20.552381 11.447619
  71  352   69 59.055952 11.944048
  29  110   69 17.980952 11.019048
  71  352   71 59.004762 11.995238
  29  106   71 17.782143 11.217857
  71  356   75 58.949603 12.050397
  29   94   75 16.046032 12.953968
  73  364   74 60.952381 12.047619
  27   88   74 14.660714 12.339286
  75  390   59 65.120238 9.879762
  25   92   59 15.350000 9.650000
  71  354   72 59.002381 11.997619
  29  102   72 17.107143 11.892857
  74  354   89 59.258333 14.741667
  26   68   89 11.363095 14.636905
  70  340   78 56.838095 13.161905
  30  104   78 17.276190 12.723810
  68  334   70 56.252381 11.747619
  32  126   70 20.861905 11.138095
  73  356   78 59.757143 13.242857
  27   88   78 14.479762 12.520238
  83  442   57 73.730952 9.269048
  17   44   57 7.455952 9.544048
  84  440   62 73.661905 10.338095
  16   36   62 5.938095 10.061905
  78  392   74 65.445238 12.554762
  22   60   74 9.885714 12.114286
  76  378   77 63.446429 12.553571
  24   68   77 11.295238 12.704762
  73  350   83 58.883333 14.116667
  27   84   83 13.804762 13.195238
  72  344   88 57.409524 14.590476
  28   80   88 13.602381 14.397619
  78  404   67 67.294048 10.705952
  22   62   67 10.771429 11.228571
  83  448   53 74.454762 8.545238
  17   46   53 8.057143 8.942857
  80  414   70 68.790476 11.209524
  20   46   70 7.838095 12.161905
  85  450   58 75.552381 9.447619
  15   34   58 5.697619 9.302381
  86  464   52 77.276190 8.723810
  14   32   52 5.414286 8.585714
  93  526   32 87.789286 5.210714
   7   10   32 1.695238 5.304762
  92  520   35 86.441667 5.558333
   8   10   35 1.809524 6.190476
  93  522   35 87.071429 5.928571
   7    8   35 1.361905 5.638095
  96  550   25 91.761905 4.238095
   4    0   25 0.000000 4.000000
  98  578   11 96.238095 1.761905
   2    0   11 0.000000 2.000000
 100  600    0 100.000000 0.000000
