   1    0    7 0.000000 1.000000
   2    2    9 0.366667 1.633333
   2    2   10 0.342857 1.657143
   1    0    5 0.000000 1.000000
   1    0    6 0.000000 1.000000
   1    0    5 0.000000 1.000000
   1    0    5 0.000000 1.000000
   2    2   10 0.333333 1.666667
   5   14   16 2.333333 2.666667
   3    6   10 1.133333 1.866667
   1    0    7 0.000000 1.000000
   2    2   11 0.309524 1.690476
   1    0    5 0.000000 1.000000
   2    2   11 0.309524 1.690476
   2    2   10 0.333333 1.666667
   1    0    6 0.000000 1.000000
   1    0    6 0.000000 1.000000
   4    8   15 1.442857 2.557143
   2    2   11 0.309524 1.690476
   5   10   19 1.700000 3.300000
   1    0    6 0.000000 1.000000
   1    0    7 0.000000 1.000000
   2    2    9 0.366667 1.633333
   1    0    7 0.000000 1.000000
   1    0    7 0.000000 1.000000
   1    0    6 0.000000 1.000000
   2    2   11 0.309524 1.690476
   4    8   16 1.333333 2.666667
   1    0    6 0.000000 1.000000
   1    0    6 0.000000 1.000000
   2    2    9 0.366667 1.633333
   1    0    7 0.000000 1.000000
   1    0    5 0.000000 1.000000
   2    2   11 0.309524 1.690476
   2    2    8 0.400000 1.600000
   3    4   13 0.700000 2.300000
   1    0    6 0.000000 1.000000
   1    0    7 0.000000 1.000000
   3    4   13 0.700000 2.300000
   1    0    6 0.000000 1.000000
   4    8   16 1.295238 2.704762
   4   10   14 1.708333 2.291667
   4    6   19 0.976190 3.023810
   1    0    6 0.000000 1.000000
   2    2   10 0.342857 1.657143
   2    2   10 0.333333 1.666667
   1    0    5 0.000000 1.000000
   1    0    7 0.000000 1.000000
   1    0    6 0.000000 1.000000
   3    4   14 0.666667 2.333333
   1    0    6 0.000000 1.000000
   1    0    7 0.000000 1.000000
   1    0    6 0.000000 1.000000
   1    0    7 0.000000 1.000000
   1    0    7 0.000000 1.000000
   2    2    9 0.366667 1.633333
   6   12   21 2.107143 3.892857
   1    0    6 0.000000 1.000000
   2    2    9 0.366667 1.633333
   2    2   12 0.285714 1.714286
   4    8   15 1.366667 2.633333
   9   26   30 4.176190 4.823810
   4   10   13 1.761905 2.238095
   2    2   10 0.342857 1.657143
  11   32   32 5.590476 5.409524
   1    0    6 0.000000 1.000000
   3    2   16 0.333333 2.666667
   4   10   13 1.761905 2.238095
   1    0    7 0.000000 1.000000
   3    4   16 0.667857 2.332143
   4    6   16 1.100000 2.900000
   7   16   26 2.738095 4.261905
   1    0    7 0.000000 1.000000
   1    0    5 0.000000 1.000000
   3    4   14 0.666667 2.333333
   2    2   12 0.285714 1.714286
   7   22   20 3.747619 3.252381
   2    2   11 0.309524 1.690476
   1    0    6 0.000000 1.000000
   8   16   29 2.819048 5.180952
   1    0    7 0.000000 1.000000
   1    0    8 0.000000 1.000000
   1    0    6 0.000000 1.000000
   2    2   11 0.309524 1.690476
   2    2   12 0.285714 1.714286
   2    2    9 0.366667 1.633333
   8   24   27 3.833333 4.166667
   2    2    9 0.366667 1.633333
   2    2   10 0.333333 1.666667
   1    0    7 0.000000 1.000000
   2    0   11 0.000000 2.000000
  11   30   34 5.223810 5.776190
  12   42   29 7.228571 4.771429
  15   48   40 8.134524 6.865476
   1    0    7 0.000000 1.000000
   2    2   10 0.333333 1.666667
   2    0   12 0.000000 2.000000
   1    0    6 0.000000 1.000000
   3    4   13 0.700000 2.300000
   1    0    5 0.000000 1.000000
   1    0    7 0.000000 1.000000
   4    8   16 1.409524 2.590476
   3    2   15 0.366667 2.633333
   1    0    7 0.000000 1.000000
   4    8   19 1.244048 2.755952
   2    2    9 0.366667 1.633333
  10   26   35 4.242857 5.757143
   5   12   20 1.953571 3.046429
   1    0    7 0.000000 1.000000
   1    0    5 0.000000 1.000000
   5    8   20 1.433333 3.566667
  12   40   32 6.815476 5.184524
   2    2    8 0.400000 1.600000
   1    0    6 0.000000 1.000000
  19   62   50 10.439286 8.560714
   8   22   28 3.580952 4.419048
  24   86   58 14.404762 9.595238
   1    0    7 0.000000 1.000000
   1    0    6 0.000000 1.000000
   3    6   11 1.085714 1.914286
   1    0    6 0.000000 1.000000
   1    0    6 0.000000 1.000000
   3    2   17 0.309524 2.690476
   7   16   30 2.452381 4.547619
   5   10   17 1.885714 3.114286
   8   16   33 2.642857 5.357143
   3    2   15 0.366667 2.633333
   1    0    6 0.000000 1.000000
  14   42   42 7.258333 6.741667
  22   86   46 14.471429 7.528571
   5   10   22 1.595238 3.404762
  31  128   57 21.514286 9.485714
   1    0    6 0.000000 1.000000
   2    2    9 0.366667 1.633333
   4    2   22 0.400000 3.600000
   6   10   24 1.828571 4.171429
   2    2   10 0.333333 1.666667
   8   18   29 3.090476 4.909524
   2    0   14 0.000000 2.000000
   3    4   15 0.642857 2.357143
  14   38   45 6.514286 7.485714
  18   58   50 9.930952 8.069048
   5    6   20 1.233333 3.766667
  32  114   80 18.833333 13.166667
   4    8   18 1.261905 2.738095
   4    8   14 1.485714 2.514286
   3    6   14 0.904762 2.095238
  10   22   38 3.722619 6.277381
   2    2    9 0.366667 1.633333
   5    6   24 0.976190 4.023810
   2    0   14 0.000000 2.000000
   1    0    6 0.000000 1.000000
  14   36   48 6.042857 7.957143
  25  106   47 17.666667 7.333333
   2    2   11 0.325000 1.675000
  28   92   73 15.657143 12.342857
   5   14   14 2.585714 2.414286
   2    2   10 0.342857 1.657143
   9   20   35 3.350000 5.650000
   1    0    7 0.000000 1.000000
  10   28   31 4.800000 5.200000
   4    2   22 0.333333 3.666667
  26   90   63 15.378571 10.621429
  39  164   69 27.433333 11.566667
   1    0    6 0.000000 1.000000
  17   44   57 7.401190 9.598810
   5   10   23 1.547619 3.452381
   4    2   23 0.309524 3.690476
   5   10   21 1.608333 3.391667
   3    4   14 0.676190 2.323810
  40  160   81 26.760714 13.239286
  38  152   77 25.428571 12.571429
   2    2   10 0.333333 1.666667
   8    6   42 1.033333 6.966667
   3    2   15 0.366667 2.633333
   6   10   26 1.709524 4.290476
   3    2   15 0.366667 2.633333
  38  148   80 24.780952 13.219048
  39  164   72 27.275000 11.725000
   2    2   10 0.342857 1.657143
   4    4   19 0.709524 3.290476
   2    0   12 0.000000 2.000000
  11   26   39 4.465476 6.534524
   4    6   18 1.085714 2.914286
  45  162  105 27.580952 17.419048
  33  128   71 21.238095 11.761905
   8   18   30 3.080952 4.919048
  12   22   52 3.647619 8.352381
   2    0   12 0.000000 2.000000
  42  152  107 25.133333 16.866667
  29   94   77 15.835714 13.164286
   9   14   37 2.466667 6.533333
  17   36   66 6.023810 10.976190
   3    6   11 1.085714 1.914286
  59  258   97 43.171429 15.828571
  21   58   68 9.821429 11.178571
   6   10   26 1.728571 4.271429
  13   34   43 5.766667 7.233333
   1    0    6 0.000000 1.000000
  68  316   87 52.979762 15.020238
  11   26   41 4.433333 6.566667
  11   30   37 4.966667 6.033333
   8   14   36 2.309524 5.690476
   2    2   11 0.309524 1.690476
  55  232  104 38.612698 16.387302
  18   54   49 9.435714 8.564286
  15   48   41 8.252381 6.747619
   8   14   33 2.467857 5.532143
   4   10   15 1.619048 2.380952
  55  226  104 37.840476 17.159524
  24   68   73 11.692857 12.307143
  13   34   45 5.695238 7.304762
   2    2   11 0.309524 1.690476
   6   12   25 1.980952 4.019048
  60  262   97 44.069048 15.930952
  23   68   72 11.590476 11.409524
  10   18   40 3.114286 6.885714
   7   26   17 4.523810 2.476190
  51  224   86 37.395238 13.604762
  38  150   74 25.372619 12.627381
   7   16   24 2.907143 4.092857
   4    8   18 1.261905 2.738095
  48  198   89 33.333333 14.666667
  41  156   91 26.063095 14.936905
   6   14   22 2.319048 3.680952
   5    8   22 1.328571 3.671429
  49  226   66 37.953571 11.046429
  49  222   75 36.871429 12.128571
   2    0   11 0.000000 2.000000
  56  264   65 44.666667 11.333333
  35  146   72 24.201190 10.798810
   9   28   25 4.738095 4.261905
  58  272   72 45.909524 12.090476
  24   66   84 10.652381 13.347619
  18   60   46 10.166667 7.833333
  59  276   78 46.042857 12.957143
  32  112   78 19.005952 12.994048
   9   24   32 4.042857 4.957143
  65  318   71 53.073810 11.926190
  28   92   76 15.338095 12.661905
   7   12   31 1.866667 5.133333
  76  372   81 62.371429 13.628571
  18   38   73 6.246429 11.753571
   6   12   24 2.000000 4.000000
  70  344   81 57.147619 12.852381
  20   56   60 9.748810 10.251190
  10   28   31 4.785714 5.214286
  77  388   72 64.948810 12.051190
  20   54   68 8.782143 11.217857
   3    2   16 0.342857 2.657143
  72  346   85 57.876190 14.123810
  26   74   85 12.423810 13.576190
   2    2    8 0.400000 1.600000
  59  266   87 44.678571 14.321429
  40  152   88 25.438095 14.561905
   1    0    7 0.000000 1.000000
  50  198  101 33.180952 16.819048
  50  200  101 33.608333 16.391667
  48  190   98 32.113095 15.886905
  52  214   98 36.169048 15.830952
  44  176   87 29.466667 14.533333
  56  250   87 41.815476 14.184524
  42  164   92 27.044048 14.955952
  58  252   92 42.400000 15.600000
  40  182   60 30.352381 9.647619
  60  298   60 50.027381 9.972619
  39  168   69 27.911905 11.088095
  61  294   69 49.464286 11.535714
  23   80   58 13.333333 9.666667
  77  404   58 67.238095 9.761905
  17   36   67 5.971429 11.028571
  83  430   67 71.902381 11.097619
  22   58   69 9.867857 12.132143
  78  404   69 66.842857 11.157143
  35  114  100 19.052381 15.947619
  65  286  100 47.990476 17.009524
  31   88   99 14.846429 16.153571
  69  314   99 52.414286 16.585714
  29   74  104 12.190476 16.809524
  71  318  104 53.561905 17.438095
  36  110  108 18.426190 17.573810
  64  274  108 46.023810 17.976190
  28   90   80 15.073810 12.926190
  72  350   80 58.722619 13.277381
  31  110   75 18.648810 12.351190
  69  340   75 56.657143 12.342857
  34  110   96 18.395238 15.604762
  66  298   96 50.176190 15.823810
  27   80   82 13.490476 13.509524
  73  356   82 59.655952 13.344048
  49  188  106 31.565476 17.434524
  51  200  106 33.407143 17.592857
  49  182  117 29.853571 19.146429
  51  184  117 31.279762 19.720238
  48  178  114 29.632143 18.367857
  52  194  114 32.848810 19.151190
  52  192  112 32.871429 19.128571
  48  184  112 30.435317 17.564683
  56  240   99 40.117857 15.882143
  44  162   99 27.264286 16.735714
  55  234   94 39.301190 15.698810
  45  178   94 29.719048 15.280952
  51  218   89 36.271429 14.728571
  49  204   89 34.265476 14.734524
  47  202   80 33.888095 13.111905
  53  238   80 39.859524 13.140476
  60  294   68 48.985714 11.014286
  40  170   68 28.588095 11.411905
  57  266   80 44.247619 12.752381
  43  174   80 29.375000 13.625000
  50  234   68 39.115476 10.884524
  50  230   68 38.551190 11.448810
  53  246   67 41.632143 11.367857
  47  220   67 36.110714 10.889286
  45  220   49 36.919048 8.080952
  55  282   49 47.100000 7.900000
  38  176   49 29.609524 8.390476
  62  326   49 54.167857 7.832143
  45  210   58 35.276190 9.723810
  55  274   58 45.626190 9.373810
  45  196   77 32.547619 12.452381
  55  250   77 41.971429 13.028571
  37  152   67 25.423810 11.576190
  63  314   67 52.069048 10.930952
  39  164   69 27.507143 11.492857
  61  298   69 49.663095 11.336905
  36  122   93 20.695238 15.304762
  64  292   93 48.717857 15.282143
  28   90   75 15.361905 12.638095
  72  360   75 59.815476 12.184524
  40  160   81 26.652381 13.347619
  60  278   81 46.423810 13.576190
  42  168   87 27.985714 14.014286
  58  258   87 43.401587 14.598413
  47  202   77 34.159524 12.840476
  53  244   77 40.732143 12.267857
  50  228   73 38.122619 11.877381
  50  226   73 37.771429 12.228571
  39  150   83 25.033333 13.966667
  61  284   83 47.273810 13.726190
  32  110   78 18.830952 13.169048
  68  334   78 55.378571 12.621429
  35  114   95 19.283333 15.716667
  65  296   95 49.280952 15.719048
  32   98   94 16.366667 15.633333
  68  314   94 52.510714 15.489286
  16   44   56 7.104762 8.895238
  84  444   56 74.346429 9.653571
   9   16   41 2.566667 6.433333
  91  502   41 84.176190 6.823810
  18   56   53 9.369048 8.630952
  82  438   53 72.980952 9.019048
  17   62   41 10.327381 6.672619
  83  456   41 76.098810 6.901190
  23   74   65 12.447619 10.552381
  77  396   65 66.192857 10.807143
  32  114   77 19.329762 12.670238
  68  332   77 55.295238 12.704762
  38  148   82 24.682143 13.317857
  62  288   82 48.123810 13.876190
  28   86   90 14.104762 13.895238
  72  334   90 56.597619 15.402381
  28   68  100 11.311905 16.688095
  72  332  100 55.328571 16.671429
  38  116  109 19.908333 18.091667
  62  266  109 44.166667 17.833333
  46  166  104 28.200000 17.800000
  54  226  104 37.167857 16.832143
  23   72   69 11.890476 11.109524
  77  390   69 65.476190 11.523810
  29  110   64 18.478571 10.521429
  71  362   64 60.576190 10.423810
  31  108   75 18.552381 12.447619
  69  342   75 57.107143 11.892857
  33  110   86 18.671429 14.328571
  67  318   86 53.010714 13.989286
  30  104   82 17.095238 12.904762
  70  332   82 55.892857 14.107143
  22   72   58 12.195238 9.804762
  78  412   58 68.527381 9.472619
  34  144   59 24.216667 9.783333
  66  338   59 56.340476 9.659524
  33  128   67 21.495238 11.504762
  67  338   67 56.222619 10.777381
  41  172   74 28.784524 12.215476
  59  280   74 46.848810 12.151190
  46  184   93 30.441667 15.558333
  54  230   93 38.326190 15.673810
  34  144   63 23.907143 10.092857
  66  330   63 55.551190 10.448810
  34  138   64 22.982143 11.017857
  66  334   64 55.600000 10.400000
  32  116   74 19.452381 12.547619
  68  336   74 56.069048 11.930952
  36  150   72 24.875000 11.125000
  64  306   72 51.357143 12.642857
  39  146   89 24.408333 14.591667
  61  276   89 46.295238 14.704762
  43  176   82 29.609524 13.390476
  57  260   82 43.457143 13.542857
  53  236   83 39.389286 13.610714
  47  198   83 33.063095 13.936905
  57  274   69 45.651190 11.348810
  43  188   69 31.459524 11.540476
  50  206   90 34.847619 15.152381
  50  214   90 35.685714 14.314286
  53  236   84 39.185714 13.814286
  47  196   84 32.925000 14.075000
  53  228   88 38.528571 14.471429
  47  196   88 32.717857 14.282143
  61  286   80 47.753571 13.246429
  39  154   80 25.780952 13.219048
  68  334   75 55.664286 12.335714
  32  116   75 19.294048 12.705952
  68  336   69 56.439286 11.560714
  32  126   69 20.691667 11.308333
  56  254   82 42.558333 13.441667
  44  182   82 30.589286 13.410714
  60  288   73 48.072619 11.927381
  40  166   73 27.980952 12.019048
  56  268   68 44.713095 11.286905
  44  196   68 32.704762 11.295238
  53  238   80 39.719048 13.280952
  47  202   80 33.830952 13.169048
  47  208   75 34.495238 12.504762
  53  242   75 40.354762 12.645238
  55  246   83 41.153571 13.846429
  45  188   83 31.519048 13.480952
  55  264   67 43.952381 11.047619
  45  202   67 33.888095 11.111905
  51  220   85 36.915476 14.084524
  49  210   85 34.965476 14.034524
  55  242   83 40.821429 14.178571
  45  192   83 31.695238 13.304762
  61  296   68 49.352381 11.647619
  39  168   68 28.119048 10.880952
  59  298   56 49.630952 9.369048
  41  190   56 31.638095 9.361905
  61  306   58 51.304762 9.695238
  39  178   58 29.847619 9.152381
  68  336   70 56.255952 11.744048
  32  124   70 20.438095 11.561905
  77  396   67 66.129762 10.870238
  23   70   67 11.876190 11.123810
  71  344   78 57.914286 13.085714
  29  100   78 16.652381 12.347619
  73  346   92 57.867857 15.132143
  27   70   92 11.865476 15.134524
  57  258   84 43.244048 13.755952
  43  174   84 29.482143 13.517857
  64  300   84 50.303571 13.696429
  36  132   84 22.290476 13.709524
  62  278   91 46.739286 15.260714
  38  140   91 23.285714 14.714286
  74  370   70 62.301190 11.698810
  26   90   70 14.858333 11.141667
  71  350   79 58.213095 12.786905
  29   92   79 15.733333 13.266667
  64  304   77 50.800000 13.200000
  36  142   77 23.664286 12.335714
  65  324   65 54.094048 10.905952
  35  146   65 24.239286 10.760714
  67  320   80 53.621429 13.378571
  33  120   80 19.995238 13.004762
  66  326   72 54.276190 11.723810
  34  130   72 21.790476 12.209524
  63  292   83 48.876190 14.123810
  37  142   83 23.447619 13.552381
  42  174   85 28.671429 13.328571
  58  256   85 43.308333 14.691667
  43  158   96 27.030952 15.969048
  57  250   96 41.589286 15.410714
  37  134   91 22.372619 14.627381
  63  284   91 47.635714 15.364286
  31   84  101 14.214286 16.785714
  69  314  101 52.434524 16.565476
  31   96   94 15.930952 15.069048
  69  316   94 53.117857 15.882143
  32  124   70 20.633333 11.366667
  68  336   70 56.196429 11.803571
  32  140   57 23.190476 8.809524
  68  346   57 58.282143 9.717857
  36  156   62 25.819048 10.180952
  64  320   62 53.498810 10.501190
  36  136   76 23.048810 12.951190
  64  312   76 51.715079 12.284921
  35  120   95 19.664286 15.335714
  65  290   95 49.113095 15.886905
  45  178   94 29.536905 15.463095
  55  234   94 39.273810 15.726190
  40  146   96 24.334524 15.665476
  60  262   96 43.985714 16.014286
  45  184   85 30.828571 14.171429
  55  246   85 41.046429 13.953571
  47  190   92 31.867857 15.132143
  53  226   92 37.883333 15.116667
  54  228   98 37.900000 16.100000
  46  176   98 29.422619 16.577381
  55  236   87 39.860714 15.139286
  45  190   87 31.297619 13.702381
  49  216   83 35.623810 13.376190
  51  218   83 36.757143 14.242857
  49  212   80 35.697619 13.302381
  51  228   80 38.021429 12.978571
  49  206   84 34.926190 14.073810
  51  226   84 37.714286 13.285714
  57  256   87 42.688095 14.311905
  43  170   87 28.598810 14.401190
  64  278  102 46.810714 17.189286
  36  118  102 19.921429 16.078571
  58  218  123 36.790476 21.209524
  42  136  123 22.278571 19.721429
  65  292   98 49.040476 15.959524
  35  112   98 18.786905 16.213095
  75  360   89 60.225000 14.775000
  25   62   89 10.266667 14.733333
  74  360   83 60.090476 13.909524
  26   74   83 12.472619 13.527381
  68  332   76 55.496429 12.503571
  32  116   76 19.437302 12.562698
  70  340   83 56.554762 13.445238
  30   94   83 15.914286 14.085714
  67  302  100 50.525000 16.475000
  33   98  100 16.655952 16.344048
  59  268   87 44.926190 14.073810
  41  158   87 26.576190 14.423810
  60  266   96 44.359524 15.640476
  40  142   96 23.851190 16.148810
  76  368   89 61.210714 14.789286
  24   54   89 9.000000 15.000000
  74  364   81 60.552381 13.447619
  26   74   81 12.464286 13.535714
  76  390   67 65.286905 10.713095
  24   76   67 12.966667 11.033333
  73  366   73 61.107143 11.892857
  27   88   73 14.785714 12.214286
  74  356   87 59.751190 14.248810
  26   70   87 11.860714 14.139286
  74  356   88 59.513095 14.486905
  26   68   88 11.542857 14.457143
  62  278   96 46.303571 15.696429
  38  130   96 21.919048 16.080952
  66  302   92 50.369048 15.630952
  34  114   92 18.775000 15.225000
  61  272   88 45.960714 15.039286
  39  152   88 24.995238 14.004762
  63  282   95 47.057143 15.942857
  37  128   95 21.716667 15.283333
  60  262   97 43.638095 16.361905
  40  144   97 24.040476 15.959524
  59  270   80 45.547619 13.452381
  41  170   80 28.121429 12.878571
  60  276   81 46.394048 13.605952
  40  162   81 26.953571 13.046429
  57  264   75 44.365476 12.634524
  43  186   75 30.900000 12.100000
  52  220   90 36.933333 15.066667
  48  200   90 33.047619 14.952381
  44  180   90 29.532143 14.467857
  56  240   90 40.555952 15.444048
  49  204   92 33.836905 15.163095
  51  212   92 35.544048 15.455952
  40  146   96 24.375000 15.625000
  60  262   96 44.236905 15.763095
  35  102  112 16.752381 18.247619
  65  274  112 46.227381 18.772619
  27   90   69 15.161905 11.838095
  73  372   69 61.829762 11.170238
  21   64   58 10.928571 10.071429
  79  420   58 69.696429 9.303571
  16   48   51 8.122619 7.877381
  84  450   51 75.448810 8.551190
  11   38   30 6.321429 4.678571
  89  502   30 83.995238 5.004762
  15   48   41 8.185714 6.814286
  85  470   41 78.317857 6.682143
  27  106   55 17.852381 9.147619
  73  384   55 64.073810 8.926190
  25  110   40 18.503571 6.496429
  75  410   40 68.551190 6.448810
  23   80   60 13.300000 9.700000
  77  400   60 66.878571 10.121429
  16   44   56 7.104762 8.895238
  84  444   56 74.561905 9.438095
  15   44   49 7.396429 7.603571
  85  458   49 76.686905 8.313095
  14   42   42 6.976190 7.023810
  86  474   42 79.067857 6.932143
  24   98   44 16.611905 7.388095
  76  414   44 68.829762 7.170238
  33  148   50 24.922619 8.077381
  67  352   50 58.809524 8.190476
  31  132   54 22.086905 8.913095
  69  360   54 60.027381 8.972619
  31  112   74 18.623810 12.376190
  69  340   74 56.844048 12.155952
  37  150   74 24.873810 12.126190
  63  302   74 50.573810 12.426190
  31  120   70 19.939286 11.060714
  69  340   70 57.098810 11.901190
  39  154   83 25.452381 13.547619
  61  280   83 47.138095 13.861905
  38  138   85 23.509524 14.490476
  62  292   85 48.378571 13.621429
  37  142   78 23.895238 13.104762
  63  302   78 50.257143 12.742857
  38  146   85 24.061905 13.938095
  62  284   85 47.676190 14.323810
  32  110   84 18.469048 13.530952
  68  322   84 54.011905 13.988095
  33  102   92 17.215476 15.784524
  67  314   92 51.803571 15.196429
  35  100  108 16.891667 18.108333
  65  284  108 47.382143 17.617857
  32   78  117 12.990476 19.009524
  68  288  117 48.539286 19.460714
  28   62  110 10.223810 17.776190
  72  318  110 53.805952 18.194048
  37  132   90 22.104762 14.895238
  63  288   90 48.109524 14.890476
  39  132  105 22.233333 16.766667
  61  258  105 43.707143 17.292857
  45  172   94 29.132143 15.867857
  55  240   94 39.772619 15.227381
  53  226   90 38.023810 14.976190
  47  194   90 32.404762 14.595238
  43  164   91 27.675000 15.325000
  57  254   91 42.411905 14.588095
  46  168  108 28.102381 17.897619
  54  216  108 36.109524 17.890476
  40  142   98 23.676190 16.323810
  60  262   98 43.536905 16.463095
  25   74   81 12.220238 12.779762
  75  364   81 61.466667 13.533333
  20   50   70 8.404762 11.595238
  80  410   70 68.511905 11.488095
  18   40   68 6.642857 11.357143
  82  424   68 70.782143 11.217857
  13   16   65 2.635714 10.364286
  87  454   65 75.951190 11.048810
   7    6   37 0.976190 6.023810
  93  520   37 86.690476 6.309524
   7    6   32 1.200000 5.800000
  93  530   32 88.009524 4.990476
   5    8   22 1.333333 3.666667
  95  548   22 91.380952 3.619048
   6   18   17 3.133333 2.866667
  94  548   17 91.190476 2.809524
   5    8   22 1.395238 3.604762
  95  548   22 91.303571 3.696429
   3    0   18 0.000000 3.000000
  97  564   18 94.028571 2.971429
   2    0   14 0.000000 2.000000
  98  572   14 95.671429 2.328571
   1    0    6 0.000000 1.000000
  99  588    6 98.014286 0.985714
 100  600    0 100.000000 0.000000
