   1    0    6 0.000000 1.000000
   2    2    9 0.366667 1.633333
   2    0   12 0.000000 2.000000
   1    0    6 0.000000 1.000000
   1    0    7 0.000000 1.000000
   1    0    6 0.000000 1.000000
   1    0    6 0.000000 1.000000
   2    2    9 0.366667 1.633333
   1    0    6 0.000000 1.000000
   2    2    8 0.416667 1.583333
   2    2   10 0.342857 1.657143
   1    0    6 0.000000 1.000000
   1    0    7 0.000000 1.000000
   3    6   11 1.066667 1.933333
   2    2   10 0.333333 1.666667
   1    0    7 0.000000 1.000000
   2    2   11 0.309524 1.690476
   1    0    6 0.000000 1.000000
   2    2    9 0.366667 1.633333
   1    0    8 0.000000 1.000000
   1    0    7 0.000000 1.000000
   1    0    7 0.000000 1.000000
   1    0    6 0.000000 1.000000
   1    0    7 0.000000 1.000000
   1    0    6 0.000000 1.000000
   1    0    7 0.000000 1.000000
   1    0    6 0.000000 1.000000
   4   10   15 1.608333 2.391667
   2    2    9 0.366667 1.633333
   1    0    6 0.000000 1.000000
   2    2   10 0.333333 1.666667
   3    6   11 1.085714 1.914286
   1    0    6 0.000000 1.000000
   6   18   16 3.166667 2.833333
   1    0    7 0.000000 1.000000
   2    2    9 0.366667 1.633333
   1    0    7 0.000000 1.000000
   3    4   14 0.709524 2.290476
   2    2   10 0.333333 1.666667
   2    2    9 0.366667 1.633333
   1    0    6 0.000000 1.000000
   1    0    7 0.000000 1.000000
   1    0    7 0.000000 1.000000
   3    4   12 0.766667 2.233333
   1    0    6 0.000000 1.000000
   2    2   10 0.333333 1.666667
   2    2   10 0.342857 1.657143
   1    0    6 0.000000 1.000000
   1    0    6 0.000000 1.000000
   1    0    6 0.000000 1.000000
   1    0    5 0.000000 1.000000
   3    4   12 0.766667 2.233333
   5   12   17 2.066667 2.933333
   1    0    7 0.000000 1.000000
   1    0    6 0.000000 1.000000
   2    2    9 0.366667 1.633333
   2    2   12 0.285714 1.714286
   3    4   15 0.685714 2.314286
   1    0    6 0.000000 1.000000
   3    4   13 0.733333 2.266667
   1    0    7 0.000000 1.000000
   2    2   10 0.333333 1.666667
   1    0    8 0.000000 1.000000
   5   12   18 2.004762 2.995238
   4    6   18 1.009524 2.990476
   3    6   12 1.000000 2.000000
   2    2   13 0.267857 1.732143
   2    2    9 0.366667 1.633333
   4    8   16 1.328571 2.671429
   2    2   11 0.309524 1.690476
   3    4   14 0.666667 2.333333
   1    0    7 0.000000 1.000000
   3    6   11 1.066667 1.933333
   2    2   11 0.309524 1.690476
   5   10   20 1.666667 3.333333
   4    8   14 1.428571 2.571429
   2    2   12 0.285714 1.714286
   1    0    5 0.000000 1.000000
   5   10   19 1.714286 3.285714
   2    2   10 0.333333 1.666667
   1    0    6 0.000000 1.000000
   3    6   10 1.133333 1.866667
   5   14   14 2.466667 2.533333
   1    0    6 0.000000 1.000000
   1    0    6 0.000000 1.000000
   1    0    6 0.000000 1.000000
   6   14   22 2.495238 3.504762
   1    0    6 0.000000 1.000000
   2    2   11 0.309524 1.690476
   3    2   16 0.333333 2.666667
   2    2   10 0.342857 1.657143
   5   14   17 2.280952 2.719048
   5   10   21 1.608333 3.391667
   4    8   15 1.400000 2.600000
   1    0    6 0.000000 1.000000
   2    2    8 0.400000 1.600000
   8   28   21 4.704762 3.295238
   4    6   16 1.100000 2.900000
   2    2   10 0.342857 1.657143
   2    2   10 0.333333 1.666667
   5   12   17 2.095238 2.904762
   3    2   15 0.333333 2.666667
   1    0    5 0.000000 1.000000
   3    4   14 0.709524 2.290476
   1    0    6 0.000000 1.000000
   5    6   23 1.000000 4.000000
   4    8   17 1.280952 2.719048
   2    2   10 0.333333 1.666667
   8   22   27 3.585714 4.414286
   1    0    7 0.000000 1.000000
   4    8   15 1.400000 2.600000
  14   52   31 8.947619 5.052381
   5    6   28 0.910714 4.089286
   1    0    7 0.000000 1.000000
   2    2   11 0.309524 1.690476
   3    6   11 1.066667 1.933333
  15   60   28 10.209524 4.790476
   7   18   25 2.946429 4.053571
   7   20   21 3.366667 3.633333
  13   36   43 5.992857 7.007143
   6   16   20 2.666667 3.333333
   4    4   20 0.676190 3.323810
   3    2   16 0.333333 2.666667
   3    2   16 0.342857 2.657143
   4    4   18 0.733333 3.266667
   3    2   16 0.366667 2.633333
   1    0    6 0.000000 1.000000
   6   12   25 1.976190 4.023810
   3    4   14 0.666667 2.333333
   4    4   19 0.666667 3.333333
   9   22   32 3.719048 5.280952
   5    2   26 0.333333 4.666667
   3    4   16 0.595238 2.404762
   1    0    6 0.000000 1.000000
  16   62   35 10.286905 5.713095
   9   30   25 4.966667 4.033333
   1    0    5 0.000000 1.000000
  20   64   54 11.161905 8.838095
   5   10   21 1.695238 3.304762
   6   14   23 2.314286 3.685714
   7   16   25 2.661905 4.338095
   5   10   21 1.619048 3.380952
  16   54   42 9.004762 6.995238
  11   20   45 3.538095 7.461905
   2    2   10 0.333333 1.666667
  18   56   52 9.300000 8.700000
   9   26   30 4.252381 4.747619
  15   36   54 6.148810 8.851190
   5   14   16 2.390476 2.609524
   6   18   19 3.033333 2.966667
   5   12   16 2.195238 2.804762
   7   16   25 2.752381 4.247619
  11   26   37 4.661905 6.338095
  11   32   35 5.295238 5.704762
   6   14   22 2.225000 3.775000
  14   34   57 5.276190 8.723810
  20   78   39 13.328571 6.671429
   9    6   47 1.052381 7.947619
   6   14   20 2.466667 3.533333
   7   16   26 2.619048 4.380952
   5    6   25 0.976190 4.023810
   6   14   22 2.333333 3.666667
   9   12   41 2.119048 6.880952
  27  106   55 17.904762 9.095238
   2    0   13 0.000000 2.000000
  12   32   41 5.376190 6.623810
  17   56   48 9.319048 7.680952
  16   30   65 5.319048 10.680952
   6   18   19 2.895238 3.104762
   3    4   13 0.733333 2.266667
  10   32   28 5.480952 4.519048
   8   12   35 2.135714 5.864286
  24   94   52 15.709524 8.290476
   2    2   11 0.309524 1.690476
   9   26   29 4.457143 4.542857
  22   72   58 12.204762 9.795238
  21   70   54 11.980952 9.019048
  10   32   27 5.485714 4.514286
   8   24   26 3.861905 4.138095
   4    6   16 1.085714 2.914286
  19   58   59 9.583333 9.416667
   7    6   38 0.985714 6.014286
  31  116   68 19.728571 11.271429
  18   46   61 7.838095 10.161905
  11   28   36 4.871429 6.128571
   6   12   22 2.161905 3.838095
   3    2   17 0.309524 2.690476
  18   56   54 9.323810 8.676190
   5    6   22 1.066667 3.933333
  39  152   86 25.220238 13.779762
   8   12   34 2.085714 5.914286
  14   48   38 7.985714 6.014286
  10   32   28 5.285714 4.714286
  20   54   67 9.061905 10.938095
   4    4   21 0.619048 3.380952
  44  182   80 30.776190 13.223810
   7   22   20 3.819048 3.180952
  11   32   32 5.458333 5.541667
  13   42   37 6.957143 6.042857
  20   72   47 12.119048 7.880952
   1    0    7 0.000000 1.000000
  48  202   87 33.810714 14.189286
   4    6   20 0.928571 3.071429
  20   68   53 11.333333 8.666667
  17   56   49 9.114286 7.885714
  12   24   46 4.171429 7.828571
   6   18   16 3.200000 2.800000
  41  166   78 27.946429 13.053571
   3    6   13 0.983333 2.016667
  22   76   55 12.726190 9.273810
  19   68   45 11.410714 7.589286
  23   66   73 11.257143 11.742857
   8   24   22 4.171429 3.828571
  25   66   86 10.898810 14.101190
   5   12   19 1.952381 3.047619
  26   82   72 14.340476 11.659524
  16   46   53 7.671429 8.328571
  20   42   78 7.157143 12.842857
   4    4   20 0.709524 3.290476
  29   84   88 14.471429 14.528571
   4    4   20 0.676190 3.323810
  23   70   67 11.852381 11.147619
  22   70   64 11.709524 10.290476
  22   54   75 9.303571 12.696429
   4   10   15 1.595238 2.404762
  25   88   63 14.797619 10.202381
   6   10   26 1.709524 4.290476
  23   74   65 12.371429 10.628571
  26   94   62 15.742857 10.257143
  18   40   71 6.519048 11.480952
   5    6   23 1.076190 3.923810
  22   58   71 9.866667 12.133333
   7   10   34 1.595238 5.404762
  19   46   64 7.938095 11.061905
  42  184   69 30.709524 11.290476
  10   20   41 3.414286 6.585714
   5   14   18 2.266667 2.733333
  17   32   68 5.582143 11.417857
   5    6   25 1.019048 3.980952
  15   42   47 7.109524 7.890476
  30  126   56 21.172619 8.827381
  20   60   61 10.013095 9.986905
   8   22   26 3.757143 4.242857
  22   64   65 10.980952 11.019048
   5    8   23 1.285714 3.714286
   9   14   38 2.452381 6.547619
  23   86   53 14.390476 8.609524
  31  120   66 20.280952 10.719048
  13   40   38 6.757143 6.242857
  19   50   64 8.490476 10.509524
   5    6   20 1.150000 3.850000
   5    4   30 0.642857 4.357143
  14   48   37 7.909524 6.090476
  41  166   77 28.083333 12.916667
  13   34   47 5.419048 7.580952
  22   60   71 10.147619 11.852381
  11   42   24 7.109524 3.890476
   1    0    6 0.000000 1.000000
   7   16   27 2.571429 4.428571
  48  198   88 33.326190 14.673810
  14   30   53 5.179762 8.820238
  19   42   74 7.039286 11.960714
   9   32   22 5.328571 3.671429
   1    0    6 0.000000 1.000000
   5   12   18 1.961905 3.038095
  58  276   68 46.489286 11.510714
   9   16   41 2.590476 6.409524
  18   58   51 9.766667 8.233333
   5    6   24 0.952381 4.047619
  10   24   36 3.980952 6.019048
  53  250   70 41.409524 11.590476
  10   24   34 4.142857 5.857143
  22   60   72 9.953571 12.046429
   6   12   23 2.119048 3.880952
  14   30   50 5.309524 8.690476
  60  288   73 48.071429 11.928571
   2    0   12 0.000000 2.000000
  18   54   58 8.921429 9.078571
   8   18   31 3.000000 5.000000
  17   44   59 7.271429 9.728571
  54  234   89 39.348810 14.651190
   1    0    6 0.000000 1.000000
  20   74   45 12.526190 7.473810
   9   22   34 3.547619 5.452381
  26   74   76 12.761905 13.238095
  55  246   86 40.945238 14.054762
   1    0    6 0.000000 1.000000
   9   12   44 1.914286 7.085714
   6    4   35 0.634524 5.365476
  24   74   69 12.392857 11.607143
  63  302   76 50.475000 12.525000
   7    8   32 1.400000 5.600000
   5    2   26 0.366667 4.633333
  32  108   84 18.263095 13.736905
  56  252   85 41.752381 14.247619
   7    8   35 1.352381 5.647619
   8   14   36 2.336905 5.663095
  36  134   79 22.833333 13.166667
  47  204   79 34.285714 12.714286
   9   16   38 2.657143 6.342857
   6    6   31 0.977381 5.022619
  36  116   97 19.428571 16.571429
  46  182   95 30.441667 15.558333
  12   22   51 3.638095 8.361905
   1    0    6 0.000000 1.000000
  34  120   84 20.171429 13.828571
  48  202   88 33.679762 14.320238
  17   40   60 6.927381 10.072619
  48  198   88 32.986905 15.013095
  40  164   79 27.261905 12.738095
  12   22   49 3.761905 8.238095
  44  192   74 32.190476 11.809524
  40  162   77 27.264286 12.735714
  16   38   57 6.470238 9.529762
  36  142   81 23.185714 12.814286
  48  202   80 34.207143 13.792857
  16   42   53 7.061905 8.938095
  42  160   94 26.885714 15.114286
  46  210   63 35.619048 10.380952
  12   32   41 5.347619 6.652381
  47  184   98 30.611905 16.388095
  40  178   65 29.580952 10.419048
  13   26   49 4.554762 8.445238
  53  202  112 34.238095 18.761905
  36  144   75 23.795238 12.204762
  11   20   47 3.271429 7.728571
  39  134  102 22.403571 16.596429
  46  200   79 33.230952 12.769048
  15   30   55 5.395238 9.604762
  43  154  105 25.776190 17.223810
  39  142   92 23.852381 15.147619
  18   50   57 8.409524 9.590476
  52  210  103 35.250000 16.750000
  38  142   86 23.876190 14.123810
  10   12   47 2.121429 7.878571
  53  212  104 35.625000 17.375000
  34  130   79 21.476190 12.523810
  13   30   45 5.185714 7.814286
  66  290  107 48.529762 17.470238
  23   56   81 9.460714 13.539286
  11   22   44 3.738095 7.261905
  59  246  105 41.114286 17.885714
  32   96  100 15.804762 16.195238
   9   32   21 5.466667 3.533333
  47  178  107 29.586905 17.413095
  43  156   99 26.504762 16.495238
  10   32   28 5.369048 4.630952
  42  150  106 24.835714 17.164286
  48  188   95 31.811905 16.188095
  10   34   27 5.642857 4.357143
  36  112  104 18.961905 17.038095
  46  186   89 31.079762 14.920238
  18   50   59 8.429762 9.570238
  44  158  107 26.714286 17.285714
  48  184  101 31.173810 16.826190
   8   20   30 3.238095 4.761905
  42  166   85 27.695238 14.304762
  50  214   86 35.814286 14.185714
   8   28   21 4.728571 3.271429
  43  180   83 29.805952 13.194048
  53  226   87 38.194048 14.805952
   4    2   22 0.333333 3.666667
  38  154   75 25.604762 12.395238
  60  270   87 45.317857 14.682143
   2    2   12 0.285714 1.714286
  32  116   76 19.366667 12.633333
  65  308   82 51.465476 13.534524
   3    6   12 1.019048 1.980952
  31  118   72 19.646429 11.353571
  69  338   72 56.708333 12.291667
  36  160   58 26.628571 9.371429
  64  324   58 54.307143 9.692857
  36  160   53 27.107143 8.892857
  64  334   53 55.475000 8.525000
  38  154   70 26.055952 11.944048
  62  306   70 50.692857 11.307143
  35  134   75 22.470238 12.529762
  65  316   75 52.669048 12.330952
  33  128   67 21.623810 11.376190
  67  338   67 56.308333 10.691667
  29  114   62 18.914286 10.085714
  71  362   62 60.578571 10.421429
  27  112   55 18.290476 8.709524
  73  378   55 63.404762 9.595238
  31  120   61 20.342857 10.657143
  69  358   61 59.336905 9.663095
  32  114   76 19.309524 12.690476
  68  334   76 55.766667 12.233333
  23   64   79 10.309524 12.690476
  77  378   79 63.528571 13.471429
  21   72   52 12.161905 8.838095
  79  424   52 70.513095 8.486905
  22   68   64 11.528571 10.471429
  78  404   64 67.304762 10.695238
  32  112   84 18.477381 13.522619
  68  320   84 53.871429 14.128571
  30  104   77 17.565476 12.434524
  70  342   77 57.032143 12.967857
  21   56   73 9.357143 11.642857
  79  398   73 66.765079 12.234921
  31  120   63 20.203571 10.796429
  69  354   63 58.952381 10.047619
  32  112   79 18.680952 13.319048
  68  330   79 55.023810 12.976190
  42  176   74 29.903571 12.096429
  58  276   74 46.179762 11.820238
  41  168   78 27.957143 13.042857
  59  276   78 45.998810 13.001190
  53  232   85 38.838095 14.161905
  47  198   85 32.771429 14.228571
  43  162   97 27.141667 15.858333
  57  244   97 40.805952 16.194048
  37  142   88 23.141667 13.858333
  63  282   88 47.814286 15.185714
  34  108   99 17.853571 16.146429
  66  294   99 49.379762 16.620238
  31   98   87 16.570238 14.429762
  69  328   87 54.700000 14.300000
  20   46   73 7.752381 12.247619
  80  408   73 68.036905 11.963095
  10   18   45 2.958333 7.041667
  90  492   45 82.640476 7.359524
   8   14   35 2.369048 5.630952
  92  516   35 86.210714 5.789286
   8    8   41 1.328571 6.671429
  92  510   41 85.083333 6.916667
   8    6   41 1.042857 6.957143
  92  512   41 85.276190 6.723810
   5    2   30 0.309524 4.690476
  95  538   30 89.983333 5.016667
   2    0   12 0.000000 2.000000
  98  576   12 96.047619 1.952381
 100  600    0 100.000000 0.000000
