   1    0    6 0.000000 1.000000
   1    0    6 0.000000 1.000000
   1    0    6 0.000000 1.000000
   1    0    8 0.000000 1.000000
   5   14   16 2.414286 2.585714
   1    0    6 0.000000 1.000000
   1    0    8 0.000000 1.000000
   2    2    9 0.366667 1.633333
   3    4   13 0.700000 2.300000
   2    2   10 0.342857 1.657143
   1    0    7 0.000000 1.000000
   4    8   18 1.344048 2.655952
   1    0    7 0.000000 1.000000
   4    6   15 1.133333 2.866667
   4    8   15 1.442857 2.557143
   3    6   13 0.983333 2.016667
   3    4   12 0.766667 2.233333
   2    0   10 0.000000 2.000000
   1    0    7 0.000000 1.000000
   2    2   10 0.342857 1.657143
   1    0    5 0.000000 1.000000
   1    0    7 0.000000 1.000000
   1    0    6 0.000000 1.000000
   4   10   13 1.858333 2.141667
   2    2    8 0.400000 1.600000
   3    4   14 0.709524 2.290476
   1    0    5 0.000000 1.000000
   1    0    6 0.000000 1.000000
   1    0    7 0.000000 1.000000
   1    0    6 0.000000 1.000000
   1    0    6 0.000000 1.000000
   1    0    6 0.000000 1.000000
   1    0    6 0.000000 1.000000
   2    2    9 0.366667 1.633333
   2    2   10 0.342857 1.657143
   1    0    5 0.000000 1.000000
   1    0    7 0.000000 1.000000
   1    0    6 0.000000 1.000000
   1    0    7 0.000000 1.000000
   1    0    5 0.000000 1.000000
   1    0    7 0.000000 1.000000
   1    0    6 0.000000 1.000000
   3    6   12 1.000000 2.000000
   1    0    6 0.000000 1.000000
   1    0    7 0.000000 1.000000
   1    0    7 0.000000 1.000000
   3    6   11 1.085714 1.914286
   2    2   10 0.333333 1.666667
   1    0    7 0.000000 1.000000
   1    0    6 0.000000 1.000000
   3    4   15 0.619048 2.380952
   1    0    6 0.000000 1.000000
   1    0    6 0.000000 1.000000
   3    4   15 0.642857 2.357143
   3    6   12 1.000000 2.000000
   3    6   11 1.085714 1.914286
   4    8   15 1.400000 2.600000
   8   24   24 4.004762 3.995238
   1    0    6 0.000000 1.000000
   1    0    7 0.000000 1.000000
   2    2   10 0.333333 1.666667
   2    0   12 0.000000 2.000000
   1    0    5 0.000000 1.000000
   2    2   10 0.333333 1.666667
   4    8   14 1.552381 2.447619
   1    0    7 0.000000 1.000000
   2    2    8 0.400000 1.600000
   7   22   19 3.766667 3.233333
   2    2    9 0.366667 1.633333
   2    0   13 0.000000 2.000000
   1    0    7 0.000000 1.000000
   5   14   16 2.361905 2.638095
   2    2    8 0.400000 1.600000
   1    0    6 0.000000 1.000000
   3    6    9 1.233333 1.766667
   9   26   30 4.190476 4.809524
   5   10   19 1.752381 3.247619
   1    0    6 0.000000 1.000000
   1    0    6 0.000000 1.000000
   1    0    5 0.000000 1.000000
   1    0    6 0.000000 1.000000
   2    2    9 0.366667 1.633333
   1    0    6 0.000000 1.000000
   3    4   15 0.642857 2.357143
   2    2   10 0.333333 1.666667
   3    4   15 0.619048 2.380952
   1    0    6 0.000000 1.000000
   2    2   10 0.342857 1.657143
   2    2   10 0.342857 1.657143
   1    0    7 0.000000 1.000000
   3    4   16 0.619048 2.380952
   1    0    7 0.000000 1.000000
   3    6   13 0.952381 2.047619
   5   14   18 2.214286 2.785714
   2    2   11 0.309524 1.690476
   2    2   11 0.309524 1.690476
   6   14   21 2.366667 3.633333
   1    0    7 0.000000 1.000000
   4    6   18 1.066667 2.933333
   3    2   16 0.333333 2.666667
   7   18   23 3.204762 3.795238
   4    6   19 0.952381 3.047619
   2    2    8 0.400000 1.600000
   3    4   16 0.583333 2.416667
   7   12   31 2.052381 4.947619
   1    0    6 0.000000 1.000000
   5    6   21 1.133333 3.866667
   1    0    7 0.000000 1.000000
   8   22   25 3.804762 4.195238
   1    0    7 0.000000 1.000000
   6   10   26 1.652381 4.347619
  13   44   33 7.592857 5.407143
   5   12   17 2.028571 2.971429
   5   12   16 2.195238 2.804762
   1    0    7 0.000000 1.000000
   2    2   10 0.333333 1.666667
   2    2   11 0.309524 1.690476
   3    2   16 0.333333 2.666667
   6   14   22 2.290476 3.709524
   1    0    8 0.000000 1.000000
   1    0    6 0.000000 1.000000
   2    2    9 0.366667 1.633333
   7   18   23 3.161905 3.838095
   4    6   18 0.952381 3.047619
   4    2   21 0.400000 3.600000
   6    8   28 1.376190 4.623810
   9   28   25 4.821429 4.178571
   2    2    9 0.366667 1.633333
   2    2   11 0.325000 1.675000
   7   10   33 1.728571 5.271429
   2    2    8 0.400000 1.600000
   4    4   17 0.766667 3.233333
   4    4   19 0.700000 3.300000
   1    0    7 0.000000 1.000000
   4    8   16 1.295238 2.704762
  16   52   48 8.490476 7.509524
   5   14   16 2.419048 2.580952
   3    2   15 0.366667 2.633333
   5    8   24 1.361905 3.638095
   5    8   25 1.238095 3.761905
   4    6   17 1.033333 2.966667
   4    6   19 0.952381 3.047619
  10   24   35 4.161905 5.838095
   1    0    6 0.000000 1.000000
   7   12   28 2.158333 4.841667
   8   18   30 2.957143 5.042857
   7   18   26 2.880952 4.119048
   1    0    6 0.000000 1.000000
   2    0   14 0.000000 2.000000
   7   12   31 1.976190 5.023810
   2    0   11 0.000000 2.000000
   5   12   19 1.890476 3.109524
   3    6   13 0.952381 2.047619
  20   64   53 10.897619 9.102381
  11   36   29 6.133333 4.866667
   6    6   30 1.042857 4.957143
   4    4   21 0.685714 3.314286
   2    2   10 0.333333 1.666667
   4    6   18 0.952381 3.047619
  17   56   44 9.522619 7.477381
   1    0    7 0.000000 1.000000
   8   16   34 2.614286 5.385714
   3    2   17 0.333333 2.666667
   9   32   21 5.428571 3.571429
   2    0   13 0.000000 2.000000
   4    8   17 1.247619 2.752381
   2    0   12 0.000000 2.000000
   5   12   18 1.933333 3.066667
   5   12   20 1.880952 3.119048
   3    6   12 1.019048 1.980952
  21   74   49 12.619048 8.380952
   6    4   33 0.642857 5.357143
   3    2   15 0.366667 2.633333
   8   18   30 3.004762 4.995238
   2    2    8 0.400000 1.600000
   1    0    6 0.000000 1.000000
   7   12   30 2.057143 4.942857
   3    6   14 0.904762 2.095238
  11   36   31 6.004762 4.995238
   9   20   34 3.328571 5.671429
   6   14   20 2.428571 3.571429
   3    4   13 0.700000 2.300000
   5    6   21 1.100000 3.900000
   1    0    7 0.000000 1.000000
   6   14   22 2.385714 3.614286
   6   12   26 1.952381 4.047619
   2    2   10 0.333333 1.666667
  23   80   64 13.085714 9.914286
   2    2    9 0.366667 1.633333
   4    6   15 1.116667 2.883333
  10   20   38 3.430952 6.569048
   1    0    6 0.000000 1.000000
   1    0    6 0.000000 1.000000
   7   22   18 3.847619 3.152381
   3    4   13 0.733333 2.266667
  14   50   35 8.309524 5.690476
   6   10   26 1.766667 4.233333
   3    2   18 0.309524 2.690476
   1    0    7 0.000000 1.000000
   7   10   33 1.685714 5.314286
   1    0    6 0.000000 1.000000
   9   28   30 4.550794 4.449206
   4    2   21 0.366667 3.633333
  25   78   70 13.422619 11.577381
   6   18   17 3.095238 2.904762
  11   26   39 4.442857 6.557143
   1    0    5 0.000000 1.000000
   2    0   12 0.000000 2.000000
  11   42   24 7.190476 3.809524
   6   16   20 2.850000 3.150000
   8   16   33 2.680952 5.319048
   8   22   23 4.021429 3.978571
   7   16   27 2.633333 4.366667
   2    2   10 0.333333 1.666667
   8   22   24 3.869048 4.130952
   2    2   11 0.309524 1.690476
   4    6   18 1.050000 2.950000
   2    2   12 0.291667 1.708333
  21   58   68 9.669048 11.330952
   6   14   21 2.385714 3.614286
  15   40   51 6.609524 8.390476
  18   70   37 11.661905 6.338095
   9   22   29 3.933333 5.066667
  16   58   40 9.713095 6.286905
   4    8   16 1.328571 2.671429
   6   12   25 1.941667 4.058333
   4   10   13 1.785714 2.214286
   8   18   34 2.833333 5.166667
   3    2   17 0.309524 2.690476
  12   34   38 5.650000 6.350000
   6   12   24 1.985714 4.014286
  14   40   41 6.828571 7.171429
  17   58   43 9.955952 7.044048
  11   22   43 3.792857 7.207143
  17   48   55 8.042857 8.957143
   2    2   11 0.309524 1.690476
  13   28   50 4.642857 8.357143
   2    2   10 0.333333 1.666667
  12   22   54 3.500000 8.500000
   8   10   35 2.000000 6.000000
   7   16   25 2.850000 4.150000
  11   24   42 4.076190 6.923810
  24   86   54 14.704762 9.295238
   6    8   29 1.309524 4.690476
   7   12   33 1.957143 5.042857
   3    4   13 0.700000 2.300000
  29   96   76 16.186905 12.813095
   1    0    7 0.000000 1.000000
   7   18   24 3.133333 3.866667
   6    6   28 1.133333 4.866667
   6    8   30 1.334524 4.665476
  11   28   40 4.619048 6.380952
  33  114   88 18.840476 14.159524
   4    6   19 0.976190 3.023810
   5    4   25 0.700000 4.300000
   1    0    6 0.000000 1.000000
  26   74   78 12.614286 13.385714
   8   28   20 4.704762 3.295238
   4   10   14 1.657143 2.342857
   8   20   30 3.260714 4.739286
  11   24   40 4.161905 6.838095
  32  106   85 17.963095 14.036905
   6    8   27 1.376190 4.623810
  41  150   97 25.260714 15.739286
   8   18   32 2.876190 5.123810
   4    8   17 1.285714 2.714286
   9   16   36 2.819048 6.180952
  43  150  103 25.523810 17.476190
  11   34   32 5.750000 5.250000
  25   68   86 11.280952 13.719048
   5   10   23 1.594048 3.405952
   7   16   24 2.883333 4.116667
   9   24   30 4.100000 4.900000
  32  104   97 16.736905 15.263095
  15   48   39 8.271429 6.728571
  28   78   87 13.295238 14.704762
   8   18   35 2.690476 5.309524
   7   12   25 2.300000 4.700000
  10   22   35 3.947619 6.052381
  28   90   81 14.958333 13.041667
  16   62   34 10.450000 5.550000
  44  164   96 27.939286 16.060714
   5    6   24 0.985714 4.014286
   4    4   19 0.742857 3.257143
   3    2   18 0.342857 2.657143
  37  138   84 23.304762 13.695238
   5    6   26 1.025000 3.975000
  53  198  117 33.357143 19.642857
   1    0    7 0.000000 1.000000
   4    8   16 1.295238 2.704762
  38  134   88 22.765476 15.234524
   3    0   20 0.000000 3.000000
  56  228  111 38.041667 17.958333
   3    4   15 0.685714 2.314286
  49  194  104 32.150000 16.850000
   2    2    9 0.366667 1.633333
  46  168  107 28.190476 17.809524
   3    4   12 0.766667 2.233333
  44  166   99 27.861905 16.138095
   1    0    6 0.000000 1.000000
  53  214  101 36.102381 16.897619
   2    2   12 0.291667 1.708333
  48  210   76 35.195238 12.804762
   1    0    6 0.000000 1.000000
  51  226   82 37.535714 13.464286
  47  192   82 32.669048 14.330952
   3    4   15 0.642857 2.357143
  50  212   95 35.171429 14.828571
  46  204   72 34.255952 11.744048
  54  252   72 42.219048 11.780952
  41  168   84 27.661905 13.338095
  59  264   84 44.533333 14.466667
  40  140  100 23.552381 16.447619
  60  260  100 43.490476 16.509524
  46  202   74 33.744048 12.255952
  54  250   74 41.985714 12.014286
  43  186   71 31.104762 11.895238
  57  272   71 45.363095 11.636905
  41  166   82 27.730952 13.269048
  59  270   82 45.496429 13.503571
  40  184   55 30.734524 9.265476
  60  306   55 50.876190 9.123810
  33  134   65 22.590476 10.409524
  67  336   65 56.425000 10.575000
  23   86   53 14.515476 8.484524
  77  408   53 68.434524 8.565476
  15   40   48 6.791667 8.208333
  85  464   48 77.239286 7.760714
  15   44   49 7.023810 7.976190
  85  458   49 76.567857 8.432143
   6   10   28 1.571429 4.428571
  94  534   28 89.232143 4.767857
  10   22   38 3.808333 6.191667
  90  502   38 83.661905 6.338095
  14   38   47 6.276190 7.723810
  86  468   47 78.113889 7.886111
  10   16   43 2.790476 7.209524
  90  498   43 83.176190 6.823810
  12   32   39 5.433333 6.566667
  88  490   39 81.609524 6.390476
  10   22   37 3.833333 6.166667
  90  504   37 84.078571 5.921429
   6   14   23 2.285714 3.714286
  94  540   23 90.085714 3.914286
  10   28   30 4.800000 5.200000
  90  512   30 85.095238 4.904762
   7   20   22 3.357143 3.642857
  93  536   22 89.280952 3.719048
  13   34   44 5.671429 7.328571
  87  478   44 79.723810 7.276190
   6   14   25 2.219048 3.780952
  94  536   25 89.663095 4.336905
   2    2   11 0.309524 1.690476
  98  576   11 96.169048 1.830952
 100  600    0 100.000000 0.000000
