   5   10   21 1.714286 3.285714
   1    0    7 0.000000 1.000000
   1    0    8 0.000000 1.000000
   1    0    6 0.000000 1.000000
  12   40   30 6.971429 5.028571
   1    0    7 0.000000 1.000000
   1    0    6 0.000000 1.000000
   4    8   15 1.428571 2.571429
   2    2   11 0.309524 1.690476
   1    0    6 0.000000 1.000000
   1    0    7 0.000000 1.000000
   2    2    9 0.366667 1.633333
   7   20   22 3.333333 3.666667
   2    2    8 0.400000 1.600000
   3    4   12 0.766667 2.233333
   3    2   14 0.366667 2.633333
   2    2   11 0.325000 1.675000
   3    6   10 1.185714 1.814286
   3    6   14 0.904762 2.095238
   2    2    9 0.366667 1.633333
   2    2   11 0.309524 1.690476
   2    2   10 0.333333 1.666667
   2    2   11 0.309524 1.690476
   1    0    6 0.000000 1.000000
   1    0    7 0.000000 1.000000
   1    0    6 0.000000 1.000000
   1    0    6 0.000000 1.000000
   2    0   11 0.000000 2.000000
   1    0    6 0.000000 1.000000
   1    0    7 0.000000 1.000000
   2    2   11 0.309524 1.690476
   1    0    7 0.000000 1.000000
   2    2   10 0.333333 1.666667
   2    2    9 0.366667 1.633333
   1    0    7 0.000000 1.000000
   2    2    8 0.400000 1.600000
   3    4   14 0.676190 2.323810
   1    0    6 0.000000 1.000000
   2    2    8 0.400000 1.600000
   2    2   10 0.333333 1.666667
   3    6   12 1.019048 1.980952
   1    0    5 0.000000 1.000000
   1    0    6 0.000000 1.000000
   1    0    7 0.000000 1.000000
   1    0    7 0.000000 1.000000
   2    2   10 0.333333 1.666667
   1    0    7 0.000000 1.000000
   1    0    6 0.000000 1.000000
   5   10   20 1.680952 3.319048
   1    0    5 0.000000 1.000000
  13   46   31 7.973810 5.026190
   1    0    6 0.000000 1.000000
   4   10   15 1.647619 2.352381
   4    4   19 0.676190 3.323810
   3    4   11 0.800000 2.200000
   3    2   17 0.309524 2.690476
   3    6   12 1.019048 1.980952
   1    0    7 0.000000 1.000000
   4    8   18 1.344048 2.655952
   4    6   18 1.085714 2.914286
   1    0    6 0.000000 1.000000
  10   34   24 5.842857 4.157143
   6   12   23 2.191667 3.808333
   1    0    6 0.000000 1.000000
   5   10   20 1.628571 3.371429
   3    4   13 0.700000 2.300000
   2    2   11 0.309524 1.690476
   1    0    7 0.000000 1.000000
   3    4   14 0.709524 2.290476
   2    2   10 0.333333 1.666667
   2    2   12 0.285714 1.714286
   1    0    7 0.000000 1.000000
   2    2   11 0.309524 1.690476
   1    0    7 0.000000 1.000000
   5   10   19 1.728571 3.271429
   5    6   23 1.066667 3.933333
   2    2   10 0.333333 1.666667
   1    0    6 0.000000 1.000000
   1    0    6 0.000000 1.000000
  12   38   33 6.442857 5.557143
   2    0   12 0.000000 2.000000
  20   70   45 12.100000 7.900000
   1    0    6 0.000000 1.000000
   2    2   12 0.291667 1.708333
   2    2    8 0.400000 1.600000
   4    4   24 0.611111 3.388889
   2    0   13 0.000000 2.000000
   1    0    6 0.000000 1.000000
   8   24   23 4.061905 3.938095
   2    2   10 0.333333 1.666667
   1    0    6 0.000000 1.000000
  10   34   27 5.680952 4.319048
   4    4   20 0.666667 3.333333
   4   10   14 1.685714 2.314286
   1    0    6 0.000000 1.000000
   3    4   15 0.685714 2.314286
   2    2    9 0.366667 1.633333
   1    0    6 0.000000 1.000000
   3    6   12 1.019048 1.980952
   4    8   17 1.261905 2.738095
   3    6   11 1.066667 1.933333
   5    6   24 1.011905 3.988095
   1    0    8 0.000000 1.000000
   2    2    9 0.366667 1.633333
  16   62   33 10.433333 5.566667
  33  132   68 22.166667 10.833333
   1    0    6 0.000000 1.000000
   2    0   13 0.000000 2.000000
   2    2    9 0.366667 1.633333
   6   10   29 1.523810 4.476190
   3    4   14 0.709524 2.290476
   9   16   36 2.804762 6.195238
   2    2    9 0.366667 1.633333
   7   18   23 3.035714 3.964286
   1    0    7 0.000000 1.000000
   1    0    6 0.000000 1.000000
   2    2    8 0.400000 1.600000
   2    2   11 0.309524 1.690476
   4    8   16 1.385714 2.614286
   1    0    6 0.000000 1.000000
   8   22   26 3.816667 4.183333
  18   72   36 12.171429 5.828571
  31  126   61 20.928571 10.071429
  10   28   29 4.929762 5.070238
   2    2   11 0.309524 1.690476
  10   20   42 3.339286 6.660714
   1    0    6 0.000000 1.000000
   1    0    6 0.000000 1.000000
   2    2   11 0.309524 1.690476
   4    4   19 0.700000 3.300000
   8   18   30 2.933333 5.066667
   3    2   16 0.333333 2.666667
  10   36   23 6.203571 3.796429
  15   44   45 7.408333 7.591667
  33  124   77 20.461905 12.538095
   7   10   31 1.719048 5.280952
  11   20   50 3.276190 7.723810
   1    0    6 0.000000 1.000000
   1    0    6 0.000000 1.000000
   5   10   20 1.719048 3.280952
   8   24   22 4.200000 3.800000
  19   74   37 12.638095 6.361905
  18   62   43 10.759524 7.240476
  30  104   79 17.342857 12.657143
  13   38   42 6.257143 6.742857
  12   28   42 4.938095 7.061905
   1    0    6 0.000000 1.000000
   7   14   26 2.450000 4.550000
  19   70   46 11.638095 7.361905
  18   58   50 9.742857 8.257143
  47  202   81 33.847619 13.152381
  13   32   47 5.442857 7.557143
  11   32   35 5.338095 5.661905
   2    2    7 0.450000 1.550000
   2    0   12 0.000000 2.000000
   7   14   28 2.429762 4.570238
  23   78   63 13.015476 9.984524
  52  218   90 36.800000 15.200000
  13   30   49 4.927381 8.072619
   6    8   27 1.409524 4.590476
   2    2   10 0.333333 1.666667
   4    6   19 0.976190 3.023810
   8   26   21 4.347619 3.652381
  58  282   68 46.914286 11.085714
  22   68   64 11.569048 10.430952
  10   20   39 3.452381 6.547619
   2    0   12 0.000000 2.000000
   3    2   18 0.285714 2.714286
  52  248   62 41.747619 10.252381
  25   98   55 16.438095 8.561905
  19   70   41 11.919048 7.080952
   1    0    6 0.000000 1.000000
   5   14   13 2.566667 2.433333
  61  310   57 51.546429 9.453571
  11   34   34 5.740476 5.259524
  19   70   46 11.628571 7.371429
   4    6   16 1.133333 2.866667
   3    6   12 1.019048 1.980952
  73  372   68 62.104762 10.895238
   6    6   31 1.034524 4.965476
  14   42   41 7.166667 6.833333
   4    6   16 1.133333 2.866667
   4    8   16 1.328571 2.671429
  73  366   74 60.644048 12.355952
   4    0   24 0.000000 4.000000
  11   28   38 4.664286 6.335714
   8   22   24 3.895238 4.104762
   2    0   12 0.000000 2.000000
  72  346   86 57.846429 14.153571
   7   12   27 2.309524 4.690476
  11   20   48 3.402381 7.597619
   8   20   29 3.395238 4.604762
   1    0    5 0.000000 1.000000
  68  322   90 53.350000 14.650000
   4    4   20 0.676190 3.323810
  19   60   51 10.309524 8.690476
   8   22   26 3.711905 4.288095
   1    0    5 0.000000 1.000000
  67  314   85 52.576190 14.423810
   4   10   16 1.547619 2.452381
  23   88   53 14.575000 8.425000
   5   10   19 1.666667 3.333333
   1    0    7 0.000000 1.000000
  71  354   68 59.436905 11.563095
   2    2   11 0.309524 1.690476
  26  102   56 16.984524 9.015476
  67  328   77 54.385714 12.614286
   5    8   19 1.466667 3.533333
  28  108   60 18.144048 9.855952
  64  308   76 51.604762 12.395238
   6   10   24 1.728571 4.271429
  30  122   60 20.588095 9.411905
  67  320   80 53.655952 13.344048
  10   26   31 4.600000 5.400000
  23   84   59 13.826190 9.173810
  68  336   78 55.708333 12.291667
  10   16   40 2.900000 7.100000
  22   70   60 11.909524 10.090476
  73  374   67 62.186905 10.813095
  10   22   38 3.795238 6.204762
  17   50   49 8.780952 8.219048
  72  366   67 61.054762 10.945238
  10   18   44 2.982143 7.017857
  18   56   49 9.604762 8.395238
  70  362   59 60.350000 9.650000
  11   20   48 3.342857 7.657143
  19   62   49 10.611905 8.388095
  76  396   60 66.146429 9.853571
  12   28   44 4.828571 7.171429
  12   26   46 4.342857 7.657143
  76  394   61 65.933333 10.066667
   7   12   31 1.952381 5.047619
  17   46   56 7.738095 9.261905
  75  388   63 64.559524 10.440476
   9   24   30 4.004762 4.995238
  16   42   53 7.059524 8.940476
  72  358   70 59.980952 12.019048
  13   26   47 4.642857 8.357143
  15   34   65 5.376984 9.623016
  78  402   64 67.317857 10.682143
  13   28   52 4.490476 8.509524
   9   14   40 2.419048 6.580952
  72  358   79 59.378571 12.621429
  20   60   55 10.347619 9.652381
   8   10   38 1.575000 6.425000
  76  372   85 61.913095 14.086905
  16   42   55 7.100000 8.900000
   8   12   34 2.061905 5.938095
  82  434   60 72.069048 9.930952
   9   22   32 3.714286 5.285714
   9   14   38 2.417857 6.582143
  87  480   45 79.857143 7.142857
   3    6   11 1.066667 1.933333
  10   24   34 4.209524 5.790476
  82  446   49 73.952381 8.047619
   6   18   16 3.166667 2.833333
  12   32   39 5.380952 6.619048
  84  462   42 77.108333 6.891667
   9   30   23 5.080952 3.919048
   7   18   25 2.990476 4.009524
  88  482   43 80.700000 7.300000
   7   16   30 2.529762 4.470238
   5    6   23 1.085714 3.914286
  89  496   37 82.733333 6.266667
   8   22   29 3.476190 4.523810
   3    2   14 0.416667 2.583333
  95  546   22 91.161905 3.838095
   4   10   15 1.595238 2.404762
   1    0    7 0.000000 1.000000
  96  558   19 92.960714 3.039286
   2    2    9 0.366667 1.633333
   2    2   10 0.333333 1.666667
  99  590    5 98.204762 0.795238
   1    0    5 0.000000 1.000000
 100  600    0 100.000000 0.000000
