   1    0    6 0.000000 1.000000
   1    0    6 0.000000 1.000000
   2    2    9 0.366667 1.633333
   5   14   15 2.404762 2.595238
   1    0    5 0.000000 1.000000
   1    0    5 0.000000 1.000000
   4   10   13 1.761905 2.238095
   1    0    7 0.000000 1.000000
   2    2   10 0.333333 1.666667
   2    2    9 0.366667 1.633333
   2    2   10 0.333333 1.666667
   1    0    6 0.000000 1.000000
   3    6   14 0.916667 2.083333
   1    0    6 0.000000 1.000000
   1    0    6 0.000000 1.000000
   1    0    6 0.000000 1.000000
   1    0    5 0.000000 1.000000
   1    0    5 0.000000 1.000000
   1    0    6 0.000000 1.000000
   1    0    7 0.000000 1.000000
   1    0    6 0.000000 1.000000
   2    2   10 0.333333 1.666667
   2    2   12 0.291667 1.708333
   2    2   10 0.333333 1.666667
   1    0    7 0.000000 1.000000
   2    2   11 0.309524 1.690476
   4    8   17 1.285714 2.714286
   4    6   16 1.100000 2.900000
   4   10   14 1.708333 2.291667
   1    0    7 0.000000 1.000000
   2    2   10 0.333333 1.666667
   1    0    6 0.000000 1.000000
   2    2    8 0.400000 1.600000
   1    0    6 0.000000 1.000000
   1    0    6 0.000000 1.000000
   1    0    6 0.000000 1.000000
   1    0    6 0.000000 1.000000
   5   14   16 2.414286 2.585714
   1    0    6 0.000000 1.000000
   1    0    7 0.000000 1.000000
   1    0    7 0.000000 1.000000
   1    0    7 0.000000 1.000000
   1    0    6 0.000000 1.000000
   3    4   14 0.725000 2.275000
   3    4   11 0.800000 2.200000
   2    2   10 0.333333 1.666667
   1    0    6 0.000000 1.000000
   3    6   13 0.983333 2.016667
   1    0    6 0.000000 1.000000
   2    2    9 0.366667 1.633333
   2    2   11 0.325000 1.675000
   1    0    7 0.000000 1.000000
   2    2   10 0.333333 1.666667
   2    2    9 0.366667 1.633333
   2    2   10 0.333333 1.666667
   1    0    7 0.000000 1.000000
   6   16   21 2.647619 3.352381
   1    0    6 0.000000 1.000000
   2    2   11 0.309524 1.690476
   1    0    6 0.000000 1.000000
   3    4   15 0.642857 2.357143
   3    6   13 0.952381 2.047619
   5    6   25 1.085714 3.914286
   1    0    6 0.000000 1.000000
   4    6   18 1.019048 2.980952
   5   10   19 1.819048 3.180952
   1    0    6 0.000000 1.000000
   5    8   19 1.500000 3.500000
   2    2    9 0.366667 1.633333
   1    0    6 0.000000 1.000000
   1    0    7 0.000000 1.000000
   3    6   12 1.000000 2.000000
   4    6   17 1.066667 2.933333
   6   18   18 3.000000 3.000000
   2    2   11 0.309524 1.690476
   9   30   23 5.076190 3.923810
   3    4   12 0.766667 2.233333
   1    0    6 0.000000 1.000000
   1    0    6 0.000000 1.000000
   1    0    6 0.000000 1.000000
   2    2   10 0.342857 1.657143
   2    2    9 0.366667 1.633333
   1    0    5 0.000000 1.000000
   1    0    8 0.000000 1.000000
   1    0    7 0.000000 1.000000
   3    4   13 0.700000 2.300000
   2    2   10 0.342857 1.657143
   2    2   10 0.333333 1.666667
   2    2   11 0.309524 1.690476
   4    8   15 1.419048 2.580952
   3    4   16 0.595238 2.404762
   1    0    5 0.000000 1.000000
   3    4   15 0.642857 2.357143
   2    2   10 0.333333 1.666667
   5    8   21 1.385714 3.614286
   3    6   10 1.133333 1.866667
   8   24   23 4.128571 3.871429
   3    2   17 0.309524 2.690476
   2    2   10 0.333333 1.666667
   2    0   11 0.000000 2.000000
   7   18   28 2.761905 4.238095
   3    4   16 0.625000 2.375000
   2    0   13 0.000000 2.000000
   1    0    7 0.000000 1.000000
   3    4   12 0.766667 2.233333
   2    0   14 0.000000 2.000000
   4   10   15 1.595238 2.404762
   6   12   24 2.019048 3.980952
   3    6   14 0.904762 2.095238
   6    8   24 1.533333 4.466667
   7   18   25 2.980952 4.019048
   1    0    7 0.000000 1.000000
   1    0    6 0.000000 1.000000
   6   18   19 2.980952 3.019048
   1    0    6 0.000000 1.000000
   1    0    6 0.000000 1.000000
   2    2    8 0.400000 1.600000
   1    0    7 0.000000 1.000000
   2    2   10 0.333333 1.666667
   4    4   19 0.700000 3.300000
   1    0    5 0.000000 1.000000
   4    8   17 1.328571 2.671429
   1    0    5 0.000000 1.000000
   3    6   11 1.066667 1.933333
   5   10   18 1.761905 3.238095
   1    0    6 0.000000 1.000000
  10   34   27 5.604762 4.395238
  11   26   39 4.502381 6.497619
   3    4   16 0.595238 2.404762
   2    2    9 0.366667 1.633333
   8   26   21 4.400000 3.600000
   4   10   13 1.766667 2.233333
   1    0    6 0.000000 1.000000
   1    0    7 0.000000 1.000000
   4    4   20 0.676190 3.323810
   4   10   16 1.547619 2.452381
   3    2   17 0.309524 2.690476
   3    2   17 0.309524 2.690476
   7   20   21 3.338095 3.661905
   1    0    7 0.000000 1.000000
   3    4   14 0.666667 2.333333
  11   34   27 6.028571 4.971429
   1    0    6 0.000000 1.000000
   1    0    6 0.000000 1.000000
   4   10   14 1.661905 2.338095
   3    4   14 0.652381 2.347619
   4    6   19 0.976190 3.023810
   2    2   10 0.333333 1.666667
   1    0    6 0.000000 1.000000
   3    4   13 0.685714 2.314286
   1    0    5 0.000000 1.000000
   3    2   18 0.309524 2.690476
   2    2    9 0.366667 1.633333
   9   16   42 2.554762 6.445238
  20   78   42 13.247619 6.752381
   8   26   23 4.271429 3.728571
   1    0    6 0.000000 1.000000
   7   12   27 2.133333 4.866667
   1    0    6 0.000000 1.000000
   2    2    9 0.366667 1.633333
   3    2   15 0.400000 2.600000
   2    2    9 0.366667 1.633333
   1    0    6 0.000000 1.000000
   5   12   20 1.904762 3.095238
   3    2   15 0.400000 2.600000
  12   32   38 5.609524 6.390476
   4    8   15 1.400000 2.600000
  10   34   28 5.694048 4.305952
   1    0    6 0.000000 1.000000
   5   10   22 1.614286 3.385714
   1    0    5 0.000000 1.000000
   3    4   15 0.642857 2.357143
   9   20   30 3.566667 5.433333
  19   70   45 11.528571 7.471429
   4    2   23 0.309524 3.690476
   6    8   30 1.285714 4.714286
   1    0    7 0.000000 1.000000
   4    8   16 1.295238 2.704762
   1    0    6 0.000000 1.000000
   1    0    7 0.000000 1.000000
   6   16   18 2.804762 3.195238
   3    2   14 0.400000 2.600000
  14   40   44 6.861905 7.138095
  10   28   31 4.783333 5.216667
   6   12   26 1.928571 4.071429
   7   20   20 3.447619 3.552381
   5    8   23 1.304762 3.695238
   4    8   18 1.238095 2.761905
   8   12   36 2.014286 5.985714
  27   96   62 16.352381 10.647619
  11   28   37 4.760714 6.239286
   4   10   14 1.666667 2.333333
   2    2   11 0.309524 1.690476
   4    6   17 1.066667 2.933333
   5   10   18 1.766667 3.233333
  18   48   64 7.852381 10.147619
   7   14   29 2.304762 4.695238
   5   14   15 2.466667 2.533333
   7   20   24 3.208333 3.791667
   1    0    6 0.000000 1.000000
   1    0    7 0.000000 1.000000
  11   20   48 3.194048 7.805952
  22   68   61 11.483333 10.516667
   8   14   37 2.321429 5.678571
   2    0   12 0.000000 2.000000
   1    0    7 0.000000 1.000000
   4    6   15 1.133333 2.866667
  21   68   59 11.276190 9.723810
  14   34   48 5.800000 8.200000
   6   18   18 2.966667 3.033333
  11   34   33 5.761905 5.238095
  10   22   40 3.600000 6.400000
  21   64   62 10.588095 10.411905
  20   66   52 11.133333 8.866667
   7   12   25 2.233333 4.766667
   5   10   22 1.571429 3.428571
  17   46   56 7.695238 9.304762
   7   14   31 2.228571 4.771429
   5   14   17 2.347619 2.652381
   8   20   27 3.390476 4.609524
   8   16   34 2.625000 5.375000
  18   52   51 9.050000 8.950000
  13   26   51 4.664286 8.335714
  10   16   47 2.547619 7.452381
   5   10   19 1.666667 3.333333
  29  110   64 18.564286 10.435714
   7   12   30 2.042857 4.957143
   3    4   15 0.685714 2.314286
   7   20   23 3.383333 3.616667
  10   24   36 4.047619 5.952381
  16   38   53 6.666667 9.333333
  13   24   55 3.885714 9.114286
  10   18   44 2.900000 7.100000
  10   34   26 5.757143 4.242857
  20   68   55 11.273810 8.726190
   5   12   18 2.052381 2.947619
   1    0    7 0.000000 1.000000
  15   44   44 7.476190 7.523810
   7   12   30 2.000000 5.000000
  19   60   56 9.842857 9.157143
   2    0   14 0.000000 2.000000
  15   44   44 7.557143 7.442857
  12   44   30 7.290476 4.709524
  19   54   57 9.261905 9.738095
   9   28   26 4.671429 4.328571
   2    2   10 0.333333 1.666667
  15   40   49 6.951190 8.048810
  15   44   48 7.410714 7.589286
  16   44   54 7.292857 8.707143
   2    2    8 0.400000 1.600000
  18   56   51 9.509524 8.490476
  11   34   33 5.695238 5.304762
  13   36   40 6.125000 6.875000
  11   30   36 4.990476 6.009524
  14   34   50 5.700000 8.300000
  18   60   47 10.019048 7.980952
   7   14   28 2.390476 4.609524
  21   80   50 13.091667 7.908333
   9   20   33 3.544048 5.455952
  23   78   62 12.852381 10.147619
  12   28   43 4.776190 7.223810
  10   26   31 4.642857 5.357143
  18   54   50 9.408333 8.591667
  10   30   27 5.357143 4.642857
  18   50   58 8.619048 9.380952
   6   10   25 1.742857 4.257143
  20   62   61 10.267857 9.732143
  17   60   47 9.825000 7.175000
  11   28   38 4.709524 6.290476
  12   30   45 4.933333 7.066667
  12   32   40 5.297619 6.702381
  18   54   57 9.011905 8.988095
   4    4   20 0.676190 3.323810
  22   70   61 11.733333 10.266667
  21   78   47 13.142857 7.857143
  11   20   42 3.642857 7.357143
  28  110   57 18.523810 9.476190
  11   22   43 3.719048 7.280952
  14   32   52 5.504762 8.495238
   1    0    6 0.000000 1.000000
  21   62   65 10.582143 10.417857
  10   16   44 2.697619 7.302381
  15   28   63 4.639286 10.360714
  41  174   71 29.223810 11.776190
  11   32   35 5.390476 5.609524
  14   38   48 6.252381 7.747619
   1    0    6 0.000000 1.000000
  16   40   57 6.673810 9.326190
   6    8   26 1.466667 4.533333
  11   26   39 4.450000 6.550000
  54  244   84 40.365079 13.634921
   8   22   27 3.700000 4.300000
   8   14   33 2.395238 5.604762
   6   20   16 3.428571 2.571429
   6   14   22 2.338095 3.661905
   9   14   37 2.454762 6.545238
   9   20   33 3.447619 5.552381
  51  210   94 35.138095 15.861905
  13   44   32 7.509524 5.490476
  11   30   36 5.085714 5.914286
   4    4   20 0.709524 3.290476
   3    2   17 0.342857 2.657143
   7   14   27 2.452381 4.547619
  11   24   46 3.904762 7.095238
  46  186   92 30.869048 15.130952
  14   52   30 8.947619 5.052381
  12   26   41 4.666667 7.333333
   5    4   30 0.595238 4.404762
   7   22   20 3.700000 3.300000
   4    4   21 0.642857 3.357143
  12   28   44 4.719048 7.280952
  29   86   90 14.390476 14.609524
  17   54   43 9.330952 7.669048
  15   44   50 7.080952 7.919048
   4    4   20 0.676190 3.323810
   6   12   28 1.896825 4.103175
  10   28   29 5.040476 4.959524
  19   54   58 9.021429 9.978571
  27   76   84 12.988095 14.011905
  11   28   39 4.704762 6.295238
  29   90   82 15.333333 13.666667
   2    0   13 0.000000 2.000000
   7   12   28 2.161905 4.838095
   8   28   22 4.636905 3.363095
  16   52   46 8.529762 7.470238
  25   64   84 10.983333 14.016667
   8   12   35 2.066667 5.933333
  40  150   91 25.101190 14.898810
   3    2   16 0.333333 2.666667
   9   30   27 4.889286 4.110714
  15   36   53 6.166667 8.833333
  24   76   73 12.803968 11.196032
   6   10   26 1.676190 4.323810
  40  160   85 26.542857 13.457143
   4    4   18 0.766667 3.233333
   7   20   20 3.409524 3.590476
  19   56   52 9.695238 9.304762
  28   84   86 13.990476 14.009524
   6    8   28 1.333333 4.666667
  50  202   98 33.865476 16.134524
   3    0   19 0.000000 3.000000
   4   10   11 1.900000 2.100000
   9   12   42 1.992857 7.007143
  27   90   74 15.095238 11.904762
   3    2   19 0.285714 2.714286
  52  230   81 38.814286 13.185714
   4    4   18 0.742857 3.257143
   6   10   26 1.733333 4.266667
   8   16   30 2.828571 5.171429
  32  100   87 17.119048 14.880952
   1    0    5 0.000000 1.000000
  51  218   94 36.052381 14.947619
   1    0    7 0.000000 1.000000
   5    6   25 0.952381 4.047619
  10   22   36 3.980952 6.019048
  42  172   71 29.438095 12.561905
  42  182   77 29.990476 12.009524
   3    0   18 0.000000 3.000000
  13   36   44 6.019048 6.980952
  53  226   90 37.900000 15.100000
  33  124   77 20.419048 12.580952
   4    4   20 0.652381 3.347619
  10   30   29 4.985714 5.014286
  45  182   89 30.333333 14.666667
  37  138   82 23.276190 13.723810
   9   20   31 3.533333 5.466667
   9   24   34 3.871429 5.128571
  48  186   98 31.271429 16.728571
  47  204   82 33.869048 13.130952
   5    8   22 1.333333 3.666667
  59  250  102 41.933333 17.066667
  39  136  100 22.576190 16.423810
   2    2   10 0.333333 1.666667
  55  238   99 39.313095 15.686905
  45  164   99 28.233333 16.766667
  53  228   92 38.001190 14.998810
  47  188   92 31.530952 15.469048
  45  186   86 30.908333 14.091667
  55  242   86 40.614286 14.385714
  48  186  101 31.202381 16.797619
  52  212  101 35.375000 16.625000
  47  196   88 32.671429 14.328571
  53  228   88 38.366667 14.633333
  51  210   96 34.995238 16.004762
  49  198   96 32.880952 16.119048
  53  224   92 37.614286 15.385714
  47  192   92 32.073016 14.926984
  47  188   97 31.261905 15.738095
  53  218   97 36.577381 16.422619
  48  190   97 32.128571 15.871429
  52  216   97 36.182143 15.817857
  45  170   96 28.754762 16.245238
  55  238   96 39.512302 15.487698
  39  134   98 22.519048 16.480952
  61  270   98 44.902381 16.097619
  29   90   81 15.416667 13.583333
  71  348   81 57.985714 13.014286
  33  114   85 19.021429 13.978571
  67  316   85 53.101190 13.898810
  34  124   84 20.242857 13.757143
  66  308   84 51.533333 14.466667
  37  126   98 21.128571 15.871429
  63  278   98 46.902381 16.097619
  37  120  105 19.927381 17.072619
  63  270  105 45.390476 17.609524
  35  126   86 20.886905 14.113095
  65  302   86 50.544048 14.455952
  33  118   77 20.072619 12.927381
  67  328   77 54.832143 12.167857
  31  108   78 18.092857 12.907143
  69  336   78 56.023810 12.976190
  29  106   68 17.914286 11.085714
  71  358   68 59.708333 11.291667
  28  114   58 18.873810 9.126190
  72  370   58 62.150000 9.850000
  25   98   53 16.314286 8.685714
  75  396   53 66.180952 8.819048
  19   66   50 10.945238 8.054762
  81  434   50 72.438095 8.561905
  20   68   52 11.538095 8.461905
  80  428   52 71.504762 8.495238
  17   52   47 8.823810 8.176190
  83  454   47 75.403571 7.596429
  10   18   42 3.079762 6.920238
  90  498   42 83.042857 6.957143
   7    6   36 1.009524 5.990476
  93  522   36 87.080952 5.919048
   5    4   28 0.634524 4.365476
  95  540   28 90.323810 4.676190
   4    0   28 0.000000 4.000000
  96  544   28 91.140476 4.859524
   4    4   20 0.676190 3.323810
  96  556   20 92.621429 3.378571
   3    2   16 0.333333 2.666667
  97  566   16 94.361905 2.638095
   1    0    6 0.000000 1.000000
  99  588    6 97.990476 1.009524
   1    0    7 0.000000 1.000000
  99  586    7 97.790476 1.209524
   2    2   11 0.309524 1.690476
  98  576   11 96.190476 1.809524
   4    8   15 1.395238 2.604762
  96  562   15 93.584524 2.415476
   1    0    5 0.000000 1.000000
  99  590    5 98.214286 0.785714
   2    2    9 0.366667 1.633333
  98  580    9 96.561905 1.438095
 100  600    0 100.000000 0.000000
