   1    0    7 0.000000 1.000000
   1    0    6 0.000000 1.000000
   5   12   15 2.200000 2.800000
   3    4   14 0.652381 2.347619
   8   26   20 4.671429 3.328571
   1    0    6 0.000000 1.000000
   2    2   13 0.267857 1.732143
   1    0    5 0.000000 1.000000
   1    0    7 0.000000 1.000000
   1    0    5 0.000000 1.000000
   2    2   10 0.333333 1.666667
   1    0    6 0.000000 1.000000
   1    0    6 0.000000 1.000000
   1    0    7 0.000000 1.000000
   2    2   10 0.342857 1.657143
   2    2    9 0.366667 1.633333
   2    2   11 0.309524 1.690476
   1    0    6 0.000000 1.000000
   2    2   10 0.333333 1.666667
   1    0    5 0.000000 1.000000
   2    2   12 0.285714 1.714286
   2    2   12 0.291667 1.708333
   1    0    7 0.000000 1.000000
   4   10   14 1.661905 2.338095
   2    2   10 0.342857 1.657143
   1    0    6 0.000000 1.000000
   1    0    5 0.000000 1.000000
   1    0    8 0.000000 1.000000
   2    2   11 0.309524 1.690476
   4    6   19 0.976190 3.023810
   2    2    8 0.400000 1.600000
   1    0    7 0.000000 1.000000
   2    2   10 0.333333 1.666667
   2    2    8 0.400000 1.600000
   1    0    5 0.000000 1.000000
   1    0    6 0.000000 1.000000
   3    4   13 0.700000 2.300000
   3    4   15 0.642857 2.357143
   1    0    7 0.000000 1.000000
   2    2   10 0.333333 1.666667
   4    6   17 1.109524 2.890476
   2    2    9 0.366667 1.633333
   4   10   13 1.766667 2.233333
   1    0    7 0.000000 1.000000
   1    0    7 0.000000 1.000000
   3    4   12 0.766667 2.233333
   1    0    6 0.000000 1.000000
   1    0    5 0.000000 1.000000
   1    0    7 0.000000 1.000000
   1    0    6 0.000000 1.000000
   1    0    6 0.000000 1.000000
   2    2   10 0.342857 1.657143
   1    0    6 0.000000 1.000000
   2    2   11 0.309524 1.690476
   2    2   11 0.309524 1.690476
   3    4   13 0.733333 2.266667
   1    0    5 0.000000 1.000000
   8   28   21 4.690476 3.309524
   3    6   12 1.019048 1.980952
   2    2   11 0.309524 1.690476
   1    0    6 0.000000 1.000000
   2    0   14 0.000000 2.000000
   1    0    5 0.000000 1.000000
   2    0   13 0.000000 2.000000
   1    0    5 0.000000 1.000000
   1    0    6 0.000000 1.000000
   1    0    7 0.000000 1.000000
   2    2   10 0.342857 1.657143
   1    0    6 0.000000 1.000000
   4    8   14 1.466667 2.533333
   1    0    6 0.000000 1.000000
   1    0    6 0.000000 1.000000
   2    2   10 0.342857 1.657143
   3    2   16 0.333333 2.666667
  12   44   25 7.614286 4.385714
   4    6   18 1.000000 3.000000
   1    0    7 0.000000 1.000000
   4    8   17 1.328571 2.671429
   4   10   13 1.766667 2.233333
   3    6   11 1.085714 1.914286
   5    8   22 1.342857 3.657143
   8   24   23 4.157143 3.842857
   1    0    6 0.000000 1.000000
   8   26   22 4.441667 3.558333
   1    0    7 0.000000 1.000000
   2    2   10 0.333333 1.666667
   1    0    6 0.000000 1.000000
   1    0    7 0.000000 1.000000
   1    0    6 0.000000 1.000000
   3    4   15 0.642857 2.357143
   1    0    6 0.000000 1.000000
   2    2    9 0.366667 1.633333
   2    2    9 0.366667 1.633333
   2    0   13 0.000000 2.000000
   5   10   19 1.733333 3.266667
   1    0    6 0.000000 1.000000
   3    2   14 0.400000 2.600000
   2    0   12 0.000000 2.000000
   3    6   12 1.019048 1.980952
   2    2   11 0.309524 1.690476
   1    0    7 0.000000 1.000000
   2    2    9 0.366667 1.633333
   3    2   15 0.366667 2.633333
  16   62   35 10.385714 5.614286
   1    0    6 0.000000 1.000000
   6   12   23 2.033333 3.966667
   5    8   22 1.352381 3.647619
   1    0    6 0.000000 1.000000
  10   28   31 4.780952 5.219048
   6    6   32 0.952381 5.047619
  19   78   37 12.933333 6.066667
   1    0    6 0.000000 1.000000
   3    4   15 0.642857 2.357143
   4    6   17 1.035714 2.964286
   1    0    7 0.000000 1.000000
   7   22   18 3.847619 3.152381
   1    0    5 0.000000 1.000000
   2    2   11 0.309524 1.690476
   2    0   13 0.000000 2.000000
   2    2    9 0.366667 1.633333
   2    2   10 0.333333 1.666667
   2    2   11 0.309524 1.690476
   4    8   18 1.257143 2.742857
   3    2   17 0.333333 2.666667
  16   56   40 9.241667 6.758333
   6   12   27 1.857143 4.142857
   3    2   16 0.366667 2.633333
  11   26   40 4.364286 6.635714
  11   26   36 4.636905 6.363095
  21   82   42 13.795238 7.204762
   2    2   11 0.309524 1.690476
   2    2   11 0.309524 1.690476
   9   22   32 3.728571 5.271429
   1    0    6 0.000000 1.000000
   1    0    7 0.000000 1.000000
   6   14   24 2.260714 3.739286
   3    4   13 0.700000 2.300000
   1    0    6 0.000000 1.000000
   1    0    7 0.000000 1.000000
   1    0    6 0.000000 1.000000
   4    4   20 0.658333 3.341667
  25  100   49 16.821429 8.178571
  11   30   35 5.192857 5.807143
   9   12   37 2.200000 6.800000
   9   20   34 3.366667 5.633333
  15   62   31 10.133333 4.866667
   2    2   10 0.333333 1.666667
  12   40   34 6.595238 5.404762
   6    8   29 1.361905 4.638095
   1    0    6 0.000000 1.000000
   4    8   17 1.361905 2.638095
  37  154   63 26.177381 10.822619
   2    2   11 0.309524 1.690476
  18   52   58 8.544048 9.455952
  10   20   38 3.423810 6.576190
   8   18   28 3.152381 4.847619
   2    2   12 0.291667 1.708333
  11   32   34 5.357143 5.642857
   8   14   35 2.396429 5.603571
   1    0    6 0.000000 1.000000
   2    0   12 0.000000 2.000000
  40  166   73 27.847619 12.152381
  12   32   41 5.228571 6.771429
  15   42   49 7.029762 7.970238
  11   28   36 4.780952 6.219048
   6   16   20 2.647619 3.352381
  11   28   38 4.842857 6.157143
   2    2   11 0.309524 1.690476
   2    2   11 0.309524 1.690476
  44  184   78 30.763095 13.236905
  13   34   46 5.485714 7.514286
  18   58   48 9.809524 8.190476
   4    2   22 0.333333 3.666667
  14   48   35 8.333333 5.666667
   9   12   43 1.961905 7.038095
   1    0    7 0.000000 1.000000
   3    2   15 0.366667 2.633333
  52  230   83 38.523810 13.476190
   8   12   33 2.219048 5.780952
  13   32   48 5.323810 7.676190
  26  102   53 17.147619 8.852381
   8   12   34 2.176190 5.823810
   1    0    6 0.000000 1.000000
   6   14   22 2.390476 3.609524
  48  200   91 33.147619 14.852381
   4    4   22 0.619048 3.380952
   7    4   36 0.766667 6.233333
  30   94   81 16.145238 13.854762
  13   36   42 6.152381 6.847619
   8   18   32 2.880952 5.119048
  37  114  111 18.969048 18.030952
   8   18   29 3.240476 4.759524
   4    2   23 0.309524 3.690476
  36  142   76 23.684524 12.315476
  11   32   34 5.423810 5.576190
  11   30   36 5.033333 5.966667
  27   62   97 10.630952 16.369048
  13   36   45 5.798810 7.201190
   2    2    8 0.400000 1.600000
  44  186   79 31.042857 12.957143
  15   50   43 8.311905 6.688095
   4    4   18 0.733333 3.266667
  30   94   83 15.888095 14.111905
   5    6   25 0.950000 4.050000
   2    2   10 0.333333 1.666667
  59  256   90 43.452381 15.547619
  10   26   33 4.280952 5.719048
   2    0   13 0.000000 2.000000
  28  100   77 16.230952 11.769048
   1    0    5 0.000000 1.000000
  57  254   87 42.663095 14.336905
   7   12   31 1.985714 5.014286
   4   10   14 1.885714 2.114286
  32  108   84 18.416667 13.583333
  62  268   99 45.289286 16.710714
   4    2   24 0.309524 3.690476
   1    0    7 0.000000 1.000000
  33  110   90 18.447619 14.552381
  69  314   96 52.569048 16.430952
   3    2   18 0.291667 2.708333
  28   80   90 13.290476 14.709524
  72  360   72 60.158333 11.841667
   3    2   17 0.309524 2.690476
  25   76   73 12.883333 12.116667
  67  326   76 54.390476 12.609524
   9   30   24 4.991667 4.008333
  24   72   72 12.230952 11.769048
  68  322   86 54.090476 13.909524
   5    8   21 1.400000 3.600000
  27   80   83 13.415476 13.584524
  70  346   74 57.923810 12.076190
   7   20   20 3.500000 3.500000
  23   76   64 12.585714 10.414286
  69  338   74 56.386905 12.613095
   7   20   23 3.257143 3.742857
  24   80   65 13.376190 10.623810
  74  354   91 58.775000 15.225000
   9   22   29 3.876190 5.123810
  17   38   66 6.304762 10.695238
  84  446   63 73.673810 10.326190
   5    8   20 1.452381 3.547619
  11   14   49 2.408333 8.591667
  91  506   41 84.338095 6.661905
   3    2   17 0.309524 2.690476
   6    8   26 1.502381 4.497619
  86  480   40 79.628571 6.371429
   1    0    6 0.000000 1.000000
  13   38   36 6.700000 6.300000
  89  500   31 83.583333 5.416667
   1    0    6 0.000000 1.000000
  10   32   31 5.133333 4.866667
  92  528   25 87.954762 4.045238
   1    0    6 0.000000 1.000000
   7   16   25 2.785714 4.214286
  98  580    9 96.642857 1.357143
   1    0    5 0.000000 1.000000
   1    0    6 0.000000 1.000000
 100  600    0 100.000000 0.000000
