   1    0    6 0.000000 1.000000
   4    8   16 1.333333 2.666667
   1    0    6 0.000000 1.000000
   3    6   11 1.085714 1.914286
   1    0    7 0.000000 1.000000
   3    4   15 0.619048 2.380952
   1    0    6 0.000000 1.000000
   1    0    7 0.000000 1.000000
   1    0    6 0.000000 1.000000
   1    0    6 0.000000 1.000000
   1    0    7 0.000000 1.000000
   3    6   13 0.983333 2.016667
   2    2    8 0.400000 1.600000
   3    4   14 0.652381 2.347619
   5   12   17 2.085714 2.914286
   1    0    5 0.000000 1.000000
   2    2   11 0.309524 1.690476
   1    0    6 0.000000 1.000000
   3    4   13 0.700000 2.300000
   1    0    6 0.000000 1.000000
   1    0    6 0.000000 1.000000
   1    0    7 0.000000 1.000000
   3    6   13 0.971429 2.028571
   3    6   13 0.971429 2.028571
   1    0    6 0.000000 1.000000
   1    0    7 0.000000 1.000000
   2    2   10 0.333333 1.666667
   1    0    6 0.000000 1.000000
   1    0    5 0.000000 1.000000
   3    4   13 0.700000 2.300000
   1    0    5 0.000000 1.000000
   2    2   10 0.342857 1.657143
   2    2   11 0.309524 1.690476
   1    0    6 0.000000 1.000000
   1    0    6 0.000000 1.000000
   1    0    7 0.000000 1.000000
   1    0    6 0.000000 1.000000
   1    0    7 0.000000 1.000000
   3    2   15 0.333333 2.666667
   1    0    6 0.000000 1.000000
   2    2   10 0.342857 1.657143
   1    0    7 0.000000 1.000000
   3    6   13 0.952381 2.047619
   1    0    5 0.000000 1.000000
   5   14   14 2.500000 2.500000
   1    0    7 0.000000 1.000000
   4   10   11 1.928571 2.071429
   1    0    6 0.000000 1.000000
   1    0    7 0.000000 1.000000
   1    0    7 0.000000 1.000000
   1    0    7 0.000000 1.000000
   7   20   21 3.550000 3.450000
   2    2    8 0.400000 1.600000
   2    0   13 0.000000 2.000000
   1    0    7 0.000000 1.000000
   1    0    5 0.000000 1.000000
   1    0    6 0.000000 1.000000
   2    2    9 0.366667 1.633333
   2    2   10 0.342857 1.657143
   2    0   11 0.000000 2.000000
   7   20   23 3.386905 3.613095
   3    2   13 0.450000 2.550000
   1    0    7 0.000000 1.000000
   1    0    6 0.000000 1.000000
   9   24   27 4.126190 4.873810
   1    0    6 0.000000 1.000000
   2    2   12 0.285714 1.714286
   1    0    6 0.000000 1.000000
   2    2   10 0.333333 1.666667
   4   10   14 1.695238 2.304762
   4   10   14 1.695238 2.304762
   1    0    7 0.000000 1.000000
   1    0    6 0.000000 1.000000
   1    0    6 0.000000 1.000000
   1    0    6 0.000000 1.000000
   2    2   11 0.309524 1.690476
   2    2    8 0.400000 1.600000
   2    2   12 0.291667 1.708333
   2    2   12 0.291667 1.708333
   1    0    6 0.000000 1.000000
   2    0   12 0.000000 2.000000
   2    2    9 0.366667 1.633333
   7   12   29 2.109524 4.890476
   1    0    7 0.000000 1.000000
   5   10   19 1.728571 3.271429
   1    0    6 0.000000 1.000000
   3    4   14 0.676190 2.323810
   2    2    9 0.366667 1.633333
   2    2    9 0.366667 1.633333
   8   24   27 3.895238 4.104762
   8   22   26 3.741667 4.258333
   3    6   12 1.000000 2.000000
   2    2   12 0.285714 1.714286
   2    2   10 0.333333 1.666667
   1    0    7 0.000000 1.000000
   2    0   14 0.000000 2.000000
  20   84   34 14.290476 5.709524
   1    0    7 0.000000 1.000000
   5   14   13 2.685714 2.314286
   3    6   11 1.066667 1.933333
   2    2   10 0.342857 1.657143
   3    6   10 1.166667 1.833333
   5    4   24 0.700000 4.300000
   5   12   16 2.200000 2.800000
   5   14   15 2.633333 2.366667
   2    2   10 0.333333 1.666667
   2    2   11 0.309524 1.690476
   1    0    6 0.000000 1.000000
   3    4   13 0.733333 2.266667
   1    0    6 0.000000 1.000000
   5   14   17 2.280952 2.719048
   2    2   10 0.333333 1.666667
   1    0    6 0.000000 1.000000
   2    2   11 0.309524 1.690476
   1    0    6 0.000000 1.000000
   2    2   12 0.291667 1.708333
   1    0    6 0.000000 1.000000
   1    0    6 0.000000 1.000000
   6   10   28 1.663095 4.336905
  11   24   43 3.947619 7.052381
   4    6   18 1.000000 3.000000
   2    2   10 0.342857 1.657143
   1    0    6 0.000000 1.000000
   1    0    5 0.000000 1.000000
   4    6   15 1.133333 2.866667
  18   60   46 10.278571 7.721429
   2    2   10 0.333333 1.666667
   3    4   15 0.642857 2.357143
   5   10   22 1.696429 3.303571
   1    0    6 0.000000 1.000000
   1    0    7 0.000000 1.000000
  10   14   42 2.566667 7.433333
   2    2   11 0.309524 1.690476
   2    2   10 0.333333 1.666667
   2    2   10 0.342857 1.657143
   3    2   16 0.366667 2.633333
   3    6   12 1.019048 1.980952
   3    4   14 0.709524 2.290476
   1    0    6 0.000000 1.000000
  13   34   44 5.566667 7.433333
  19   46   73 7.433333 11.566667
   4    4   20 0.742857 3.257143
   1    0    7 0.000000 1.000000
   2    2   11 0.309524 1.690476
   3    4   14 0.652381 2.347619
   2    0   13 0.000000 2.000000
   8   18   28 3.166667 4.833333
   2    2    8 0.400000 1.600000
   8   26   24 4.269048 3.730952
  12   44   30 7.397619 4.602381
  13   24   53 4.066667 8.933333
   2    0   11 0.000000 2.000000
   1    0    6 0.000000 1.000000
   5   12   18 1.985714 3.014286
   2    0   12 0.000000 2.000000
   5   12   19 1.971429 3.028571
   3    4   16 0.619048 2.380952
   9   18   33 3.200000 5.800000
  18   42   65 6.954762 11.045238
   1    0    6 0.000000 1.000000
   5   10   19 1.804762 3.195238
   2    0   12 0.000000 2.000000
   3    2   17 0.309524 2.690476
  11   38   27 6.480952 4.519048
   1    0    5 0.000000 1.000000
   8   14   31 2.495238 5.504762
   7   20   23 3.238095 3.761905
   8    6   39 1.076190 6.923810
   1    0    7 0.000000 1.000000
   1    0    7 0.000000 1.000000
   9   28   26 4.685714 4.314286
   2    2   11 0.309524 1.690476
   8   18   30 3.042857 4.957143
   3    6   11 1.085714 1.914286
  10   26   34 4.409524 5.590476
  20   56   69 9.052381 10.947619
   2    2    9 0.366667 1.633333
   3    2   16 0.333333 2.666667
   2    0   12 0.000000 2.000000
  11   32   33 5.414286 5.585714
  10   24   36 4.033333 5.966667
   4    6   20 0.952381 3.047619
   5    6   24 1.133333 3.866667
  21   86   42 14.233333 6.766667
   2    2   11 0.309524 1.690476
  11   26   40 4.385714 6.614286
   3    6   12 1.019048 1.980952
   6   14   20 2.461905 3.538095
  20   62   57 10.409524 9.590476
   1    0    5 0.000000 1.000000
   2    2   11 0.325000 1.675000
   5    8   21 1.419048 3.580952
   8   16   30 2.833333 5.166667
   9   16   37 2.838095 6.161905
   4    8   15 1.419048 2.580952
   2    2   10 0.333333 1.666667
  15   56   37 9.245238 5.754762
   3    4   18 0.553571 2.446429
  11   38   27 6.414286 4.585714
   2    2   11 0.309524 1.690476
  14   44   41 7.376190 6.623810
  24   88   53 15.085714 8.914286
   2    2   10 0.333333 1.666667
   9   26   29 4.290476 4.709524
   8   14   33 2.485714 5.514286
   5    6   27 0.934524 4.065476
   5   10   18 1.766667 3.233333
   1    0    6 0.000000 1.000000
   5    6   25 0.961905 4.038095
   2    0   13 0.000000 2.000000
  10   34   27 5.705952 4.294048
   8   24   23 4.138095 3.861905
  16   50   46 8.447619 7.552381
  29  124   47 20.976190 8.023810
   2    2   11 0.325000 1.675000
   6   12   24 1.957143 4.042857
   8   16   32 2.771429 5.228571
   1    0    6 0.000000 1.000000
   3    4   13 0.700000 2.300000
   6   16   20 2.776190 3.223810
   2    2   10 0.333333 1.666667
   7   14   29 2.319048 4.680952
  13   38   41 6.257143 6.742857
  20   66   55 10.957143 9.042857
  32  134   55 22.769048 9.230952
   4    6   16 1.100000 2.900000
   7   16   25 2.728571 4.271429
  12   36   33 6.180952 5.819048
   2    2   11 0.309524 1.690476
   3    6   13 0.983333 2.016667
  12   28   41 4.857143 7.142857
   8   16   37 2.530952 5.469048
  18   34   74 5.723810 12.276190
  34  136   70 22.708333 11.291667
   6   14   23 2.309524 3.690476
  17   52   47 8.919048 8.080952
   6   18   18 3.085714 2.914286
   4   10   13 1.869048 2.130952
  12   30   43 4.914286 7.085714
  11   26   42 4.257143 6.742857
  11   28   39 4.772619 6.227381
  33  114   83 19.038095 13.961905
  10   20   41 3.390476 6.609524
  11   24   40 4.152381 6.847619
   2    0   14 0.000000 2.000000
  17   46   60 7.553571 9.446429
  12   34   37 5.776190 6.223810
   9   18   34 3.127381 5.872619
  39  148   84 24.944048 14.055952
  18   58   46 9.895238 8.104762
   5    4   25 0.733333 4.266667
   3    4   12 0.766667 2.233333
  20   36   83 6.204762 13.795238
   5    4   25 0.700000 4.300000
   4    4   21 0.642857 3.357143
  45  188   90 30.889286 14.110714
  10   24   38 4.071429 5.928571
   5    4   28 0.619048 4.380952
   2    2    8 0.400000 1.600000
  18   46   57 7.957143 10.042857
  17   62   38 10.632143 6.367857
   4    6   21 1.019048 2.980952
  44  168   98 27.990476 16.009524
   5    6   28 0.904762 4.095238
  12   32   41 5.451190 6.548810
   2    2   10 0.333333 1.666667
  24   90   49 15.542857 8.457143
  17   58   43 9.898810 7.101190
  40  168   73 27.947619 12.052381
   7   12   27 2.300000 4.700000
   8   24   26 3.961905 4.038095
  40  158   82 26.609524 13.390476
  12   38   34 6.528571 5.471429
  33  116   83 19.352381 13.647619
   3    6   11 1.066667 1.933333
   4    8   18 1.238095 2.761905
  26   88   69 14.671429 11.328571
  12   40   32 6.730952 5.269048
  55  262   66 44.004762 10.995238
   4    4   19 0.709524 3.290476
   7   22   21 3.680952 3.319048
  27   96   61 16.414286 10.585714
   9   16   38 2.791667 6.208333
  53  256   67 42.403571 10.596429
   1    0    6 0.000000 1.000000
   9   30   22 5.238095 3.761905
  25   98   50 16.570238 8.429762
   5    4   27 0.666667 4.333333
  60  304   59 50.571429 9.428571
   9   30   25 5.061905 3.938095
  26   94   61 15.857143 10.142857
   3    0   17 0.000000 3.000000
  62  300   73 49.685714 12.314286
  12   44   28 7.400000 4.600000
  19   40   73 6.752381 12.247619
  12   46   28 7.671429 4.328571
  57  254   87 42.420238 14.579762
  13   44   35 7.223810 5.776190
  17   26   71 4.595238 12.404762
   8   20   29 3.400000 4.600000
  62  274  101 45.572619 16.427381
  13   40   39 6.671429 6.328571
   5    4   28 0.652381 4.347619
  14   40   43 6.809524 7.190476
  68  324   82 54.409524 13.590476
  12   28   46 4.614286 7.385714
   3    2   15 0.366667 2.633333
  11   26   37 4.495238 6.504762
  74  364   82 60.654762 13.345238
   9   22   35 3.604762 5.395238
  17   42   57 7.304762 9.695238
  74  366   78 61.228571 12.771429
  17   44   55 7.561905 9.438095
  14   30   57 5.085714 8.914286
  69  324   90 54.045238 14.954762
  13   32   47 5.338095 7.661905
  17   42   59 7.076190 9.923810
  70  330   90 55.148810 14.851190
  14   30   53 5.166667 8.833333
  17   50   51 8.419048 8.580952
  69  322   94 53.794048 15.205952
  19   56   62 9.197619 9.802381
  23   74   63 12.411905 10.588095
  58  248   97 41.516667 16.483333
  25   84   64 14.385714 10.614286
  19   56   58 9.419048 9.580952
  56  254   84 42.495238 13.504762
  37  144   80 24.004762 12.995238
  18   46   60 7.988095 10.011905
  45  190   80 31.604762 13.395238
  31  132   52 22.369048 8.630952
  12   30   41 5.190476 6.809524
  57  278   67 46.303571 10.696429
  38  160   65 26.970238 11.029762
  10   22   39 3.501190 6.498810
  52  240   74 40.019048 11.980952
  36  144   74 24.192857 11.807143
  15   46   44 7.669048 7.330952
  49  228   64 38.380952 10.619048
  32  114   75 19.300000 12.700000
  17   52   49 8.776190 8.223810
  51  234   76 39.013095 11.986905
  48  180  104 30.265476 17.734524
   7   10   32 1.695238 5.304762
  45  174  100 28.864286 16.135714
  65  270  120 45.429762 19.570238
   8   14   33 2.409524 5.590476
  27   52  111 8.796429 18.203571
  76  378   77 63.184524 12.815476
   8   16   29 2.954762 5.045238
  16   28   72 4.650000 11.350000
  71  330   96 55.009524 15.990476
  13   20   59 3.328571 9.671429
  16   30   65 5.064286 10.935714
  73  358   81 59.754762 13.245238
  17   46   57 7.614286 9.385714
  10   24   34 4.152381 5.847619
  79  404   70 67.279762 11.720238
  14   22   61 3.840476 10.159524
   7   18   25 3.004762 3.995238
  70  356   64 59.217460 10.782540
  16   34   61 5.757143 10.242857
  14   52   33 8.809524 5.190476
  72  366   66 61.134524 10.865476
  13   24   56 3.885714 9.114286
  15   44   44 7.460714 7.539286
  70  344   75 57.476190 12.523810
  12   18   54 3.095238 8.904762
  18   58   51 9.652381 8.347619
  78  390   72 65.638095 12.361905
  15   44   49 7.195238 7.804762
   7    8   37 1.261905 5.738095
  78  402   65 67.058333 10.941667
  18   50   59 8.331746 9.668254
   4    6   18 1.019048 2.980952
  66  308   88 51.484524 14.515476
  34  116   88 19.595238 14.404762
  76  366   85 61.603571 14.396429
  24   64   85 10.428571 13.571429
  72  356   76 59.621429 12.378571
  28   92   76 15.576190 12.423810
  67  308   92 51.671429 15.328571
  33  108   92 18.228175 14.771825
  81  408   77 68.186905 12.813095
  19   38   77 6.366667 12.633333
  73  366   75 60.746429 12.253571
  27   84   75 14.191667 12.808333
  70  330   89 55.335714 14.664286
  30   92   89 15.352381 14.647619
  75  364   84 61.211905 13.788095
  25   68   84 11.327381 13.672619
  71  336   89 56.214286 14.785714
  29   86   89 14.440476 14.559524
  68  326   81 54.335714 13.664286
  32  112   81 18.678571 13.321429
  63  294   81 49.290476 13.709524
  37  144   81 23.804762 13.195238
  66  302   92 51.116667 14.883333
  34  114   92 19.111905 14.888095
  75  376   77 62.661905 12.338095
  25   70   77 12.104762 12.895238
  72  358   74 59.622619 12.377381
  28   94   74 15.885714 12.114286
  73  354   80 59.235714 13.764286
  27   86   80 13.990476 13.009524
  74  376   72 62.505952 11.494048
  26   80   72 13.852381 12.147619
  65  308   79 51.495238 13.504762
  35  134   79 22.171429 12.828571
  60  264   95 44.092857 15.907143
  40  146   95 24.533333 15.466667
  61  270   96 45.288095 15.711905
  39  138   96 23.246429 15.753571
  66  310   83 52.327778 13.672222
  34  124   83 20.571429 13.428571
  62  276   94 46.095238 15.904762
  38  136   94 22.585714 15.414286
  69  332   84 55.303571 13.696429
  31  100   84 16.971429 14.028571
  75  380   70 63.528571 11.471429
  25   80   70 13.566667 11.433333
  74  388   57 64.501190 9.498810
  26   98   57 16.380952 9.619048
  76  402   58 66.666667 9.333333
  24   82   58 13.847619 10.152381
  84  446   58 74.338095 9.661905
  16   38   58 6.380952 9.619048
  90  500   41 83.423810 6.576190
  10   18   41 3.147619 6.852381
  94  536   28 89.407143 4.592857
   6    8   28 1.285714 4.714286
  93  526   33 87.646429 5.353571
   7    8   33 1.366667 5.633333
  94  538   28 89.539286 4.460714
   6    6   28 1.100000 4.900000
  96  560   18 93.159524 2.840476
   4    4   18 0.750000 3.250000
  90  504   36 84.147619 5.852381
  10   24   36 4.119048 5.880952
  90  502   36 83.814286 6.185714
  10   26   36 4.314286 5.685714
  97  564   17 94.145238 2.854762
   3    2   17 0.333333 2.666667
  98  574   12 95.828571 2.171429
   2    2   12 0.291667 1.708333
 100  600    0 100.000000 0.000000
