   4   10   16 1.547619 2.452381
   4    6   18 1.019048 2.980952
   1    0    6 0.000000 1.000000
   2    2   10 0.333333 1.666667
   1    0    7 0.000000 1.000000
   3    6   13 0.983333 2.016667
   2    2    9 0.366667 1.633333
   1    0    6 0.000000 1.000000
   1    0    5 0.000000 1.000000
   1    0    6 0.000000 1.000000
   1    0    7 0.000000 1.000000
   1    0    7 0.000000 1.000000
   2    2    9 0.366667 1.633333
   3    4   13 0.742857 2.257143
   1    0    7 0.000000 1.000000
   1    0    5 0.000000 1.000000
   2    0   13 0.000000 2.000000
   4    8   16 1.376190 2.623810
   2    2    9 0.366667 1.633333
   3    4   14 0.666667 2.333333
   1    0    7 0.000000 1.000000
   3    6   12 1.019048 1.980952
   1    0    5 0.000000 1.000000
   2    2   11 0.309524 1.690476
   1    0    5 0.000000 1.000000
   2    2   11 0.309524 1.690476
   1    0    6 0.000000 1.000000
   1    0    6 0.000000 1.000000
   7   16   27 2.661905 4.338095
   1    0    6 0.000000 1.000000
   1    0    7 0.000000 1.000000
   2    2    9 0.366667 1.633333
   2    2    9 0.366667 1.633333
   1    0    6 0.000000 1.000000
   1    0    7 0.000000 1.000000
   1    0    6 0.000000 1.000000
   1    0    5 0.000000 1.000000
   3    4   15 0.619048 2.380952
   1    0    6 0.000000 1.000000
   2    2    8 0.400000 1.600000
   1    0    6 0.000000 1.000000
   1    0    5 0.000000 1.000000
   1    0    5 0.000000 1.000000
   2    2   10 0.333333 1.666667
   8   26   20 4.523810 3.476190
   2    2   10 0.333333 1.666667
   1    0    7 0.000000 1.000000
   1    0    6 0.000000 1.000000
   3    4   12 0.766667 2.233333
   3    6   14 0.904762 2.095238
   2    2   11 0.309524 1.690476
   2    0   12 0.000000 2.000000
   2    2    9 0.366667 1.633333
   4    6   19 0.938095 3.061905
   2    2    9 0.366667 1.633333
   3    4   13 0.733333 2.266667
   3    4   12 0.766667 2.233333
   2    2   11 0.309524 1.690476
   1    0    7 0.000000 1.000000
   5   14   17 2.257143 2.742857
   1    0    7 0.000000 1.000000
   3    2   16 0.309524 2.690476
  12   44   26 7.588095 4.411905
   5   14   16 2.375000 2.625000
   1    0    6 0.000000 1.000000
   2    2   10 0.333333 1.666667
  10   24   30 4.275000 5.725000
   1    0    6 0.000000 1.000000
   1    0    7 0.000000 1.000000
   1    0    6 0.000000 1.000000
   5   14   17 2.261905 2.738095
   2    0   13 0.000000 2.000000
   1    0    6 0.000000 1.000000
   1    0    6 0.000000 1.000000
   1    0    7 0.000000 1.000000
   1    0    6 0.000000 1.000000
   2    2   10 0.342857 1.657143
   7   12   33 2.004762 4.995238
   1    0    6 0.000000 1.000000
   6   18   16 3.114286 2.885714
   6   12   28 1.903571 4.096429
   3    4   13 0.700000 2.300000
   1    0    7 0.000000 1.000000
   2    2    9 0.366667 1.633333
   3    6   12 1.000000 2.000000
   3    2   16 0.333333 2.666667
   4    4   19 0.700000 3.300000
   3    4   12 0.766667 2.233333
   7   22   21 3.595238 3.404762
   6   16   19 2.795238 3.204762
   2    2    9 0.366667 1.633333
   2    2   10 0.333333 1.666667
   1    0    6 0.000000 1.000000
   1    0    7 0.000000 1.000000
  15   56   36 9.295238 5.704762
   3    6   12 1.019048 1.980952
   6    8   29 1.326190 4.673810
   1    0    6 0.000000 1.000000
   2    2   11 0.309524 1.690476
   1    0    7 0.000000 1.000000
   3    6   13 0.952381 2.047619
   1    0    7 0.000000 1.000000
  10   26   31 4.438095 5.561905
  11   32   34 5.222619 5.777381
   9   22   29 3.833333 5.166667
   2    2   12 0.291667 1.708333
   2    2   10 0.342857 1.657143
   2    2   10 0.333333 1.666667
   1    0    7 0.000000 1.000000
   8   20   30 3.209524 4.790476
   9   24   30 4.057143 4.942857
   4    6   19 0.952381 3.047619
   2    0   14 0.000000 2.000000
   1    0    8 0.000000 1.000000
   2    2   11 0.309524 1.690476
   4    8   15 1.361905 2.638095
  13   48   28 8.128571 4.871429
   7   14   24 2.566667 4.433333
   4   10   14 1.695238 2.304762
   1    0    6 0.000000 1.000000
   7   16   25 2.704762 4.295238
   8   22   28 3.598810 4.401190
  20   72   46 12.233333 7.766667
   6   14   22 2.352381 3.647619
   2    2    9 0.366667 1.633333
   1    0    6 0.000000 1.000000
   1    0    7 0.000000 1.000000
   9   18   37 3.114286 5.885714
  11   32   34 5.300000 5.700000
   5    8   19 1.428571 3.571429
   3    6   12 1.019048 1.980952
   3    6   11 1.066667 1.933333
  12   42   30 7.042857 4.957143
  13   38   37 6.638095 6.361905
   2    2   11 0.309524 1.690476
   2    0   11 0.000000 2.000000
  15   52   40 8.566667 6.433333
  16   54   44 8.752381 7.247619
   1    0    6 0.000000 1.000000
   6   12   24 2.028571 3.971429
   1    0    7 0.000000 1.000000
   1    0    6 0.000000 1.000000
  20   60   62 9.914286 10.085714
  12   18   51 3.228571 8.771429
   3    4   13 0.700000 2.300000
   2    2   10 0.342857 1.657143
   1    0    6 0.000000 1.000000
   6   12   24 2.000000 4.000000
  26   90   65 15.328571 10.671429
   1    0    6 0.000000 1.000000
  15   48   44 8.014286 6.985714
   3    4   14 0.666667 2.333333
   9   24   31 4.079762 4.920238
   1    0    6 0.000000 1.000000
   1    0    6 0.000000 1.000000
  19   56   59 9.227381 9.772619
  15   30   59 5.100000 9.900000
   6   12   22 2.166667 3.833333
   1    0    6 0.000000 1.000000
   3    4   15 0.642857 2.357143
  27  100   59 16.903571 10.096429
  20   78   43 13.148810 6.851190
   3    4   17 0.571429 2.428571
   5    4   26 0.676190 4.323810
   1    0    8 0.000000 1.000000
  21   66   58 11.223810 9.776190
  21   50   75 8.561905 12.438095
   3    4   13 0.700000 2.300000
   3    6   12 1.019048 1.980952
  19   46   74 7.457143 11.542857
  19   60   52 10.366667 8.633333
   2    0   11 0.000000 2.000000
  11   28   37 4.695238 6.304762
   1    0    6 0.000000 1.000000
  19   58   58 9.566667 9.433333
  27   80   89 13.251190 13.748810
   5    8   22 1.338095 3.661905
   1    0    6 0.000000 1.000000
   9   14   42 2.223810 6.776190
  17   38   58 6.726190 10.273810
  21   66   55 11.540476 9.459524
   1    0    6 0.000000 1.000000
  15   34   57 5.671429 9.328571
  29   82   91 13.847619 15.152381
   1    0    6 0.000000 1.000000
  12   32   39 5.371429 6.628571
  30  104   76 17.596429 12.403571
  12   26   47 4.357143 7.642857
   1    0    6 0.000000 1.000000
   9   10   45 1.676190 7.323810
  25   56   90 9.557143 15.442857
  16   42   54 6.933333 9.066667
  33  132   67 22.019048 10.980952
  16   46   52 7.585714 8.414286
  15   36   58 5.969048 9.030952
  23   56   79 9.695238 13.304762
  16   48   51 7.976190 8.023810
  30  126   56 21.261905 8.738095
  16   34   56 6.038095 9.961905
  14   30   55 5.023810 8.976190
  24   72   72 12.020238 11.979762
  18   46   60 7.947619 10.052381
  29   96   76 16.270635 12.729365
  15   50   43 8.196429 6.803571
  22   68   63 11.476190 10.523810
  19   38   75 6.447619 12.552381
  22   68   65 11.304762 10.695238
  21   64   65 10.552381 10.447619
  16   36   58 6.066667 9.933333
  20   70   49 11.764286 8.235714
  27   90   67 15.352381 11.647619
  15   36   53 6.142857 8.857143
  28  118   53 19.804762 8.195238
  10   26   38 4.139286 5.860714
  29  108   66 18.357143 10.642857
  21   50   77 8.238095 12.761905
  14   38   47 6.385714 7.614286
  23   88   50 14.795238 8.204762
  13   24   52 4.271429 8.728571
  32  126   67 20.985714 11.014286
  26   72   80 12.357143 13.642857
  13   24   57 3.929762 9.070238
  18   52   58 8.502381 9.497619
  11   28   36 4.833333 6.166667
  18   50   54 8.557143 9.442857
  37  128   93 21.657143 15.342857
  17   54   47 9.236905 7.763095
  27   94   73 15.633333 11.366667
   1    0    7 0.000000 1.000000
  12   16   55 2.804762 9.195238
  42  162   87 27.594048 14.405952
   8   18   29 2.985714 5.014286
  36  134   87 22.095238 13.904762
   2    2   10 0.333333 1.666667
  13   20   56 3.414286 9.585714
  41  148   95 25.171429 15.828571
  12   36   35 6.028571 5.971429
  30  108   77 17.666667 12.333333
   4    6   19 1.000000 3.000000
  24   84   64 13.730952 10.269048
  36  128   91 21.326190 14.673810
  17   46   50 7.983333 9.016667
  18   50   60 8.333333 9.666667
   5    6   21 1.100000 3.900000
  28  104   64 17.495238 10.504762
  33  126   76 20.885714 12.114286
  14   32   52 5.433333 8.566667
  21   70   51 12.157143 8.842857
   4    4   21 0.642857 3.357143
  27   76   84 12.719048 14.280952
  31   92   98 15.309524 15.690476
  29   90   81 15.257143 13.742857
  11   20   47 3.313095 7.686905
   2    0   12 0.000000 2.000000
  22   52   80 8.780952 13.219048
  34  112   88 19.010714 14.989286
  30   90   93 15.005952 14.994048
  13   30   49 4.980952 8.019048
   1    0    6 0.000000 1.000000
  26   84   75 14.007143 11.992857
  24   68   79 11.271429 12.728571
  31   98   84 16.727381 14.272619
  17   58   41 9.840476 7.159524
   2    2   11 0.309524 1.690476
  26   82   75 13.785714 12.214286
  34  112   86 19.240476 14.759524
  23   56   86 9.244048 13.755952
  17   50   53 8.280952 8.719048
  12   24   50 3.895238 8.104762
  34  120   85 19.804762 14.195238
  27   92   69 15.547619 11.452381
  27  114   46 19.094048 7.905952
  13   36   47 5.866667 7.133333
  33  104   93 17.641667 15.358333
  25   72   76 12.366667 12.633333
  29  112   60 18.885714 10.114286
  17   60   38 10.442857 6.557143
  36  154   63 25.738095 10.261905
  22   80   52 13.552381 8.447619
  25  102   51 17.001190 7.998810
  14   54   29 9.167857 4.832143
  42  178   70 30.061905 11.938095
  26  100   58 16.614286 9.385714
  18   56   55 9.266667 8.733333
  10   30   35 4.714286 5.285714
  46  208   61 35.030952 10.969048
  30  126   58 20.852381 9.147619
  14   34   48 5.871429 8.128571
   6    6   30 1.009524 4.990476
  54  236   86 39.711905 14.288095
  23   80   55 13.528571 9.471429
  17   46   61 7.376190 9.623810
   6    6   29 1.076190 4.923810
  58  258   88 43.347619 14.652381
  18   52   53 8.852381 9.147619
  18   52   62 8.233333 9.766667
   5   10   23 1.559524 3.440476
  62  284   85 48.078571 13.921429
  16   50   46 8.309524 7.690476
  17   48   54 8.208333 8.791667
  10   32   26 5.500000 4.500000
  65  294   97 49.030952 15.969048
  13   28   49 4.784524 8.215476
  12   30   44 5.100000 6.900000
   7   16   27 2.619048 4.380952
  60  268   91 44.842857 15.157143
  17   44   55 7.591667 9.408333
  16   50   49 8.171429 7.828571
   8   16   31 2.828571 5.171429
  52  214   97 36.022619 15.977381
  24   72   71 12.230952 11.769048
  16   40   59 6.542857 9.457143
  12   34   40 5.747619 6.252381
  58  244  101 40.947619 17.052381
  13   28   54 4.480952 8.519048
  17   50   49 8.638095 8.361905
  12   26   48 4.366667 7.633333
  60  252  107 42.148810 17.851190
  16   34   62 5.742857 10.257143
  12   18   53 3.095238 8.904762
  13   32   48 5.400000 7.600000
  58  232  114 38.772619 19.227381
  14   28   57 4.709524 9.290476
  15   44   45 7.514286 7.485714
   9   16   36 2.916667 6.083333
  66  284  111 47.534524 18.465476
  11   28   41 4.576190 6.423810
  14   30   54 5.017857 8.982143
   6    8   30 1.328571 4.671429
  71  314  116 52.307143 18.692857
  11   22   40 3.866667 7.133333
  12   14   56 2.452381 9.547619
   8   16   33 2.638095 5.361905
  80  390   88 65.373810 14.626190
   6    6   30 0.961905 5.038095
   6    8   29 1.319048 4.680952
   9   20   35 3.419048 5.580952
  79  400   76 66.698810 12.301190
  10   28   30 4.847619 5.152381
   2    0   11 0.000000 2.000000
   7   10   31 1.700000 5.300000
  85  446   64 74.346429 10.653571
   7   14   28 2.390476 4.609524
   1    0    7 0.000000 1.000000
  16   56   44 9.150000 6.850000
  79  404   66 67.623810 11.376190
   4    6   18 0.971429 3.028571
   1    0    6 0.000000 1.000000
  16   58   35 9.884524 6.115476
  79  422   57 69.954762 9.045238
   5    6   22 1.100000 3.900000
  14   52   29 8.933333 5.066667
  82  450   45 74.905952 7.094048
   4    8   16 1.333333 2.666667
   4    6   20 0.959524 3.040476
  88  480   47 80.280952 7.719048
   8   18   29 3.061905 4.938095
   3    6   14 0.904762 2.095238
  93  522   34 87.257143 5.742857
   4    4   20 0.676190 3.323810
   7   22   21 3.619048 3.380952
  93  536   21 89.385714 3.614286
   6   12   24 2.014286 3.985714
  94  540   24 90.030952 3.969048
   8   24   24 4.176190 3.823810
  92  528   24 88.066667 3.933333
  14   48   38 8.002381 5.997619
  86  476   38 79.572619 6.427381
  11   20   49 3.139286 7.860714
  89  482   49 80.600000 8.400000
  12   30   47 4.771429 7.228571
  88  476   47 79.770238 8.229762
   9   20   35 3.394048 5.605952
  91  510   35 85.152381 5.847619
  11   28   36 4.838095 6.161905
  89  500   36 83.180952 5.819048
   8   20   28 3.342857 4.657143
  92  524   28 87.483333 4.516667
   4    8   17 1.309524 2.690476
  96  558   17 93.104762 2.895238
   3    4   14 0.676190 2.323810
  97  568   14 94.773810 2.226190
   2    2   10 0.333333 1.666667
  98  578   10 96.298810 1.701190
   2    2   10 0.333333 1.666667
  98  578   10 96.371429 1.628571
 100  600    0 100.000000 0.000000
