   1    0    6 0.000000 1.000000
   2    2    9 0.366667 1.633333
   2    2   10 0.342857 1.657143
   2    2   11 0.309524 1.690476
   1    0    7 0.000000 1.000000
   1    0    7 0.000000 1.000000
   1    0    7 0.000000 1.000000
   3    6   12 1.019048 1.980952
   4   10   16 1.547619 2.452381
   1    0    7 0.000000 1.000000
   1    0    6 0.000000 1.000000
   4    6   18 1.042857 2.957143
   1    0    6 0.000000 1.000000
   1    0    6 0.000000 1.000000
   1    0    6 0.000000 1.000000
   1    0    7 0.000000 1.000000
   1    0    7 0.000000 1.000000
   5   10   19 1.700000 3.300000
   4    8   15 1.375000 2.625000
   1    0    5 0.000000 1.000000
   1    0    7 0.000000 1.000000
   1    0    6 0.000000 1.000000
   1    0    5 0.000000 1.000000
   3    6   12 1.019048 1.980952
   2    2   10 0.333333 1.666667
   1    0    7 0.000000 1.000000
   1    0    7 0.000000 1.000000
   3    4   11 0.800000 2.200000
   1    0    7 0.000000 1.000000
   2    2    9 0.366667 1.633333
   2    2    8 0.400000 1.600000
   2    2    8 0.416667 1.583333
   1    0    7 0.000000 1.000000
   3    6   12 1.019048 1.980952
   3    4   12 0.766667 2.233333
   1    0    6 0.000000 1.000000
   1    0    6 0.000000 1.000000
   2    2    9 0.366667 1.633333
   1    0    6 0.000000 1.000000
   1    0    6 0.000000 1.000000
   1    0    6 0.000000 1.000000
   3    4   15 0.619048 2.380952
   1    0    6 0.000000 1.000000
   1    0    6 0.000000 1.000000
   2    2   11 0.309524 1.690476
   2    2   10 0.342857 1.657143
   1    0    6 0.000000 1.000000
   2    2    9 0.366667 1.633333
   1    0    7 0.000000 1.000000
   3    4   13 0.742857 2.257143
   1    0    6 0.000000 1.000000
   1    0    5 0.000000 1.000000
   1    0    6 0.000000 1.000000
   1    0    6 0.000000 1.000000
   5   12   19 1.947619 3.052381
   1    0    6 0.000000 1.000000
   1    0    6 0.000000 1.000000
   1    0    7 0.000000 1.000000
   3    6   11 1.066667 1.933333
   1    0    8 0.000000 1.000000
   3    2   16 0.333333 2.666667
   1    0    6 0.000000 1.000000
   1    0    6 0.000000 1.000000
   2    2   12 0.291667 1.708333
   2    0   13 0.000000 2.000000
  10   36   22 6.142857 3.857143
   2    0   13 0.000000 2.000000
   2    2   10 0.333333 1.666667
   1    0    7 0.000000 1.000000
   3    2   15 0.333333 2.666667
   3    6   12 1.019048 1.980952
   1    0    7 0.000000 1.000000
   1    0    6 0.000000 1.000000
   1    0    6 0.000000 1.000000
   4    8   17 1.328571 2.671429
   2    2    9 0.366667 1.633333
   3    2   16 0.309524 2.690476
   2    2   12 0.291667 1.708333
   2    2   11 0.309524 1.690476
   2    2   10 0.342857 1.657143
   1    0    6 0.000000 1.000000
   7   18   24 3.123810 3.876190
   1    0    6 0.000000 1.000000
   2    2    9 0.366667 1.633333
   5   12   16 2.083333 2.916667
   1    0    6 0.000000 1.000000
   3    4   13 0.700000 2.300000
   6   16   20 2.690476 3.309524
   1    0    7 0.000000 1.000000
   1    0    6 0.000000 1.000000
   5   14   17 2.290476 2.709524
  11   36   26 6.357143 4.642857
   4    8   15 1.385714 2.614286
   1    0    7 0.000000 1.000000
   1    0    7 0.000000 1.000000
  12   36   34 6.028571 5.971429
   6   14   22 2.445238 3.554762
   3    2   15 0.333333 2.666667
   9   26   30 4.457143 4.542857
   2    2    8 0.400000 1.600000
   5    6   23 1.033333 3.966667
   2    0   11 0.000000 2.000000
   1    0    6 0.000000 1.000000
   5    8   24 1.261905 3.738095
   1    0    5 0.000000 1.000000
   2    2    8 0.400000 1.600000
   6    8   30 1.304762 4.695238
   1    0    5 0.000000 1.000000
   2    0   12 0.000000 2.000000
   1    0    6 0.000000 1.000000
   5    8   23 1.319048 3.680952
   1    0    6 0.000000 1.000000
   5   14   16 2.395238 2.604762
   1    0    6 0.000000 1.000000
   1    0    7 0.000000 1.000000
   4   10   16 1.635714 2.364286
   3    6   12 1.000000 2.000000
  17   62   38 10.491667 6.508333
   3    6   13 0.952381 2.047619
   1    0    6 0.000000 1.000000
   5   10   21 1.695238 3.304762
   2    0   13 0.000000 2.000000
   2    0   13 0.000000 2.000000
   6    8   27 1.385714 4.614286
   6   16   19 2.680952 3.319048
   4    4   19 0.709524 3.290476
   7   16   24 2.957143 4.042857
   1    0    6 0.000000 1.000000
   1    0    8 0.000000 1.000000
   2    2   10 0.333333 1.666667
   5   10   19 1.752381 3.247619
   9   22   33 3.590476 5.409524
   1    0    6 0.000000 1.000000
   2    2   12 0.285714 1.714286
   1    0    6 0.000000 1.000000
   3    4   13 0.700000 2.300000
   3    6   13 0.952381 2.047619
   7   14   28 2.314286 4.685714
   2    2    9 0.366667 1.633333
   1    0    6 0.000000 1.000000
   1    0    6 0.000000 1.000000
  27  100   62 16.746429 10.253571
   1    0    5 0.000000 1.000000
   8   16   32 2.738095 5.261905
   1    0    7 0.000000 1.000000
   3    2   16 0.333333 2.666667
  10   30   29 5.128571 4.871429
   7   16   26 2.709524 4.290476
   1    0    5 0.000000 1.000000
   7   12   32 1.928571 5.071429
   1    0    7 0.000000 1.000000
   6   14   22 2.295238 3.704762
   9   30   25 4.880952 4.119048
   4    6   17 1.033333 2.966667
   1    0    6 0.000000 1.000000
   2    2   10 0.333333 1.666667
   6   16   21 2.717857 3.282143
   6   10   25 1.742857 4.257143
   4    8   17 1.285714 2.714286
  23   82   53 13.833333 9.166667
   1    0    6 0.000000 1.000000
   2    0   12 0.000000 2.000000
   3    2   18 0.309524 2.690476
   5    6   26 0.977381 4.022619
  11   28   35 4.952381 6.047619
   2    0   12 0.000000 2.000000
   1    0    7 0.000000 1.000000
   4    4   18 0.766667 3.233333
  12   32   36 5.625000 6.375000
   2    0   11 0.000000 2.000000
   5    8   24 1.334524 3.665476
   7   20   22 3.357143 3.642857
  15   54   37 9.009524 5.990476
   2    2   10 0.333333 1.666667
  29  108   68 18.116667 10.883333
   5   12   21 1.861905 3.138095
   3    4   13 0.733333 2.266667
   1    0    6 0.000000 1.000000
  14   56   29 9.313095 4.686905
   2    2    9 0.366667 1.633333
   5   10   20 1.661905 3.338095
  17   58   44 9.633333 7.366667
   3    4   17 0.571429 2.428571
   5    8   21 1.366667 3.633333
   6   16   20 2.685714 3.314286
  10   22   38 3.700000 6.300000
  29  102   68 17.378571 11.621429
   9   30   24 5.095238 3.904762
   3    6   12 1.019048 1.980952
  18   76   33 12.711905 5.288095
   3    4   12 0.766667 2.233333
   3    2   14 0.366667 2.633333
  17   62   43 10.119048 6.880952
   5   10   16 1.900000 3.100000
   3    6   12 1.000000 2.000000
   5    8   23 1.309524 3.690476
  10   28   33 4.700000 5.300000
  24   84   62 14.033333 9.966667
  12   32   37 5.711905 6.288095
   1    0    7 0.000000 1.000000
  19   58   57 9.680952 9.319048
   3    4   15 0.691667 2.308333
   2    2   10 0.333333 1.666667
  13   22   55 3.914286 9.085714
   2    2   10 0.333333 1.666667
   2    0   12 0.000000 2.000000
   7   12   30 2.009524 4.990476
   9   20   32 3.550000 5.450000
  30  100   83 16.754762 13.245238
   9   14   37 2.500000 6.500000
  14   34   50 5.714286 8.285714
   1    0    7 0.000000 1.000000
   2    0   12 0.000000 2.000000
  15   32   53 5.583333 9.416667
   5   12   19 1.976190 3.023810
   4    6   17 1.076190 2.923810
   2    0   13 0.000000 2.000000
  12   38   34 6.395238 5.604762
  36  126   96 20.661905 15.338095
   9   18   35 3.085714 5.914286
   9   14   42 2.371429 6.628571
   1    0    7 0.000000 1.000000
   9   16   39 2.691667 6.308333
   5    8   20 1.400000 3.600000
   3    6   13 0.952381 2.047619
  16   56   42 9.428571 6.571429
  48  176  108 29.792857 18.207143
   7   14   31 2.306349 4.693651
  23   72   66 12.147619 10.852381
  11   18   50 3.020238 7.979762
   2    2    9 0.366667 1.633333
   1    0    7 0.000000 1.000000
  11   24   38 4.358333 6.641667
  45  152  117 25.444048 19.555952
   7   10   31 1.785714 5.214286
  23   68   68 11.597619 11.402381
  12   24   47 4.085714 7.914286
   2    2   11 0.309524 1.690476
   4    2   22 0.333333 3.666667
  52  196  119 32.713095 19.286905
   6    8   31 1.325000 4.675000
  20   36   77 6.619048 13.380952
  11   20   50 3.242857 7.757143
   2    2   10 0.333333 1.666667
   5    6   24 1.028571 3.971429
  56  220  116 37.000000 19.000000
   7   10   30 1.969048 5.030952
  12   14   61 2.347619 9.652381
  13   34   43 5.776190 7.223810
   3    6   12 1.019048 1.980952
   6   10   26 1.641667 4.358333
  59  264   90 44.361905 14.638095
  13   32   46 5.276190 7.723810
  13   18   58 3.085714 9.914286
   9   22   29 3.861905 5.138095
  10   30   28 5.135714 4.864286
   4    6   19 0.961905 3.038095
  51  226   86 37.366667 13.633333
  13   28   49 4.652381 8.347619
  14   36   46 6.071429 7.928571
  13   42   36 7.115476 5.884524
   9   28   26 4.745238 4.254762
   4    6   18 1.009524 2.990476
  47  220   65 36.563095 10.436905
  27   94   69 15.695238 11.304762
  10   30   30 5.038095 4.961905
  14   34   47 5.971429 8.028571
   8   16   33 2.690476 5.309524
   4    6   17 1.066667 2.933333
  37  162   62 27.111905 9.888095
  34  116   88 19.632143 14.367857
  12   24   48 3.933333 8.066667
  13   24   57 3.933333 9.066667
   6    6   29 1.076190 4.923810
   2    2    9 0.366667 1.633333
  33  124   73 20.823810 12.176190
  37  138   81 23.383333 13.616667
  13   32   50 5.135714 7.864286
  13   40   41 6.570238 6.429762
   2    0   13 0.000000 2.000000
   6   18   18 3.057143 2.942857
  29   94   75 16.152381 12.847619
  34  122   83 20.447619 13.552381
   7   14   29 2.304762 4.695238
  16   48   45 8.333333 7.666667
   1    0    6 0.000000 1.000000
  10   32   26 5.528571 4.471429
  32  118   77 19.614286 12.385714
  28   84   86 14.143651 13.856349
   4    8   14 1.542857 2.457143
  19   56   59 9.228571 9.771429
   3    6   13 0.983333 2.016667
  13   42   35 7.023810 5.976190
  33  130   67 21.833333 11.166667
  26   74   76 12.861905 13.138095
   3    4   15 0.642857 2.357143
  14   32   52 5.414286 8.585714
   2    0   12 0.000000 2.000000
  22   80   51 13.698810 8.301190
  33  130   74 21.383333 11.616667
  25   88   64 14.585714 10.414286
   3    2   17 0.309524 2.690476
   5    0   31 0.000000 5.000000
   5    6   23 1.033333 3.966667
  22   70   61 11.842857 10.157143
  40  162   76 27.138095 12.861905
  35  134   71 22.669048 12.330952
   1    0    6 0.000000 1.000000
   3    0   19 0.000000 3.000000
   2    2   10 0.342857 1.657143
  18   64   45 10.768254 7.231746
  41  182   67 30.132143 10.867857
  37  158   66 26.361905 10.638095
   2    0   12 0.000000 2.000000
   3    4   13 0.733333 2.266667
  13   26   55 4.433333 8.566667
  45  188   78 32.044048 12.955952
  28   98   71 16.228571 11.771429
   6   16   20 2.625000 3.375000
   6   10   24 1.816667 4.183333
  19   42   75 6.857143 12.142857
  41  160   84 26.928571 14.071429
  37  140   82 23.595238 13.404762
   2    2   10 0.333333 1.666667
   3    4   12 0.766667 2.233333
  16   32   62 5.564286 10.435714
  42  170   86 28.233333 13.766667
  36  138   80 22.935714 13.064286
   2    2   10 0.342857 1.657143
  14   34   51 5.552381 8.447619
  48  210   75 35.551190 12.448810
  43  148  107 24.870238 18.129762
   1    0    7 0.000000 1.000000
  14   38   48 6.209524 7.790476
  42  182   70 30.265476 11.734524
  37  106  114 17.795238 19.204762
   1    0    8 0.000000 1.000000
  19   52   62 8.885714 10.114286
  43  178   80 29.559524 13.440476
  35  116   93 19.616667 15.383333
  19   50   63 8.514286 10.485714
  46  202   76 33.571429 12.428571
  25   64   91 10.438095 14.561905
  26   86   70 14.496429 11.503571
  49  214   75 36.397619 12.602381
  30  102   80 17.239286 12.760714
  20   46   74 7.792857 12.207143
  50  214   84 36.110714 13.889286
  31   98   92 15.995238 15.004762
  21   66   56 11.378571 9.621429
  48  220   68 36.771429 11.228571
  33   92  106 15.473810 17.526190
  26  106   52 17.695238 8.304762
  41  178   66 29.947619 11.052381
  25   54   98 8.935714 16.064286
  34  130   68 22.200000 11.800000
  41  190   60 31.508333 9.491667
  24   60   89 9.901190 14.098810
  35  152   58 25.433333 9.566667
  41  170   71 28.842857 12.157143
  26   54   99 9.367857 16.632143
  37  152   74 25.066667 11.933333
  37  152   69 25.530952 11.469048
  27   64  100 10.734524 16.265476
  42  172   77 28.860714 13.139286
  31  126   61 20.998810 10.001190
  28   78   94 12.885714 15.114286
  42  166   82 28.033333 13.966667
  30  124   56 20.839286 9.160714
  29   84   94 13.883333 15.116667
  37  136   83 23.027381 13.972619
  34  140   63 23.595238 10.404762
  22   46   82 7.983333 14.016667
  46  184   96 30.430952 15.569048
  32  122   70 20.582143 11.417857
  28   82   86 13.659524 14.340476
  37  134   90 22.286905 14.713095
  35  140   68 23.526190 11.473810
  37  130   92 21.780952 15.219048
  27   80   80 13.408333 13.591667
  36  138   80 22.936905 13.063095
  26   84   75 13.908333 12.091667
  39  168   66 28.242857 10.757143
  35  130   77 21.990476 13.009524
  29   96   78 16.203571 12.796429
  25   86   65 14.252381 10.747619
  46  208   67 34.934524 11.065476
  23   76   60 12.897619 10.102381
  37  164   61 27.197619 9.802381
  40  166   73 28.054762 11.945238
  19   70   43 11.919048 7.080952
  35  134   80 22.194048 12.805952
  46  184   89 30.861905 15.138095
  15   50   43 8.185714 6.814286
  40  140   98 23.680952 16.319048
  45  184   85 30.983333 14.016667
  23   90   48 15.214286 7.785714
  25   62   94 10.138095 14.861905
  52  214   92 36.352381 15.647619
  17   58   43 9.708333 7.291667
  24   64   80 10.790476 13.209524
  59  284   71 47.397619 11.602381
  16   46   48 7.828571 8.171429
  27   98   66 16.319048 10.680952
  57  280   62 46.752381 10.247619
  15   56   35 9.386905 5.613095
  33  128   69 21.471429 11.528571
  52  248   64 41.534524 10.465476
   9   18   34 3.195238 5.804762
  28   94   75 15.733333 12.266667
  63  298   81 50.063095 12.936905
   7   12   31 1.914286 5.085714
  30  102   80 17.100000 12.900000
  63  296   79 49.513095 13.486905
   5    6   25 0.976190 4.023810
  27   82   78 13.880952 13.119048
  68  336   73 56.136905 11.863095
   2    0   13 0.000000 2.000000
  28   92   76 15.514286 12.485714
  70  350   69 58.509524 11.490476
   4    6   20 0.904762 3.095238
  21   60   66 9.925000 11.075000
  75  376   72 62.795238 12.204762
  23   62   72 10.733333 12.266667
  77  394   72 65.598810 11.401190
  27   96   65 16.116667 10.883333
  73  374   65 62.211905 10.788095
  31  104   80 17.566667 13.433333
  69  336   80 55.861905 13.138095
  33   90  105 15.309524 17.690476
  67  300  105 50.005952 16.994048
  39  138   97 23.185714 15.814286
  61  268   97 44.686905 16.313095
  46  172   99 29.182143 16.817857
  54  230   99 38.379762 15.620238
  39  130  105 21.721429 17.278571
  61  260  105 43.579762 17.420238
  34  112   92 18.892857 15.107143
  66  304   92 50.690476 15.309524
  37  136   92 22.516667 14.483333
  63  280   92 47.427381 15.572619
  37  110  113 18.497619 18.502381
  63  264  113 44.238095 18.761905
  40  128  112 21.690476 18.309524
  60  248  112 41.713095 18.286905
  51  200  104 33.685714 17.314286
  49  192  104 31.921429 17.078571
  49  186  110 31.144048 17.855952
  51  194  110 32.428571 18.571429
  65  286  105 47.601190 17.398810
  35  104  105 17.376190 17.623810
  66  292  105 48.819048 17.180952
  34   98  105 16.464286 17.535714
  76  368   89 61.655952 14.344048
  24   54   89 9.190476 14.809524
  78  420   50 69.728571 8.271429
  22   80   50 13.657143 8.342857
  78  408   63 67.746429 10.253571
  22   66   63 11.219048 10.780952
  81  426   61 71.021429 9.978571
  19   52   61 8.690476 10.309524
  85  452   58 75.578571 9.421429
  15   32   58 5.430952 9.569048
  85  458   55 76.173810 8.826190
  15   32   55 5.638095 9.361905
  86  454   60 75.932143 10.067857
  14   26   60 4.278571 9.721429
  84  446   59 74.282143 9.717857
  16   36   59 6.009524 9.990476
  78  424   47 70.367857 7.632143
  22   82   47 14.061905 7.938095
  64  316   71 52.519048 11.480952
  36  142   71 24.052381 11.947619
  71  344   78 57.657143 13.342857
  29  100   78 16.235714 12.764286
  80  412   64 69.116667 10.883333
  20   60   64 9.958333 10.041667
  78  392   72 65.523810 12.476190
  22   64   72 10.479762 11.520238
  78  410   60 68.353968 9.646032
  22   70   60 11.985714 10.014286
  79  416   63 68.922619 10.077381
  21   58   63 10.040476 10.959524
  73  368   69 61.638095 11.361905
  27   94   69 15.638095 11.361905
  60  278   83 46.713095 13.286905
  40  156   83 26.503571 13.496429
  57  240  105 40.051190 16.948810
  43  150  105 25.519048 17.480952
  58  232  110 39.254762 18.745238
  42  148  110 24.472619 17.527381
  65  282  105 47.427381 17.572619
  35  108  105 18.109524 16.890476
  64  280  103 46.919048 17.080952
  36  114  103 18.980952 17.019048
  61  274   92 45.775000 15.225000
  39  142   92 23.800000 15.200000
  68  314   96 52.214286 15.785714
  32   94   96 15.771429 16.228571
  67  306   96 51.123810 15.876190
  33  102   96 17.219048 15.780952
  66  294   98 49.498810 16.501190
  34  110   98 18.282143 15.717857
  65  304   82 50.955952 14.044048
  35  132   82 21.764286 13.235714
  62  302   73 50.172619 11.827381
  38  152   73 25.495238 12.504762
  63  306   72 51.039286 11.960714
  37  150   72 25.033333 11.966667
  60  284   79 47.058333 12.941667
  40  158   79 26.532143 13.467857
  55  244   89 40.625000 14.375000
  45  178   89 30.097619 14.902381
  58  258   88 43.257937 14.742063
  42  166   88 27.480952 14.519048
  52  238   77 39.261905 12.738095
  48  208   77 34.885714 13.114286
  52  242   75 40.211905 11.788095
  48  208   75 35.280952 12.719048
  46  224   52 37.378571 8.621429
  54  272   52 45.580952 8.419048
  35  142   65 24.230952 10.769048
  65  328   65 54.773810 10.226190
  38  156   72 26.100000 11.900000
  62  300   72 50.264286 11.735714
  40  158   83 26.351190 13.648810
  60  276   83 46.155952 13.844048
  39  158   78 26.308333 12.691667
  61  286   78 47.945238 13.054762
  33  136   69 22.303571 10.696429
  67  326   69 54.871429 12.128571
  43  166   96 27.379762 15.620238
  57  242   96 40.816667 16.183333
  40  136  106 22.866667 17.133333
  60  252  106 42.385714 17.614286
  30  100   80 16.876190 13.123810
  70  340   80 56.864286 13.135714
  21   52   71 9.040476 11.959524
  79  406   71 67.257143 11.742857
  18   38   68 6.485714 11.514286
  82  426   68 71.205952 10.794048
  15   40   48 6.904762 8.095238
  85  464   48 77.222222 7.777778
  13   36   46 5.797619 7.202381
  87  472   46 79.219048 7.780952
  17   54   48 8.983333 8.016667
  83  450   48 75.019048 7.980952
  13   40   37 6.747619 6.252381
  87  486   37 80.880952 6.119048
  11   32   33 5.530952 5.469048
  89  502   33 83.719048 5.280952
  16   58   37 9.919048 6.080952
  84  468   37 78.066667 5.933333
  20   84   39 13.952381 6.047619
  80  438   39 73.409524 6.590476
  13   42   35 7.134524 5.865476
  87  488   35 81.339286 5.660714
  19   54   57 9.219048 9.780952
  81  432   57 71.947619 9.052381
  11   20   50 3.180952 7.819048
  89  480   50 80.636905 8.363095
   9   10   45 1.661905 7.338095
  91  500   45 83.489286 7.510714
   6    4   31 0.700000 5.300000
  94  534   31 88.985714 5.014286
   1    0    6 0.000000 1.000000
  99  588    6 98.023810 0.976190
   1    0    6 0.000000 1.000000
  99  588    6 98.000000 1.000000
 100  600    0 100.000000 0.000000
