   1    0    6 0.000000 1.000000
   1    0    6 0.000000 1.000000
   1    0    7 0.000000 1.000000
   1    0    7 0.000000 1.000000
   2    2    9 0.366667 1.633333
   6   18   17 3.152381 2.847619
   2    2   10 0.333333 1.666667
   1    0    8 0.000000 1.000000
   1    0    6 0.000000 1.000000
   2    2   10 0.333333 1.666667
   1    0    6 0.000000 1.000000
   2    2   10 0.333333 1.666667
   2    2   10 0.333333 1.666667
   1    0    6 0.000000 1.000000
   1    0    7 0.000000 1.000000
   1    0    6 0.000000 1.000000
   1    0    6 0.000000 1.000000
   1    0    6 0.000000 1.000000
   3    4   13 0.700000 2.300000
   8   26   22 4.480952 3.519048
   1    0    6 0.000000 1.000000
   1    0    7 0.000000 1.000000
   2    0   13 0.000000 2.000000
   2    2   11 0.309524 1.690476
   1    0    7 0.000000 1.000000
   2    2   11 0.309524 1.690476
   2    2    9 0.366667 1.633333
   2    2    9 0.366667 1.633333
   1    0    6 0.000000 1.000000
   6   18   17 3.071429 2.928571
   4   10   13 1.785714 2.214286
   1    0    6 0.000000 1.000000
   1    0    6 0.000000 1.000000
   1    0    6 0.000000 1.000000
   2    2   10 0.333333 1.666667
   1    0    6 0.000000 1.000000
   2    2    9 0.366667 1.633333
   1    0    7 0.000000 1.000000
   9   30   21 5.179762 3.820238
   4    8   16 1.333333 2.666667
   4   10   13 1.766667 2.233333
   1    0    6 0.000000 1.000000
   1    0    5 0.000000 1.000000
   1    0    5 0.000000 1.000000
   1    0    7 0.000000 1.000000
   1    0    7 0.000000 1.000000
   1    0    7 0.000000 1.000000
   3    4   13 0.733333 2.266667
   1    0    7 0.000000 1.000000
   1    0    6 0.000000 1.000000
   1    0    6 0.000000 1.000000
   1    0    6 0.000000 1.000000
   1    0    6 0.000000 1.000000
   1    0    6 0.000000 1.000000
   8   22   25 3.700000 4.300000
   1    0    6 0.000000 1.000000
   1    0    6 0.000000 1.000000
   1    0    7 0.000000 1.000000
   2    2   10 0.342857 1.657143
   3    6   12 1.019048 1.980952
   2    2   12 0.285714 1.714286
   1    0    7 0.000000 1.000000
   1    0    5 0.000000 1.000000
   5   10   21 1.595238 3.404762
   4   10   15 1.595238 2.404762
   4    6   15 1.133333 2.866667
   2    2   11 0.309524 1.690476
   2    2   10 0.333333 1.666667
   1    0    6 0.000000 1.000000
   1    0    7 0.000000 1.000000
   1    0    6 0.000000 1.000000
   4   10   16 1.547619 2.452381
   2    2    9 0.366667 1.633333
   2    2    9 0.366667 1.633333
   2    2    8 0.400000 1.600000
   3    2   14 0.366667 2.633333
   6   18   18 2.991667 3.008333
   3    2   16 0.309524 2.690476
   6   14   22 2.407143 3.592857
   3    4   15 0.628571 2.371429
   4   10   14 1.719048 2.280952
   1    0    6 0.000000 1.000000
   2    2   10 0.333333 1.666667
   1    0    6 0.000000 1.000000
   2    2   11 0.325000 1.675000
   5   12   17 2.028571 2.971429
   3    6   13 0.952381 2.047619
   7   22   19 3.804762 3.195238
   1    0    6 0.000000 1.000000
   1    0    8 0.000000 1.000000
   3    6   12 1.019048 1.980952
   6   10   27 1.628571 4.371429
   5    8   24 1.214286 3.785714
   3    4   13 0.700000 2.300000
   2    2   10 0.333333 1.666667
   1    0    7 0.000000 1.000000
   1    0    6 0.000000 1.000000
  10   24   34 4.175000 5.825000
   6   16   17 3.016667 2.983333
   2    2   10 0.342857 1.657143
   2    2   11 0.309524 1.690476
   1    0    7 0.000000 1.000000
   3    4   13 0.700000 2.300000
   2    2   11 0.309524 1.690476
   5   10   19 1.766667 3.233333
   6   16   19 2.761905 3.238095
   4    8   17 1.285714 2.714286
   2    2    9 0.366667 1.633333
   2    2   10 0.333333 1.666667
   4    4   22 0.667857 3.332143
   2    2   11 0.309524 1.690476
   6   10   26 1.628571 4.371429
   4    4   17 0.783333 3.216667
   1    0    6 0.000000 1.000000
   1    0    6 0.000000 1.000000
   3    4   13 0.700000 2.300000
   1    0    6 0.000000 1.000000
   1    0    5 0.000000 1.000000
   9   34   22 5.600000 3.400000
   6   18   17 3.100000 2.900000
   1    0    6 0.000000 1.000000
   1    0    5 0.000000 1.000000
   4    8   16 1.341667 2.658333
   3    6   12 1.000000 2.000000
   3    6   12 1.000000 2.000000
   2    2   10 0.342857 1.657143
  11   26   42 4.247619 6.752381
   5    6   27 0.958333 4.041667
   1    0    5 0.000000 1.000000
   1    0    6 0.000000 1.000000
   3    4   16 0.595238 2.404762
   4    4   21 0.642857 3.357143
   1    0    6 0.000000 1.000000
   1    0    7 0.000000 1.000000
   2    2   12 0.291667 1.708333
   6   10   23 1.861905 4.138095
   1    0    6 0.000000 1.000000
   6   16   23 2.528571 3.471429
   6   12   24 1.995238 4.004762
  10   28   29 4.733333 5.266667
   7   20   21 3.400000 3.600000
   1    0    5 0.000000 1.000000
   3    2   15 0.333333 2.666667
  11   34   30 5.866667 5.133333
   5   10   22 1.571429 3.428571
   1    0    6 0.000000 1.000000
   9   30   24 5.009524 3.990476
   4    8   16 1.385714 2.614286
   5    8   21 1.400000 3.600000
   2    2   10 0.333333 1.666667
  11   20   45 3.461905 7.538095
   3    4   13 0.733333 2.266667
   2    2    9 0.366667 1.633333
   6   14   20 2.466667 3.533333
   1    0    6 0.000000 1.000000
   1    0    6 0.000000 1.000000
  11   30   37 5.114286 5.885714
   1    0    6 0.000000 1.000000
   8   22   26 3.714286 4.285714
   5   10   19 1.728571 3.271429
   5   12   19 1.980952 3.019048
   3    6   12 1.000000 2.000000
   1    0    7 0.000000 1.000000
  16   56   42 9.313095 6.686905
   6   20   17 3.357143 2.642857
  10   22   42 3.452381 6.547619
   9   22   29 3.838095 5.161905
   5    8   21 1.500000 3.500000
   7   18   24 3.090476 3.909524
  20   74   47 12.342857 7.657143
   1    0    6 0.000000 1.000000
   4    4   18 0.733333 3.266667
   3    4   16 0.625000 2.375000
   1    0    7 0.000000 1.000000
   9   14   41 2.276190 6.723810
   8   20   24 3.695238 4.304762
   6   14   20 2.466667 3.533333
   3    0   18 0.000000 3.000000
   1    0    7 0.000000 1.000000
   7   10   33 1.653571 5.346429
   2    0   12 0.000000 2.000000
  15   56   35 9.428571 5.571429
   8   18   31 2.942857 5.057143
   3    4   14 0.666667 2.333333
   3    2   15 0.333333 2.666667
  19   54   62 9.042857 9.957143
  10   26   33 4.433333 5.566667
   2    0   12 0.000000 2.000000
   1    0    7 0.000000 1.000000
  10   18   41 3.090476 6.909524
   8   22   25 3.761905 4.238095
   9   30   24 5.009524 3.990476
   4    2   22 0.333333 3.666667
   6   10   25 1.819048 4.180952
  10   34   26 5.723810 4.276190
   4    2   23 0.342857 3.657143
   2    0   13 0.000000 2.000000
  21   74   56 12.436905 8.563095
   6    6   27 1.142857 4.857143
   2    2   11 0.309524 1.690476
  16   52   42 8.823810 7.176190
   9   24   28 4.166667 4.833333
  14   50   35 8.300000 5.700000
   5    6   26 0.961905 4.038095
  11   26   37 4.614286 6.385714
  10   30   31 5.052381 4.947619
   3    4   12 0.750000 2.250000
   1    0    6 0.000000 1.000000
  15   32   59 5.361905 9.638095
   1    0    7 0.000000 1.000000
  10   18   40 3.228571 6.771429
  26  106   49 17.823810 8.176190
  18   54   52 9.185714 8.814286
   8   10   40 1.590476 6.409524
   8   14   36 2.295238 5.704762
   2    2   13 0.267857 1.732143
   3    6   14 0.904762 2.095238
   3    6   10 1.185714 1.814286
  11   16   50 2.700000 8.300000
   1    0    6 0.000000 1.000000
  10   24   39 3.814286 6.185714
  28  104   59 17.861905 10.138095
  28   96   71 16.185714 11.814286
   6    6   33 0.952381 5.047619
   8    8   37 1.385714 6.614286
   6   18   18 3.041667 2.958333
   3    6   14 0.904762 2.095238
   2    2   11 0.309524 1.690476
  12   22   49 3.885714 8.114286
   3    4   14 0.709524 2.290476
  13   30   46 5.157143 7.842857
  23   76   63 12.757143 10.242857
  26   86   70 14.423810 11.576190
   5    2   28 0.342857 4.657143
   7   14   27 2.395238 4.604762
  13   46   32 7.738095 5.261905
   2    2   11 0.309524 1.690476
   1    0    7 0.000000 1.000000
   6   12   24 2.114286 3.885714
   1    0    5 0.000000 1.000000
   5    4   28 0.709524 4.290476
  23   88   49 14.709524 8.290476
  29  100   71 17.121429 11.878571
  10   28   31 4.904762 5.095238
  10   30   32 4.938095 5.061905
  21   88   37 14.800000 6.200000
   3    2   17 0.333333 2.666667
   8   18   30 3.123810 4.876190
   1    0    6 0.000000 1.000000
   8   16   33 2.704762 5.295238
  14   40   41 7.014286 6.985714
  25   84   70 13.866667 11.133333
  13   40   37 6.834524 6.165476
   7   10   31 1.761905 5.238095
  25  102   48 17.176190 7.823810
   2    2   12 0.291667 1.708333
   9   22   32 3.700000 5.300000
   1    0    6 0.000000 1.000000
   2    0   12 0.000000 2.000000
  16   56   42 9.228571 6.771429
  24   68   75 11.669048 12.330952
  13   38   38 6.442857 6.557143
   8   20   27 3.414286 4.585714
  14   52   34 8.590476 5.409524
   9   24   33 3.826190 5.173810
   5   10   18 1.800000 3.200000
  16   40   54 6.766667 9.233333
  27  110   53 18.408333 8.591667
  16   42   51 7.319048 8.680952
  13   46   33 7.666667 5.333333
   4    4   20 0.652381 3.347619
  11   28   39 4.684524 6.315476
  11   30   34 5.197619 5.802381
  19   46   68 7.733333 11.266667
  25   70   80 11.925000 13.075000
  16   52   46 8.509524 7.490476
  14   44   39 7.433333 6.566667
   6   10   28 1.557143 4.442857
   7   10   32 1.650000 5.350000
   9   28   28 4.617857 4.382143
  25   70   79 11.608333 13.391667
  28   86   80 14.933333 13.066667
  15   34   54 5.883333 9.116667
  10   22   39 3.690476 6.309524
  11   32   33 5.461905 5.538095
   4    4   19 0.709524 3.290476
   8   22   28 3.519048 4.480952
  26   74   80 12.600000 13.400000
  22   66   69 10.828571 11.171429
  17   50   50 8.623810 8.376190
  12   28   45 4.823810 7.176190
   5    4   26 0.700000 4.300000
  15   50   43 8.157143 6.842857
  25   88   61 14.829762 10.170238
  25   78   69 13.266667 11.733333
  23   70   68 11.604762 11.395238
   7    8   35 1.395238 5.604762
  11   32   33 5.414286 5.585714
  15   50   42 8.201190 6.798810
  26  106   50 17.778571 8.221429
  18   54   53 9.119048 8.880952
  14   36   47 5.990476 8.009524
  16   42   55 7.014286 8.985714
  13   38   42 6.214286 6.785714
   9   18   35 3.121429 5.878571
  19   44   67 7.619048 11.380952
  16   46   51 7.733333 8.266667
  16   42   50 7.388095 8.611905
  27   82   85 13.415476 13.584524
  12   28   47 4.438095 7.561905
  14   26   53 4.640476 9.359524
  14   34   51 5.680952 8.319048
  20   76   45 12.761905 7.238095
  18   52   54 8.876190 9.123810
  22   64   70 10.703571 11.296429
  11   38   26 6.547619 4.452381
  15   48   40 8.195238 6.804762
  11   24   41 4.180952 6.819048
  13   36   44 5.819048 7.180952
  20   60   65 9.869048 10.130952
  30   92   86 15.690476 14.309524
   9   24   29 4.200000 4.800000
  17   60   41 10.161905 6.838095
  26  104   49 17.704762 8.295238
   8   16   31 2.742857 5.257143
  18   48   61 8.085714 9.914286
  22   50   87 8.083333 13.916667
   6    8   25 1.533333 4.466667
  15   42   49 7.071429 7.928571
  28  112   54 18.911905 9.088095
   5    8   23 1.328571 3.671429
  19   56   59 9.252381 9.747619
  27   76   88 12.519048 14.480952
   7   14   28 2.314286 4.685714
  11   20   46 3.338095 7.661905
  45  186   81 31.150000 13.850000
   2    2    9 0.366667 1.633333
  16   52   46 8.519048 7.480952
  19   44   72 7.264286 11.735714
  10   28   33 4.633333 5.366667
  12   28   44 4.680952 7.319048
  34  136   69 22.608333 11.391667
   5   12   19 1.960714 3.039286
  17   52   49 8.861905 8.138095
  22   66   64 11.280952 10.719048
   9   14   38 2.433333 6.566667
  10   16   49 2.534524 7.465476
  39  128   99 21.886905 17.113095
   2    2   12 0.285714 1.714286
  14   36   48 5.963095 8.036905
  26   80   78 13.141667 12.858333
  11   14   50 2.471429 8.528571
  25   92   56 15.647619 9.352381
  26   72   81 12.123810 13.876190
   2    0   12 0.000000 2.000000
  10   20   44 3.207143 6.792857
  26   72   87 11.704762 14.295238
  12   24   50 3.923810 8.076190
  15   28   61 4.809524 10.190476
  23   62   77 10.486905 12.513095
   4    4   20 0.666667 3.333333
  13   32   47 5.242857 7.757143
  33  104   91 17.703571 15.296429
   6    4   35 0.642857 5.357143
  19   36   87 5.658333 13.341667
  31  100   85 16.847619 14.152381
   4    8   15 1.395238 2.604762
  19   52   55 9.264286 9.735714
  21   56   67 9.645238 11.354762
   2    0   12 0.000000 2.000000
  19   40   73 6.709524 12.290476
  32  108   87 17.861905 14.138095
   6   16   19 2.795238 3.204762
  22   72   59 12.104762 9.895238
  19   40   74 6.866667 12.133333
   1    0    6 0.000000 1.000000
  29   86   87 14.601190 14.398810
  31  110   77 18.345238 12.654762
   6   16   20 2.680952 3.319048
  19   56   60 9.323810 9.676190
  14   28   54 4.876190 9.123810
  27   82   88 13.385714 13.614286
  24   76   66 13.001190 10.998810
  10   24   34 4.276190 5.723810
  17   46   53 7.914286 9.085714
  22   60   71 10.216667 11.783333
  29   82   86 14.138095 14.861905
  25   76   72 13.047619 11.952381
  11   34   36 5.347619 5.652381
  11   32   36 5.270238 5.729762
  24   72   74 12.069048 11.930952
  32   90  101 15.177381 16.822619
  18   52   58 8.495238 9.504762
   9   22   30 3.790476 5.209524
  13   30   51 4.890476 8.109524
  28   88   78 14.908333 13.091667
  28   54  113 9.316667 18.683333
  22   66   69 10.714286 11.285714
  18   58   45 9.971429 8.028571
  10   10   50 1.811905 8.188095
  22   48   87 8.054762 13.945238
  32  120   72 20.069048 11.930952
  26   74   82 12.452381 13.547619
  22   82   49 13.890476 8.109524
   9   16   42 2.642857 6.357143
  11   12   51 2.166667 8.833333
  27  102   59 17.145238 9.854762
  27  100   65 16.538095 10.461905
  31  126   58 21.233333 9.766667
   5    4   26 0.666667 4.333333
  10   12   48 2.042857 7.957143
  20   46   74 7.852381 12.147619
  35  128   82 21.561905 13.438095
  24   90   54 15.026190 8.973810
   5    8   23 1.328571 3.671429
  16   44   51 7.511905 8.488095
  24   60   84 10.186905 13.813095
  25   74   80 12.085714 12.914286
  32  122   69 20.247619 11.752381
   6   16   20 2.657143 3.342857
  13   26   49 4.471429 8.528571
  30   96   83 16.180952 13.819048
  14   34   49 5.747619 8.252381
  31  130   58 21.428571 9.571429
  13   48   30 7.923810 5.076190
  12   30   42 5.047619 6.952381
  31   96   86 16.438095 14.561905
  20   68   54 11.304762 8.695238
  22   66   69 10.910714 11.089286
  15   56   32 9.559524 5.440476
  12   34   39 5.709524 6.290476
  37  142   79 23.894048 13.105952
  21   62   61 10.576984 10.423016
  23   68   68 11.757143 11.242857
   8   18   30 2.971429 5.028571
  11   30   42 4.770238 6.229762
  49  204   90 34.080952 14.919048
  12   18   54 3.023810 8.976190
  18   56   55 9.175000 8.825000
   7   12   29 2.138095 4.861905
  14   32   50 5.557143 8.442857
  42  150  104 24.802381 17.197619
  22   52   78 8.876190 13.123810
  12   36   40 5.844841 6.155159
  12   40   31 6.850000 5.150000
  12   22   47 3.952381 8.047619
  40  178   60 30.034524 9.965476
  30  106   74 17.780952 12.219048
   8   16   31 2.704762 5.295238
   5    8   24 1.392857 3.607143
  17   56   47 9.311905 7.688095
  36  140   79 23.278571 12.721429
  28   86   81 14.509524 13.490476
   8   18   32 2.957143 5.042857
   7   14   29 2.280952 4.719048
  21   78   43 13.485714 7.514286
  39  138   94 23.276190 15.723810
  30   90   93 14.757143 15.242857
  12   36   34 6.183333 5.816667
   2    0   12 0.000000 2.000000
  17   50   53 8.466667 8.533333
  32  110   86 18.323810 13.676190
  44  162   98 27.285714 16.714286
   9   24   32 3.876190 5.123810
   2    2    9 0.366667 1.633333
  13   28   49 4.819048 8.180952
  45  178   90 30.036905 14.963095
  32  114   79 18.880952 13.119048
   5    8   24 1.261905 3.738095
  18   60   47 10.167857 7.832143
  46  170  108 28.453571 17.546429
  41  154   89 26.014286 14.985714
   3    2   14 0.366667 2.633333
  10   24   39 4.039286 5.960714
  40  138   99 23.500000 16.500000
  53  232   90 38.638095 14.361905
   3    4   14 0.676190 2.323810
   4    2   21 0.333333 3.666667
  52  212   98 35.538095 16.461905
  45  180   93 29.880952 15.119048
   1    0    6 0.000000 1.000000
   2    2    9 0.366667 1.633333
  48  208   85 34.316667 13.683333
  49  210   78 35.542857 13.457143
   1    0    6 0.000000 1.000000
   2    2   11 0.309524 1.690476
  62  310   64 51.746429 10.253571
  38  162   64 27.314286 10.685714
  63  304   75 50.750000 12.250000
  37  146   75 24.575000 12.425000
  60  286   77 47.432143 12.567857
  40  160   77 27.200000 12.800000
  52  212   96 35.766667 16.233333
  48  196   96 32.747619 15.252381
  55  234   97 39.152381 15.847619
  45  172   97 28.988095 16.011905
  59  268   88 44.611905 14.388095
  41  156   88 26.166667 14.833333
  70  354   64 59.221429 10.778571
  30  118   64 19.476190 10.523810
  82  426   64 71.357143 10.642857
  18   46   64 7.695238 10.304762
  82  424   69 70.679762 11.320238
  18   38   69 6.590476 11.409524
  84  438   63 73.195238 10.804762
  16   36   63 5.828571 10.171429
  88  464   58 77.946429 10.053571
  12   20   58 3.126190 8.873810
  91  504   43 83.976190 7.023810
   9   10   43 1.647619 7.352381
  89  490   46 81.423810 7.576190
  11   18   46 3.008333 7.991667
  84  450   54 74.914286 9.085714
  16   42   54 6.973810 9.026190
  85  460   49 76.785714 8.214286
  15   42   49 6.976190 8.023810
  88  478   49 79.786905 8.213095
  12   24   49 3.900000 8.100000
  84  454   50 75.680952 8.319048
  16   46   50 7.725000 8.275000
  81  426   66 70.541667 10.458333
  19   42   66 7.414286 11.585714
  83  430   69 71.585714 11.414286
  17   32   69 5.545238 11.454762
  87  474   45 79.446429 7.553571
  13   36   45 5.761905 7.238095
  88  488   43 81.052381 6.947619
  12   26   43 4.571429 7.428571
  91  494   50 82.672619 8.327381
   9    6   50 0.952381 8.047619
  92  514   37 85.872619 6.127381
   8   12   37 1.933333 6.066667
  93  524   35 87.170238 5.829762
   7    6   35 1.066667 5.933333
  94  538   27 89.604762 4.395238
   6    8   27 1.466667 4.533333
  91  512   36 85.203571 5.796429
   9   16   36 2.788095 6.211905
  93  518   38 86.623810 6.376190
   7    6   38 0.952381 6.047619
  95  548   24 91.069048 3.930952
   5    4   24 0.759524 4.240476
  94  540   26 89.883333 4.116667
   6    8   26 1.428571 4.571429
  89  498   35 83.304762 5.695238
  11   32   35 5.285714 5.714286
  93  536   22 89.390476 3.609524
   7   20   22 3.447619 3.552381
  91  514   30 85.823810 5.176190
   9   26   30 4.238095 4.761905
  90  512   28 85.451190 4.548810
  10   32   28 5.376190 4.623810
  85  472   40 78.626190 6.373810
  15   48   40 8.278571 6.721429
  90  508   34 84.475000 5.525000
  10   24   34 4.104762 5.895238
  92  524   29 87.219048 4.780952
   8   18   29 3.071429 4.928571
  92  526   29 87.384524 4.615476
   8   16   29 2.833333 5.166667
  96  556   20 92.719048 3.280952
   4    4   20 0.700000 3.300000
 100  600    0 100.000000 0.000000
