   1    0    6 0.000000 1.000000
   3    4   11 0.800000 2.200000
   1    0    9 0.000000 1.000000
   1    0    6 0.000000 1.000000
   1    0    5 0.000000 1.000000
   1    0    6 0.000000 1.000000
   3    6   10 1.133333 1.866667
   1    0    7 0.000000 1.000000
   4    6   17 1.019048 2.980952
   3    6   10 1.133333 1.866667
   1    0    6 0.000000 1.000000
   2    2   10 0.333333 1.666667
   2    2    9 0.366667 1.633333
   3    4   15 0.642857 2.357143
   3    6   11 1.066667 1.933333
   3    4   13 0.733333 2.266667
   3    4   15 0.685714 2.314286
   2    2   11 0.309524 1.690476
   1    0    7 0.000000 1.000000
   1    0    6 0.000000 1.000000
   1    0    5 0.000000 1.000000
   1    0    7 0.000000 1.000000
   1    0    7 0.000000 1.000000
   2    2   11 0.309524 1.690476
   1    0    6 0.000000 1.000000
   4    8   15 1.400000 2.600000
   1    0    7 0.000000 1.000000
   6   18   16 3.166667 2.833333
   2    2   10 0.333333 1.666667
   2    2   10 0.333333 1.666667
   1    0    6 0.000000 1.000000
   1    0    7 0.000000 1.000000
   1    0    7 0.000000 1.000000
   6   16   20 2.771429 3.228571
   1    0    6 0.000000 1.000000
   2    2    9 0.366667 1.633333
   1    0    6 0.000000 1.000000
   3    4   13 0.742857 2.257143
   1    0    7 0.000000 1.000000
   3    6   11 1.066667 1.933333
   2    2   11 0.309524 1.690476
   3    6   12 1.019048 1.980952
   1    0    7 0.000000 1.000000
   2    2   11 0.309524 1.690476
   1    0    7 0.000000 1.000000
   1    0    6 0.000000 1.000000
   2    2   10 0.333333 1.666667
   1    0    7 0.000000 1.000000
   1    0    5 0.000000 1.000000
   2    2   10 0.333333 1.666667
   2    2   10 0.342857 1.657143
   1    0    6 0.000000 1.000000
   3    4   14 0.666667 2.333333
   3    4   15 0.685714 2.314286
   7   24   18 4.128571 2.871429
   2    0   11 0.000000 2.000000
   4    8   15 1.400000 2.600000
   2    2   10 0.342857 1.657143
   8   22   26 3.685714 4.314286
   6   10   25 1.742857 4.257143
   3    6   13 0.952381 2.047619
   1    0    6 0.000000 1.000000
   1    0    7 0.000000 1.000000
   4    8   15 1.395238 2.604762
   1    0    6 0.000000 1.000000
   2    2   11 0.309524 1.690476
   2    2   11 0.309524 1.690476
   4    6   18 1.042857 2.957143
   1    0    6 0.000000 1.000000
   4    4   22 0.619048 3.380952
   5   14   16 2.341667 2.658333
   2    2    9 0.366667 1.633333
   2    2   11 0.309524 1.690476
   6   14   20 2.466667 3.533333
   5    8   20 1.433333 3.566667
   3    4   14 0.676190 2.323810
   4    6   19 0.952381 3.047619
   2    2   11 0.309524 1.690476
   4   10   13 1.733333 2.266667
   2    2   10 0.333333 1.666667
   3    6   11 1.066667 1.933333
   1    0    7 0.000000 1.000000
   3    4   14 0.709524 2.290476
   1    0    7 0.000000 1.000000
  14   54   29 9.138095 4.861905
   3    2   15 0.333333 2.666667
   6   12   21 2.233333 3.766667
   2    0   13 0.000000 2.000000
   6   10   29 1.566667 4.433333
   4    4   20 0.666667 3.333333
   5   14   14 2.471429 2.528571
   2    2   10 0.333333 1.666667
   4   10   14 1.661905 2.338095
   2    2   11 0.309524 1.690476
   3    4   14 0.666667 2.333333
   4    6   18 0.985714 3.014286
   5    6   25 0.976190 4.023810
   1    0    6 0.000000 1.000000
   4    8   17 1.261905 2.738095
   3    2   17 0.309524 2.690476
  15   48   42 8.019048 6.980952
   2    0   12 0.000000 2.000000
   7   12   28 2.150000 4.850000
   2    2   10 0.333333 1.666667
   1    0    7 0.000000 1.000000
   4    6   17 1.033333 2.966667
   7   16   27 2.619048 4.380952
   2    0   11 0.000000 2.000000
   2    2    7 0.450000 1.550000
   3    4   16 0.583333 2.416667
   3    2   16 0.366667 2.633333
   6   10   28 1.714286 4.285714
  16   58   35 9.926190 6.073810
   1    0    7 0.000000 1.000000
   9   26   27 4.388889 4.611111
   1    0    6 0.000000 1.000000
   4    8   16 1.352381 2.647619
   5   10   21 1.661905 3.338095
  10   30   31 5.026190 4.973810
   1    0    6 0.000000 1.000000
   3    6   10 1.185714 1.814286
  12   28   44 4.671429 7.328571
   2    2    9 0.366667 1.633333
   6    8   29 1.344048 4.655952
   4   10   14 1.695238 2.304762
   3    4   16 0.595238 2.404762
   6   10   27 1.650000 4.350000
   2    0   12 0.000000 2.000000
   3    4   16 0.595238 2.404762
   7   14   25 2.495238 4.504762
   1    0    6 0.000000 1.000000
   3    2   16 0.366667 2.633333
  11   30   37 4.890476 6.109524
   2    2    9 0.366667 1.633333
  19   74   41 12.392857 6.607143
   2    2   10 0.333333 1.666667
   4    8   18 1.250000 2.750000
   5    6   23 1.085714 3.914286
   3    4   14 0.709524 2.290476
  11   28   38 4.688095 6.311905
   1    0    6 0.000000 1.000000
  10   26   34 4.357143 5.642857
   5   10   21 1.642857 3.357143
   5   10   17 1.833333 3.166667
   9   20   34 3.400000 5.600000
   3    4   14 0.666667 2.333333
   8   24   24 4.138095 3.861905
   1    0    5 0.000000 1.000000
  11   28   38 4.647619 6.352381
   3    4   15 0.619048 2.380952
   9   14   40 2.314286 6.685714
   1    0    6 0.000000 1.000000
   9   30   24 5.023810 3.976190
   9   24   30 4.080952 4.919048
   1    0    5 0.000000 1.000000
  20   64   57 10.623810 9.376190
   7   14   27 2.476190 4.523810
   5    6   24 1.052381 3.947619
   4    2   23 0.333333 3.666667
   9   14   39 2.409524 6.590476
   3    6   12 1.000000 2.000000
  12   34   37 5.771429 6.228571
  13   22   54 3.890476 9.109524
   4    8   18 1.238095 2.761905
   3    2   15 0.366667 2.633333
   5    6   24 0.985714 4.014286
   9   28   26 4.773810 4.226190
   1    0    7 0.000000 1.000000
  19   46   72 7.690476 11.309524
   7   12   30 2.009524 4.990476
   9   24   29 4.104762 4.895238
   6   18   17 3.128571 2.871429
   9   20   35 3.342857 5.657143
   2    2   10 0.333333 1.666667
  11   26   39 4.357143 6.642857
  14   34   47 5.804762 8.195238
   4    8   15 1.442857 2.557143
   1    0    6 0.000000 1.000000
   2    2   11 0.309524 1.690476
   6   18   22 2.835714 3.164286
   1    0    6 0.000000 1.000000
  24   80   62 13.385714 10.614286
  10   28   32 4.771429 5.228571
  11   42   24 7.095238 3.904762
   5    8   23 1.338095 3.661905
  10   20   40 3.395238 6.604762
   1    0    6 0.000000 1.000000
   6   18   18 2.971429 3.028571
  11   22   43 3.795238 7.204762
   1    0    5 0.000000 1.000000
   2    2   10 0.333333 1.666667
   1    0    6 0.000000 1.000000
  13   48   29 8.222619 4.777381
   4    6   16 1.100000 2.900000
  19   60   57 9.969048 9.030952
  11   34   35 5.655952 5.344048
  17   64   37 10.785714 6.214286
   4    4   20 0.676190 3.323810
   5    6   25 0.950000 4.050000
   1    0    7 0.000000 1.000000
   7   16   26 2.685714 4.314286
  19   56   60 9.498810 9.501190
   1    0    6 0.000000 1.000000
   5   14   16 2.395238 2.604762
  13   48   29 8.290476 4.709524
   2    0   14 0.000000 2.000000
  16   52   42 8.871429 7.128571
   9   12   40 2.071429 6.928571
  16   54   43 8.919048 7.080952
   6   12   22 2.171429 3.828571
   5   10   20 1.666667 3.333333
   4    6   19 1.019048 2.980952
  21   62   64 10.309524 10.690476
   2    2   10 0.333333 1.666667
   1    0    7 0.000000 1.000000
  13   44   34 7.480952 5.519048
   4   10   15 1.595238 2.404762
  22   74   56 12.677381 9.322619
  10   24   37 4.066667 5.933333
  12   20   52 3.425000 8.575000
   6   10   24 1.800000 4.200000
   1    0    6 0.000000 1.000000
   3    2   16 0.333333 2.666667
  14   30   54 5.100000 8.900000
   2    2   10 0.333333 1.666667
   4   10   14 1.666667 2.333333
  26  106   52 17.450000 8.550000
   9   26   27 4.436905 4.563095
  23   78   61 12.935714 10.064286
   9   18   35 3.066667 5.933333
   7    8   33 1.342857 5.657143
   2    2   10 0.333333 1.666667
   1    0    7 0.000000 1.000000
   1    0    6 0.000000 1.000000
  22   62   69 10.515476 11.484524
   3    6   10 1.133333 1.866667
   5   12   16 2.200000 2.800000
  41  186   59 31.261905 9.738095
   2    2   10 0.333333 1.666667
  15   42   50 6.988095 8.011905
   5   10   20 1.661905 3.338095
   5    6   27 0.934524 4.065476
   2    2    9 0.366667 1.633333
   2    2   12 0.285714 1.714286
  20   64   53 10.914286 9.085714
   5   12   19 1.952381 3.047619
   6   14   21 2.390476 3.609524
  31  112   71 18.813095 12.186905
   4    8   17 1.261905 2.738095
  18   56   54 9.283333 8.716667
   4    4   19 0.742857 3.257143
   8   20   31 3.142857 4.857143
   9   30   21 5.350000 3.650000
   5   12   17 2.075000 2.925000
  13   40   41 6.633333 6.366667
   2    0   13 0.000000 2.000000
   4   10   15 1.590476 2.409524
  37  154   67 25.900000 11.100000
  18   54   58 8.804762 9.195238
   6   18   16 3.252381 2.747619
   6   14   20 2.500000 3.500000
  10   36   23 6.180952 3.819048
   4    6   19 0.952381 3.047619
  22   88   44 14.716667 7.283333
   1    0    6 0.000000 1.000000
   1    0    7 0.000000 1.000000
  27  100   62 16.880952 10.119048
  23   82   54 13.866667 9.133333
   8   24   22 4.171429 3.828571
   4   10   17 1.500000 2.500000
  10   36   24 6.128571 3.871429
   4    6   16 1.142857 2.857143
  26  104   50 17.591667 8.408333
  27   98   65 16.361905 10.638095
  25   96   56 15.880952 9.119048
   6   16   20 2.742857 3.257143
   2    2   11 0.309524 1.690476
   5   10   22 1.614286 3.385714
   3    4   13 0.700000 2.300000
  19   60   52 10.183333 8.816667
  35  136   79 22.465476 12.534524
  27   98   64 16.576190 10.423810
  10   32   25 5.547619 4.452381
   1    0    5 0.000000 1.000000
   1    0    7 0.000000 1.000000
   1    0    7 0.000000 1.000000
  21   68   59 11.284524 9.715476
  40  170   71 28.409524 11.590476
  31  112   71 19.026190 11.973810
   6   10   25 1.733333 4.266667
   3    4   14 0.709524 2.290476
   2    0   12 0.000000 2.000000
  20   68   55 11.338095 8.661905
  44  192   72 32.266667 11.733333
  29  100   72 16.941667 12.058333
   2    0   11 0.000000 2.000000
   1    0    5 0.000000 1.000000
   1    0    8 0.000000 1.000000
  26   96   57 16.457143 9.542857
  41  172   73 29.113095 11.886905
  29   96   83 15.758333 13.241667
   2    2    8 0.400000 1.600000
  28   86   79 14.480952 13.519048
  41  166   84 27.352381 13.647619
  29   80   93 13.503571 15.496429
   2    2   10 0.333333 1.666667
  33   94  102 15.978571 17.021429
  27   84   79 13.975000 13.025000
  34  116   89 19.457143 14.542857
   6   16   20 2.633333 3.366667
  37   94  119 16.376190 20.623810
  26   78   78 13.135714 12.864286
  33  106   99 17.604762 15.395238
   4    4   22 0.619048 3.380952
  40  128  115 21.122619 18.877381
  29   94   81 15.690476 13.309524
  25   70   77 12.011905 12.988095
   6   14   21 2.400000 3.600000
  48  188  101 31.290476 16.709524
  27   88   77 14.580952 12.419048
  19   64   47 10.947619 8.052381
   6   10   25 1.742857 4.257143
  44  154  112 25.986905 18.013095
  26   64   89 11.086905 14.913095
  21   72   52 12.280952 8.719048
   9   26   31 4.266667 4.733333
  32  108   88 17.752381 14.247619
  35  112   92 19.428571 15.571429
  23   84   54 14.145238 8.854762
  10   30   32 4.890476 5.109524
  28   74   94 12.514286 15.485714
  35  116   95 19.276190 15.723810
  25   80   70 13.361905 11.638095
  12   28   43 4.790476 7.209524
  39  134  101 22.207143 16.792857
  26   68   88 11.303571 14.696429
  23   66   72 11.261905 11.738095
  12   38   33 6.501190 5.498810
  31  100   89 16.685714 14.314286
  37  136   85 22.914286 14.085714
  16   32   65 5.300000 10.700000
  16   50   43 8.547619 7.452381
  28   82   85 14.035714 13.964286
  40  136  103 23.023810 16.976190
  17   44   61 7.314286 9.685714
  15   32   57 5.395238 9.604762
  31   96   88 16.297619 14.702381
  40  152   90 25.419048 14.580952
  21   54   69 9.323810 11.676190
   8   16   35 2.438095 5.561905
  34  120   82 20.171429 13.828571
  40  136  103 23.038095 16.961905
  19   38   79 6.377381 12.622619
   7   20   22 3.361905 3.638095
  45  198   73 33.014286 11.985714
  39  156   80 26.095238 12.904762
  12   18   51 3.151190 8.848810
   4    6   18 1.066667 2.933333
  32  112   78 18.852381 13.147619
  53  218  101 36.364286 16.635714
   8   12   37 2.076190 5.923810
   7   18   24 3.161905 3.838095
  36  126   91 21.036905 14.963095
  56  238   99 39.761905 16.238095
   5   14   13 2.600000 2.400000
   3    2   17 0.333333 2.666667
  29   96   79 16.002381 12.997619
  66  308   85 51.590476 14.409524
   5   12   20 1.900000 3.100000
  34  126   81 20.933333 13.066667
  62  278   91 46.764286 15.235714
   4    8   16 1.295238 2.704762
  28   72   98 12.350000 15.650000
  69  304  107 51.303571 17.696429
   3    2   17 0.333333 2.666667
  26   66   91 11.071429 14.928571
  74  352   91 58.980952 15.019048
  26   80   78 13.204762 12.795238
  74  364   78 60.847619 13.152381
  40  138   99 23.545238 16.454762
  60  264   99 44.041667 15.958333
  48  190   97 31.742857 16.257143
  52  216   97 36.225000 15.775000
  32  110   79 18.746429 13.253571
  68  332   79 55.238095 12.761905
  26   88   65 14.942857 11.057143
  74  382   65 63.483333 10.516667
  35  136   73 23.054762 11.945238
  65  318   73 53.090476 11.909524
  34  122   79 20.466667 13.533333
  66  320   79 53.265476 12.734524
  29   78  102 12.645238 16.354762
  71  318  102 53.346429 17.653571
  37   96  119 16.458333 20.541667
  63  266  119 43.965476 19.034524
  34   96  110 15.745238 18.254762
  66  284  110 47.511905 18.488095
  26   82   74 13.676190 12.323810
  74  370   74 61.766667 12.233333
  26   88   64 15.014286 10.985714
  74  384   64 63.726190 10.273810
  26   84   74 13.884524 12.115476
  74  368   74 61.463095 12.536905
  32   90   99 15.469048 16.530952
  68  312   99 51.601190 16.398810
  33   94  106 15.819048 17.180952
  67  294  106 49.171429 17.828571
  33  110   86 18.491667 14.508333
  67  318   86 53.073810 13.926190
  21   48   80 8.061905 12.938095
  79  392   80 65.440476 13.559524
  23   46   92 7.630952 15.369048
  77  370   92 61.661905 15.338095
  28   68  102 11.344048 16.655952
  72  328  102 55.109524 16.890476
  29   74   96 12.730952 16.269048
  71  334   96 55.494048 15.505952
  21   40   88 6.575000 14.425000
  79  384   88 64.107143 14.892857
  13   12   66 2.042857 10.957143
  87  456   66 76.121429 10.878571
  10   12   45 2.066667 7.933333
  90  498   45 82.721429 7.278571
  13   28   48 4.838095 8.161905
  87  476   48 79.280952 7.719048
  20   56   60 9.902381 10.097619
  80  424   60 70.422619 9.577381
  16   40   58 6.561905 9.438095
  84  444   58 74.285714 9.714286
  22   54   82 8.828571 13.171429
  78  382   82 64.014286 13.985714
  22   58   77 9.702381 12.297619
  78  388   77 65.009524 12.990476
  17   38   63 6.398810 10.601190
  83  436   63 72.796429 10.203571
  16   42   51 7.252381 8.747619
  84  456   51 75.813095 8.186905
  13   38   40 6.523810 6.476190
  87  482   40 80.455952 6.544048
   8   12   36 1.985714 6.014286
  92  516   36 86.176190 5.823810
   7   18   24 3.028571 3.971429
  93  534   24 89.023810 3.976190
   6   14   24 2.292857 3.707143
  94  538   24 89.885714 4.114286
   4    6   19 0.938095 3.061905
  96  556   19 92.738095 3.261905
   5   10   19 1.785714 3.214286
  95  552   19 91.947619 3.052381
   2    0   11 0.000000 2.000000
  98  578   11 96.296429 1.703571
   1    0    6 0.000000 1.000000
  99  588    6 98.038095 0.961905
 100  600    0 100.000000 0.000000
