   1    0    5 0.000000 1.000000
   2    2   10 0.333333 1.666667
   3    6   13 0.952381 2.047619
   4    8   16 1.416667 2.583333
   3    6   13 0.971429 2.028571
   2    2   10 0.333333 1.666667
   4   10   15 1.619048 2.380952
   2    2    8 0.400000 1.600000
   2    2    9 0.366667 1.633333
   2    2   11 0.309524 1.690476
   3    4   13 0.700000 2.300000
   1    0    7 0.000000 1.000000
   1    0    7 0.000000 1.000000
   1    0    5 0.000000 1.000000
   1    0    7 0.000000 1.000000
   2    2   11 0.309524 1.690476
   1    0    8 0.000000 1.000000
   1    0    7 0.000000 1.000000
   2    2   10 0.333333 1.666667
   4    8   16 1.333333 2.666667
   1    0    5 0.000000 1.000000
   1    0    5 0.000000 1.000000
   4    8   14 1.469048 2.530952
   1    0    6 0.000000 1.000000
   1    0    6 0.000000 1.000000
   1    0    6 0.000000 1.000000
   2    2    7 0.450000 1.550000
   1    0    6 0.000000 1.000000
   1    0    7 0.000000 1.000000
   1    0    5 0.000000 1.000000
   3    4   15 0.685714 2.314286
   1    0    7 0.000000 1.000000
   1    0    7 0.000000 1.000000
   1    0    7 0.000000 1.000000
   1    0    6 0.000000 1.000000
   4    4   19 0.700000 3.300000
   3    4   12 0.750000 2.250000
   3    4   11 0.816667 2.183333
   3    4   12 0.766667 2.233333
   3    6   12 1.019048 1.980952
   3    6   12 1.000000 2.000000
   1    0    6 0.000000 1.000000
   2    2   11 0.309524 1.690476
   2    2   10 0.333333 1.666667
   1    0    6 0.000000 1.000000
   1    0    7 0.000000 1.000000
   1    0    7 0.000000 1.000000
   1    0    7 0.000000 1.000000
   2    2   10 0.333333 1.666667
   1    0    6 0.000000 1.000000
   1    0    7 0.000000 1.000000
   2    2   10 0.333333 1.666667
   2    2   10 0.333333 1.666667
   1    0    7 0.000000 1.000000
   2    2    9 0.366667 1.633333
   3    4   13 0.700000 2.300000
   4    6   19 0.952381 3.047619
   1    0    6 0.000000 1.000000
   7   22   19 3.771429 3.228571
   7   16   24 2.795238 4.204762
   1    0    6 0.000000 1.000000
   3    6   12 1.019048 1.980952
   2    2   11 0.309524 1.690476
   3    6   13 0.952381 2.047619
   2    2   10 0.342857 1.657143
   3    6   12 1.000000 2.000000
   2    2    8 0.400000 1.600000
   2    2    9 0.366667 1.633333
   3    4   13 0.700000 2.300000
   1    0    7 0.000000 1.000000
   1    0    7 0.000000 1.000000
   7   22   20 3.771429 3.228571
   1    0    8 0.000000 1.000000
   5    6   27 0.928571 4.071429
   7    8   33 1.376190 5.623810
   1    0    7 0.000000 1.000000
   2    2   11 0.309524 1.690476
  12   42   30 7.038095 4.961905
   3    4   13 0.700000 2.300000
   5   12   18 2.028571 2.971429
   2    2   10 0.342857 1.657143
   1    0    5 0.000000 1.000000
   1    0    6 0.000000 1.000000
   1    0    7 0.000000 1.000000
   5   10   19 1.864286 3.135714
   1    0    7 0.000000 1.000000
   1    0    6 0.000000 1.000000
   8   22   23 3.961905 4.038095
  11   40   25 6.947619 4.052381
   6   14   21 2.419048 3.580952
   1    0    7 0.000000 1.000000
   5   14   16 2.304762 2.695238
   4    4   21 0.642857 3.357143
   1    0    5 0.000000 1.000000
   2    2   11 0.325000 1.675000
   2    2   10 0.333333 1.666667
   1    0    6 0.000000 1.000000
   9   20   33 3.375000 5.625000
   7   10   29 1.852381 5.147619
   5    6   25 1.085714 3.914286
   3    6   11 1.085714 1.914286
   1    0    6 0.000000 1.000000
  13   42   35 6.923810 6.076190
   2    0   15 0.000000 2.000000
   6   14   24 2.142857 3.857143
   3    6   13 0.952381 2.047619
   1    0    7 0.000000 1.000000
   1    0    6 0.000000 1.000000
   6   10   26 1.885714 4.114286
   1    0    6 0.000000 1.000000
   2    2   10 0.333333 1.666667
   3    2   15 0.342857 2.657143
   9   24   31 4.004762 4.995238
   5    8   24 1.250000 3.750000
   6    8   29 1.361905 4.638095
  11   22   36 4.128571 6.871429
   6   12   27 1.904762 4.095238
   1    0    6 0.000000 1.000000
   9   16   40 2.663095 6.336905
   6   10   29 1.614286 4.385714
   2    2   11 0.309524 1.690476
   1    0    5 0.000000 1.000000
   9   18   37 2.990476 6.009524
   7   16   23 2.861905 4.138095
  12   40   30 6.919048 5.080952
   2    2   10 0.333333 1.666667
   1    0    8 0.000000 1.000000
   1    0    6 0.000000 1.000000
   6   12   23 2.066667 3.933333
   4    8   15 1.395238 2.604762
   2    2    9 0.366667 1.633333
   4    6   18 1.066667 2.933333
   3    2   15 0.400000 2.600000
   9   20   32 3.459524 5.540476
  10   26   37 4.119048 5.880952
   6   10   25 1.909524 4.090476
  11   26   40 4.323810 6.676190
  14   40   42 6.907143 7.092857
   3    4   14 0.666667 2.333333
   1    0    7 0.000000 1.000000
   7   16   29 2.623810 4.376190
   4    6   19 0.971429 3.028571
   9   12   42 2.104762 6.895238
   1    0    7 0.000000 1.000000
   2    2    8 0.400000 1.600000
  10   28   33 4.619048 5.380952
   7   16   26 2.657143 4.342857
   1    0    6 0.000000 1.000000
   5    8   22 1.361905 3.638095
   1    0    6 0.000000 1.000000
   7   12   28 2.133333 4.866667
   8    8   41 1.316667 6.683333
   2    2   11 0.309524 1.690476
  14   38   46 6.366667 7.633333
  19   58   55 9.764286 9.235714
   3    2   18 0.309524 2.690476
   7   20   23 3.347619 3.652381
   2    0   11 0.000000 2.000000
   5    4   25 0.666667 4.333333
   3    6   14 0.904762 2.095238
   2    2    8 0.400000 1.600000
  14   52   32 8.938095 5.061905
   2    0   12 0.000000 2.000000
   1    0    6 0.000000 1.000000
  12   34   37 5.733333 6.266667
   1    0    6 0.000000 1.000000
   4    6   20 0.971429 3.028571
   4    6   18 1.019048 2.980952
  19   68   46 11.504762 7.495238
  24   70   69 12.221429 11.778571
   1    0    6 0.000000 1.000000
  10   36   26 5.803571 4.196429
   3    2   15 0.366667 2.633333
   1    0    7 0.000000 1.000000
   1    0    6 0.000000 1.000000
   3    4   14 0.666667 2.333333
  14   52   34 8.538095 5.461905
   3    2   16 0.342857 2.657143
  21   76   53 12.457143 8.542857
   1    0    5 0.000000 1.000000
   2    0   13 0.000000 2.000000
   1    0    8 0.000000 1.000000
  13   38   39 6.400000 6.600000
  26   76   77 12.853571 13.146429
  14   32   51 5.480952 8.519048
   3    2   17 0.333333 2.666667
   4    6   16 1.100000 2.900000
   5   10   18 1.766667 3.233333
   7   18   27 2.857143 4.142857
   2    2   10 0.342857 1.657143
  27  102   60 17.259524 9.740476
   1    0    7 0.000000 1.000000
   1    0    5 0.000000 1.000000
  14   34   48 5.928571 8.071429
  26   92   64 15.516667 10.483333
   7   16   30 2.452381 4.547619
   5    6   25 1.019048 3.980952
   8   20   26 3.469048 4.530952
   6    6   29 1.076190 4.923810
   3    2   16 0.333333 2.666667
  27   98   64 16.461905 10.538095
  15   38   50 6.480952 8.519048
  25   78   74 13.019048 11.980952
   9   28   27 4.595238 4.404762
   6   12   22 2.138095 3.861905
   6   14   21 2.395238 3.604762
   9   18   39 3.038095 5.961905
   3    2   15 0.366667 2.633333
  31  104   80 17.550000 13.450000
  12   24   49 4.109524 7.890476
  29  108   70 17.777381 11.222619
  14   42   43 7.009524 6.990476
   4    4   18 0.766667 3.233333
   6   12   22 2.104762 3.895238
   4   10   14 1.666667 2.333333
  34  118   89 19.620238 14.379762
  16   50   47 8.490476 7.509524
  23   62   73 10.742857 12.257143
  11   30   35 5.442857 5.557143
   4   10   14 1.661905 2.338095
  12   38   34 6.247619 5.752381
  35  114   91 19.495238 15.504762
  26   94   63 15.638095 10.361905
  18   44   68 7.109524 10.890476
  12   32   40 5.471429 6.528571
   4    6   18 1.009524 2.990476
   5   14   16 2.361905 2.638095
  38  136   94 22.738095 15.261905
  19   52   60 8.785714 10.214286
  23   58   79 9.759524 13.240476
  13   32   49 5.408333 7.591667
   2    2    8 0.400000 1.600000
   5    8   22 1.395238 3.604762
  34  110   94 18.535714 15.464286
  30   98   82 16.704762 13.295238
  23   66   70 11.085714 11.914286
  10   16   44 2.660714 7.339286
   3    2   18 0.309524 2.690476
  30   98   83 16.447619 13.552381
  31  112   76 18.680952 12.319048
  31  100   85 16.939286 14.060714
   3    0   19 0.000000 3.000000
   5    8   19 1.500000 3.500000
  46  168  110 28.247619 17.752381
  21   46   80 7.738095 13.261905
  26   78   78 13.064286 12.935714
   1    0    6 0.000000 1.000000
   6   16   18 2.861905 3.138095
  36  124   95 20.648810 15.351190
  23   60   78 10.014286 12.985714
  36  132   81 22.544048 13.455952
   1    0    6 0.000000 1.000000
   4    8   16 1.376190 2.623810
  29   94   78 15.852381 13.147619
  22   52   79 8.904762 13.095238
  30   90   89 15.011905 14.988095
   8   28   22 4.642857 3.357143
  11   36   32 6.011905 4.988095
  39  140   90 23.809524 15.190476
  25   84   66 14.210714 10.789286
  29   88   90 14.611905 14.388095
   7   14   28 2.371429 4.628571
  43  164   94 27.597619 15.402381
  24   78   67 13.130952 10.869048
  22   68   66 11.247619 10.752381
  11   24   39 4.195238 6.804762
  36  136   77 23.119048 12.880952
  24   78   67 12.934524 11.065476
  28  100   69 16.782143 11.217857
  12   26   47 4.346429 7.653571
  26   90   67 14.951190 11.048810
  34  108   93 18.130952 15.869048
  31  108   80 18.040476 12.959524
   9   24   30 3.966667 5.033333
  22   60   76 9.914286 12.085714
  50  182  112 30.814286 19.185714
  22   68   63 11.470238 10.529762
   6    8   31 1.309524 4.690476
  22   70   62 11.780952 10.219048
  48  182  103 30.596429 17.403571
  25   88   64 14.495238 10.504762
   5    6   25 0.985714 4.014286
  22   62   73 10.176190 11.823810
  42  168   84 28.086905 13.913095
  30  124   55 20.909524 9.090476
   6    8   26 1.442857 4.557143
  14   32   52 5.442857 8.557143
  47  200   88 33.057143 13.942857
  31  126   56 21.295238 9.704762
   8   22   24 3.861905 4.138095
  10   22   38 3.700000 6.300000
  45  206   66 34.276190 10.723810
  42  166   86 27.889286 14.110714
   3    2   14 0.400000 2.600000
   4    6   17 1.066667 2.933333
  43  184   74 30.809524 12.190476
  51  226   80 37.792857 13.207143
   2    2   11 0.309524 1.690476
   1    0    7 0.000000 1.000000
  40  158   85 26.323810 13.676190
  49  210   79 35.595238 13.404762
  10   32   29 5.347619 4.652381
   1    0    5 0.000000 1.000000
  35  112   94 18.871429 16.128571
  56  248   92 40.975000 15.025000
   8   18   31 2.942857 5.057143
  10   34   24 5.900000 4.100000
  38  146   83 24.322619 13.677381
  48  190  100 31.951190 16.048810
   4    6   17 1.066667 2.933333
  18   60   48 10.169048 7.830952
  37  148   71 25.000000 12.000000
  41  172   77 28.647619 12.352381
   4   10   14 1.714286 2.285714
  16   46   50 7.709524 8.290476
  34  112   91 18.714286 15.285714
  49  202   93 33.709524 15.290476
   1    0    6 0.000000 1.000000
  21   62   61 10.590476 10.409524
  31   90   97 15.080952 15.919048
  48  192   98 32.075000 15.925000
  26   72   86 11.900000 14.100000
  27   70   92 11.647619 15.352381
  47  184   96 30.803571 16.196429
  35  124   82 21.180952 13.819048
  25   62   92 10.342063 14.657937
  40  146   94 24.485714 15.514286
  32  102   90 17.039286 14.960714
  23   64   76 10.580952 12.419048
  45  166  102 28.145238 16.854762
  20   46   80 7.533333 12.466667
  34  104   93 17.711905 16.288095
  46  148  129 24.634524 21.365476
  15   34   58 5.785714 9.214286
  38  118  107 20.045238 17.954762
  47  164  119 27.600000 19.400000
  10   20   36 3.578571 6.421429
  49  204   95 33.661905 15.338095
  41  160   85 26.914286 14.085714
   9   24   29 4.147619 4.852381
  69  340   78 56.546429 12.453571
  22   60   69 10.383333 11.616667
  12   32   42 5.352381 6.647619
  69  334   81 55.805952 13.194048
  19   50   61 8.554762 10.445238
  10   30   34 4.761905 5.238095
  81  418   64 70.063095 10.936905
   9    8   46 1.352381 7.647619
  14   50   32 8.616667 5.383333
  69  358   62 59.194048 9.805952
  17   42   56 7.385714 9.614286
  29  124   51 20.594048 8.405952
  54  234   90 38.928571 15.071429
  17   46   55 7.900000 9.100000
  50  242   60 40.313095 9.686905
  41  162   81 27.319048 13.680952
   9   16   39 2.647619 6.352381
  52  234   79 39.146429 12.853571
  41  152   93 25.966667 15.033333
   7    6   36 1.009524 5.990476
  53  238   83 39.532143 13.467857
  44  170   91 28.619048 15.380952
   3    2   16 0.366667 2.633333
  39  150   89 24.923810 14.076190
  61  272   89 45.723810 15.276190
  38  132   93 22.338095 15.661905
  62  282   93 47.047619 14.952381
  32  108   90 17.653571 14.346429
  68  312   90 52.648810 15.351190
  39  122  110 20.559524 18.440476
  61  258  110 43.048810 17.951190
  42  140  110 23.580952 18.419048
  58  240  110 40.046429 17.953571
  38  120  105 20.290476 17.709524
  62  270  105 44.904762 17.095238
  43  168   93 27.610714 15.389286
  57  246   93 41.145238 15.854762
  45  174  102 28.841667 16.158333
  55  222  102 37.532143 17.467857
  45  170  101 28.508333 16.491667
  55  228  101 38.180952 16.819048
  52  218   92 36.595238 15.404762
  48  198   92 32.904762 15.095238
  71  344   79 57.546429 13.453571
  29   98   79 16.071429 12.928571
  54  242   85 39.876190 14.123810
  46  188   85 31.450000 14.550000
  53  220   99 36.559524 16.440476
  47  182   99 30.638095 16.361905
  56  230  105 38.432143 17.567857
  44  160  105 26.821429 17.178571
  64  300   82 50.442857 13.557143
  36  136   82 22.590476 13.409524
  71  332   90 55.930952 15.069048
  29   88   90 14.517857 14.482143
  66  302   98 50.304365 15.695635
  34  102   98 17.352381 16.647619
  60  274   91 45.457143 14.542857
  40  144   91 24.547619 15.452381
  53  228   89 38.264286 14.735714
  47  194   89 32.209524 14.790476
  44  170   90 28.916667 15.083333
  56  250   90 41.575000 14.425000
  44  190   71 32.228571 11.771429
  56  268   71 44.638095 11.361905
  47  202   82 33.625000 13.375000
  53  234   82 39.402381 13.597619
  45  198   75 32.809524 12.190476
  55  252   75 42.452381 12.547619
  45  176   88 29.871429 15.128571
  55  248   88 41.083333 13.916667
  39  162   74 26.971429 12.028571
  61  290   74 48.722619 12.277381
  33  124   75 20.625000 12.375000
  67  326   75 54.498810 12.501190
  38  134   88 22.961905 15.038095
  62  290   88 47.870238 14.129762
  33  114   81 19.473810 13.526190
  67  324   81 54.041667 12.958333
  42  144  105 24.461508 17.538492
  58  246  105 40.885714 17.114286
  42  164   90 27.534524 14.465476
  58  256   90 42.953571 15.046429
  41  156   91 26.130952 14.869048
  59  262   91 44.186111 14.813889
  37  134   90 22.255952 14.744048
  63  286   90 47.947619 15.052381
  51  210   98 35.023810 15.976190
  49  194   98 32.804762 16.195238
  55  240   97 39.728571 15.271429
  45  166   97 28.357143 16.642857
  56  222  111 37.254762 18.745238
  44  156  111 25.938095 18.061905
  50  184  112 31.288095 18.711905
  50  192  112 31.975000 18.025000
  39  146   89 24.233333 14.766667
  61  276   89 46.199206 14.800794
  50  214   88 35.717857 14.282143
  50  210   88 35.475000 14.525000
  49  190  104 31.853571 17.146429
  51  202  104 33.845238 17.154762
  60  240  108 40.959524 19.040476
  40  144  108 23.255952 16.744048
  62  286   88 47.790476 14.209524
  38  138   88 23.333333 14.666667
  62  290   83 48.252381 13.747619
  38  144   83 24.195238 13.804762
  72  350   78 58.883333 13.116667
  28   94   78 15.714286 12.285714
  71  376   49 62.721429 8.278571
  29  126   49 20.948810 8.051190
  76  408   51 67.652381 8.347619
  24   90   51 15.128571 8.871429
  78  426   45 70.766667 7.233333
  22   84   45 14.166667 7.833333
  86  490   26 81.704762 4.295238
  14   58   26 9.828571 4.171429
  75  410   44 68.083333 6.916667
  25  102   44 17.300000 7.700000
  76  396   56 66.395238 9.604762
  24   92   56 15.026190 8.973810
  86  470   42 78.827381 7.172619
  14   46   42 7.416667 6.583333
  91  518   29 86.365476 4.634524
   9   24   29 4.161905 4.838095
  93  532   26 88.826190 4.173810
   7   16   26 2.695238 4.304762
  96  558   18 93.038095 2.961905
   4    6   18 0.985714 3.014286
  98  576   11 96.030952 1.969048
   2    2   11 0.309524 1.690476
  95  554   17 92.233333 2.766667
   5   12   17 2.066667 2.933333
  95  550   20 91.659524 3.340476
   5   10   20 1.661905 3.338095
  99  588    6 98.004762 0.995238
   1    0    6 0.000000 1.000000
  96  558   19 92.852381 3.147619
   4    4   19 0.700000 3.300000
  96  560   18 93.085714 2.914286
   4    4   18 0.742857 3.257143
  93  528   30 88.027381 4.972619
   7   12   30 2.042857 4.957143
  95  548   23 91.261905 3.738095
   5    6   23 1.033333 3.966667
  97  568   15 94.585714 2.414286
   3    2   15 0.366667 2.633333
  94  538   25 89.728571 4.271429
   6   12   25 1.951190 4.048810
  89  502   34 83.561905 5.438095
  11   30   34 5.238095 5.761905
  86  480   33 80.404762 5.595238
  14   54   33 9.083333 4.916667
  71  382   46 63.566667 7.433333
  29  126   46 21.266667 7.733333
  66  340   58 56.486905 9.513095
  34  144   58 24.233333 9.766667
  77  394   62 66.266667 10.733333
  23   82   62 13.300000 9.700000
  79  424   51 70.629762 8.370238
  21   74   51 12.409524 8.590476
  75  384   66 64.027381 10.972619
  25   84   66 14.135714 10.864286
  86  468   49 77.965476 8.034524
  14   34   49 5.709524 8.290476
  88  468   57 78.413095 9.586905
  12   18   57 2.890476 9.109524
  90  488   51 81.452381 8.547619
  10   10   51 1.652381 8.347619
  92  512   39 85.600000 6.400000
   8   10   39 1.704762 6.295238
  96  552   23 92.064286 3.935714
   4    2   23 0.333333 3.666667
  99  586    7 97.788095 1.211905
   1    0    7 0.000000 1.000000
  99  586    7 97.782143 1.217857
   1    0    7 0.000000 1.000000
  99  586    7 97.790476 1.209524
   1    0    7 0.000000 1.000000
 100  600    0 100.000000 0.000000
