   6   14   22 2.347619 3.652381
   2    2    8 0.400000 1.600000
   4   10   14 1.695238 2.304762
   1    0    6 0.000000 1.000000
   2    2    8 0.400000 1.600000
   1    0    5 0.000000 1.000000
   1    0    7 0.000000 1.000000
   1    0    6 0.000000 1.000000
   1    0    6 0.000000 1.000000
   2    2   11 0.309524 1.690476
   3    4   14 0.709524 2.290476
   1    0    8 0.000000 1.000000
   2    2   11 0.309524 1.690476
   4    8   15 1.400000 2.600000
   1    0    6 0.000000 1.000000
   1    0    6 0.000000 1.000000
   1    0    7 0.000000 1.000000
   1    0    7 0.000000 1.000000
   1    0    6 0.000000 1.000000
   3    4   11 0.800000 2.200000
   1    0    7 0.000000 1.000000
   1    0    7 0.000000 1.000000
   3    6   10 1.133333 1.866667
   1    0    7 0.000000 1.000000
   3    4   15 0.642857 2.357143
   1    0    6 0.000000 1.000000
   3    4   15 0.642857 2.357143
   3    4   15 0.642857 2.357143
   1    0    5 0.000000 1.000000
   1    0    6 0.000000 1.000000
   1    0    6 0.000000 1.000000
   1    0    7 0.000000 1.000000
   1    0    5 0.000000 1.000000
   2    2   13 0.267857 1.732143
   3    6   11 1.066667 1.933333
   2    2   10 0.333333 1.666667
   2    2   10 0.333333 1.666667
   1    0    6 0.000000 1.000000
   2    2    9 0.366667 1.633333
   6   18   16 3.166667 2.833333
   1    0    7 0.000000 1.000000
   3    6   11 1.119048 1.880952
   2    2   10 0.333333 1.666667
   2    2   11 0.309524 1.690476
   2    2    9 0.366667 1.633333
   2    2   11 0.309524 1.690476
   1    0    6 0.000000 1.000000
   1    0    6 0.000000 1.000000
   1    0    7 0.000000 1.000000
   3    4   12 0.792857 2.207143
   1    0    6 0.000000 1.000000
   3    6   12 1.019048 1.980952
   6   10   27 1.619048 4.380952
   8   24   24 4.077381 3.922619
   1    0    7 0.000000 1.000000
   2    2   11 0.309524 1.690476
   3    4   13 0.733333 2.266667
   1    0    6 0.000000 1.000000
   2    0   14 0.000000 2.000000
   4    8   18 1.314286 2.685714
   1    0    5 0.000000 1.000000
   2    2    9 0.366667 1.633333
   4    6   18 1.016667 2.983333
   2    2   11 0.309524 1.690476
   2    2    9 0.366667 1.633333
   2    2   12 0.291667 1.708333
   9   28   24 4.809524 4.190476
   1    0    7 0.000000 1.000000
   2    2    9 0.366667 1.633333
   2    2    8 0.400000 1.600000
   3    6    9 1.233333 1.766667
   6   14   20 2.495238 3.504762
   7   18   25 2.976190 4.023810
   1    0    5 0.000000 1.000000
   4    6   20 1.019048 2.980952
   9   26   25 4.638095 4.361905
   6   12   26 1.857143 4.142857
   1    0    7 0.000000 1.000000
   2    2   10 0.333333 1.666667
   1    0    6 0.000000 1.000000
   1    0    5 0.000000 1.000000
   3    4   15 0.619048 2.380952
   1    0    7 0.000000 1.000000
   1    0    6 0.000000 1.000000
   2    0   12 0.000000 2.000000
  11   32   33 5.486905 5.513095
   2    2   12 0.285714 1.714286
   5   10   20 1.733333 3.266667
   8   20   26 3.504762 4.495238
   2    2   10 0.342857 1.657143
   4    8   15 1.385714 2.614286
   3    6   10 1.185714 1.814286
   1    0    7 0.000000 1.000000
   5   12   17 2.119048 2.880952
   5    8   23 1.319048 3.680952
   5   14   16 2.471429 2.528571
   2    2   10 0.333333 1.666667
   1    0    7 0.000000 1.000000
   2    2   10 0.333333 1.666667
   5    6   25 1.009524 3.990476
   5   10   19 1.733333 3.266667
   9   30   24 5.000000 4.000000
   8   14   36 2.333333 5.666667
   8   28   20 4.761905 3.238095
   3    4   12 0.766667 2.233333
   1    0    7 0.000000 1.000000
   3    6   13 0.952381 2.047619
   1    0    6 0.000000 1.000000
  11   28   38 4.647619 6.352381
   2    2   10 0.333333 1.666667
   6   10   25 1.709524 4.290476
   5    6   22 1.142857 3.857143
   6   18   19 2.904762 3.095238
   3    6   12 1.000000 2.000000
   2    2   10 0.333333 1.666667
   7   22   19 3.932143 3.067857
  10   24   34 4.161905 5.838095
   3    2   17 0.309524 2.690476
   2    2    9 0.366667 1.633333
   5    8   21 1.491667 3.508333
   3    4   16 0.583333 2.416667
   6   16   19 2.761905 3.238095
   6   12   27 1.857143 4.142857
  16   68   28 11.485714 4.514286
   2    0   12 0.000000 2.000000
   4    8   18 1.286905 2.713095
   2    2    9 0.366667 1.633333
  14   36   44 6.261905 7.738095
   5    4   24 0.700000 4.300000
  12   38   34 6.395238 5.604762
   4    6   20 0.952381 3.047619
   4    8   15 1.375000 2.625000
   2    2    9 0.366667 1.633333
   2    0   13 0.000000 2.000000
  14   44   42 7.195238 6.804762
   4   10   12 1.885714 2.114286
   6    8   30 1.291667 4.708333
   6   18   18 3.057143 2.942857
   6   10   27 1.580952 4.419048
  16   56   44 9.238095 6.761905
   3    4   13 0.733333 2.266667
  14   36   47 6.166667 7.833333
   2    0   13 0.000000 2.000000
  12   38   33 6.385714 5.614286
   4    8   16 1.328571 2.671429
   2    2   11 0.309524 1.690476
   2    2   12 0.291667 1.708333
   1    0    6 0.000000 1.000000
  19   64   49 10.780952 8.219048
   3    4   16 0.610714 2.389286
   3    4   14 0.666667 2.333333
   8   12   36 2.061905 5.938095
  29  106   65 18.072619 10.927381
   1    0    6 0.000000 1.000000
   3    2   17 0.291667 2.708333
   2    2    9 0.366667 1.633333
  23   90   46 15.195238 7.804762
   5   10   19 1.761905 3.238095
   4    6   20 0.958333 3.041667
   3    4   14 0.652381 2.347619
   2    2   10 0.333333 1.666667
  17   50   55 8.247619 8.752381
   4    4   20 0.676190 3.323810
  11   22   45 3.780952 7.219048
  26   88   65 14.866667 11.133333
   7   14   28 2.338095 4.661905
   1    0    5 0.000000 1.000000
  21   68   61 11.335714 9.664286
   5   14   16 2.333333 2.666667
   4   10   17 1.476190 2.523810
  16   64   36 10.519048 5.480952
   2    2    8 0.400000 1.600000
  13   30   46 5.366667 7.633333
  31  132   49 22.457143 8.542857
   3    2   15 0.333333 2.666667
   1    0    6 0.000000 1.000000
  35  132   75 22.433333 12.566667
   4    4   21 0.642857 3.357143
   1    0    6 0.000000 1.000000
  15   54   36 9.090476 5.909524
   1    0    6 0.000000 1.000000
  14   38   48 6.639286 7.360714
  26  102   55 17.066667 8.933333
   2    0   14 0.000000 2.000000
  30  104   77 17.371429 12.628571
   3    4   13 0.742857 2.257143
   3    4   12 0.766667 2.233333
  19   70   43 11.873810 7.126190
  11   20   47 3.496429 7.503571
  32  122   70 20.338095 11.661905
  29  112   61 18.804762 10.195238
   1    0    7 0.000000 1.000000
   4    4   18 0.742857 3.257143
  18   74   34 12.366667 5.633333
  15   36   55 6.104762 8.895238
  33  134   65 22.400000 10.600000
  30  104   72 17.673810 12.326190
   5   10   21 1.642857 3.357143
  26   98   54 16.858333 9.141667
  12   32   45 5.147619 6.852381
  27  100   64 16.677381 10.322619
  26   98   60 16.290476 9.709524
   5    6   24 0.985714 4.014286
  32  130   59 21.985714 10.014286
   6    8   29 1.304762 4.695238
  31  120   66 20.001190 10.998810
  32  130   61 21.923810 10.076190
   4    8   19 1.166667 2.833333
  37  154   71 25.423810 11.576190
   3    2   16 0.366667 2.633333
  24   74   65 12.583333 11.416667
  41  156   88 26.322619 14.677381
   1    0    7 0.000000 1.000000
  30  106   79 17.369048 12.630952
   2    2    8 0.400000 1.600000
  26   90   64 15.439286 10.560714
  29   92   83 15.340476 13.659524
  25   80   73 13.029762 11.970238
   4   10   14 1.719048 2.280952
  42  158   90 26.885714 15.114286
  35  132   74 22.442857 12.557143
  29   88   85 14.905952 14.094048
   3    6   13 0.952381 2.047619
  33   98  104 16.111905 16.888095
  41  160   91 26.719444 14.280556
  26   70   81 11.861905 14.138095
   1    0    6 0.000000 1.000000
  32  102   90 17.261905 14.738095
  37  138   84 23.196429 13.803571
  33  104   92 17.742857 15.257143
   1    0    6 0.000000 1.000000
  29   94   82 15.735714 13.264286
  35  136   72 23.022619 11.977381
  32  102   94 16.838095 15.161905
  33  124   72 21.009524 11.990476
  30  108   73 17.790476 12.209524
  35  112  101 18.600000 16.400000
  35  126   80 21.345238 13.654762
  28  104   67 17.223810 10.776190
  44  152  109 25.733333 18.266667
  28   94   74 15.883333 12.116667
  36  150   67 25.025000 10.975000
  35  110  100 18.515476 16.484524
  29  116   57 19.204762 9.795238
  33  130   70 21.484524 11.515476
  41  150   91 25.544048 15.455952
  26  108   51 18.176190 7.823810
  31  132   57 22.016667 8.983333
  40  140   96 23.827381 16.172619
  29  112   63 18.650000 10.350000
  34  120   84 20.219048 13.780952
  35   86  122 14.753571 20.246429
  31  112   76 18.580952 12.419048
  43  178   81 29.733333 13.266667
  44  154  108 25.752381 18.247619
  13   24   55 4.090476 8.909524
  40  172   74 28.286905 11.713095
  47  184   94 31.261905 15.738095
  13   26   50 4.392857 8.607143
  33  118   77 20.095238 12.904762
  55  252   80 41.915476 13.084524
  12   20   53 3.409524 8.590476
  34  130   71 22.100000 11.900000
  51  222   89 36.952381 14.047619
  15   28   60 4.838095 10.161905
  34  112   87 19.221429 14.778571
  55  236   98 39.260714 15.739286
  11   14   53 2.247619 8.752381
  30   90   87 15.514286 14.485714
  63  278  103 46.428571 16.571429
   7    6   36 0.976190 6.023810
  31  102   87 17.091667 13.908333
  63  280   97 46.800000 16.200000
   6    6   28 1.100000 4.900000
  28   90   74 15.404762 12.595238
  70  350   74 57.890476 12.109524
   2    2   10 0.333333 1.666667
  35  114   94 19.430952 15.569048
  64  290   96 48.161905 15.838095
   1    0    6 0.000000 1.000000
  33  122   79 20.238095 12.761905
  66  314   79 52.779762 13.220238
   1    0    6 0.000000 1.000000
  34  136   67 22.820238 11.179762
  64  320   64 53.260714 10.739286
   2    2   11 0.309524 1.690476
  17   48   57 7.940476 9.059524
  81  424   59 71.188095 9.811905
   2    2   10 0.333333 1.666667
  20   66   52 11.158333 8.841667
  78  414   55 68.969048 9.030952
   2    2   11 0.309524 1.690476
  25  104   43 17.542857 7.457143
  74  402   45 66.857937 7.142063
   1    0    6 0.000000 1.000000
  25   82   70 13.528571 11.471429
  75  378   70 63.219048 11.780952
  27   96   69 15.982143 11.017857
  73  366   69 61.497619 11.502381
  25   82   66 13.838095 11.161905
  75  386   66 64.351190 10.648810
  22   60   72 10.097619 11.902381
  78  396   72 66.009524 11.990476
  24   62   80 10.580952 13.419048
  76  378   80 62.955952 13.044048
  15   30   63 4.852381 10.147619
  85  444   63 74.509524 10.490476
  15   36   53 6.090476 8.909524
  85  458   53 76.505952 8.494048
  15   42   48 7.061905 7.938095
  85  462   48 77.028571 7.971429
  13   32   45 5.342857 7.657143
  87  478   45 79.583730 7.416270
  14   42   42 7.138095 6.861905
  86  474   42 79.033333 6.966667
  12   22   49 3.876190 8.123810
  88  480   49 79.923810 8.076190
   5    6   25 0.952381 4.047619
  95  544   25 90.852381 4.147619
   3    4   17 0.555556 2.444444
  97  562   17 94.011905 2.988095
   6   14   22 2.361905 3.638095
  94  542   22 90.319048 3.680952
   3    2   15 0.366667 2.633333
  97  568   15 94.585714 2.414286
 100  600    0 100.000000 0.000000
