   1    0    6 0.000000 1.000000
   1    0    7 0.000000 1.000000
   6   18   16 3.200000 2.800000
   2    2   11 0.325000 1.675000
   1    0    8 0.000000 1.000000
   3    6   12 1.000000 2.000000
   2    0   12 0.000000 2.000000
   1    0    6 0.000000 1.000000
   1    0    6 0.000000 1.000000
   1    0    6 0.000000 1.000000
   3    6   11 1.085714 1.914286
   2    2    8 0.400000 1.600000
   2    2   10 0.342857 1.657143
   1    0    6 0.000000 1.000000
   2    2    9 0.366667 1.633333
   3    4   14 0.709524 2.290476
   1    0    7 0.000000 1.000000
   4   10   14 1.661905 2.338095
   2    0   12 0.000000 2.000000
   2    2    9 0.366667 1.633333
   1    0    7 0.000000 1.000000
   2    2   10 0.333333 1.666667
   1    0    6 0.000000 1.000000
   2    2    8 0.400000 1.600000
   1    0    6 0.000000 1.000000
   1    0    7 0.000000 1.000000
   1    0    6 0.000000 1.000000
   1    0    7 0.000000 1.000000
   1    0    7 0.000000 1.000000
   2    2   11 0.309524 1.690476
   1    0    6 0.000000 1.000000
   1    0    6 0.000000 1.000000
   2    2   10 0.333333 1.666667
   4   10   15 1.647619 2.352381
   1    0    7 0.000000 1.000000
   1    0    6 0.000000 1.000000
   1    0    7 0.000000 1.000000
   2    0   12 0.000000 2.000000
   1    0    6 0.000000 1.000000
   1    0    6 0.000000 1.000000
   1    0    7 0.000000 1.000000
   1    0    5 0.000000 1.000000
   1    0    7 0.000000 1.000000
   1    0    6 0.000000 1.000000
   1    0    5 0.000000 1.000000
   2    2    8 0.400000 1.600000
   5   10   22 1.659524 3.340476
   1    0    7 0.000000 1.000000
   5   12   16 2.138095 2.861905
   2    2   10 0.342857 1.657143
   1    0    7 0.000000 1.000000
   2    2    9 0.366667 1.633333
   1    0    6 0.000000 1.000000
   2    2    8 0.400000 1.600000
   5   10   19 1.733333 3.266667
   9   20   33 3.400000 5.600000
   2    2    8 0.400000 1.600000
   1    0    6 0.000000 1.000000
   4   10   16 1.635714 2.364286
   1    0    6 0.000000 1.000000
   2    2   11 0.309524 1.690476
   1    0    6 0.000000 1.000000
   1    0    6 0.000000 1.000000
   1    0    6 0.000000 1.000000
   2    2   10 0.342857 1.657143
   1    0    6 0.000000 1.000000
   6   14   21 2.433333 3.566667
   4    6   16 1.066667 2.933333
   1    0    7 0.000000 1.000000
   4    6   19 1.019048 2.980952
   5   12   20 1.904762 3.095238
   1    0    6 0.000000 1.000000
   2    2   11 0.309524 1.690476
   1    0    6 0.000000 1.000000
   1    0    6 0.000000 1.000000
   6   16   18 2.800000 3.200000
   3    6   13 0.971429 2.028571
   2    0   12 0.000000 2.000000
   7   24   19 4.103571 2.896429
   6   18   17 3.119048 2.880952
   1    0    5 0.000000 1.000000
   1    0    6 0.000000 1.000000
   1    0    6 0.000000 1.000000
   7   22   18 3.833333 3.166667
   1    0    6 0.000000 1.000000
   2    2   11 0.309524 1.690476
   4    8   15 1.361905 2.638095
   1    0    7 0.000000 1.000000
   1    0    6 0.000000 1.000000
   7   16   27 2.566667 4.433333
   9   20   33 3.460714 5.539286
   2    2    9 0.366667 1.633333
   1    0    7 0.000000 1.000000
   4   10   14 1.719048 2.280952
   1    0    6 0.000000 1.000000
   3    4   13 0.700000 2.300000
   2    2   10 0.333333 1.666667
   1    0    6 0.000000 1.000000
   1    0    7 0.000000 1.000000
   6   12   25 1.947619 4.052381
   4    6   20 0.959524 3.040476
   4    4   20 0.666667 3.333333
   1    0    7 0.000000 1.000000
   3    6   12 1.019048 1.980952
   5    6   24 1.033333 3.966667
   4    6   18 1.019048 2.980952
   2    0   11 0.000000 2.000000
  14   52   34 8.648810 5.351190
   7   22   22 3.560714 3.439286
   2    2    9 0.366667 1.633333
  10   30   28 5.195238 4.804762
   2    2   11 0.309524 1.690476
   1    0    6 0.000000 1.000000
   4   10   14 1.695238 2.304762
   7   16   22 2.985714 4.014286
  10   28   35 4.547619 5.452381
   8   20   26 3.438095 4.561905
   3    2   17 0.342857 2.657143
   3    2   15 0.366667 2.633333
   1    0    7 0.000000 1.000000
   1    0    5 0.000000 1.000000
   5    8   26 1.244048 3.755952
   6    8   26 1.400000 4.600000
   6   18   18 3.019048 2.980952
   1    0    6 0.000000 1.000000
   3    2   15 0.366667 2.633333
   6   12   23 2.085714 3.914286
   2    2   11 0.309524 1.690476
   3    4   12 0.766667 2.233333
  10   38   22 6.529762 3.470238
   7   22   24 3.511905 3.488095
   2    2   10 0.333333 1.666667
   9   28   23 4.961905 4.038095
   1    0    7 0.000000 1.000000
   1    0    7 0.000000 1.000000
  12   38   31 6.619048 5.380952
   8   12   34 2.033333 5.966667
   8   18   31 2.900000 5.100000
   5    4   21 0.800000 4.200000
   1    0    7 0.000000 1.000000
   6    8   28 1.366667 4.633333
   7   10   33 1.638095 5.361905
   4    4   22 0.595238 3.404762
   1    0    7 0.000000 1.000000
   2    2   10 0.342857 1.657143
   5   12   16 2.128571 2.871429
   4   10   12 1.833333 2.166667
   2    2   11 0.309524 1.690476
  12   42   30 6.994048 5.005952
   8   24   25 4.089286 3.910714
   7   14   29 2.328571 4.671429
   5    8   24 1.238095 3.761905
   3    4   13 0.733333 2.266667
   1    0    6 0.000000 1.000000
  11   20   47 3.403571 7.596429
  14   34   48 5.661905 8.338095
  11   32   35 5.247619 5.752381
   3    2   17 0.333333 2.666667
   4    6   17 1.125000 2.875000
   2    2   10 0.333333 1.666667
   7   12   32 1.983333 5.016667
   2    0   12 0.000000 2.000000
   1    0    5 0.000000 1.000000
   6   12   21 2.150000 3.850000
   2    2   11 0.309524 1.690476
   3    4   14 0.666667 2.333333
   7   10   34 1.595238 5.404762
  13   48   28 8.185714 4.814286
   3    6   12 1.019048 1.980952
   9   26   29 4.333333 4.666667
   5    6   25 0.976190 4.023810
   8   16   32 2.900000 5.100000
   9   16   36 2.733333 6.266667
  13   36   45 5.861905 7.138095
   3    2   17 0.333333 2.666667
   5   10   18 1.785714 3.214286
   7    8   34 1.328571 5.671429
   4   10   13 1.728571 2.271429
   8   18   27 3.195238 4.804762
   8   22   28 3.476190 4.523810
   3    6   13 0.952381 2.047619
  10   36   25 5.904762 4.095238
   7   18   23 3.147619 3.852381
   3    4   15 0.619048 2.380952
   5   12   17 2.100000 2.900000
   8   10   37 1.700000 6.300000
   7    8   36 1.452381 5.547619
   9   10   47 1.642857 7.357143
  19   60   49 10.304762 8.695238
   3    4   16 0.625000 2.375000
  11   40   28 6.561905 4.438095
   7    4   36 0.700000 6.300000
   3    6   11 1.085714 1.914286
   2    2   11 0.309524 1.690476
   9   24   31 3.928571 5.071429
   2    2   10 0.342857 1.657143
   6   18   19 2.928571 3.071429
   4    4   19 0.666667 3.333333
   8   20   29 3.267857 4.732143
   5   12   18 2.130952 2.869048
   9   14   38 2.528571 6.471429
   3    0   18 0.000000 3.000000
   5    2   27 0.342857 4.657143
  28  110   57 18.657143 9.342857
   5    8   24 1.285714 3.714286
  13   50   27 8.528571 4.471429
   4    4   19 0.700000 3.300000
   1    0    7 0.000000 1.000000
   6   14   21 2.438095 3.561905
   4    4   20 0.676190 3.323810
  11   38   27 6.514286 4.485714
  15   48   43 7.995238 7.004762
   4    6   18 1.000000 3.000000
   4    4   22 0.625000 3.375000
   5    8   22 1.419048 3.580952
  39  160   70 27.316667 11.683333
   6   12   24 2.066667 3.933333
   9   18   41 2.928571 6.071429
   4    4   21 0.642857 3.357143
   3    4   13 0.700000 2.300000
   5   10   19 1.666667 3.333333
  13   36   40 6.119048 6.880952
   8   10   38 1.733333 6.266667
   1    0    7 0.000000 1.000000
   7   14   29 2.411905 4.588095
   3    2   15 0.400000 2.600000
  38  132   98 22.205952 15.794048
  10   28   30 4.838095 5.161905
  17   44   58 7.495238 9.504762
   1    0    7 0.000000 1.000000
   8   24   23 4.176190 3.823810
   3    4   14 0.666667 2.333333
  13   42   34 7.222619 5.777381
   5    4   28 0.652381 4.347619
   2    2   11 0.309524 1.690476
  53  208  109 34.838095 18.161905
   4    6   18 1.042857 2.957143
  10   16   46 2.609524 7.390476
   7   12   29 2.125000 4.875000
   1    0    5 0.000000 1.000000
  21   80   46 13.357143 7.642857
   4    8   17 1.328571 2.671429
  48  194   92 32.575000 15.425000
   5   14   15 2.438095 2.561905
   4    4   20 0.676190 3.323810
   9   22   31 3.785714 5.214286
   2    2   11 0.309524 1.690476
  21   82   47 13.664286 7.335714
  11   36   30 6.066667 4.933333
  42  164   86 27.419048 14.580952
   3    4   14 0.791667 2.208333
  15   56   34 9.505952 5.494048
   1    0    6 0.000000 1.000000
  20   70   53 11.534524 8.465476
  19   74   39 12.452381 6.547619
  40  158   80 26.580952 13.419048
  28  112   57 18.611905 9.388095
   1    0    6 0.000000 1.000000
  22   74   59 12.378571 9.621429
   9   24   30 4.028571 4.971429
  58  252   90 42.452381 15.547619
  13   30   48 5.028571 7.971429
   1    0    6 0.000000 1.000000
  24   82   67 13.538095 10.461905
   4    2   23 0.291667 3.708333
  63  304   75 50.741667 12.258333
  16   48   48 7.990476 8.009524
  19   70   44 11.919048 7.080952
   2    0   11 0.000000 2.000000
  72  354   75 59.600000 12.400000
  13   42   36 7.071429 5.928571
  14   48   38 7.861905 6.138095
   1    0    7 0.000000 1.000000
  69  320   90 53.917857 15.082143
  11   22   46 3.619048 7.380952
  20   70   52 11.715476 8.284524
  76  398   63 65.953571 10.046429
   5    6   22 1.150000 3.850000
  19   70   41 11.944048 7.055952
  65  320   73 53.232143 11.767857
   5    8   22 1.361905 3.638095
  30  126   51 21.376190 8.623810
  50  222   77 37.253571 12.746429
   8   24   26 3.957143 4.042857
  42  192   59 32.390476 9.609524
  47  184   98 30.800000 16.200000
   9   20   34 3.319048 5.680952
  44  188   76 31.334524 12.665476
  47  190   91 31.944048 15.055952
   5   10   22 1.571429 3.428571
  48  210   77 35.111905 12.888095
  38  146   81 24.676190 13.323810
   7   16   27 2.660714 4.339286
  55  252   78 42.297619 12.702381
  45  186   82 31.228571 13.771429
   8   18   29 3.066667 4.933333
  47  214   71 35.396429 11.603571
  39  152   84 25.223810 13.776190
   8   18   28 3.095238 4.904762
  53  250   68 41.759524 11.240476
  34  120   82 20.251190 13.748810
   6    6   31 0.985714 5.014286
  60  280   81 46.712302 13.287698
  41  156   91 26.009524 14.990476
   3    0   16 0.000000 3.000000
  56  250   87 41.853571 14.146429
  32  112   80 18.666667 13.333333
   5   10   20 1.766667 3.233333
  63  294   84 49.233333 13.766667
  30   86   94 14.423810 15.576190
   4    4   21 0.709524 3.290476
  66  292  103 48.909524 17.090476
  39  136   90 23.376190 15.623810
   5    4   28 0.619048 4.380952
  56  252   90 41.636905 14.363095
  33  108   98 17.605556 15.394444
   2    0   12 0.000000 2.000000
  65  292   90 49.580952 15.419048
  38  130   99 21.975000 16.025000
   1    0    6 0.000000 1.000000
  61  268   97 45.084524 15.915476
  40  132  108 21.902381 18.097619
  60  252  108 42.014286 17.985714
  38  114  108 19.376190 18.623810
  62  270  108 44.683333 17.316667
  42  140  112 23.328571 18.671429
  58  236  112 39.465476 18.534524
  46  168  108 28.167857 17.832143
  54  216  108 36.303571 17.696429
  35  116   89 19.945238 15.054762
  65  306   89 50.671429 14.328571
  34  120   85 20.058333 13.941667
  66  310   85 51.647619 14.352381
  47  206   78 34.370238 12.629762
  53  238   78 40.254762 12.745238
  59  276   80 46.089286 12.910714
  41  164   80 27.742857 13.257143
  56  270   62 45.419048 10.580952
  44  206   62 34.076190 9.923810
  59  302   50 50.690476 8.309524
  41  198   50 33.129762 7.870238
  59  290   64 48.319048 10.680952
  41  182   64 30.509524 10.490476
  60  294   64 49.185714 10.814286
  40  178   64 29.352381 10.647619
  62  310   63 51.869048 10.130952
  38  164   63 27.433333 10.566667
  61  290   73 48.623810 12.376190
  39  164   73 27.198810 11.801190
  56  252   82 42.333333 13.666667
  44  184   82 30.866667 13.133333
  60  288   71 48.009524 11.990476
  40  170   71 28.413095 11.586905
  60  290   72 48.442857 11.557143
  40  166   72 27.995238 12.004762
  71  368   63 61.040079 9.959921
  29  106   63 18.064286 10.935714
  72  356   72 59.907143 12.092857
  28  100   72 16.576984 11.423016
  79  408   68 68.170238 10.829762
  21   56   68 9.623810 11.376190
  82  434   61 72.233333 9.766667
  18   44   61 7.590476 10.409524
  84  450   54 75.047619 8.952381
  16   42   54 7.066667 8.933333
  90  492   47 82.226190 7.773810
  10   14   47 2.352381 7.647619
  93  532   25 88.819048 4.180952
   7   18   25 2.976190 4.023810
  97  570   12 95.064286 1.935714
   3    6   12 1.019048 1.980952
  97  570   13 94.885714 2.114286
   3    4   13 0.700000 2.300000
  97  564   16 94.171429 2.828571
   3    4   16 0.595238 2.404762
  95  548   21 91.423810 3.576190
   5   10   21 1.595238 3.404762
  92  530   23 88.371429 3.628571
   8   24   23 4.114286 3.885714
  92  520   31 87.034524 4.965476
   8   18   31 3.071429 4.928571
  93  526   33 87.502381 5.497619
   7    8   33 1.411905 5.588095
  95  542   26 90.719048 4.280952
   5    6   26 0.976190 4.023810
  96  564   16 93.613095 2.386905
   4    4   16 0.800000 3.200000
  98  576   12 96.047619 1.952381
   2    0   12 0.000000 2.000000
  97  562   18 93.854762 3.145238
   3    2   18 0.291667 2.708333
  98  580    9 96.571429 1.428571
   2    2    9 0.366667 1.633333
  99  586    7 97.847619 1.152381
   1    0    7 0.000000 1.000000
 100  600    0 100.000000 0.000000
