   1    0    6 0.000000 1.000000
   1    0    5 0.000000 1.000000
   3    4   12 0.733333 2.266667
   1    0    5 0.000000 1.000000
   1    0    6 0.000000 1.000000
   1    0    7 0.000000 1.000000
   2    2   10 0.333333 1.666667
   3    6   13 0.952381 2.047619
   1    0    6 0.000000 1.000000
   2    2   11 0.309524 1.690476
   3    4   14 0.676190 2.323810
   1    0    7 0.000000 1.000000
   1    0    6 0.000000 1.000000
   1    0    6 0.000000 1.000000
   1    0    7 0.000000 1.000000
   2    2    9 0.366667 1.633333
   3    6   11 1.066667 1.933333
   2    2   11 0.309524 1.690476
   2    2    9 0.366667 1.633333
   1    0    6 0.000000 1.000000
   3    6   12 1.019048 1.980952
   3    4   15 0.658333 2.341667
   1    0    6 0.000000 1.000000
   3    6   11 1.085714 1.914286
   1    0    6 0.000000 1.000000
   2    2   11 0.309524 1.690476
   2    2   10 0.333333 1.666667
   1    0    7 0.000000 1.000000
   1    0    6 0.000000 1.000000
   3    6   12 1.019048 1.980952
   3    4   12 0.733333 2.266667
   3    4   14 0.709524 2.290476
   1    0    7 0.000000 1.000000
   3    4   14 0.666667 2.333333
   1    0    6 0.000000 1.000000
   1    0    6 0.000000 1.000000
   1    0    6 0.000000 1.000000
   1    0    6 0.000000 1.000000
   2    2   10 0.333333 1.666667
   1    0    6 0.000000 1.000000
   1    0    6 0.000000 1.000000
   1    0    6 0.000000 1.000000
   2    2   10 0.333333 1.666667
   1    0    6 0.000000 1.000000
   2    2   10 0.333333 1.666667
   2    2   11 0.309524 1.690476
   1    0    6 0.000000 1.000000
   6   18   17 3.095238 2.904762
   1    0    5 0.000000 1.000000
   1    0    5 0.000000 1.000000
   1    0    7 0.000000 1.000000
   2    2    9 0.366667 1.633333
   1    0    7 0.000000 1.000000
   1    0    6 0.000000 1.000000
   1    0    6 0.000000 1.000000
   1    0    6 0.000000 1.000000
   1    0    7 0.000000 1.000000
   1    0    7 0.000000 1.000000
   3    6   11 1.066667 1.933333
   3    4   15 0.642857 2.357143
   1    0    6 0.000000 1.000000
   1    0    7 0.000000 1.000000
   1    0    6 0.000000 1.000000
   4    8   17 1.328571 2.671429
   5   14   16 2.333333 2.666667
   3    4   14 0.652381 2.347619
   4   10   14 1.719048 2.280952
   6   18   21 2.889286 3.110714
   2    2   10 0.342857 1.657143
   1    0    6 0.000000 1.000000
   7   24   17 4.128571 2.871429
   2    2    8 0.400000 1.600000
   6   14   23 2.309524 3.690476
   1    0    6 0.000000 1.000000
   2    2    8 0.400000 1.600000
   1    0    6 0.000000 1.000000
   4    8   15 1.400000 2.600000
   8   24   24 3.971429 4.028571
   1    0    5 0.000000 1.000000
   2    2   11 0.309524 1.690476
   3    6   11 1.085714 1.914286
   1    0    6 0.000000 1.000000
   2    2   12 0.291667 1.708333
   5   14   14 2.566667 2.433333
   1    0    7 0.000000 1.000000
   3    2   16 0.333333 2.666667
   4    8   16 1.333333 2.666667
   1    0    5 0.000000 1.000000
   1    0    6 0.000000 1.000000
   2    2   10 0.333333 1.666667
   1    0    6 0.000000 1.000000
   2    2    9 0.366667 1.633333
   6   10   25 1.761905 4.238095
   2    2   12 0.285714 1.714286
   1    0    6 0.000000 1.000000
   6   16   19 2.780952 3.219048
   4    8   14 1.433333 2.566667
   6   18   18 3.123810 2.876190
   3    6   15 0.869048 2.130952
   3    2   15 0.400000 2.600000
   6   16   19 2.771429 3.228571
   9   32   21 5.500000 3.500000
   1    0    5 0.000000 1.000000
   8   22   26 3.723810 4.276190
   3    6   13 0.971429 2.028571
  12   40   30 6.819048 5.180952
   1    0    6 0.000000 1.000000
   8   20   28 3.347619 4.652381
   1    0    7 0.000000 1.000000
   2    0   14 0.000000 2.000000
   3    4   12 0.766667 2.233333
   6   18   16 3.285714 2.714286
   3    4   14 0.652381 2.347619
   2    2   11 0.309524 1.690476
   2    0   12 0.000000 2.000000
   2    2   11 0.309524 1.690476
   1    0    6 0.000000 1.000000
   1    0    6 0.000000 1.000000
   1    0    6 0.000000 1.000000
   1    0    6 0.000000 1.000000
   3    2   18 0.291667 2.708333
   1    0    7 0.000000 1.000000
   1    0    7 0.000000 1.000000
   6   10   28 1.638095 4.361905
   2    2    9 0.366667 1.633333
   6   14   19 2.500000 3.500000
   5   10   19 1.752381 3.247619
   1    0    6 0.000000 1.000000
   8   18   28 3.161905 4.838095
   2    2   11 0.309524 1.690476
   1    0    5 0.000000 1.000000
  10   26   35 4.316667 5.683333
   4    6   16 1.133333 2.866667
  11   34   36 5.447619 5.552381
   1    0    6 0.000000 1.000000
   4    6   17 1.066667 2.933333
   9   28   26 4.695238 4.304762
   9   26   27 4.466667 4.533333
   4    8   16 1.333333 2.666667
   2    2   10 0.342857 1.657143
   6    8   30 1.261905 4.738095
   1    0    7 0.000000 1.000000
   2    2   12 0.285714 1.714286
   3    2   16 0.333333 2.666667
   3    4   13 0.809524 2.190476
   5   14   18 2.161905 2.838095
   3    4   14 0.666667 2.333333
   4   10   13 1.864286 2.135714
   5    8   20 1.433333 3.566667
   8   22   28 3.598810 4.401190
   4   10   15 1.678571 2.321429
   1    0    6 0.000000 1.000000
   9   18   34 3.161905 5.838095
   4    8   14 1.466667 2.533333
  11   28   42 4.441667 6.558333
   1    0    7 0.000000 1.000000
   5   10   18 1.761905 3.238095
   9   26   27 4.385714 4.614286
  15   60   33 9.902381 5.097619
   4    6   17 1.066667 2.933333
   2    2   10 0.333333 1.666667
   6   14   20 2.547619 3.452381
   1    0    6 0.000000 1.000000
   2    0   12 0.000000 2.000000
   1    0    6 0.000000 1.000000
   6   14   22 2.333333 3.666667
   1    0    6 0.000000 1.000000
   1    0    7 0.000000 1.000000
   4    2   21 0.366667 3.633333
  23   88   49 15.055952 7.944048
   7   16   27 2.623810 4.376190
   1    0    6 0.000000 1.000000
   7   14   28 2.295238 4.704762
   5   10   21 1.695238 3.304762
   5    6   25 0.985714 4.014286
   5    6   24 1.042857 3.957143
   5    4   26 0.666667 4.333333
  16   56   39 9.530952 6.469048
   2    2   10 0.333333 1.666667
   1    0    6 0.000000 1.000000
   8   22   25 3.690476 4.309524
   1    0    6 0.000000 1.000000
   2    2   10 0.333333 1.666667
  11   28   34 5.076190 5.923810
   3    4   14 0.676190 2.323810
   5    8   21 1.400000 3.600000
  14   46   39 7.738095 6.261905
   4    6   19 0.952381 3.047619
   1    0    7 0.000000 1.000000
   6   12   22 2.128571 3.871429
   8   18   31 3.038095 4.961905
   6    8   30 1.335714 4.664286
   3    4   12 0.766667 2.233333
  14   44   41 7.344048 6.655952
  13   32   46 5.347619 7.652381
   2    2    9 0.366667 1.633333
   7   14   28 2.411905 4.588095
   1    0    7 0.000000 1.000000
   2    2   12 0.285714 1.714286
  14   40   42 6.728571 7.271429
   6   16   18 2.871429 3.128571
   4    6   19 0.952381 3.047619
   6    6   31 0.976190 5.023810
   1    0    6 0.000000 1.000000
   8   22   26 3.742857 4.257143
  13   40   41 6.611905 6.388095
   3    2   16 0.333333 2.666667
   3    4   16 0.595238 2.404762
  11   30   37 5.023810 5.976190
  22   60   64 10.595238 11.404762
   5    8   24 1.238095 3.761905
   3    2   17 0.309524 2.690476
   1    0    7 0.000000 1.000000
  11   22   46 3.576190 7.423810
   8   20   27 3.457143 4.542857
  15   58   31 9.876190 5.123810
   8   24   25 3.928571 4.071429
  22   64   66 10.876190 11.123810
   2    2    9 0.366667 1.633333
   5   10   21 1.604762 3.395238
  10   34   28 5.704762 4.295238
  13   30   48 5.023810 7.976190
   5    8   21 1.400000 3.600000
   1    0    6 0.000000 1.000000
   9   26   26 4.471429 4.528571
   2    2    8 0.400000 1.600000
  15   50   36 8.652381 6.347619
  16   64   34 10.658333 5.341667
  16   42   58 6.992857 9.007143
   3    4   16 0.595238 2.404762
   5   10   18 1.766667 3.233333
  10   20   38 3.452381 6.547619
  19   46   71 7.713095 11.286905
   4   10   14 1.719048 2.280952
   1    0    7 0.000000 1.000000
   4    8   16 1.295238 2.704762
  20   70   54 11.369048 8.630952
  17   66   36 10.965476 6.034524
  17   44   56 7.538095 9.461905
   4    2   22 0.333333 3.666667
   9   24   29 4.109524 4.890476
  25   84   66 14.042857 10.957143
   4    8   15 1.361905 2.638095
   2    2   11 0.309524 1.690476
  20   70   43 12.180952 7.819048
  16   54   40 9.109524 6.890476
  21   66   65 11.004762 9.995238
   2    0   13 0.000000 2.000000
   8   16   33 2.595238 5.404762
  27  104   59 17.238095 9.761905
   4    4   20 0.742857 3.257143
   2    2   10 0.333333 1.666667
  23   88   50 14.700000 8.300000
  16   54   44 8.976190 7.023810
  22   78   55 12.919048 9.080952
   2    0   13 0.000000 2.000000
   5    6   24 1.009524 3.990476
  23   76   60 12.876190 10.123810
   7    8   32 1.442857 5.557143
   1    0    6 0.000000 1.000000
  19   62   52 10.380952 8.619048
  14   44   42 7.391667 6.608333
  27   88   72 14.855952 12.144048
   3    6   11 1.085714 1.914286
   4    2   20 0.366667 3.633333
  26   88   71 14.608333 11.391667
   6   10   26 1.661905 4.338095
   2    0   12 0.000000 2.000000
  22   74   58 12.514286 9.485714
  18   52   59 8.576190 9.423810
  16   46   48 7.802381 8.197619
   4   10   13 1.814286 2.185714
   5    4   28 0.652381 4.347619
  28   98   67 16.823810 11.176190
   5   10   21 1.642857 3.357143
   5    6   24 1.067857 3.932143
  15   38   52 6.371429 8.628571
  24   70   70 11.904762 12.095238
  16   62   36 10.432143 5.567857
   6   12   24 2.000000 4.000000
   2    2   11 0.309524 1.690476
  27   78   83 13.004762 13.995238
   5    6   26 0.928571 4.071429
   7   16   25 2.809524 4.190476
  24   78   66 13.196429 10.803571
  19   36   80 6.026190 12.973810
  17   58   45 9.790476 7.209524
   9   24   31 4.117857 4.882143
   1    0    6 0.000000 1.000000
  18   48   57 8.166667 9.833333
   5    8   22 1.319048 3.680952
   5    8   22 1.333333 3.666667
  22   74   61 12.189286 9.810714
  16   30   67 5.121429 10.878571
   4    8   17 1.285714 2.714286
  13   38   40 6.400000 6.600000
  38  148   75 25.285714 12.714286
   2    0   12 0.000000 2.000000
   8   18   26 3.271429 4.728571
  26   78   72 13.480952 12.519048
  11   20   48 3.292857 7.707143
   3    6   14 0.916667 2.083333
  13   30   48 4.952381 8.047619
  35  130   86 21.242857 13.757143
   4    4   20 0.666667 3.333333
   7   18   23 3.066667 3.933333
  21   64   64 10.819048 10.180952
  12   20   54 3.271429 8.728571
   1    0    6 0.000000 1.000000
  18   36   65 6.416667 11.583333
  38  150   83 25.148810 12.851190
   3    2   15 0.400000 2.600000
   3    4   13 0.700000 2.300000
  31  124   64 20.585714 10.414286
   9   22   34 3.625000 5.375000
   2    2    9 0.366667 1.633333
  17   40   60 6.769048 10.230952
  37  158   63 26.769048 10.230952
   1    0    7 0.000000 1.000000
   5   12   21 1.809524 3.190476
  26   90   63 15.375000 10.625000
  11   30   39 4.857143 6.142857
  17   26   72 4.595238 12.404762
  39  166   70 27.776190 11.223810
   2    2    9 0.366667 1.633333
   5   12   19 1.952381 3.047619
  26   82   74 13.766667 12.233333
  17   38   65 6.345238 10.654762
  20   48   69 8.471429 11.528571
  31  112   75 18.573810 12.426190
   1    0    6 0.000000 1.000000
   6   12   22 2.100000 3.900000
  29   90   86 14.966667 14.033333
  10   16   49 2.476190 7.523810
  17   52   49 8.802381 8.197619
  33  122   73 20.725000 12.275000
   5   10   19 1.728571 3.271429
   7   18   26 2.933333 4.066667
  25   64   89 10.777381 14.222619
  11   22   42 3.803571 7.196429
  22   64   67 10.814286 11.185714
  29   92   81 15.422619 13.577381
   6    8   27 1.383333 4.616667
  11   26   38 4.547619 6.452381
  26   72   84 12.190476 13.809524
   7   16   26 2.761905 4.238095
  29  100   74 16.823810 12.176190
  26   88   70 14.834524 11.165476
   1    0    6 0.000000 1.000000
   7   14   28 2.361905 4.638095
  26   76   73 13.190476 12.809524
   5    8   22 1.395238 3.604762
  35  124   88 20.703571 14.296429
  26   92   68 15.376190 10.623810
   1    0    7 0.000000 1.000000
   7   14   31 2.152381 4.847619
  23   70   67 11.852381 11.147619
  15   48   39 8.247619 6.752381
  33  118   78 19.971429 13.028571
  22   62   73 10.469048 11.530952
   4    6   18 0.983333 3.016667
  23   66   75 10.985714 12.014286
  26  100   59 16.716667 9.283333
  35  120   83 20.561905 14.438095
  12   26   47 4.433333 7.566667
  14   22   61 3.838095 10.161905
  19   54   65 8.882143 10.117857
  44  140  115 24.254762 19.745238
  23   78   65 13.075000 9.925000
  21   48   75 8.153571 12.846429
  25   78   76 12.958333 12.041667
  42  130  117 22.223810 19.776190
  12   22   54 3.529762 8.470238
  26   80   75 13.771429 12.228571
  33  110   86 18.490476 14.509524
  29   76  102 12.596429 16.403571
  12   32   39 5.561905 6.438095
  15   34   58 5.598810 9.401190
  49  230   61 38.682143 10.317857
  26   58   98 9.747619 16.252381
  10   28   33 4.680952 5.319048
  19   56   58 9.573810 9.426190
  41  184   65 30.579762 10.420238
  32   98   92 16.545238 15.454762
   8   16   31 2.828571 5.171429
  17   46   55 7.922619 9.077381
  37  154   68 25.764286 11.235714
  36  140   78 23.317857 12.682143
  10   28   31 4.752381 5.247619
  12   30   45 4.976190 7.023810
  38  164   63 27.439286 10.560714
  39  152   81 25.614286 13.385714
  11   36   29 6.133333 4.866667
  16   46   49 7.666667 8.333333
  48  222   67 37.217857 10.782143
  26   98   57 16.416667 9.583333
  10   32   29 5.238095 4.761905
  14   36   47 6.085714 7.914286
  44  186   79 31.217857 12.782143
  27   92   73 15.042857 11.957143
  15   58   29 10.026190 4.973810
  18   54   51 9.285714 8.714286
  41  176   70 29.380952 11.619048
  28  108   64 17.914286 10.085714
  13   38   39 6.315476 6.684524
  19   60   57 9.828571 9.171429
  43  168   88 28.258333 14.741667
  27  100   62 16.766667 10.233333
  11   28   37 4.728571 6.271429
   8   20   28 3.352381 4.647619
  49  224   73 37.161905 11.838095
  19   48   63 8.228571 10.771429
  24   84   60 14.121429 9.878571
   4    2   21 0.333333 3.666667
  38  144   81 24.253571 13.746429
  34  126   78 20.995238 13.004762
  24   74   74 12.361905 11.638095
   9   22   31 3.878571 5.121429
  27  104   63 16.907143 10.092857
  41  178   69 29.695238 11.304762
  23   66   67 11.159524 11.840476
   5    8   19 1.466667 3.533333
  29   86   87 14.495238 14.504762
  42  152  102 25.257143 16.742857
  24   76   70 12.458333 11.541667
   6   10   26 1.666667 4.333333
  45  170   98 28.570238 16.429762
  35  120   88 20.530952 14.469048
  14   32   56 5.321429 8.678571
   2    0   12 0.000000 2.000000
  46  188   89 31.271429 14.728571
  39  130  104 21.884524 17.115476
  13   32   45 5.557143 7.442857
   2    2    9 0.366667 1.633333
  41  152   89 25.836905 15.163095
  48  198   99 32.371429 15.628571
   9   22   29 3.871429 5.128571
   1    0    6 0.000000 1.000000
  40  150   92 25.094048 14.905952
  53  204  106 34.642857 18.357143
   6    6   36 0.892857 5.107143
  27   90   74 14.952381 12.047619
  65  290  101 48.051190 16.948810
   8   10   35 1.785714 6.214286
  31   98   89 16.386905 14.613095
  66  296   98 49.772619 16.227381
   3    4   15 0.642857 2.357143
  35  124   89 20.559524 14.440476
  63  276   99 46.540476 16.459524
   2    2   10 0.333333 1.666667
  32  104   91 17.441667 14.558333
  68  314   91 52.833333 15.166667
  31   90   99 14.958333 16.041667
  69  312   99 52.433333 16.566667
  22   52   80 8.685714 13.314286
  78  388   80 64.960714 13.039286
  25   86   68 14.297619 10.702381
  75  378   68 63.413095 11.586905
  32  116   78 19.372619 12.627381
  68  328   78 54.985714 13.014286
  31  120   65 20.163095 10.836905
  69  350   65 58.342857 10.657143
  27   84   78 14.423810 12.576190
  73  360   78 60.375000 12.625000
  28   94   74 15.785714 12.214286
  72  358   74 59.771429 12.228571
  19   46   67 7.747619 11.252381
  81  420   67 69.972619 11.027381
  16   34   61 5.746429 10.253571
  84  444   61 74.128571 9.871429
  13   20   53 3.635714 9.364286
  87  474   53 78.477381 8.522619
   9   12   44 1.978571 7.021429
  91  500   44 83.547619 7.452381
  11   22   43 3.719048 7.280952
  89  492   43 81.833333 7.166667
   8   14   34 2.433333 5.566667
  92  518   34 86.403571 5.596429
   9   34   22 5.571429 3.428571
  91  522   22 87.161905 3.838095
   5    8   21 1.442857 3.557143
  95  550   21 91.483333 3.516667
   3    4   12 0.766667 2.233333
  97  572   12 95.186905 1.813095
   7   12   27 2.200000 4.800000
  93  534   27 88.809524 4.190476
   5    6   24 1.042857 3.957143
  95  546   24 90.920238 4.079762
   4    6   18 0.985714 3.014286
  96  558   18 93.013095 2.986905
   7   14   28 2.333333 4.666667
  93  530   28 88.333333 4.666667
  13   46   32 7.877381 5.122619
  87  490   32 81.775000 5.225000
  19   66   49 11.252381 7.747619
  81  436   49 73.042857 7.957143
  25   92   57 15.477381 9.522619
  75  394   57 65.838095 9.161905
  34  118   87 19.946429 14.053571
  66  308   87 51.659524 14.340476
  25   80   70 13.536905 11.463095
  75  380   70 63.721429 11.278571
  20   70   50 11.639286 8.360714
  80  430   50 71.734524 8.265476
  26   94   61 15.709524 10.290476
  74  384   61 63.847619 10.152381
  25   92   60 15.339286 9.660714
  75  388   60 64.992857 10.007143
  20   66   52 11.190476 8.809524
  80  430   52 71.595238 8.404762
  25   88   63 14.785714 10.214286
  75  386   63 64.527381 10.472619
  19   52   61 8.985714 10.014286
  81  426   61 71.116667 9.883333
  29   88   85 15.021429 13.978571
  71  342   85 57.046429 13.953571
  28   96   76 16.133333 11.866667
  72  352   76 59.275000 12.725000
  33  126   72 21.304762 11.695238
  67  330   72 55.158333 11.841667
  39  138   89 23.740476 15.259524
  61  284   89 46.870238 14.129762
  29   86   88 14.611905 14.388095
  71  338   88 56.544048 14.455952
  25   74   77 12.290476 12.709524
  75  372   77 62.134524 12.865476
  24   70   73 12.090476 11.909524
  76  384   73 63.873810 12.126190
  15   32   57 5.403571 9.596429
  85  454   57 75.666667 9.333333
  22   66   68 10.966667 11.033333
  78  398   68 66.582143 11.417857
  17   48   56 7.966667 9.033333
  83  440   56 73.522619 9.477381
  24   82   58 14.084524 9.915476
  76  402   58 66.601190 9.398810
  37  146   79 24.359524 12.640476
  63  296   79 49.671429 13.328571
  39  158   72 26.633333 12.366667
  61  298   72 49.346429 11.653571
  41  160   87 26.910714 14.089286
  59  266   87 44.609524 14.390476
  44  172   92 28.901190 15.098810
  56  244   92 40.709524 15.290476
  54  238   86 39.782143 14.217857
  46  190   86 31.633333 14.366667
  58  260   85 43.550794 14.449206
  42  170   85 28.244048 13.755952
  59  254  104 42.327381 16.672619
  41  138  104 23.439286 17.560714
  52  230   79 38.548810 13.451190
  48  212   79 35.185714 12.814286
  37  138   83 23.188095 13.811905
  63  296   83 49.133333 13.866667
  41  160   87 26.704762 14.295238
  59  266   87 44.579762 14.420238
  35  128   86 21.346032 13.653968
  65  300   86 50.689286 14.310714
  32  116   78 19.219048 12.780952
  68  328   78 54.840476 13.159524
  44  172   91 28.964286 15.035714
  56  246   91 40.971429 15.028571
  43  158   99 26.585714 16.414286
  57  244   99 40.836905 16.163095
  52  230   80 38.635714 13.364286
  48  210   80 35.057143 12.942857
  57  236  103 39.602381 17.397619
  43  158  103 26.121429 16.878571
  62  274   97 46.070238 15.929762
  38  132   97 22.133333 15.866667
  66  320   82 53.169048 12.830952
  34  116   82 19.980952 14.019048
  54  236   90 39.385714 14.614286
  46  184   90 30.919048 15.080952
  60  260   96 43.569048 16.430952
  40  148   96 24.455556 15.544444
  60  272   90 45.341667 14.658333
  40  148   90 24.980952 15.019048
  72  352   77 59.080952 12.919048
  28   94   77 15.585714 12.414286
  82  432   62 72.159524 9.840476
  18   44   62 7.428571 10.571429
  86  464   53 77.369048 8.630952
  14   30   53 5.063095 8.936905
  87  472   50 78.777381 8.222619
  13   28   50 4.600000 8.400000
  87  478   46 79.528571 7.471429
  13   30   46 5.305952 7.694048
  89  492   41 82.277381 6.722619
  11   26   41 4.261905 6.738095
  84  450   52 75.180952 8.819048
  16   46   52 7.628571 8.371429
  84  452   51 75.421429 8.578571
  16   46   51 7.776190 8.223810
  83  440   59 73.242857 9.757143
  17   42   59 7.047619 9.952381
  74  380   68 62.928571 11.071429
  26   84   68 14.358333 11.641667
  85  454   56 75.915476 9.084524
  15   34   56 5.800000 9.200000
  87  472   49 78.794048 8.205952
  13   30   49 5.033333 7.966667
  89  488   46 81.248810 7.751190
  11   20   46 3.361905 7.638095
  95  550   20 91.721429 3.278571
   5   10   20 1.714286 3.285714
  93  526   32 87.604762 5.395238
   7   10   32 1.752381 5.247619
  99  588    6 98.032143 0.967857
   1    0    6 0.000000 1.000000
 100  600    0 100.000000 0.000000
