   1    0    8 0.000000 1.000000
   4    8   15 1.452381 2.547619
   1    0    6 0.000000 1.000000
   2    2   10 0.342857 1.657143
   2    2   12 0.291667 1.708333
   5    8   22 1.385714 3.614286
   5   14   18 2.276190 2.723810
   1    0    6 0.000000 1.000000
   1    0    6 0.000000 1.000000
   1    0    6 0.000000 1.000000
   5   14   15 2.433333 2.566667
   1    0    6 0.000000 1.000000
   1    0    6 0.000000 1.000000
   1    0    7 0.000000 1.000000
   1    0    5 0.000000 1.000000
   1    0    6 0.000000 1.000000
   1    0    6 0.000000 1.000000
   1    0    6 0.000000 1.000000
   1    0    6 0.000000 1.000000
   2    2   10 0.333333 1.666667
   5   12   15 2.266667 2.733333
   2    2    7 0.450000 1.550000
   1    0    6 0.000000 1.000000
   1    0    5 0.000000 1.000000
   2    2   10 0.333333 1.666667
   2    2   11 0.325000 1.675000
   1    0    7 0.000000 1.000000
   3    4   15 0.642857 2.357143
   1    0    6 0.000000 1.000000
   1    0    5 0.000000 1.000000
   1    0    6 0.000000 1.000000
   1    0    7 0.000000 1.000000
   1    0    6 0.000000 1.000000
   2    2    8 0.400000 1.600000
   1    0    6 0.000000 1.000000
   3    2   16 0.366667 2.633333
   3    4   15 0.628571 2.371429
   1    0    6 0.000000 1.000000
   3    6   11 1.066667 1.933333
   1    0    6 0.000000 1.000000
   1    0    7 0.000000 1.000000
   1    0    6 0.000000 1.000000
   1    0    6 0.000000 1.000000
   2    2    9 0.366667 1.633333
   4    8   19 1.244048 2.755952
   1    0    7 0.000000 1.000000
   1    0    5 0.000000 1.000000
   1    0    6 0.000000 1.000000
   1    0    6 0.000000 1.000000
   1    0    7 0.000000 1.000000
   1    0    6 0.000000 1.000000
   2    2    9 0.366667 1.633333
   1    0    7 0.000000 1.000000
   2    2    8 0.400000 1.600000
   3    4   14 0.709524 2.290476
   1    0    5 0.000000 1.000000
   1    0    6 0.000000 1.000000
   1    0    7 0.000000 1.000000
   7   22   17 3.900000 3.100000
   2    2   11 0.309524 1.690476
   1    0    6 0.000000 1.000000
   7   12   29 2.071429 4.928571
   7   16   26 2.733333 4.266667
  11   32   34 5.361905 5.638095
   1    0    6 0.000000 1.000000
   2    0   12 0.000000 2.000000
   2    2    9 0.366667 1.633333
   1    0    6 0.000000 1.000000
   2    2   10 0.342857 1.657143
   3    6   13 0.952381 2.047619
   4   10   14 1.666667 2.333333
   2    2   11 0.309524 1.690476
   3    4   13 0.702381 2.297619
   1    0    8 0.000000 1.000000
   3    2   17 0.333333 2.666667
   1    0    6 0.000000 1.000000
   1    0    6 0.000000 1.000000
   1    0    6 0.000000 1.000000
   2    2    9 0.366667 1.633333
   1    0    6 0.000000 1.000000
   4   10   15 1.647619 2.352381
   1    0    7 0.000000 1.000000
   3    4   14 0.676190 2.323810
   1    0    6 0.000000 1.000000
   3    4   13 0.733333 2.266667
   2    2   10 0.342857 1.657143
   1    0    6 0.000000 1.000000
   4   10   14 1.661905 2.338095
   1    0    7 0.000000 1.000000
   2    0   12 0.000000 2.000000
   3    6   10 1.133333 1.866667
   2    2   11 0.309524 1.690476
   6   14   23 2.280952 3.719048
   2    2    9 0.366667 1.633333
   8   24   23 4.100000 3.900000
   1    0    5 0.000000 1.000000
   9   18   37 3.071429 5.928571
   3    2   14 0.366667 2.633333
   8   24   25 3.928571 4.071429
   2    0   14 0.000000 2.000000
   7   16   24 2.954762 4.045238
   5   12   20 1.928571 3.071429
   1    0    6 0.000000 1.000000
   1    0    8 0.000000 1.000000
   1    0    5 0.000000 1.000000
   2    2   11 0.309524 1.690476
   3    4   15 0.619048 2.380952
   4    6   18 1.042857 2.957143
   2    2   11 0.309524 1.690476
   2    2   12 0.285714 1.714286
   3    4   14 0.709524 2.290476
   6   16   21 2.619048 3.380952
   7   20   21 3.361905 3.638095
   9   28   24 4.758333 4.241667
   4    8   14 1.500000 2.500000
   8   24   22 4.233333 3.766667
   4   10   14 1.661905 2.338095
  10   28   33 4.661905 5.338095
  11   22   40 3.923810 7.076190
   6   12   22 2.152381 3.847619
   8   12   38 1.990476 6.009524
   9   14   38 2.391667 6.608333
   2    2    9 0.366667 1.633333
   2    2   11 0.309524 1.690476
   3    6   12 1.019048 1.980952
   1    0    6 0.000000 1.000000
   6    8   28 1.358333 4.641667
   3    2   15 0.366667 2.633333
   6    8   29 1.319048 4.680952
   5   14   18 2.214286 2.785714
   9   32   22 5.450000 3.550000
   6   16   20 2.671429 3.328571
   6   14   22 2.371429 3.628571
   5   10   23 1.571429 3.428571
   2    2   10 0.342857 1.657143
  13   44   32 7.533333 5.466667
   9   18   35 3.033333 5.966667
   6   16   22 2.598810 3.401190
  11   28   42 4.500000 6.500000
  10   18   40 3.114286 6.885714
   3    2   14 0.400000 2.600000
   7   24   17 4.233333 2.766667
   4    4   20 0.666667 3.333333
   3    2   16 0.366667 2.633333
   7    6   37 0.952381 6.047619
   8   22   28 3.604762 4.395238
   6   10   25 1.695238 4.304762
   4    8   17 1.280952 2.719048
   6   10   25 1.738095 4.261905
   1    0    7 0.000000 1.000000
   2    2    9 0.366667 1.633333
   9   18   33 3.152381 5.847619
   2    0   14 0.000000 2.000000
   5    6   21 1.100000 3.900000
  24  102   45 16.747619 7.252381
  12   28   44 4.800000 7.200000
   1    0    6 0.000000 1.000000
   2    2   12 0.285714 1.714286
   1    0    7 0.000000 1.000000
   4    0   26 0.000000 4.000000
   7   10   32 1.623810 5.376190
  15   50   37 8.595238 6.404762
   4    6   18 1.058333 2.941667
   8   18   27 3.161905 4.838095
   3    2   16 0.342857 2.657143
   1    0    6 0.000000 1.000000
   2    2   12 0.285714 1.714286
  10   34   25 5.832143 4.167857
   2    2    8 0.400000 1.600000
   9   14   39 2.369048 6.630952
  22   68   64 11.708333 10.291667
   4    6   18 1.000000 3.000000
   1    0    7 0.000000 1.000000
   1    0    6 0.000000 1.000000
   3    2   18 0.291667 2.708333
  15   44   46 7.576190 7.423810
  14   32   50 5.452381 8.547619
   4    6   18 1.009524 2.990476
   5    4   27 0.642857 4.357143
   8   14   36 2.361905 5.638095
   1    0    5 0.000000 1.000000
   1    0    7 0.000000 1.000000
  19   74   40 12.509524 6.490476
   3    4   13 0.700000 2.300000
   8    8   38 1.433333 6.566667
  11   22   45 3.590476 7.409524
   2    2    9 0.366667 1.633333
   4    6   21 0.880952 3.119048
   1    0    7 0.000000 1.000000
   4    4   20 0.709524 3.290476
  15   30   59 5.052381 9.947619
  12   24   48 4.157143 7.842857
   2    2   10 0.342857 1.657143
   5    4   26 0.666667 4.333333
   9   20   34 3.457143 5.542857
   5   12   18 2.028571 2.971429
  15   60   31 10.076190 4.923810
  10   30   28 5.142857 4.857143
  17   46   54 7.797619 9.202381
   3    6   13 0.952381 2.047619
   7   10   33 1.642857 5.357143
  15   32   60 5.348810 9.651190
  12   24   51 3.833333 8.166667
   3    4   13 0.742857 2.257143
  13   34   45 5.755952 7.244048
   4    6   14 1.233333 2.766667
   1    0    6 0.000000 1.000000
  13   38   39 6.471429 6.528571
  11   30   33 5.161905 5.838095
  17   38   70 6.195238 10.804762
   6   14   23 2.314286 3.685714
   4    6   18 1.133333 2.866667
  19   44   64 7.876190 11.123810
  16   48   51 8.028571 7.971429
  13   34   44 5.819048 7.180952
   1    0    6 0.000000 1.000000
   8    8   40 1.319048 6.680952
   1    0    7 0.000000 1.000000
  15   24   66 4.102381 10.897619
   6   18   18 3.000000 3.000000
   2    2   10 0.333333 1.666667
  23   82   53 13.985714 9.014286
  25   92   63 15.334524 9.665476
  19   74   36 12.702381 6.297619
   1    0    7 0.000000 1.000000
   8   16   30 2.819048 5.180952
   9    8   42 1.502381 7.497619
   5   12   19 1.928571 3.071429
  21   70   56 11.838095 9.161905
  20   62   57 10.361905 9.638095
  33  140   65 22.902381 10.097619
   4    8   15 1.361905 2.638095
   9   16   39 2.590476 6.409524
   7    8   34 1.352381 5.647619
   3    2   18 0.285714 2.714286
  22   62   63 10.752381 11.247619
  21   60   70 9.742857 11.257143
  32  118   74 19.739286 12.260714
   6   16   20 2.728571 3.271429
  14   32   51 5.400000 8.600000
   8   10   34 1.800000 6.200000
   2    0   13 0.000000 2.000000
  14   38   49 6.085714 7.914286
  25   86   68 13.969048 11.030952
  32  118   72 19.904762 12.095238
   5    6   23 1.076190 3.923810
  13   30   47 5.104762 7.895238
   6   12   22 2.245238 3.754762
   2    2   11 0.309524 1.690476
  15   34   55 5.932143 9.067857
  27   82   81 13.707143 13.292857
  31  114   74 19.028571 11.971429
   6   14   22 2.411905 3.588095
   8   14   38 2.238095 5.761905
   7   14   28 2.361905 4.638095
   2    2   10 0.333333 1.666667
  13   38   41 6.261905 6.738095
  30   90   89 15.279762 14.720238
  30  110   67 18.533333 11.466667
  10   32   27 5.276190 4.723810
   5    2   30 0.333333 4.666667
  13   36   44 6.029762 6.970238
   3    2   14 0.400000 2.600000
  16   50   44 8.403571 7.596429
  27   70   89 11.763095 15.236905
  26   88   69 14.740476 11.259524
  10   28   34 4.614286 5.385714
   5   10   20 1.714286 3.285714
  10   18   43 2.909524 7.090476
   3    2   15 0.400000 2.600000
  19   66   48 11.267857 7.732143
  28   58  110 9.909524 18.090476
  28  100   69 16.770238 11.229762
   7   16   25 2.785714 4.214286
  10   34   27 5.695238 4.304762
   8   18   30 3.160714 4.839286
   1    0    6 0.000000 1.000000
  28  110   57 18.428571 9.571429
  20   52   70 8.676190 11.323810
  21   70   54 11.801190 9.198810
  12   42   30 7.000000 5.000000
  13   40   37 6.807143 6.192857
   6    8   26 1.428571 4.571429
   1    0    7 0.000000 1.000000
  33  122   75 20.319048 12.680952
  14   30   54 5.040476 8.959524
  15   38   55 6.241667 8.758333
  18   58   50 9.833333 8.166667
   5    8   22 1.285714 3.714286
   5    4   25 0.742857 4.257143
   3    2   16 0.333333 2.666667
  44  154  105 26.259524 17.740476
  13   36   43 6.115476 6.884524
  12   36   41 5.786905 6.213095
  18   64   44 10.830952 7.169048
   5    8   22 1.309524 3.690476
   1    0    7 0.000000 1.000000
   9   22   31 3.885714 5.114286
  53  212  104 35.571429 17.428571
   7   12   29 2.091667 4.908333
  10   30   33 4.815476 5.184524
  15   56   34 9.290476 5.709524
   4    4   19 0.700000 3.300000
   8   24   22 4.238095 3.761905
   5    6   23 1.000000 4.000000
  50  198  104 33.163095 16.836905
   4    8   18 1.250000 2.750000
  11   26   40 4.440476 6.559524
  18   68   40 11.357143 6.642857
   7   18   23 3.171429 3.828571
   8   18   29 3.061905 4.938095
   5    8   22 1.342857 3.657143
  47  190   96 31.541667 15.458333
   2    0   13 0.000000 2.000000
   1    0    6 0.000000 1.000000
  30  130   47 21.907143 8.092857
   6   10   23 1.866667 4.133333
  15   42   45 7.214286 7.785714
  10   34   26 5.916667 4.083333
  41  156   94 26.091667 14.908333
   2    2   10 0.333333 1.666667
   1    0    7 0.000000 1.000000
  25  104   47 17.321429 7.678571
   2    2   12 0.291667 1.708333
  13   40   36 6.921429 6.078571
  16   56   42 9.290476 6.709524
  44  170   91 28.641667 15.358333
   2    2   10 0.342857 1.657143
   1    0    6 0.000000 1.000000
  22   92   41 15.334524 6.665476
   2    2   10 0.342857 1.657143
  19   62   52 10.442857 8.557143
  19   66   47 11.219048 7.780952
  32  106   88 17.769048 14.230952
   2    2    9 0.366667 1.633333
   2    2   10 0.333333 1.666667
  24   98   46 16.303571 7.696429
   1    0    6 0.000000 1.000000
  19   62   55 10.185714 8.814286
  16   48   47 7.914286 8.085714
  31  100   85 16.840476 14.159524
   1    0    6 0.000000 1.000000
   1    0    7 0.000000 1.000000
  31  112   72 18.893651 12.106349
  27   92   71 15.513095 11.486905
  13   36   44 5.823810 7.176190
  34  128   77 21.479762 12.520238
   1    0    7 0.000000 1.000000
  25   76   69 13.145238 11.854762
  20   54   68 8.791667 11.208333
  13   20   58 3.338095 9.661905
  39  160   76 26.354762 12.645238
   2    2    8 0.400000 1.600000
  26   82   72 13.900000 12.100000
  17   36   67 6.072619 10.927381
  13   24   51 4.223810 8.776190
  45  170   96 28.729762 16.270238
   4    8   21 1.136905 2.863095
  21   64   63 10.971429 10.028571
  14   22   60 3.728571 10.271429
  22   48   86 7.875000 14.125000
  41  160   86 26.833333 14.166667
   5    8   22 1.319048 3.680952
  18   42   66 6.954762 11.045238
  10   12   46 2.019048 7.980952
  30   96   85 16.115476 13.884524
  40  148   92 24.876190 15.123810
   7   16   26 2.636905 4.363095
  13   32   47 5.371429 7.628571
  11   16   45 2.942857 8.057143
  26   58   99 9.803571 16.196429
  51  206  103 34.452381 16.547619
   7   18   25 2.900000 4.100000
   5    6   24 1.000000 4.000000
  10   14   48 2.302381 7.697619
  17   48   58 7.783333 9.216667
  49  204   88 34.320238 14.679762
  12   38   32 6.650000 5.350000
  12   42   28 7.200000 4.800000
  10   16   46 2.600000 7.400000
  18   58   47 9.770238 8.229762
  48  212   80 35.219048 12.780952
  15   48   38 8.300000 6.700000
   9   22   33 3.609524 5.390476
  11   20   47 3.400000 7.600000
  10   20   41 3.271429 6.728571
  55  240   88 40.313095 14.686905
  15   46   44 7.857143 7.142857
   9   24   30 3.995238 5.004762
  22   70   61 11.638095 10.361905
   6   14   21 2.466667 3.533333
  51  234   74 38.885714 12.114286
  18   66   41 11.090476 6.909524
   3    2   17 0.309524 2.690476
  16   32   64 5.257143 10.742857
   1    0    7 0.000000 1.000000
  68  330   78 55.141270 12.858730
  13   40   38 6.623810 6.376190
   2    2    9 0.366667 1.633333
   7    4   36 0.800000 6.200000
   4   10   15 1.647619 2.352381
  65  324   66 54.033333 10.966667
  23   94   45 15.752381 7.247619
   1    0    6 0.000000 1.000000
   6    8   29 1.338095 4.661905
   4   10   14 1.695238 2.304762
  65  314   80 52.133730 12.866270
  25  100   45 17.041667 7.958333
   5    4   26 0.709524 4.290476
   2    2   10 0.333333 1.666667
  63  290   88 48.564286 14.435714
  30  122   58 20.575794 9.424206
   5    6   22 1.100000 3.900000
   8   24   26 3.809524 4.190476
  59  274   81 45.605952 13.394048
  28  116   51 19.478571 8.521429
  12   28   41 4.983333 7.016667
   7   22   19 3.795238 3.204762
  43  156  104 26.152381 16.847619
  38  156   74 26.077381 11.922619
  11   36   32 6.052381 4.947619
   4   10   13 1.733333 2.266667
  47  198   81 33.448810 13.551190
  38  166   64 27.542857 10.457143
  11   36   32 5.847619 5.152381
   6   16   20 2.745238 3.254762
  50  204   95 34.104762 15.895238
  33  136   61 22.809524 10.190476
   9   20   33 3.352381 5.647619
   5   10   23 1.547619 3.452381
  56  226  113 37.627381 18.372619
  30   94   81 16.035714 13.964286
  11   24   44 4.014286 6.985714
   6   10   29 1.571429 4.428571
  57  238   99 40.228571 16.771429
  26  100   56 16.853571 9.146429
  11   24   40 4.066667 6.933333
   7   14   25 2.585714 4.414286
  65  302   91 50.271429 14.728571
  17   54   50 8.685714 8.314286
  10   14   49 2.294048 7.705952
   3    2   18 0.333333 2.666667
  69  324   87 54.132143 14.867857
  18   66   40 11.247619 6.752381
  10   12   44 2.133333 7.866667
   3    6   12 1.019048 1.980952
  69  340   79 56.307143 12.692857
  18   64   43 10.976190 7.023810
  22   42   94 7.128571 14.871429
   4    8   16 1.295238 2.704762
  61  258  102 43.651190 17.348810
  13   32   48 5.366667 7.633333
  28   80   92 13.296429 14.703571
   4    8   18 1.208333 2.791667
  57  232  106 39.142857 17.857143
  11   24   40 4.214286 6.785714
  29   90   77 15.507143 13.492857
   3    4   12 0.766667 2.233333
  59  284   75 46.911905 12.088095
   9   18   40 2.815873 6.184127
  24   78   65 13.301190 10.698810
  10   30   28 5.200000 4.800000
  63  294   85 48.976190 14.023810
   3    2   18 0.309524 2.690476
  25   90   62 14.825000 10.175000
   8   18   30 2.985714 5.014286
  60  268   89 44.933333 15.066667
   7   18   25 3.047619 3.952381
  27  102   62 16.973810 10.026190
   3    6   12 1.000000 2.000000
  63  298   81 49.638095 13.361905
   7   12   27 2.104762 4.895238
  26   92   65 15.319048 10.680952
   3    6   12 1.019048 1.980952
  58  272   75 45.533333 12.466667
  13   50   28 8.376190 4.623810
  28  106   61 17.958333 10.041667
   3    4   13 0.700000 2.300000
  54  256   70 42.538095 11.461905
  15   56   34 9.361905 5.638095
  19   40   73 6.723810 12.276190
   2    2   10 0.333333 1.666667
  64  310   75 52.028571 11.971429
  15   50   40 8.285714 6.714286
  21   54   75 8.855952 12.144048
   5   10   19 1.776190 3.223810
  61  284   80 47.488095 13.511905
  13   30   48 5.039286 7.960714
  27   86   72 14.880952 12.119048
   4    6   19 0.976190 3.023810
  61  302   63 50.240476 10.759524
   8   16   36 2.489286 5.510714
  26   68   83 11.647619 14.352381
   3    2   17 0.333333 2.666667
  61  288   80 47.866667 13.133333
  10   20   42 3.278571 6.721429
  33  102   98 17.027381 15.972619
   2    2   12 0.285714 1.714286
  56  240   93 40.404762 15.595238
   9   22   31 3.747619 5.252381
  29   86   85 14.814286 14.185714
  67  324   81 53.884524 13.115476
   4    6   18 1.019048 2.980952
  25   54   95 9.182143 15.817857
  66  302   97 50.226190 15.773810
   9   28   24 4.780952 4.219048
  22   56   76 9.385714 12.614286
  72  344   89 57.315476 14.684524
   6   14   21 2.452381 3.547619
  15   26   66 4.415476 10.584524
  80  388   89 65.102381 14.897619
   5    4   27 0.676190 4.323810
  11   24   41 4.180952 6.819048
  88  486   42 81.238095 6.761905
   1    0    7 0.000000 1.000000
   7   22   18 3.790476 3.209524
  93  542   18 90.222619 2.777381
   3    4   15 0.619048 2.380952
  97  566   15 94.327381 2.672619
   3    2   15 0.333333 2.666667
  97  568   15 94.613095 2.386905
   1    0    7 0.000000 1.000000
  99  586    7 97.780952 1.219048
   1    0    6 0.000000 1.000000
  99  588    6 98.000000 1.000000
   5   14   18 2.214286 2.785714
  95  550   18 91.880952 3.119048
   2    2   10 0.333333 1.666667
  98  578   10 96.404762 1.595238
 100  600    0 100.000000 0.000000
