   1    0    7 0.000000 1.000000
   1    0    6 0.000000 1.000000
   2    2   10 0.333333 1.666667
   1    0    7 0.000000 1.000000
   4   10   12 1.885714 2.114286
   1    0    6 0.000000 1.000000
   6   16   21 2.680952 3.319048
   1    0    5 0.000000 1.000000
   5   12   18 2.095238 2.904762
   1    0    5 0.000000 1.000000
   1    0    7 0.000000 1.000000
   2    2   11 0.309524 1.690476
   1    0    7 0.000000 1.000000
   1    0    6 0.000000 1.000000
   1    0    6 0.000000 1.000000
   1    0    5 0.000000 1.000000
   3    4   13 0.742857 2.257143
   1    0    5 0.000000 1.000000
   1    0    7 0.000000 1.000000
   3    4   13 0.742857 2.257143
   2    2   11 0.309524 1.690476
   2    2    9 0.366667 1.633333
   2    2   10 0.342857 1.657143
   1    0    7 0.000000 1.000000
   3    6   11 1.085714 1.914286
   1    0    6 0.000000 1.000000
   1    0    5 0.000000 1.000000
   3    4   15 0.642857 2.357143
   1    0    5 0.000000 1.000000
   3    4   11 0.816667 2.183333
   1    0    5 0.000000 1.000000
   1    0    7 0.000000 1.000000
   2    2   13 0.267857 1.732143
   2    2    8 0.400000 1.600000
   1    0    6 0.000000 1.000000
   2    2   10 0.333333 1.666667
   2    2   12 0.285714 1.714286
   1    0    6 0.000000 1.000000
   1    0    6 0.000000 1.000000
   1    0    6 0.000000 1.000000
   1    0    7 0.000000 1.000000
   2    2   11 0.325000 1.675000
   2    0   12 0.000000 2.000000
   1    0    6 0.000000 1.000000
   2    2    9 0.366667 1.633333
   1    0    6 0.000000 1.000000
   5   14   16 2.357143 2.642857
   2    2   10 0.333333 1.666667
   1    0    6 0.000000 1.000000
   2    2    9 0.366667 1.633333
   1    0    6 0.000000 1.000000
   2    2   10 0.333333 1.666667
   2    2   12 0.285714 1.714286
   2    2   10 0.342857 1.657143
   2    2   10 0.333333 1.666667
   1    0    6 0.000000 1.000000
   2    2    9 0.366667 1.633333
   4    8   18 1.261905 2.738095
   8   16   33 2.638095 5.361905
   2    0   12 0.000000 2.000000
   2    0   11 0.000000 2.000000
   1    0    6 0.000000 1.000000
   3    4   10 0.850000 2.150000
   1    0    6 0.000000 1.000000
   2    2   10 0.333333 1.666667
   2    2   10 0.342857 1.657143
   2    0   13 0.000000 2.000000
   6   16   18 2.714286 3.285714
   1    0    7 0.000000 1.000000
   5   10   17 1.833333 3.166667
  14   52   33 8.828571 5.171429
   1    0    6 0.000000 1.000000
   1    0    6 0.000000 1.000000
   1    0    6 0.000000 1.000000
   4    8   15 1.366667 2.633333
   1    0    6 0.000000 1.000000
   2    2    9 0.366667 1.633333
   2    2    9 0.366667 1.633333
   1    0    7 0.000000 1.000000
   1    0    6 0.000000 1.000000
   4   10   15 1.671429 2.328571
   3    6   15 0.869048 2.130952
   2    2   11 0.309524 1.690476
   1    0    8 0.000000 1.000000
   5   14   16 2.395238 2.604762
   2    0   12 0.000000 2.000000
  12   32   39 5.400000 6.600000
   1    0    7 0.000000 1.000000
   1    0    6 0.000000 1.000000
   1    0    6 0.000000 1.000000
   1    0    6 0.000000 1.000000
   6   12   25 1.914286 4.085714
   2    2    9 0.366667 1.633333
   3    6   12 1.019048 1.980952
   2    2    9 0.366667 1.633333
   1    0    6 0.000000 1.000000
   3    4   12 0.766667 2.233333
   7   20   22 3.453571 3.546429
   9   26   29 4.300000 4.700000
   6   12   24 1.985714 4.014286
  20   84   34 14.328571 5.671429
   3    6   13 0.983333 2.016667
   1    0    6 0.000000 1.000000
   2    2   11 0.309524 1.690476
  10   32   30 5.228571 4.771429
   2    2   10 0.333333 1.666667
   2    2    9 0.366667 1.633333
   1    0    6 0.000000 1.000000
   5   14   17 2.261905 2.738095
  11   30   37 5.023810 5.976190
   2    2    9 0.366667 1.633333
   1    0    5 0.000000 1.000000
   7   16   25 2.733333 4.266667
   1    0    6 0.000000 1.000000
   2    2    8 0.400000 1.600000
   1    0    7 0.000000 1.000000
   4    8   14 1.485714 2.514286
   7   20   23 3.370238 3.629762
   7   18   24 3.023810 3.976190
   5   10   21 1.595238 3.404762
  28  126   43 20.977381 7.022619
   5   12   17 2.038095 2.961905
   2    2    9 0.366667 1.633333
   6   18   16 3.171429 2.828571
   1    0    6 0.000000 1.000000
   1    0    6 0.000000 1.000000
  19   64   55 10.389286 8.610714
   3    4   15 0.642857 2.357143
   2    2   11 0.309524 1.690476
   7   12   27 2.166667 4.833333
   4   10   14 1.657143 2.342857
   1    0    6 0.000000 1.000000
   3    2   15 0.366667 2.633333
   7   20   23 3.233333 3.766667
   3    4   16 0.619048 2.380952
  13   46   30 7.909524 5.090476
  31  138   50 23.073810 7.926190
   3    4   16 0.625000 2.375000
   3    4   14 0.666667 2.333333
   3    6   13 0.952381 2.047619
  14   32   50 5.490476 8.509524
   6   12   23 2.100000 3.900000
  11   28   39 4.666667 6.333333
   3    4   14 0.652381 2.347619
   6   10   23 1.795238 4.204762
   6   18   18 3.111905 2.888095
   8   22   26 3.728571 4.271429
   4    6   17 1.066667 2.933333
  14   50   33 8.485714 5.514286
  29   94   83 15.476190 13.523810
   1    0    7 0.000000 1.000000
   2    2   10 0.342857 1.657143
   4    2   22 0.366667 3.633333
   9   18   35 3.085714 5.914286
   3    2   17 0.309524 2.690476
  14   48   35 8.244048 5.755952
   1    0    6 0.000000 1.000000
   5    6   24 1.009524 3.990476
   1    0    6 0.000000 1.000000
  11   26   37 4.547619 6.452381
   6   16   22 2.576190 3.423810
  17   62   38 10.519048 6.480952
  20   68   57 11.132143 8.867857
   1    0    7 0.000000 1.000000
   4    6   17 1.066667 2.933333
  10   16   42 2.719048 7.280952
   8   16   33 2.628571 5.371429
   2    0   12 0.000000 2.000000
  20   78   41 13.102381 6.897619
   5   14   16 2.380952 2.619048
  11   26   40 4.304762 6.695238
   4    6   16 1.085714 2.914286
   8   12   35 2.038095 5.961905
  25   84   70 13.817857 11.182143
   2    2   10 0.333333 1.666667
  20   78   42 13.180952 6.819048
   4    4   21 0.642857 3.357143
   1    0    5 0.000000 1.000000
  14   28   55 4.817857 9.182143
   6   16   20 2.685714 3.314286
  17   50   53 8.290476 8.709524
   4    8   16 1.295238 2.704762
   6   12   23 2.052381 3.947619
  27   88   73 14.842857 12.157143
   4    8   18 1.344048 2.655952
  17   64   39 10.585714 6.414286
   5    6   23 1.066667 3.933333
  20   58   60 10.004762 9.995238
   6   16   20 2.666667 3.333333
   8   22   29 3.566667 4.433333
   4    8   15 1.419048 2.580952
   3    4   14 0.709524 2.290476
  27   86   80 14.104762 12.895238
   9   32   22 5.429762 3.570238
  16   34   58 5.895238 10.104762
   7   16   26 2.714286 4.285714
  21   74   53 12.358333 8.641667
   4    6   18 1.000000 3.000000
   6   18   20 2.833333 3.166667
   5    4   25 0.766667 4.233333
   4    6   16 1.100000 2.900000
  25   80   69 13.528571 11.471429
  10   24   37 4.164286 5.835714
  23   60   76 10.280952 12.719048
   2    2   12 0.291667 1.708333
  15   38   51 6.625000 8.375000
   3    4   16 0.619048 2.380952
   8   18   31 2.996429 5.003571
   3    6   12 1.019048 1.980952
   7   12   29 2.019048 4.980952
  25   90   64 14.855952 10.144048
  17   46   54 8.000000 9.000000
  19   60   52 10.104762 8.895238
   3    6   11 1.085714 1.914286
   9   16   38 2.570238 6.429762
   3    6   12 1.000000 2.000000
   4    2   24 0.325000 3.675000
   1    0    7 0.000000 1.000000
   3    2   17 0.309524 2.690476
  32  128   63 21.395238 10.604762
  32  110   77 18.766667 13.233333
  14   32   55 5.290476 8.709524
   2    0   11 0.000000 2.000000
   9   12   44 1.947619 7.052381
   2    2   10 0.333333 1.666667
   1    0    5 0.000000 1.000000
   4    6   16 1.150000 2.850000
  32  108   86 18.128571 13.871429
  32  106   83 18.052381 13.947619
  17   44   60 7.240476 9.759524
   3    2   16 0.333333 2.666667
   5    6   21 1.150000 3.850000
   7   20   21 3.457143 3.542857
   2    2   10 0.342857 1.657143
   4    4   19 0.700000 3.300000
  33  108   91 18.280952 14.719048
  41  166   81 27.765476 13.234524
   7    8   35 1.190476 5.809524
   1    0    8 0.000000 1.000000
   2    2   10 0.342857 1.657143
   9   30   27 4.778571 4.221429
   2    2    9 0.366667 1.633333
  39  134   99 22.469048 16.530952
  29   82   90 13.948810 15.051190
  11   24   45 3.904762 7.095238
   8   20   26 3.485714 4.514286
   6   16   20 2.771429 3.228571
   9   30   23 5.042857 3.957143
   6   16   19 2.757143 3.242857
  34  124   82 20.609524 13.390476
  19   44   70 7.414286 11.585714
  11   14   50 2.476190 8.523810
  15   46   46 7.609524 7.390476
   7   16   25 2.738095 4.261905
  11   32   34 5.300000 5.700000
   1    0    6 0.000000 1.000000
  31  100   83 16.961905 14.038095
  21   54   75 8.983333 12.016667
  14   30   53 5.261905 8.738095
  15   52   40 8.614286 6.385714
   8   26   23 4.295238 3.704762
  10   28   34 4.670238 5.329762
  29   90   88 14.997619 14.002381
  27  100   59 16.990476 10.009524
  13   22   53 3.838095 9.161905
  13   28   49 4.880952 8.119048
   3    4   16 0.619048 2.380952
  16   44   48 7.466667 8.533333
  33  120   77 20.080952 12.919048
  28   96   68 16.440476 11.559524
   7    6   42 0.910714 6.089286
  13   28   51 4.628571 8.371429
   9   26   27 4.461905 4.538095
  37  144   77 24.364286 12.635714
  31  104   81 17.409524 13.590476
  10   12   47 2.061905 7.938095
  13   34   48 5.585714 7.414286
   7   16   29 2.577381 4.422619
  33  116   83 19.580952 13.419048
  26   84   73 14.041667 11.958333
  13   32   41 5.550000 7.450000
  21   64   62 10.783333 10.216667
   5    6   27 0.928571 4.071429
  34  110   92 18.609524 15.390476
  38  148   80 24.914286 13.085714
   6   14   23 2.357143 3.642857
  17   38   62 6.480952 10.519048
   3    2   15 0.342857 2.657143
  35  120   89 20.161905 14.838095
  42  174   79 29.104762 12.895238
   4    6   19 0.938095 3.061905
  16   52   44 8.695238 7.304762
   5   14   18 2.300000 2.700000
  36  110  101 18.936905 17.063095
  39  158   77 26.433333 12.566667
   1    0    7 0.000000 1.000000
  19   72   43 12.009524 6.990476
  10   38   21 6.490476 3.509524
  30   82  103 13.579762 16.420238
  41  174   71 29.220238 11.779762
   1    0    6 0.000000 1.000000
  18   68   37 11.604762 6.395238
  11   36   32 5.976190 5.023810
  23   54   79 9.447619 13.552381
  38  156   71 26.383333 11.616667
  28  128   44 21.122619 6.877381
  13   44   34 7.533333 5.466667
  29   84   86 14.511905 14.488095
  34  124   81 20.683333 13.316667
  24   98   49 16.045238 7.954762
  15   62   29 10.347619 4.652381
  30   92   92 14.942857 15.057143
  31   88   91 15.152381 15.847619
  24   94   52 15.619048 8.380952
  20   76   44 12.747619 7.252381
  37  132   94 21.888095 15.111905
  21   56   66 9.442857 11.557143
  22   80   52 13.344048 8.655952
  23   90   48 15.047619 7.952381
  48  180  105 30.490476 17.509524
  18   62   50 10.236905 7.763095
  11   30   35 5.307143 5.692857
  30  124   59 20.614286 9.385714
  52  212   94 35.766667 16.233333
  13   44   35 7.233333 5.766667
   5   10   22 1.595238 3.404762
  30  112   69 18.880952 11.119048
  49  186  110 31.184524 17.815476
  16   58   35 9.890476 6.109524
   5   10   20 1.661905 3.338095
  29  120   53 20.229762 8.770238
  40  150   92 24.961905 15.038095
  19   70   44 11.795238 7.204762
  12   42   29 7.133333 4.866667
  24   86   55 14.573810 9.426190
  49  216   77 36.194048 12.805952
  21   82   44 13.716667 7.283333
   6   14   26 2.142857 3.857143
  16   52   45 8.771429 7.228571
  66  322   74 53.619048 12.380952
  13   38   38 6.460714 6.539286
   5   10   21 1.691667 3.308333
  22   78   54 13.066667 8.933333
  56  250   84 42.023810 13.976190
  13   38   41 6.385714 6.614286
   9   30   25 4.928571 4.071429
  18   48   60 8.028571 9.971429
  54  222  104 36.977381 17.022619
  16   56   39 9.328571 6.671429
  12   40   31 6.809524 5.190476
  25   80   69 13.522619 11.477381
  49  182  112 30.522619 18.477381
  15   44   47 7.190476 7.809524
  11   34   32 5.647619 5.352381
  29  106   68 17.614286 11.385714
  54  220  102 37.023810 16.976190
   5    4   27 0.666667 4.333333
  12   36   37 6.061905 5.938095
  35  150   63 24.771429 10.228571
  54  232   90 39.000000 15.000000
   2    0   12 0.000000 2.000000
   9   16   37 2.819048 6.180952
  30  110   69 18.417857 11.582143
  53  222   98 37.229762 15.770238
  13   38   37 6.638095 6.361905
   4    4   22 0.619048 3.380952
  30  120   61 20.221429 9.778571
  50  208   91 35.014286 14.985714
  16   48   49 8.028571 7.971429
   4    4   19 0.733333 3.266667
  33  138   60 23.284524 9.715476
  37  142   84 23.371429 13.628571
  28  100   64 16.985714 11.014286
   2    0   12 0.000000 2.000000
  34  130   73 22.014286 11.985714
  31   92   96 15.435714 15.564286
  31  118   67 19.823810 11.176190
   4    4   20 0.666667 3.333333
  25   86   64 14.597619 10.402381
  31  100   89 16.679762 14.320238
  38  148   78 24.954762 13.045238
   6    8   27 1.409524 4.590476
  18   50   60 8.242857 9.757143
  41  154   92 25.783333 15.216667
  37  130   89 22.080952 14.919048
   4    2   23 0.333333 3.666667
  19   42   73 7.019048 11.980952
  39  142   96 23.319048 15.680952
  41  138  103 23.302381 17.697619
   1    0    6 0.000000 1.000000
  28  104   60 17.733333 10.266667
  31   98   95 16.041667 14.958333
  40  150   86 25.396429 14.603571
   1    0    7 0.000000 1.000000
  36  122   94 20.575000 15.425000
  23   50   90 8.469048 14.530952
  41  164   80 27.601190 13.398810
  33  100   92 17.252381 15.747619
  32  100   93 16.902381 15.097619
  35  118   97 19.542857 15.457143
  34  108   97 18.173810 15.826190
  26   74   82 12.614286 13.385714
  40  156   83 26.194048 13.805952
  47  170  107 28.923810 18.076190
  16   30   63 5.290476 10.709524
  37  134   96 22.028571 14.971429
  40  162   82 26.945238 13.054762
  15   26   60 4.728571 10.271429
  45  182   88 30.483333 14.516667
  36  116   98 19.780952 16.219048
   9    8   45 1.366667 7.633333
  55  228  105 38.033333 16.966667
  39  126  106 21.252381 17.747619
   7    4   38 0.733333 6.266667
  54  212  114 35.319048 18.680952
  52  202  112 33.580952 18.419048
   7   12   31 1.995238 5.004762
  41  124  119 21.095238 19.904762
  51  188  117 31.728571 19.271429
   4    2   22 0.333333 3.666667
  45  158  113 26.485714 18.514286
  62  270  104 44.891667 17.108333
   2    2   10 0.342857 1.657143
  36  106  108 17.901190 18.098810
  74  338  102 56.834921 17.165079
   3    2   16 0.333333 2.666667
  23   40  102 6.526984 16.473016
  71  332   96 55.154762 15.845238
   4   10   15 1.633333 2.366667
  25   58   89 9.961905 15.038095
  73  352   87 58.763492 14.236508
   5    8   23 1.328571 3.671429
  22   66   64 10.909524 11.090476
  81  402   79 67.547619 13.452381
   5    6   25 0.961905 4.038095
  14   30   58 4.869048 9.130952
  83  444   55 74.188095 8.811905
   2    2   12 0.285714 1.714286
  15   34   53 5.957143 9.042857
  82  438   54 72.938095 9.061905
   3    2   18 0.291667 2.708333
  15   38   50 6.547619 8.452381
  83  450   52 74.633333 8.366667
   2    2   12 0.285714 1.714286
  15   28   56 5.085714 9.914286
  86  464   51 77.557143 8.442857
  14   34   51 5.709524 8.290476
  85  452   55 75.642857 9.357143
  15   38   55 6.185714 8.814286
  85  458   50 76.710714 8.289286
  15   42   50 7.014286 7.985714
  90  494   48 82.142857 7.857143
  10   10   48 1.719048 8.280952
  95  546   26 90.876190 4.123810
   5    2   26 0.400000 4.600000
  99  588    6 98.014286 0.985714
   1    0    6 0.000000 1.000000
 100  600    0 100.000000 0.000000
