   1    0    6 0.000000 1.000000
   2    2   10 0.333333 1.666667
   2    2    9 0.366667 1.633333
   1    0    7 0.000000 1.000000
   1    0    6 0.000000 1.000000
   2    2   11 0.309524 1.690476
   1    0    7 0.000000 1.000000
   1    0    6 0.000000 1.000000
   1    0    6 0.000000 1.000000
   1    0    8 0.000000 1.000000
   5   10   19 1.733333 3.266667
   4   10   15 1.595238 2.404762
   2    2    9 0.366667 1.633333
   2    2   10 0.333333 1.666667
   3    6   10 1.185714 1.814286
   3    6   13 0.952381 2.047619
   1    0    5 0.000000 1.000000
   2    2    9 0.366667 1.633333
   2    2   10 0.333333 1.666667
   2    2   11 0.309524 1.690476
   1    0    6 0.000000 1.000000
   4    6   15 1.133333 2.866667
   1    0    7 0.000000 1.000000
   2    2   10 0.333333 1.666667
   1    0    7 0.000000 1.000000
   3    4   15 0.685714 2.314286
   1    0    6 0.000000 1.000000
   2    2   11 0.309524 1.690476
   1    0    7 0.000000 1.000000
   1    0    5 0.000000 1.000000
   7   18   23 3.176190 3.823810
   4    6   21 0.892857 3.107143
   1    0    6 0.000000 1.000000
   2    0   12 0.000000 2.000000
   3    6   10 1.185714 1.814286
   3    6   12 1.019048 1.980952
   1    0    6 0.000000 1.000000
   2    2   10 0.333333 1.666667
   2    2   10 0.333333 1.666667
   2    2    9 0.366667 1.633333
   1    0    6 0.000000 1.000000
   2    2    8 0.400000 1.600000
   4   10   16 1.571429 2.428571
   1    0    6 0.000000 1.000000
   2    2    9 0.366667 1.633333
   4    6   18 1.016667 2.983333
   3    4   14 0.652381 2.347619
   2    2    9 0.366667 1.633333
   6   16   20 2.819048 3.180952
   2    2   11 0.309524 1.690476
   2    2   10 0.333333 1.666667
   1    0    6 0.000000 1.000000
   2    2    8 0.400000 1.600000
   3    4   15 0.685714 2.314286
   2    2    9 0.366667 1.633333
   6   18   22 2.714286 3.285714
   1    0    7 0.000000 1.000000
   4    8   18 1.251190 2.748810
   5   12   17 2.071429 2.928571
   1    0    6 0.000000 1.000000
   3    4   13 0.742857 2.257143
   4   10   15 1.619048 2.380952
   1    0    5 0.000000 1.000000
   9   30   25 5.060714 3.939286
   3    4   17 0.601190 2.398810
   3    6   11 1.066667 1.933333
   2    2   11 0.309524 1.690476
   1    0    6 0.000000 1.000000
   1    0    7 0.000000 1.000000
  11   24   35 4.421429 6.578571
   2    2   12 0.285714 1.714286
   3    4   14 0.666667 2.333333
   2    2   11 0.309524 1.690476
   4    8   15 1.433333 2.566667
   1    0    6 0.000000 1.000000
   3    4   15 0.642857 2.357143
   4    8   13 1.533333 2.466667
   1    0    6 0.000000 1.000000
   1    0    5 0.000000 1.000000
   2    0   12 0.000000 2.000000
   2    2   10 0.333333 1.666667
   1    0    6 0.000000 1.000000
   3    6   12 1.000000 2.000000
   3    4   13 0.733333 2.266667
   2    2   12 0.285714 1.714286
   3    6   10 1.133333 1.866667
   2    2   11 0.309524 1.690476
  12   40   31 6.652381 5.347619
   2    0   11 0.000000 2.000000
   3    6   12 1.019048 1.980952
   1    0    7 0.000000 1.000000
   2    2   10 0.333333 1.666667
   4    4   22 0.625000 3.375000
   5   12   18 2.038095 2.961905
  15   58   31 9.728571 5.271429
   4    8   16 1.319048 2.680952
   2    2    9 0.366667 1.633333
   3    4   14 0.666667 2.333333
   3    4   11 0.816667 2.183333
   1    0    7 0.000000 1.000000
  10   28   36 4.380952 5.619048
   4    8   15 1.419048 2.580952
   5   14   14 2.504762 2.495238
   1    0    6 0.000000 1.000000
   4   10   15 1.595238 2.404762
   1    0    6 0.000000 1.000000
   3    4   15 0.619048 2.380952
   1    0    6 0.000000 1.000000
   3    6   12 1.019048 1.980952
   5   14   17 2.342857 2.657143
   3    6   11 1.085714 1.914286
   1    0    7 0.000000 1.000000
   2    2    9 0.366667 1.633333
  19   66   46 11.261905 7.738095
   6   18   18 3.028571 2.971429
   4    8   17 1.328571 2.671429
   5   12   21 1.892857 3.107143
   2    2   11 0.309524 1.690476
   5    8   21 1.385714 3.614286
   8   20   26 3.490476 4.509524
   5   12   17 2.033333 2.966667
   3    2   15 0.366667 2.633333
   2    0   15 0.000000 2.000000
   2    0   13 0.000000 2.000000
  10   28   29 4.978571 5.021429
   2    2   11 0.309524 1.690476
   8   22   26 3.700000 4.300000
   3    2   16 0.342857 2.657143
   2    2   10 0.333333 1.666667
   3    6   11 1.085714 1.914286
   4    4   21 0.685714 3.314286
   2    2    9 0.366667 1.633333
   1    0    5 0.000000 1.000000
   4    4   20 0.676190 3.323810
  15   44   45 7.538095 7.461905
   8   26   23 4.233333 3.766667
   3    6   14 0.904762 2.095238
   1    0    6 0.000000 1.000000
  13   32   44 5.388095 7.611905
   4    6   22 0.886905 3.113095
   4    4   20 0.666667 3.333333
   5    4   24 0.733333 4.266667
   4    8   16 1.376190 2.623810
  20   76   44 12.838095 7.161905
   2    0   12 0.000000 2.000000
   4    6   19 1.000000 3.000000
   2    0   11 0.000000 2.000000
   1    0    6 0.000000 1.000000
   2    2   11 0.309524 1.690476
   1    0    6 0.000000 1.000000
   1    0    6 0.000000 1.000000
   3    6   12 1.019048 1.980952
  15   38   52 6.515476 8.484524
   3    4   15 0.619048 2.380952
   6   16   21 2.711905 3.288095
  12   28   40 4.938095 7.061905
   1    0    6 0.000000 1.000000
   2    0   12 0.000000 2.000000
  13   32   47 5.350000 7.650000
   3    2   18 0.291667 2.708333
  24   92   54 15.157143 8.842857
   2    2   10 0.333333 1.666667
   6   18   16 3.200000 2.800000
   2    0   12 0.000000 2.000000
   4   10   12 1.833333 2.166667
   1    0    6 0.000000 1.000000
   2    2   11 0.309524 1.690476
  19   68   43 11.528571 7.471429
   2    2   10 0.333333 1.666667
  10   28   29 4.850000 5.150000
   9   14   42 2.310714 6.689286
   1    0    6 0.000000 1.000000
   5   14   16 2.419048 2.580952
   7    8   36 1.295238 5.704762
   3    4   15 0.642857 2.357143
  20   56   62 9.590476 10.409524
   2    2   11 0.309524 1.690476
  11   26   40 4.385714 6.614286
   8   26   23 4.409524 3.590476
   2    2   11 0.309524 1.690476
   2    0   12 0.000000 2.000000
  23   84   55 13.966667 9.033333
   5   10   20 1.695238 3.304762
  17   50   49 8.566667 8.433333
   3    6   12 1.000000 2.000000
   7   22   21 3.590476 3.409524
   4    4   19 0.709524 3.290476
   1    0    7 0.000000 1.000000
  18   58   51 9.601190 8.398810
   7   24   19 4.000000 3.000000
   8   16   30 2.714286 5.285714
   3    6   12 1.019048 1.980952
   6   16   18 2.771429 3.228571
   1    0    7 0.000000 1.000000
  23   82   56 13.748810 9.251190
   8   26   22 4.252381 3.747619
  13   28   47 4.914286 8.085714
   2    0   14 0.000000 2.000000
   5   12   20 1.842857 3.157143
  20   56   63 9.414286 10.585714
  12   46   23 8.009524 3.990476
  10   30   34 4.738095 5.261905
   6   16   19 2.761905 3.238095
  17   64   40 10.492857 6.507143
  11   32   34 5.323810 5.676190
  11   32   36 5.161905 5.838095
   5   14   18 2.364286 2.635714
   5    6   24 1.019048 3.980952
  25   82   64 14.138095 10.861905
  16   62   34 10.447619 5.552381
   4    4   19 0.700000 3.300000
   4    8   15 1.366667 2.633333
  14   42   43 7.014286 6.985714
  11   28   39 4.633333 6.366667
  11   26   38 4.554762 6.445238
   6   14   23 2.333333 3.666667
   9   24   30 4.052381 4.947619
  27   98   63 16.448810 10.551190
  13   40   40 6.515476 6.484524
   5   14   15 2.400000 2.600000
   3    4   14 0.676190 2.323810
   9   18   38 2.904762 6.095238
  16   54   44 8.954762 7.045238
  16   44   56 7.511905 8.488095
   3    4   14 0.666667 2.333333
   5    6   23 1.052381 3.947619
  27   94   65 15.972619 11.027381
  17   52   47 8.933333 8.066667
   4   10   13 1.733333 2.266667
   1    0    6 0.000000 1.000000
  13   30   48 4.961905 8.038095
   9   14   40 2.371429 6.628571
  16   52   42 9.175000 6.825000
   1    0    7 0.000000 1.000000
  11   40   25 6.714286 4.285714
  25   68   80 11.735714 13.264286
  18   52   59 8.682143 9.317857
   6   12   25 1.995238 4.004762
   2    2    8 0.400000 1.600000
  16   34   60 5.776190 10.223810
   8   14   32 2.476190 5.523810
  14   44   41 7.401190 6.598810
  10   28   32 4.666667 5.333333
  39  146   91 24.142857 14.857143
  10   22   40 3.661905 6.338095
   1    0    6 0.000000 1.000000
   3    2   16 0.333333 2.666667
  11   18   50 2.873810 8.126190
  13   36   38 6.438095 6.561905
  20   66   54 11.076190 8.923810
  12   38   31 6.614286 5.385714
  30  106   79 17.663095 12.336905
   8   14   33 2.461905 5.538095
   3    6   13 0.983333 2.016667
   2    2   12 0.285714 1.714286
  13   32   49 5.325000 7.675000
  21   74   46 12.942857 8.057143
  12   22   47 3.945238 8.054762
  13   26   51 4.463095 8.536905
  30  106   77 17.636905 12.363095
   4    4   22 0.619048 3.380952
   5   12   18 2.019048 2.980952
   1    0    6 0.000000 1.000000
  21   64   60 11.028571 9.971429
  25  104   49 17.119048 7.880952
  14   28   54 4.823810 9.176190
  15   38   52 6.247619 8.752381
  20   60   63 10.038095 9.961905
   2    2   10 0.333333 1.666667
   2    2    8 0.400000 1.600000
  14   40   45 6.671429 7.328571
  37  130   90 21.810714 15.189286
   8    6   43 0.976190 7.023810
  10   16   47 2.647619 7.352381
  28  100   67 16.840476 11.159524
   1    0    7 0.000000 1.000000
   2    2    7 0.450000 1.550000
  21   66   59 11.216667 9.783333
  26   74   82 12.496429 13.503571
   6    6   32 0.952381 5.047619
  11   24   45 3.800000 7.200000
  34  126   75 21.133333 12.866667
   2    2    9 0.366667 1.633333
  26   96   60 16.161905 9.838095
  13   18   63 2.836905 10.163095
   7    8   31 1.385714 5.614286
   9   16   37 2.738095 6.261905
  45  194   77 32.352381 12.647619
  27   76   79 13.152381 13.847619
  25   74   90 12.021429 12.978571
   4    2   21 0.366667 3.633333
  11   18   48 3.057143 7.942857
  33  104   88 17.760714 15.239286
  22   52   83 8.732143 13.267857
  21   56   70 9.410714 11.589286
   7    8   29 1.550000 5.450000
  15   26   63 4.447619 10.552381
  35  126   87 21.064286 13.935714
   9   10   45 1.635714 7.364286
  25   92   55 15.716667 9.283333
   3    2   15 0.366667 2.633333
  16   48   46 8.141667 7.858333
  47  202   85 33.419048 13.580952
   3    0   18 0.000000 3.000000
  22   80   54 13.461905 8.538095
  12   22   47 3.954762 8.045238
  63  288   91 48.064286 14.935714
   5    6   27 0.952381 4.047619
  21   60   65 10.109524 10.890476
  18   30   79 5.140476 12.859524
  56  228  105 38.416667 17.583333
   3    6   13 0.983333 2.016667
  24   86   63 13.973810 10.026190
  11   24   45 3.901190 7.098810
  62  268   95 45.578571 16.421429
   1    0    6 0.000000 1.000000
  27   84   76 14.123810 12.876190
  10   18   41 3.114286 6.885714
  62  274  101 45.366667 16.633333
  23   76   68 12.395238 10.604762
   9   14   40 2.361905 6.638095
  68  312   90 52.578571 15.421429
  29  100   71 16.938095 12.061905
   7   14   26 2.504762 4.495238
  64  304   85 50.380952 13.619048
  23   84   52 14.214286 8.785714
  11   24   42 4.071429 6.928571
  66  320   78 53.304762 12.695238
  28  102   70 16.757143 11.242857
  10   26   34 4.290476 5.709524
  62  274   94 46.067857 15.932143
  32  120   72 20.090476 11.909524
   2    0   14 0.000000 2.000000
  66  310   84 52.091667 13.908333
  33  140   59 23.266667 9.733333
   5   12   16 2.133333 2.866667
  62  298   75 49.545238 12.454762
  46  202   73 33.838095 12.161905
  54  252   73 42.085714 11.914286
  37  160   62 26.576190 10.423810
  63  316   62 52.725000 10.275000
  38  156   75 25.946429 12.053571
  62  294   75 49.383333 12.616667
  35  124   84 20.804762 14.195238
  65  308   84 51.323810 13.676190
  38  144   84 24.205952 13.794048
  62  288   84 47.908333 14.091667
  50  208   94 34.617857 15.382143
  50  204   94 34.316667 15.683333
  56  254   82 42.333333 13.666667
  44  182   82 30.542857 13.457143
  59  282   69 47.264286 11.735714
  41  180   69 29.986905 11.013095
  61  278   90 46.134524 14.865476
  39  142   90 23.853571 15.146429
  56  234  105 38.829762 17.170238
  44  156  105 26.322619 17.677381
  52  196  118 32.655952 19.344048
  48  168  118 28.558333 19.441667
  58  244  100 41.234524 16.765476
  42  156  100 25.932143 16.067857
  46  186   94 30.742857 15.257143
  54  226   94 37.952381 16.047619
  48  178  111 29.545238 18.454762
  52  200  111 33.598810 18.401190
  49  186  110 30.761905 18.238095
  51  194  110 32.627381 18.372619
  46  162  110 27.551190 18.448810
  54  218  110 36.067857 17.932143
  39  132  104 22.108333 16.891667
  61  260  104 43.788095 17.211905
  34  116   89 19.490476 14.509524
  66  306   89 51.084524 14.915476
  34  118   83 20.073810 13.926190
  66  316   83 52.551190 13.448810
  38  122  103 20.830952 17.169048
  62  272  103 45.197619 16.802381
  30  118   61 19.900000 10.100000
  70  360   61 59.816667 10.183333
  25   94   54 16.023810 8.976190
  75  398   54 66.376190 8.623810
  25  100   51 16.684524 8.315476
  75  398   51 66.419048 8.580952
  15   44   45 7.288095 7.711905
  85  466   45 77.469048 7.530952
  15   50   37 8.475000 6.525000
  85  476   37 79.000000 6.000000
  18   74   33 12.602381 5.397619
  82  460   33 76.582143 5.417857
  12   44   30 7.180952 4.819048
  88  496   30 82.938095 5.061905
   6   18   18 3.028571 2.971429
  94  546   18 91.100000 2.900000
   3    4   13 0.700000 2.300000
  97  570   13 94.976190 2.023810
   4   10   14 1.719048 2.280952
  96  562   14 93.628571 2.371429
   1    0    6 0.000000 1.000000
  99  588    6 98.014286 0.985714
   1    0    7 0.000000 1.000000
  99  586    7 97.790476 1.209524
   1    0    6 0.000000 1.000000
  99  588    6 98.014286 0.985714
 100  600    0 100.000000 0.000000
