   1    0    6 0.000000 1.000000
   1    0    7 0.000000 1.000000
   3    2   16 0.366667 2.633333
   2    2    9 0.366667 1.633333
   1    0    7 0.000000 1.000000
   2    2   11 0.309524 1.690476
   1    0    7 0.000000 1.000000
   3    4   13 0.733333 2.266667
   2    0   13 0.000000 2.000000
   1    0    7 0.000000 1.000000
   1    0    7 0.000000 1.000000
   1    0    6 0.000000 1.000000
   2    2   10 0.333333 1.666667
   1    0    8 0.000000 1.000000
   6   16   19 2.800000 3.200000
   1    0    6 0.000000 1.000000
   1    0    7 0.000000 1.000000
   5   10   20 1.738095 3.261905
   2    2    8 0.416667 1.583333
   4   10   15 1.660714 2.339286
   1    0    6 0.000000 1.000000
   2    2    8 0.400000 1.600000
   1    0    7 0.000000 1.000000
   2    2   10 0.342857 1.657143
   4   10   15 1.619048 2.380952
   2    2   10 0.333333 1.666667
   1    0    7 0.000000 1.000000
   1    0    5 0.000000 1.000000
   5    8   18 1.533333 3.466667
   5   14   16 2.419048 2.580952
   1    0    7 0.000000 1.000000
   1    0    6 0.000000 1.000000
   1    0    5 0.000000 1.000000
   2    2   11 0.309524 1.690476
   2    2   10 0.333333 1.666667
   2    2   11 0.309524 1.690476
   2    2   10 0.333333 1.666667
   2    2    9 0.366667 1.633333
   1    0    6 0.000000 1.000000
   1    0    6 0.000000 1.000000
   5   14   15 2.540476 2.459524
   2    2   10 0.333333 1.666667
   1    0    6 0.000000 1.000000
   2    2   10 0.333333 1.666667
   2    2    8 0.400000 1.600000
   2    2   10 0.333333 1.666667
   1    0    6 0.000000 1.000000
   3    4   13 0.700000 2.300000
   2    2   11 0.309524 1.690476
   2    2    9 0.366667 1.633333
   7   22   18 3.790476 3.209524
   5    8   23 1.328571 3.671429
   2    2    8 0.400000 1.600000
   1    0    6 0.000000 1.000000
   1    0    6 0.000000 1.000000
   3    4   13 0.702381 2.297619
   2    2    8 0.400000 1.600000
   4    8   16 1.385714 2.614286
   1    0    5 0.000000 1.000000
   6   10   27 1.695238 4.304762
   2    2   11 0.309524 1.690476
   6   16   19 2.733333 3.266667
   2    0   14 0.000000 2.000000
   7   20   22 3.390476 3.609524
   1    0    6 0.000000 1.000000
   2    2   11 0.309524 1.690476
   1    0    7 0.000000 1.000000
   3    6   13 0.971429 2.028571
   1    0    6 0.000000 1.000000
   3    2   18 0.285714 2.714286
   3    4   13 0.700000 2.300000
   1    0    6 0.000000 1.000000
   7   18   25 2.995238 4.004762
   1    0    7 0.000000 1.000000
   1    0    6 0.000000 1.000000
   2    2    9 0.366667 1.633333
   3    6   13 0.952381 2.047619
   9   24   31 4.028571 4.971429
   1    0    8 0.000000 1.000000
   8   16   29 2.866667 5.133333
   2    2    9 0.366667 1.633333
   6   14   23 2.347619 3.652381
   9   28   28 4.557143 4.442857
   4    2   21 0.366667 3.633333
   1    0    6 0.000000 1.000000
   1    0    6 0.000000 1.000000
   9   32   23 5.304762 3.695238
   4   10   15 1.641667 2.358333
   1    0    5 0.000000 1.000000
   5   12   19 1.976190 3.023810
   1    0    5 0.000000 1.000000
  12   40   33 6.633333 5.366667
   1    0    7 0.000000 1.000000
   1    0    7 0.000000 1.000000
   1    0    6 0.000000 1.000000
   1    0    7 0.000000 1.000000
   3    2   14 0.400000 2.600000
   3    4   11 0.866667 2.133333
  11   40   27 6.561905 4.438095
   1    0    7 0.000000 1.000000
   1    0    7 0.000000 1.000000
   2    2   10 0.333333 1.666667
   5    8   21 1.400000 3.600000
   6   16   19 2.930952 3.069048
   7   14   26 2.485714 4.514286
   4   10   13 1.766667 2.233333
  19   68   44 11.590476 7.409524
   5    8   23 1.261905 3.738095
   1    0    7 0.000000 1.000000
   1    0    6 0.000000 1.000000
   1    0    8 0.000000 1.000000
   6   18   17 3.038095 2.961905
   6   14   23 2.261905 3.738095
   3    2   13 0.400000 2.600000
   2    2   11 0.309524 1.690476
  11   24   43 3.885714 7.114286
   2    2   10 0.342857 1.657143
   2    0   12 0.000000 2.000000
   4    6   17 1.033333 2.966667
   9   24   31 3.971429 5.028571
   2    2   10 0.333333 1.666667
   1    0    6 0.000000 1.000000
   1    0    5 0.000000 1.000000
   6   14   23 2.380952 3.619048
   8   22   25 3.823810 4.176190
  10   36   24 6.138095 3.861905
  23   68   71 11.523810 11.476190
   5    4   25 0.700000 4.300000
   1    0    6 0.000000 1.000000
   4    6   16 1.066667 2.933333
   8   18   31 2.995238 5.004762
   2    2   10 0.342857 1.657143
   9   16   37 2.876190 6.123810
   2    2    9 0.366667 1.633333
   1    0    6 0.000000 1.000000
   4    8   15 1.400000 2.600000
   9   20   35 3.461905 5.538095
   1    0    7 0.000000 1.000000
  12   20   52 3.438095 8.561905
   8   16   32 2.695238 5.304762
  11   32   36 5.247619 5.752381
  23   66   72 11.109524 11.890476
   6   14   21 2.428571 3.571429
   1    0    7 0.000000 1.000000
  12   32   41 5.477381 6.522619
   2    2    9 0.366667 1.633333
  15   46   43 7.850000 7.150000
   2    2   10 0.342857 1.657143
   2    2   10 0.333333 1.666667
  12   36   33 6.338095 5.661905
   3    4   14 0.666667 2.333333
   6   12   26 1.977381 4.022619
  10   26   37 4.114286 5.885714
   6    4   31 0.816667 5.183333
  28   86   82 14.547619 13.452381
   3    6   14 0.916667 2.083333
   2    2   11 0.309524 1.690476
   7   16   25 2.785714 4.214286
  13   30   50 4.921429 8.078571
   2    2   10 0.333333 1.666667
   2    2   11 0.309524 1.690476
  20   78   39 13.341667 6.658333
   2    0   12 0.000000 2.000000
   9   16   37 2.814286 6.185714
   6   12   23 2.028571 3.971429
   6   12   24 1.980952 4.019048
  32  102   89 17.586905 14.413095
   1    0    7 0.000000 1.000000
   1    0    6 0.000000 1.000000
   2    2   11 0.309524 1.690476
  13   22   58 3.672619 9.327381
   2    0   12 0.000000 2.000000
  22   76   56 12.866667 9.133333
   4    2   23 0.309524 3.690476
   9   18   34 3.180952 5.819048
  11   38   25 6.633333 4.366667
   3    4   15 0.642857 2.357143
  29   80   93 13.257143 15.742857
   2    2   10 0.333333 1.666667
  14   24   60 4.066667 9.933333
  33  120   77 20.209524 12.790476
   3    2   16 0.333333 2.666667
  11   28   39 4.771429 6.228571
   7   22   20 3.647619 3.352381
   1    0    7 0.000000 1.000000
  16   40   61 6.476190 9.523810
  16   58   39 9.780952 6.219048
  34  130   75 21.642857 12.357143
   5    8   20 1.421429 3.578571
  20   78   39 13.290476 6.709524
   9   20   32 3.461905 5.538095
  31  106   76 18.233333 12.766667
  19   62   52 10.380952 8.619048
  20   58   62 9.577381 10.422619
   3    4   14 0.666667 2.333333
  22   84   48 14.028571 7.971429
   5    6   28 0.886905 4.113095
  32  110   80 18.540476 13.459524
  18   62   49 10.217857 7.782143
  21   60   66 10.278571 10.721429
   1    0    6 0.000000 1.000000
  25  100   48 16.952381 8.047619
   3    0   19 0.000000 3.000000
  36  136   82 22.726190 13.273810
  22   64   67 10.945238 11.054762
  20   70   49 11.709524 8.290476
  17   56   47 9.288095 7.711905
   5   10   19 1.695238 3.304762
  37  148   74 24.869048 12.130952
  29   88   88 14.808333 14.191667
  16   52   43 8.880952 7.119048
  14   32   51 5.419048 8.580952
   4    6   18 0.952381 3.047619
  46  202   74 33.814286 12.185714
  24   84   60 14.040476 9.959524
  15   34   57 5.723810 9.276190
  10   22   36 3.733333 6.266667
   5   12   19 2.028571 2.971429
  37  132   88 22.277381 14.722619
  30  112   69 18.714286 11.285714
  10   14   49 2.266667 7.733333
  12   26   46 4.376190 7.623810
  11   32   32 5.414286 5.585714
  30   92   90 15.317857 14.682143
  17   58   42 9.776190 7.223810
  14   24   63 3.945238 10.054762
  21   64   60 10.814286 10.185714
  18   58   49 9.885714 8.114286
  45  190   77 32.152381 12.847619
  12   40   34 6.557143 5.442857
  12   24   46 4.219048 7.780952
  17   46   58 7.622619 9.377381
  14   36   49 6.019048 7.980952
  40  164   81 27.015476 12.984524
  31  134   47 22.704762 8.295238
  14   30   53 5.071429 8.928571
   9   16   35 2.942857 6.057143
   6    8   32 1.285714 4.714286
  44  168   95 28.127381 15.872619
  29   96   78 16.033333 12.966667
  12   12   55 2.192857 9.807143
   6    6   35 0.880952 5.119048
   9   24   31 4.057143 4.942857
  44  152  111 25.542857 18.457143
  29   88   87 14.666667 14.333333
  10   14   44 2.400000 7.600000
   7   14   29 2.438095 4.561905
  10   26   35 4.257143 5.742857
  38  132  100 21.963095 16.036905
  42  152   94 26.123810 15.876190
   6    6   31 0.976190 5.023810
   6   10   25 1.742857 4.257143
   8   12   38 2.053571 5.946429
  32  106   85 17.728571 14.271429
  49  194   99 32.304762 16.695238
   6   10   28 1.614286 4.385714
   4    8   16 1.328571 2.671429
   9   14   40 2.319048 6.680952
  28   98   73 16.232143 11.767857
  61  268   97 44.740476 16.259524
   2    0   14 0.000000 2.000000
   1    0    6 0.000000 1.000000
   8   10   34 1.766667 6.233333
  24   82   65 13.575000 10.425000
  66  306   86 51.527381 14.472619
   1    0    7 0.000000 1.000000
   2    2   11 0.309524 1.690476
   7    8   33 1.400000 5.600000
  24   88   55 15.021429 8.978571
  64  308   74 51.738095 12.261905
   2    2   11 0.309524 1.690476
  10   26   36 4.190476 5.809524
  21   78   49 13.004762 7.995238
  71  350   74 58.728571 12.271429
   2    2    9 0.366667 1.633333
   6   12   26 1.876190 4.123810
  25   92   57 15.405952 9.594048
  73  384   56 64.021429 8.978571
   2    2    9 0.366667 1.633333
   9   18   37 3.023810 5.976190
  91  508   37 84.904762 6.095238
   2    2   10 0.333333 1.666667
  98  578   10 96.333333 1.666667
   2    2   10 0.333333 1.666667
  98  578   10 96.300000 1.700000
   2    2   10 0.342857 1.657143
  98  578   10 96.323810 1.676190
 100  600    0 100.000000 0.000000
