   1    0    6 0.000000 1.000000
   4    6   18 1.091667 2.908333
   1    0    6 0.000000 1.000000
   2    2   11 0.309524 1.690476
   1    0    6 0.000000 1.000000
   1    0    7 0.000000 1.000000
   4    6   17 1.033333 2.966667
   3    4   12 0.766667 2.233333
   1    0    8 0.000000 1.000000
   3    4   14 0.652381 2.347619
   2    2    9 0.366667 1.633333
   1    0    6 0.000000 1.000000
   1    0    5 0.000000 1.000000
   3    6   13 0.952381 2.047619
   1    0    7 0.000000 1.000000
   2    2   10 0.342857 1.657143
   1    0    8 0.000000 1.000000
   1    0    5 0.000000 1.000000
   1    0    6 0.000000 1.000000
   4    8   17 1.361905 2.638095
   1    0    7 0.000000 1.000000
   3    6   12 1.000000 2.000000
   5   12   18 2.000000 3.000000
   1    0    6 0.000000 1.000000
   1    0    5 0.000000 1.000000
   4    8   16 1.319048 2.680952
   5   12   18 2.104762 2.895238
   6   18   17 3.147619 2.852381
   1    0    6 0.000000 1.000000
   2    2    9 0.366667 1.633333
   1    0    6 0.000000 1.000000
   2    2   10 0.333333 1.666667
   3    2   18 0.309524 2.690476
   1    0    6 0.000000 1.000000
   1    0    7 0.000000 1.000000
   2    2    9 0.366667 1.633333
   2    2    9 0.366667 1.633333
   2    2    8 0.400000 1.600000
   1    0    7 0.000000 1.000000
   3    6   11 1.085714 1.914286
   2    2    9 0.366667 1.633333
   1    0    7 0.000000 1.000000
   3    6   11 1.085714 1.914286
   1    0    5 0.000000 1.000000
   1    0    6 0.000000 1.000000
   1    0    7 0.000000 1.000000
   4    8   16 1.352381 2.647619
   2    2   11 0.309524 1.690476
   4    8   18 1.214286 2.785714
   1    0    6 0.000000 1.000000
   3    6   11 1.066667 1.933333
   6   20   14 3.600000 2.400000
   3    2   18 0.309524 2.690476
   3    2   17 0.333333 2.666667
  12   34   37 5.726190 6.273810
   2    2    9 0.366667 1.633333
   2    2   10 0.333333 1.666667
   2    2   11 0.309524 1.690476
   7   20   19 3.633333 3.366667
   1    0    6 0.000000 1.000000
   4    8   16 1.352381 2.647619
   1    0    6 0.000000 1.000000
   1    0    5 0.000000 1.000000
   2    0   14 0.000000 2.000000
   2    2    9 0.366667 1.633333
   4    8   17 1.328571 2.671429
   1    0    5 0.000000 1.000000
   5   12   18 2.004762 2.995238
   1    0    6 0.000000 1.000000
   1    0    7 0.000000 1.000000
   1    0    6 0.000000 1.000000
   2    0   12 0.000000 2.000000
   1    0    7 0.000000 1.000000
   5   14   17 2.350000 2.650000
   3    6   11 1.150000 1.850000
   1    0    5 0.000000 1.000000
   1    0    5 0.000000 1.000000
   1    0    6 0.000000 1.000000
   4    8   17 1.280952 2.719048
  12   44   28 7.433333 4.566667
   1    0    7 0.000000 1.000000
   2    0   12 0.000000 2.000000
   1    0    8 0.000000 1.000000
   5   14   16 2.361905 2.638095
   3    2   17 0.309524 2.690476
   3    2   17 0.309524 2.690476
   6   10   25 1.700000 4.300000
   4    8   18 1.261905 2.738095
   3    2   15 0.366667 2.633333
   1    0    5 0.000000 1.000000
  12   46   24 7.909524 4.090476
   3    4   16 0.583333 2.416667
   6   20   16 3.428571 2.571429
   2    2   10 0.333333 1.666667
   3    6   12 1.000000 2.000000
   1    0    6 0.000000 1.000000
   2    2   11 0.309524 1.690476
   2    2   10 0.333333 1.666667
   3    6   12 1.000000 2.000000
   1    0    5 0.000000 1.000000
   6   10   27 1.704762 4.295238
   7   22   19 3.800000 3.200000
   3    6   11 1.066667 1.933333
   3    6   10 1.133333 1.866667
   6   12   23 2.038095 3.961905
  11   40   26 6.638095 4.361905
   1    0    7 0.000000 1.000000
   2    2    9 0.366667 1.633333
   1    0    6 0.000000 1.000000
   6   12   22 2.204762 3.795238
   2    0   13 0.000000 2.000000
   5    8   21 1.495238 3.504762
   2    2   10 0.333333 1.666667
   3    0   21 0.000000 3.000000
   2    2   10 0.333333 1.666667
  14   44   41 7.338095 6.661905
   4    6   19 0.971429 3.028571
   9   22   27 4.164286 4.835714
   4   10   15 1.619048 2.380952
   4    2   20 0.400000 3.600000
   1    0    7 0.000000 1.000000
  10   30   32 4.839286 5.160714
   6   18   20 3.094048 2.905952
   3    4   13 0.742857 2.257143
   4    6   17 1.066667 2.933333
   1    0    5 0.000000 1.000000
  16   54   44 8.941667 7.058333
   1    0    6 0.000000 1.000000
   5    6   24 1.009524 3.990476
   2    0   12 0.000000 2.000000
   1    0    6 0.000000 1.000000
   7    8   34 1.367857 5.632143
   3    4   17 0.571429 2.428571
  14   50   35 8.357143 5.642857
   5    6   22 1.066667 3.933333
   5    8   23 1.285714 3.714286
   6   14   22 2.333333 3.666667
   3    4   12 0.766667 2.233333
   1    0    6 0.000000 1.000000
  18   58   50 9.780952 8.219048
   7   18   25 3.171429 3.828571
   2    2   11 0.309524 1.690476
   1    0    6 0.000000 1.000000
   2    2   10 0.333333 1.666667
  18   60   45 10.215476 7.784524
   5    6   24 1.000000 4.000000
   3    2   15 0.400000 2.600000
  12   30   41 5.100000 6.900000
   4    2   25 0.309524 3.690476
  20   70   49 11.709524 8.290476
   6    8   27 1.352381 4.647619
   3    4   16 0.619048 2.380952
   2    0   11 0.000000 2.000000
   4    8   17 1.285714 2.714286
   1    0    6 0.000000 1.000000
  14   38   48 6.257143 7.742857
   3    6   13 0.971429 2.028571
   2    2   10 0.342857 1.657143
   5   12   15 2.266667 2.733333
  16   58   37 10.076190 5.923810
   6   10   23 1.800000 4.200000
   9   20   34 3.304762 5.695238
   6   10   24 1.800000 4.200000
   9   12   43 1.961905 7.038095
  11   26   40 4.422619 6.577381
   4    8   14 1.485714 2.514286
   6   14   25 2.190476 3.809524
  19   54   61 8.880952 10.119048
   1    0    6 0.000000 1.000000
   5   10   21 1.619048 3.380952
   6   16   21 2.671429 3.328571
  18   68   40 11.308333 6.691667
   5    4   26 0.676190 4.323810
  11   28   39 4.638095 6.361905
   9   24   28 4.128571 4.871429
  11   16   55 2.623810 8.376190
   6   10   25 1.719048 4.280952
   4    8   17 1.309524 2.690476
   7   14   29 2.247619 4.752381
   7    4   36 0.733333 6.266667
   1    0    6 0.000000 1.000000
   9   16   35 2.833333 6.166667
   3    2   17 0.309524 2.690476
  27  108   53 18.572619 8.427381
   7   24   19 4.076190 2.923810
  13   40   42 6.542857 6.457143
  10   22   41 3.705952 6.294048
  19   32   80 5.414286 13.585714
   1    0    6 0.000000 1.000000
   4    2   23 0.366667 3.633333
   4    4   21 0.619048 3.380952
   3    4   12 0.842857 2.157143
   6   10   25 1.761905 4.238095
   3    2   16 0.366667 2.633333
  30  116   59 19.816667 10.183333
   6   16   18 2.830952 3.169048
  15   58   34 9.580952 5.419048
  14   46   40 7.505952 6.494048
  22   50   77 8.585714 13.414286
   1    0    6 0.000000 1.000000
   6   10   28 1.600000 4.400000
   5    8   23 1.371429 3.628571
   3    6   13 0.971429 2.028571
   6   10   28 1.541667 4.458333
   4    8   16 1.328571 2.671429
  18   56   49 9.782143 8.217857
   9   28   25 4.738095 4.261905
   8   10   37 1.742857 6.257143
  15   54   36 9.123810 5.876190
  29   88   86 14.670238 14.329762
   1    0    6 0.000000 1.000000
   4    6   17 1.000000 3.000000
   3    2   19 0.285714 2.714286
   8   20   27 3.441667 4.558333
   2    2   11 0.309524 1.690476
  12   30   42 5.050000 6.950000
   9   26   28 4.476190 4.523810
  14   50   38 8.052381 5.947619
   9   12   39 2.233333 6.766667
  10   32   25 5.557143 4.442857
  25   62   88 10.370238 14.629762
   1    0    7 0.000000 1.000000
   8   22   28 3.580952 4.419048
   8   18   28 3.095238 4.904762
   7   14   30 2.257143 4.742857
   5   10   18 1.819048 3.180952
   7    8   35 1.376190 5.623810
   6    8   28 1.319048 4.680952
  10   16   43 2.752381 7.247619
  19   52   62 9.034524 9.965476
  11   28   40 4.514286 6.485714
  17   36   64 6.233333 10.766667
  10   30   29 5.176190 4.823810
   3    4   14 0.666667 2.333333
   4    6   17 1.066667 2.933333
   6    8   29 1.261905 4.738095
   5    6   25 1.009524 3.990476
   8   18   28 3.133333 4.866667
   7   16   29 2.523810 4.476190
   9   16   38 2.671429 6.328571
  27  100   60 16.871429 10.128571
  15   42   45 7.238095 7.761905
   7    6   38 0.961905 6.038095
  11   36   31 6.019048 4.980952
   2    2   10 0.333333 1.666667
   3    6   12 1.019048 1.980952
   8   16   31 2.761905 5.238095
   9   20   35 3.238095 5.761905
   9   24   32 3.922619 5.077381
  12   18   53 3.080952 8.919048
  26  102   56 17.121429 8.878571
  15   50   41 8.357143 6.642857
  10   20   36 3.530952 6.469048
   7   16   31 2.428571 4.571429
   3    2   16 0.333333 2.666667
   2    2   10 0.342857 1.657143
  11   30   36 5.019048 5.980952
   8   10   36 1.752381 6.247619
   6   10   25 1.733333 4.266667
   7   12   28 2.176190 4.823810
  25   96   57 15.947619 9.052381
  17   50   51 8.385714 8.614286
  12   22   48 3.969048 8.030952
  14   36   49 6.028571 7.971429
   1    0    6 0.000000 1.000000
   2    2   11 0.309524 1.690476
   8   16   33 2.580952 5.419048
  12   30   41 5.077381 6.922619
   2    2   10 0.333333 1.666667
   9   18   35 3.151190 5.848810
  13   32   50 5.338095 7.661905
  16   48   47 8.242857 7.757143
   4    2   22 0.366667 3.633333
  20   54   65 9.185714 10.814286
   4   10   13 1.761905 2.238095
   2    2   10 0.333333 1.666667
  12   34   37 5.895238 6.104762
  18   60   48 10.080952 7.919048
   2    0   13 0.000000 2.000000
  14   44   42 7.419048 6.580952
  13   32   42 5.780952 7.219048
  11   18   48 3.138095 7.861905
   5    6   24 1.019048 3.980952
  18   46   65 7.533333 10.466667
  10   26   33 4.385714 5.614286
   7   12   31 1.947619 5.052381
  16   42   52 7.038095 8.961905
   6   12   25 1.904762 4.095238
   8   14   34 2.385714 5.614286
   6    6   31 0.976190 5.023810
   7   18   24 3.009524 3.990476
   8   16   32 2.700000 5.300000
  12   24   48 4.038095 7.961905
  17   72   32 12.015476 4.984524
   7   16   26 2.633333 4.366667
  31  110   73 18.673810 12.326190
   4    8   16 1.352381 2.647619
   7   10   33 1.638095 5.361905
   6   10   29 1.595238 4.404762
   4    6   19 1.019048 2.980952
  19   54   53 9.580952 9.419048
   7    6   40 0.953968 6.046032
  26  114   40 19.261905 6.738095
   5    6   23 1.033333 3.966667
  25   82   69 13.673810 11.326190
   1    0    6 0.000000 1.000000
   9   20   34 3.390476 5.609524
   4    8   15 1.400000 2.600000
   1    0    6 0.000000 1.000000
  26   94   63 15.698810 10.301190
   7   14   30 2.269048 4.730952
  27  102   56 17.352381 9.647619
   5    4   24 0.775000 4.225000
  20   54   70 8.817857 11.182143
   1    0    6 0.000000 1.000000
   6   14   22 2.275000 3.725000
   4   10   15 1.671429 2.328571
   4    6   16 1.100000 2.900000
  28  102   72 16.730952 11.269048
   9   20   35 3.363095 5.636905
  19   68   44 11.527381 7.472619
   4    6   18 1.019048 2.980952
  25   82   63 14.204762 10.795238
   1    0    7 0.000000 1.000000
  10   20   38 3.414286 6.585714
   2    2   11 0.309524 1.690476
   1    0    7 0.000000 1.000000
  21   74   53 12.534524 8.465476
  16   44   52 7.428571 8.571429
  24   96   48 16.220238 7.779762
   1    0    7 0.000000 1.000000
  24   84   57 14.228571 9.771429
   1    0    7 0.000000 1.000000
  12   24   47 4.160714 7.839286
   1    0    6 0.000000 1.000000
  30  118   66 19.559524 10.440476
  13   40   38 6.742857 6.257143
  11   34   33 5.595238 5.404762
   4   10   15 1.595238 2.404762
  29   88   81 15.135714 13.864286
  12   26   46 4.428571 7.571429
   2    2    9 0.366667 1.633333
  28  100   67 16.817857 11.182143
  15   56   35 9.389286 5.610714
   8   16   32 2.680952 5.319048
   5    6   26 0.952381 4.047619
  30   94   85 15.871429 14.128571
  12   22   49 3.795238 8.204762
  33  132   66 22.004762 10.995238
  12   38   36 6.166667 5.833333
  16   50   45 8.533333 7.466667
   3    2   18 0.291667 2.708333
  24   66   76 11.161905 12.838095
  17   38   65 6.404762 10.595238
  27   94   66 15.861905 11.138095
   9   22   31 3.766667 5.233333
  10   14   48 2.280952 7.719048
   8   18   28 3.200000 4.800000
  29  100   76 16.725000 12.275000
  20   48   74 7.888889 12.111111
  29   92   80 15.576190 13.423810
  11   36   31 6.019048 4.980952
   9   16   37 2.623810 6.376190
   4    6   17 1.052381 2.947619
  27   86   77 14.329762 12.670238
  15   36   56 5.961905 9.038095
  25   82   70 13.502381 11.497619
  14   48   35 7.969048 6.030952
  12   38   34 6.366667 5.633333
   2    0   12 0.000000 2.000000
  32  104   85 17.614286 14.385714
  19   48   64 8.076190 10.923810
  11   24   45 3.866667 7.133333
  14   50   34 8.295238 5.704762
   9   18   37 2.978571 6.021429
   4    2   21 0.333333 3.666667
  43  166   91 27.745238 15.254762
  21   58   68 9.886905 11.113095
   9   14   38 2.476190 6.523810
  12   36   35 6.104762 5.895238
  11   36   30 6.004762 4.995238
   6   12   26 1.900000 4.100000
  41  154   93 25.966667 15.033333
  19   42   70 7.272619 11.727381
  10   14   42 2.609524 7.390476
  15   46   43 7.785714 7.214286
   8   16   32 2.709524 5.290476
  14   46   40 7.514286 6.485714
  34  132   77 21.903571 12.096429
  13   24   52 4.133333 8.866667
   6   10   26 1.685714 4.314286
  14   44   42 7.350000 6.650000
   7   10   31 1.733333 5.266667
  20   76   43 12.904762 7.095238
  40  152   90 25.504762 14.495238
  10   16   47 2.534524 7.465476
   1    0    7 0.000000 1.000000
  15   34   55 5.728571 9.271429
   9   18   34 3.070238 5.929762
  13   28   49 4.709524 8.290476
  52  208  104 34.837302 17.162698
  16   58   40 9.821429 6.178571
  13   28   52 4.571429 8.428571
   2    0   11 0.000000 2.000000
  16   44   52 7.738095 8.261905
  53  230   85 38.692063 14.307937
  20   70   48 11.790476 8.209524
  11   30   37 4.947619 6.052381
  18   56   53 9.378571 8.621429
  51  252   54 41.957143 9.042857
  13   42   37 6.952381 6.047619
   6   14   24 2.285714 3.714286
  22   68   66 11.476190 10.523810
  59  280   69 47.035714 11.964286
  20   52   67 8.771429 11.228571
   8   12   33 2.192857 5.807143
  23   68   75 11.066667 11.933333
  49  200   93 33.651190 15.348810
  27   90   75 14.864286 12.135714
   5    4   25 0.700000 4.300000
  15   38   51 6.490476 8.509524
  53  236   81 39.494048 13.505952
  35  126   83 21.242857 13.757143
   4    4   22 0.619048 3.380952
  16   36   59 6.145238 9.854762
  45  186   84 31.104762 13.895238
  39  160   74 26.771429 12.228571
   4    4   22 0.619048 3.380952
  13   28   50 4.919048 8.080952
  44  182   80 30.600000 13.400000
  41  164   76 27.975000 13.025000
   1    0    7 0.000000 1.000000
  20   66   55 10.944048 9.055952
  38  176   56 29.196429 8.803571
  45  192   77 32.280952 12.719048
  14   28   57 4.857143 9.142857
  41  178   68 29.809524 11.190476
  49  208   80 35.128571 13.871429
  13   30   48 5.033333 7.966667
  38  158   76 26.080952 11.919048
  45  188   83 31.646825 13.353175
   9   18   34 3.133333 5.866667
  46  208   69 34.834524 11.165476
  42  172   82 28.815476 13.184524
   9   26   27 4.521429 4.478571
  49  214   79 36.082143 12.917857
  39  152   83 25.553571 13.446429
   4    8   19 1.160714 2.839286
  57  252   86 42.507143 14.492857
  44  188   72 31.546429 12.453571
   2    0   11 0.000000 2.000000
  54  260   69 42.884524 11.115476
  51  210   95 35.228571 15.771429
   4    4   20 0.676190 3.323810
  45  178   93 29.910714 15.089286
  51  206   96 34.972619 16.027381
  12   32   38 5.528571 6.471429
  37  154   74 25.460714 11.539286
  40  128  106 22.009524 17.990476
  19   64   49 10.952381 8.047619
  41  184   69 30.361905 10.638095
  42  166   87 27.615476 14.384524
  11   26   38 4.571429 6.428571
  47  208   75 34.661905 12.338095
  42  172   80 28.640476 13.359524
   7   16   28 2.623810 4.376190
  51  226   78 37.723810 13.276190
  36  104  112 17.800000 18.200000
   4    6   19 0.952381 3.047619
  60  240  119 40.413095 19.586905
  46  164  113 27.719841 18.280159
   5   12   16 2.166667 2.833333
  49  184  111 30.733333 18.266667
  44  142  123 23.802381 20.197619
   3    6   12 1.000000 2.000000
  53  196  121 32.985714 20.014286
  51  186  125 30.800000 20.200000
   1    0    6 0.000000 1.000000
  48  158  125 26.576190 21.423810
  60  250  108 42.042857 17.957143
  40  134  108 22.395238 17.604762
  58  254   94 42.414286 15.585714
  42  158   94 26.473810 15.526190
  56  236  101 39.571429 16.428571
  44  162  101 27.339286 16.660714
  67  270  127 45.597619 21.402381
  33   76  127 12.485714 20.514286
  72  336   92 56.595238 15.404762
  28   80   92 13.300000 14.700000
  76  384   68 64.635714 11.364286
  24   80   68 13.319048 10.680952
  77  408   59 67.871429 9.128571
  23   74   59 12.800000 10.200000
  79  402   69 67.309524 11.690476
  21   60   69 10.009524 10.990476
  76  386   71 64.519048 11.480952
  24   72   71 12.194048 11.805952
  71  338   92 55.957143 15.042857
  29   78   92 13.464286 15.535714
  80  418   64 69.448810 10.551190
  20   54   64 9.332143 10.667857
  64  296   90 49.223810 14.776190
  36  124   90 20.866667 15.133333
  66  314   82 52.577381 13.422619
  34  122   82 20.704762 13.295238
  70  362   60 60.145238 9.854762
  30  118   60 19.764286 10.235714
  82  444   45 74.332143 7.667857
  18   66   45 10.942857 7.057143
  86  464   52 77.404762 8.595238
  14   32   52 5.376190 8.623810
  77  396   68 65.760714 11.239286
  23   68   68 11.663095 11.336905
  77  386   71 64.771429 12.228571
  23   72   71 11.779762 11.220238
  77  396   64 66.152381 10.847619
  23   76   64 12.785714 10.214286
  75  382   69 63.900000 11.100000
  25   80   69 13.647619 11.352381
  66  308   91 51.280952 14.719048
  34  110   91 18.697619 15.302381
  68  324   82 54.457143 13.542857
  32  112   82 18.775000 13.225000
  66  306   84 51.533333 14.466667
  34  126   84 20.652381 13.347619
  66  316   81 52.733333 13.266667
  34  122   81 20.486905 13.513095
  68  324   84 54.027381 13.972619
  32  108   84 18.140476 13.859524
  55  226   98 38.132143 16.867857
  45  178   98 29.304762 15.695238
  61  272   95 45.432143 15.567857
  39  138   95 23.263095 15.736905
  64  290   94 48.350000 15.650000
  36  122   94 20.572619 15.427381
  68  330   75 55.202381 12.797619
  32  120   75 19.925000 12.075000
  63  304   76 50.670238 12.329762
  37  144   76 24.176190 12.823810
  67  334   68 55.814286 11.185714
  33  130   68 21.680952 11.319048
  62  280   92 46.678571 15.321429
  38  136   92 22.640476 15.359524
  66  296  101 49.151190 16.848810
  34  102  101 17.064286 16.935714
  64  284  103 47.176190 16.823810
  36  110  103 18.628571 17.371429
  67  324   82 53.725000 13.275000
  33  112   82 18.954762 14.045238
  59  256   93 43.232143 15.767857
  41  158   93 26.333333 14.666667
  56  242   95 40.688095 15.311905
  44  168   95 28.709524 15.290476
  48  204   81 34.290476 13.709524
  52  234   81 38.933333 13.066667
  48  210   85 34.750000 13.250000
  52  220   85 37.535714 14.464286
  50  212   89 35.547619 14.452381
  50  210   89 35.247619 14.752381
  48  204   88 33.782143 14.217857
  52  220   88 37.095238 14.904762
  51  216   87 36.271429 14.728571
  49  210   87 35.041667 13.958333
  48  210   80 35.028571 12.971429
  52  230   80 38.653571 13.346429
  45  178   92 29.898810 15.101190
  55  238   92 39.800000 15.200000
  48  206   81 34.561905 13.438095
  52  232   81 38.801587 13.198413
  45  176   97 29.054762 15.945238
  55  230   97 38.807143 16.192857
  39  132  102 22.185714 16.814286
  61  264  102 44.204762 16.795238
  55  212  113 35.938095 19.061905
  45  162  113 26.679762 18.320238
  47  172  111 28.390476 18.609524
  53  206  111 34.200000 18.800000
  71  348   80 57.954762 13.045238
  29   92   80 15.842857 13.157143
  78  386   76 64.876190 13.123810
  22   62   76 9.955952 12.044048
  84  448   56 74.758333 9.241667
  16   40   56 6.609524 9.390476
  86  470   45 78.400000 7.600000
  14   40   45 6.757143 7.242857
  92  514   36 86.060714 5.939286
   8   14   36 2.257143 5.742857
  97  570   14 94.776190 2.223810
   3    2   14 0.366667 2.633333
  96  560   17 93.225000 2.775000
   4    6   17 1.133333 2.866667
  93  538   20 89.766667 3.233333
   7   22   20 3.761905 3.238095
  98  576   11 96.147619 1.852381
   2    2   11 0.309524 1.690476
  97  568   14 94.719048 2.280952
   3    4   14 0.666667 2.333333
  99  588    6 97.990476 1.009524
   1    0    6 0.000000 1.000000
 100  600    0 100.000000 0.000000
