   6   18   19 2.941667 3.058333
   1    0    6 0.000000 1.000000
   1    0    6 0.000000 1.000000
   1    0    6 0.000000 1.000000
   2    2   11 0.309524 1.690476
   1    0    6 0.000000 1.000000
   3    4   15 0.642857 2.357143
   1    0    7 0.000000 1.000000
   2    2    9 0.366667 1.633333
   2    2   10 0.333333 1.666667
   2    2   10 0.333333 1.666667
   1    0    7 0.000000 1.000000
   1    0    6 0.000000 1.000000
   2    2    9 0.366667 1.633333
   4    6   16 1.100000 2.900000
   1    0    8 0.000000 1.000000
   1    0    6 0.000000 1.000000
   2    2    9 0.366667 1.633333
   1    0    6 0.000000 1.000000
   2    2   11 0.309524 1.690476
   1    0    6 0.000000 1.000000
   4    8   16 1.385714 2.614286
   1    0    6 0.000000 1.000000
   1    0    6 0.000000 1.000000
   2    2    9 0.366667 1.633333
   1    0    7 0.000000 1.000000
   2    2    9 0.366667 1.633333
   3    4   14 0.709524 2.290476
   2    2    9 0.366667 1.633333
   1    0    6 0.000000 1.000000
   2    2    9 0.366667 1.633333
   1    0    8 0.000000 1.000000
   1    0    6 0.000000 1.000000
   1    0    6 0.000000 1.000000
   3    4   14 0.666667 2.333333
   2    2    9 0.366667 1.633333
   6   16   20 2.719048 3.280952
   1    0    6 0.000000 1.000000
   1    0    6 0.000000 1.000000
   1    0    6 0.000000 1.000000
   3    6   12 1.019048 1.980952
   2    2   10 0.333333 1.666667
   4   10   13 1.766667 2.233333
   1    0    7 0.000000 1.000000
   1    0    7 0.000000 1.000000
   1    0    6 0.000000 1.000000
   1    0    7 0.000000 1.000000
   1    0    6 0.000000 1.000000
   1    0    5 0.000000 1.000000
   1    0    6 0.000000 1.000000
   2    2    7 0.450000 1.550000
   2    2   10 0.342857 1.657143
   1    0    7 0.000000 1.000000
   2    2   10 0.333333 1.666667
   1    0    6 0.000000 1.000000
   1    0    7 0.000000 1.000000
   1    0    5 0.000000 1.000000
   7   20   22 3.271429 3.728571
   1    0    7 0.000000 1.000000
   1    0    6 0.000000 1.000000
   1    0    7 0.000000 1.000000
   3    4   13 0.742857 2.257143
   5    8   22 1.361905 3.638095
   1    0    7 0.000000 1.000000
   4    8   14 1.500000 2.500000
   4   10   12 1.833333 2.166667
   5    4   27 0.642857 4.357143
   5   12   14 2.250000 2.750000
   1    0    7 0.000000 1.000000
   5   10   20 1.704762 3.295238
   1    0    7 0.000000 1.000000
   3    6   13 0.952381 2.047619
   2    2   10 0.333333 1.666667
   3    4   13 0.733333 2.266667
   3    4   15 0.642857 2.357143
   3    2   17 0.309524 2.690476
   2    2   10 0.333333 1.666667
   1    0    6 0.000000 1.000000
   3    4   14 0.709524 2.290476
   9   24   30 4.263095 4.736905
   3    6   12 1.050000 1.950000
   1    0    6 0.000000 1.000000
   1    0    6 0.000000 1.000000
   4   10   14 1.719048 2.280952
   1    0    5 0.000000 1.000000
   2    2    9 0.366667 1.633333
   1    0    6 0.000000 1.000000
   2    2   10 0.333333 1.666667
   6   16   19 2.816667 3.183333
   1    0    7 0.000000 1.000000
   4   10   17 1.476190 2.523810
   1    0    6 0.000000 1.000000
   5   14   18 2.214286 2.785714
   2    2    9 0.366667 1.633333
   3    2   17 0.333333 2.666667
  10   32   26 5.500000 4.500000
   2    2    9 0.366667 1.633333
   5    4   25 0.700000 4.300000
   4    8   16 1.319048 2.680952
   1    0    7 0.000000 1.000000
   2    0   12 0.000000 2.000000
   4    8   15 1.400000 2.600000
   2    2    9 0.366667 1.633333
   3    4   15 0.691667 2.308333
   5    8   22 1.395238 3.604762
   5   14   15 2.461905 2.538095
   3    2   17 0.366667 2.633333
   2    2   11 0.309524 1.690476
   9   18   36 3.019048 5.980952
   4    8   16 1.319048 2.680952
   2    2   11 0.309524 1.690476
   2    2   11 0.309524 1.690476
   3    6   12 1.019048 1.980952
   6   18   18 3.004762 2.995238
   8   16   29 2.942857 5.057143
   7   20   23 3.285714 3.714286
   1    0    7 0.000000 1.000000
   6   18   17 3.138095 2.861905
   1    0    7 0.000000 1.000000
  14   48   37 8.009524 5.990476
   1    0    7 0.000000 1.000000
   6    8   25 1.476190 4.523810
   8   18   31 2.971429 5.028571
   1    0    7 0.000000 1.000000
   7   16   25 2.666667 4.333333
   1    0    7 0.000000 1.000000
   3    2   15 0.366667 2.633333
  10   22   38 3.723810 6.276190
   2    2   11 0.309524 1.690476
   4    8   14 1.495238 2.504762
   1    0    6 0.000000 1.000000
   4    4   23 0.595238 3.404762
   5   10   21 1.638095 3.361905
   1    0    5 0.000000 1.000000
   2    0   12 0.000000 2.000000
   1    0    7 0.000000 1.000000
  11   34   31 5.866667 5.133333
  11   38   26 6.461905 4.538095
   6   14   23 2.285714 3.714286
   6   18   18 3.023810 2.976190
   8   20   26 3.588095 4.411905
   1    0    5 0.000000 1.000000
  10   20   41 3.447619 6.552381
   3    0   17 0.000000 3.000000
   7   14   24 2.619048 4.380952
   4    4   23 0.642857 3.357143
  19   60   53 10.309524 8.690476
   1    0    7 0.000000 1.000000
   1    0    7 0.000000 1.000000
   3    4   14 0.666667 2.333333
   5    8   23 1.316667 3.683333
   7   22   22 3.664286 3.335714
   5   14   15 2.400000 2.600000
   2    2    9 0.366667 1.633333
   6   12   24 1.985714 4.014286
   6   12   25 1.917857 4.082143
   7   18   24 3.104762 3.895238
   4    6   16 1.133333 2.866667
  11   36   32 5.976190 5.023810
   1    0    6 0.000000 1.000000
   8   18   33 2.880952 5.119048
   7   22   20 3.638095 3.361905
   7   12   30 2.091667 4.908333
   3    2   13 0.400000 2.600000
  23   70   67 12.040476 10.959524
   4    6   18 1.066667 2.933333
   7   12   32 1.914286 5.085714
   5   10   21 1.642857 3.357143
   3    4   14 0.652381 2.347619
   2    2   10 0.333333 1.666667
   5    8   21 1.419048 3.580952
   3    2   15 0.333333 2.666667
   7   18   23 3.209524 3.790476
   5   12   16 2.133333 2.866667
  15   58   32 9.666667 5.333333
   1    0    6 0.000000 1.000000
   3    4   15 0.619048 2.380952
   6   10   23 1.833333 4.166667
   4    6   16 1.100000 2.900000
   5    8   25 1.238095 3.761905
  26  102   53 17.166667 8.833333
   4    4   21 0.642857 3.357143
   5   12   20 1.880952 3.119048
   8   24   23 4.071429 3.928571
   2    2   11 0.309524 1.690476
   1    0    6 0.000000 1.000000
   8   22   28 3.750000 4.250000
   9   26   29 4.266667 4.733333
  13   50   26 8.619048 4.380952
  22   84   48 14.038095 7.961905
   7   18   24 3.038095 3.961905
   5    8   21 1.442857 3.557143
   4    4   19 0.709524 3.290476
   6   10   28 1.638095 4.361905
  14   36   47 6.066667 7.933333
   2    0   11 0.000000 2.000000
   5   12   20 1.857143 3.142857
   3    4   16 0.619048 2.380952
  10   26   33 4.409524 5.590476
   4    6   17 1.109524 2.890476
  26  116   41 19.544048 6.455952
  21   64   64 10.609524 10.390476
   5   14   16 2.333333 2.666667
   2    2    9 0.366667 1.633333
   9   32   22 5.366667 3.633333
   4    6   19 0.938095 3.061905
  13   30   47 5.280952 7.719048
   1    0    6 0.000000 1.000000
   2    0   14 0.000000 2.000000
   3    4   14 0.666667 2.333333
  10   28   29 4.841667 5.158333
   4    6   17 1.066667 2.933333
  25  100   50 16.857143 8.142857
  19   54   63 8.951190 10.048810
   6   16   19 2.761905 3.238095
  18   70   37 11.769048 6.230952
   9   30   23 5.200000 3.800000
  11   30   39 5.014286 5.985714
   2    2    9 0.366667 1.633333
   1    0    6 0.000000 1.000000
   5    4   25 0.709524 4.290476
   3    2   15 0.333333 2.666667
  25  100   50 16.733333 8.266667
  17   42   59 7.271429 9.728571
   4   10   14 1.666667 2.333333
  22   76   55 12.786905 9.213095
  14   46   40 7.523810 6.476190
   6    6   31 0.985714 5.014286
   3    6   13 0.983333 2.016667
   6    4   31 0.733333 5.266667
  11   24   41 4.182143 6.817857
  21   74   49 12.576190 8.423810
  19   38   78 6.480952 12.519048
   3    6   11 1.085714 1.914286
  18   58   52 9.671429 8.328571
  12   28   40 5.052381 6.947619
   4    6   17 1.066667 2.933333
   3    2   17 0.309524 2.690476
   9   12   47 1.870238 7.129762
   4    2   21 0.333333 3.666667
  34  132   71 22.155952 11.844048
  11   16   48 2.742857 8.257143
   5    6   25 1.019048 3.980952
  16   58   37 9.790476 6.209524
   9   20   37 3.190476 5.809524
   4   10   14 1.714286 2.285714
   3    2   16 0.309524 2.690476
  14   32   53 5.378571 8.621429
   3    2   16 0.333333 2.666667
  21   56   72 9.336905 11.663095
   8   14   32 2.516667 5.483333
   5   10   20 1.675000 3.325000
  26  106   50 17.836905 8.163095
   7   10   28 1.866667 5.133333
   7   12   30 1.995238 5.004762
   3    6   12 1.019048 1.980952
  20   60   64 9.854762 10.145238
   1    0    6 0.000000 1.000000
  21   76   48 12.978571 8.021429
   5    4   25 0.709524 4.290476
   3    6   13 0.971429 2.028571
  14   36   49 6.109524 7.890476
  14   52   35 8.438095 5.561905
  12   40   30 6.771429 5.228571
   3    6   13 0.952381 2.047619
  27   94   67 15.833333 11.166667
  17   52   50 8.790476 8.209524
   5    8   22 1.376190 3.623810
   3    4   14 0.709524 2.290476
   6   10   26 1.709524 4.290476
  11   30   38 4.828571 6.171429
   9   14   38 2.442857 6.557143
   9   22   32 3.647619 5.352381
  40  142   98 23.864286 16.135714
  16   52   47 8.590476 7.409524
   4    4   20 0.666667 3.333333
   8   16   30 2.785714 5.214286
   2    2   11 0.309524 1.690476
   5    6   23 1.019048 3.980952
  11   20   43 3.419048 7.580952
   9   16   36 2.895238 6.104762
  45  162  112 26.711905 18.288095
  11   28   39 4.671429 6.328571
   4    6   19 0.995238 3.004762
  16   48   46 8.171429 7.828571
   4    2   21 0.400000 3.600000
   5    4   25 0.709524 4.290476
  13   32   47 5.300000 7.700000
  47  194   89 32.552381 14.447619
   7   20   19 3.604762 3.395238
   3    2   16 0.366667 2.633333
  14   40   41 6.878571 7.121429
   4    2   24 0.309524 3.690476
  10   22   41 3.686905 6.313095
  12   36   36 5.995238 6.004762
  50  222   79 37.167857 12.832143
   5    6   25 0.985714 4.014286
   7   14   28 2.452381 4.547619
  15   36   57 5.838095 9.161905
   4    4   20 0.666667 3.333333
   6   10   26 1.709524 4.290476
  17   56   45 9.480952 7.519048
  46  192   81 32.404762 13.595238
   5    6   24 1.009524 3.990476
   4    4   20 0.676190 3.323810
  12   24   49 3.990476 8.009524
   7   20   21 3.423810 3.576190
   9   20   38 3.280952 5.719048
  10   22   36 3.733333 6.266667
  53  222   94 37.086905 15.913095
   4    4   20 0.666667 3.333333
   3    2   16 0.333333 2.666667
  14   36   51 6.004762 7.995238
   5    8   23 1.319048 3.680952
  15   46   42 7.923810 7.076190
   6    8   28 1.341667 4.658333
  53  220   96 37.061905 15.938095
   6    8   29 1.328571 4.671429
   2    0   13 0.000000 2.000000
  19   50   63 8.528571 10.471429
   1    0    7 0.000000 1.000000
  14   36   45 6.290476 7.709524
   8   16   33 2.547619 5.452381
  50  196  104 33.067857 16.932143
   2    0   12 0.000000 2.000000
   5    6   22 1.100000 3.900000
  19   56   61 9.257143 9.742857
  18   56   52 9.580952 8.419048
   4    6   18 0.952381 3.047619
  52  194  117 32.689286 19.310714
   1    0    6 0.000000 1.000000
   5    6   24 1.028571 3.971429
  10   18   44 2.857143 7.142857
  27  106   55 18.076190 8.923810
   7   16   27 2.671429 4.328571
  50  202   96 33.995238 16.004762
   3    4   13 0.733333 2.266667
   4    4   25 0.571429 3.428571
  16   34   61 5.771429 10.228571
  23   78   57 13.314286 9.685714
   9   24   31 4.061905 4.938095
  45  184   85 30.871429 14.128571
   4    6   18 1.019048 2.980952
  14   26   59 4.373810 9.626190
  33  130   69 21.838095 11.161905
  14   38   45 6.447619 7.552381
  35  124   85 20.834524 14.165476
   1    0    7 0.000000 1.000000
  16   38   58 6.423810 9.576190
  47  184   94 31.185714 15.814286
  12   30   46 4.816667 7.183333
  24   80   63 13.438095 10.561905
  23   76   64 12.767857 10.232143
  50  214   80 36.251190 13.748810
   9   12   42 1.980952 7.019048
  18   42   70 6.904762 11.095238
  19   64   49 10.882143 8.117857
  60  278   83 46.297619 13.702381
   6    8   27 1.416667 4.583333
  15   26   65 4.315476 10.684524
  19   62   55 10.219048 8.780952
  67  320   80 53.680952 13.319048
   3    4   13 0.733333 2.266667
  11   24   42 4.142857 6.857143
  23   66   68 11.339286 11.660714
  69  326   91 54.209524 14.790476
   3    4   14 0.666667 2.333333
   5    4   27 0.666667 4.333333
  28   90   76 15.285714 12.714286
  70  342   83 56.745238 13.254762
   2    2    7 0.450000 1.550000
  18   52   58 8.580952 9.419048
  80  410   69 68.452381 11.547619
   2    0   11 0.000000 2.000000
  15   44   46 7.457143 7.542857
  83  444   55 74.084524 8.915476
   2    2    9 0.366667 1.633333
  18   54   51 9.304762 8.695238
  80  428   55 71.148810 8.851190
   2    2   10 0.333333 1.666667
  23   82   56 13.842857 9.157143
  77  406   56 68.009524 8.990476
  17   38   57 6.673810 10.326190
  83  448   57 73.898810 9.101190
  22   72   61 12.065476 9.934524
  78  406   61 67.776190 10.223810
  29   94   83 15.629762 13.370238
  71  340   83 57.304762 13.695238
  48  192   94 32.247619 15.752381
  52  220   94 36.754762 15.245238
  50  210   89 35.145238 14.854762
  50  212   89 35.527381 14.472619
  42  150  104 25.002381 16.997619
  58  242  104 40.601190 17.398810
  42  158   92 26.641667 15.358333
  58  258   92 42.880952 15.119048
  37  126   93 21.252381 15.747619
  63  288   93 48.157143 14.842857
  45  166  101 27.995238 17.004762
  55  232  101 38.313095 16.686905
  35  120   97 19.667857 15.332143
  65  286   97 48.190476 16.809524
  21   56   69 9.509524 11.490476
  79  406   69 67.922619 11.077381
  13   34   46 5.594048 7.405952
  87  474   46 79.279762 7.720238
   5   12   19 1.928571 3.071429
  95  550   19 91.826190 3.173810
   3    4   14 0.666667 2.333333
  97  568   14 94.728571 2.271429
   1    0    7 0.000000 1.000000
  99  586    7 97.788095 1.211905
   2    0   13 0.000000 2.000000
  98  574   13 95.846429 2.153571
   1    0    6 0.000000 1.000000
  99  588    6 98.023810 0.976190
 100  600    0 100.000000 0.000000
