   1    0    7 0.000000 1.000000
   1    0    7 0.000000 1.000000
   4    8   16 1.328571 2.671429
   2    2    9 0.366667 1.633333
   2    2   10 0.342857 1.657143
   1    0    5 0.000000 1.000000
   3    6   13 0.952381 2.047619
   2    2    9 0.366667 1.633333
   1    0    6 0.000000 1.000000
   1    0    7 0.000000 1.000000
   2    2    9 0.366667 1.633333
   2    2    9 0.366667 1.633333
   3    6   12 1.019048 1.980952
   1    0    7 0.000000 1.000000
   1    0    6 0.000000 1.000000
   2    2   11 0.309524 1.690476
   1    0    6 0.000000 1.000000
   1    0    7 0.000000 1.000000
   1    0    6 0.000000 1.000000
   1    0    7 0.000000 1.000000
   1    0    6 0.000000 1.000000
   2    2   12 0.291667 1.708333
   1    0    6 0.000000 1.000000
   1    0    5 0.000000 1.000000
   5   14   14 2.500000 2.500000
   1    0    6 0.000000 1.000000
   1    0    6 0.000000 1.000000
   2    2   10 0.333333 1.666667
   1    0    7 0.000000 1.000000
   2    2   10 0.333333 1.666667
   1    0    5 0.000000 1.000000
   2    0   13 0.000000 2.000000
   1    0    5 0.000000 1.000000
   1    0    6 0.000000 1.000000
   1    0    6 0.000000 1.000000
   3    4   12 0.766667 2.233333
   3    4   13 0.809524 2.190476
   2    2   11 0.325000 1.675000
   5   14   14 2.528571 2.471429
   2    2    9 0.366667 1.633333
   2    2    8 0.400000 1.600000
   1    0    7 0.000000 1.000000
   1    0    7 0.000000 1.000000
   4   10   12 1.833333 2.166667
   2    2   12 0.291667 1.708333
   2    2   10 0.333333 1.666667
   1    0    6 0.000000 1.000000
   4    8   16 1.333333 2.666667
   4    6   19 1.025000 2.975000
   1    0    7 0.000000 1.000000
   1    0    6 0.000000 1.000000
   1    0    7 0.000000 1.000000
   4    8   15 1.400000 2.600000
   1    0    7 0.000000 1.000000
   2    2   10 0.342857 1.657143
   1    0    5 0.000000 1.000000
   3    4   14 0.709524 2.290476
   2    2    9 0.366667 1.633333
   2    2   10 0.333333 1.666667
   3    4   17 0.601190 2.398810
   3    6   10 1.185714 1.814286
   4    8   15 1.442857 2.557143
   1    0    5 0.000000 1.000000
   3    4   14 0.676190 2.323810
   1    0    6 0.000000 1.000000
   1    0    6 0.000000 1.000000
   1    0    6 0.000000 1.000000
   1    0    6 0.000000 1.000000
   3    6   13 0.952381 2.047619
   4    6   19 0.976190 3.023810
   1    0    6 0.000000 1.000000
   2    2   11 0.325000 1.675000
   6   14   24 2.290476 3.709524
   2    2    9 0.366667 1.633333
   2    2   12 0.285714 1.714286
   2    2   10 0.333333 1.666667
   1    0    5 0.000000 1.000000
   1    0    6 0.000000 1.000000
   2    0   13 0.000000 2.000000
   1    0    6 0.000000 1.000000
   2    2    9 0.366667 1.633333
   4    6   18 1.085714 2.914286
   3    4   13 0.809524 2.190476
   3    4   13 0.700000 2.300000
   4    4   22 0.619048 3.380952
   4    8   16 1.376190 2.623810
   1    0    5 0.000000 1.000000
   4    6   18 1.042857 2.957143
   3    4   15 0.642857 2.357143
   1    0    6 0.000000 1.000000
   2    2   10 0.333333 1.666667
   2    2   12 0.285714 1.714286
   1    0    5 0.000000 1.000000
   5   10   18 1.852381 3.147619
   1    0    6 0.000000 1.000000
   1    0    6 0.000000 1.000000
   1    0    5 0.000000 1.000000
   2    2    9 0.366667 1.633333
   1    0    7 0.000000 1.000000
   1    0    7 0.000000 1.000000
   3    4   13 0.700000 2.300000
   4    8   18 1.214286 2.785714
   1    0    6 0.000000 1.000000
   4    8   16 1.328571 2.671429
   5    4   23 0.733333 4.266667
   1    0    8 0.000000 1.000000
   5   10   21 1.647619 3.352381
   3    2   16 0.333333 2.666667
   1    0    6 0.000000 1.000000
   1    0    6 0.000000 1.000000
   6   12   27 1.888095 4.111905
   1    0    6 0.000000 1.000000
   1    0    5 0.000000 1.000000
   4    4   21 0.642857 3.357143
   2    2    8 0.400000 1.600000
   6   16   23 2.523810 3.476190
   1    0    7 0.000000 1.000000
   2    2    9 0.366667 1.633333
   3    4   16 0.625000 2.375000
   1    0    6 0.000000 1.000000
   6   10   22 1.900000 4.100000
   4    0   24 0.000000 4.000000
   1    0    6 0.000000 1.000000
   2    2    9 0.366667 1.633333
   3    4   15 0.642857 2.357143
   2    2   11 0.309524 1.690476
   9   26   25 4.571429 4.428571
   1    0    6 0.000000 1.000000
  10   28   27 5.138095 4.861905
   3    4   17 0.571429 2.428571
   1    0    6 0.000000 1.000000
   2    2   10 0.342857 1.657143
   2    2   11 0.309524 1.690476
   5   14   15 2.371429 2.628571
   2    2   11 0.309524 1.690476
   4    4   19 0.700000 3.300000
   5   14   19 2.230952 2.769048
  10   22   38 3.747619 6.252381
   2    2    8 0.400000 1.600000
   8   20   29 3.395238 4.604762
   1    0    6 0.000000 1.000000
   5    6   23 1.076190 3.923810
   1    0    6 0.000000 1.000000
   7   20   22 3.416667 3.583333
   1    0    5 0.000000 1.000000
   1    0    7 0.000000 1.000000
  15   50   38 8.466667 6.533333
   2    0   13 0.000000 2.000000
   2    2   10 0.342857 1.657143
   3    2   17 0.333333 2.666667
   7   16   28 2.500000 4.500000
  12   44   27 7.466667 4.533333
   5   12   16 2.133333 2.866667
   3    4   12 0.750000 2.250000
   4    4   21 0.619048 3.380952
   1    0    5 0.000000 1.000000
  11   42   26 6.928571 4.071429
   5   10   20 1.671429 3.328571
   5    6   25 0.976190 4.023810
   1    0    6 0.000000 1.000000
   5    8   21 1.400000 3.600000
   1    0    6 0.000000 1.000000
  10   28   30 4.866667 5.133333
   2    0   12 0.000000 2.000000
   8   28   19 4.892857 3.107143
  12   28   46 4.683333 7.316667
   3    6   11 1.066667 1.933333
   2    0   12 0.000000 2.000000
   9   16   40 2.629762 6.370238
  12   48   24 8.171429 3.828571
   6   12   24 2.028571 3.971429
   2    2   10 0.333333 1.666667
   3    2   16 0.333333 2.666667
   2    2   10 0.342857 1.657143
  14   52   30 8.875000 5.125000
   5    6   25 0.961905 4.038095
   5    6   21 1.100000 3.900000
   2    2    9 0.366667 1.633333
   4    8   17 1.328571 2.671429
   1    0    8 0.000000 1.000000
   5   14   17 2.233333 2.766667
   1    0    7 0.000000 1.000000
   8   22   28 3.602381 4.397619
  13   30   51 5.032143 7.967857
   1    0    5 0.000000 1.000000
   2    2   10 0.333333 1.666667
  17   36   63 6.166667 10.833333
  15   54   35 9.154762 5.845238
   2    2    9 0.366667 1.633333
   2    2   12 0.291667 1.708333
   3    4   13 0.700000 2.300000
  16   54   43 9.035714 6.964286
   3    4   14 0.709524 2.290476
   7   20   23 3.373810 3.626190
   3    2   14 0.400000 2.600000
   2    0   12 0.000000 2.000000
   2    2   10 0.333333 1.666667
   2    2   11 0.309524 1.690476
  12   26   47 4.405952 7.594048
  13   28   48 4.895238 8.104762
   2    2   13 0.267857 1.732143
  19   58   55 9.879762 9.120238
  12   32   38 5.494048 6.505952
   3    6   13 0.952381 2.047619
   1    0    7 0.000000 1.000000
  11   36   28 6.238095 4.761905
   8   12   34 2.052381 5.947619
   5    8   23 1.328571 3.671429
   6   12   23 2.061905 3.938095
   9   16   39 2.697619 6.302381
   1    0    6 0.000000 1.000000
   1    0    7 0.000000 1.000000
   4   10   14 1.661905 2.338095
  13   30   44 5.246429 7.753571
  11   24   41 4.171429 6.828571
   2    2    9 0.366667 1.633333
  15   36   59 5.773810 9.226190
  10   14   47 2.369048 7.630952
   2    2   11 0.309524 1.690476
  14   44   41 7.271429 6.728571
  13   42   32 7.376190 5.623810
   9   32   25 5.141667 3.858333
   5    4   31 0.595238 4.404762
   8   10   37 1.766667 6.233333
   1    0    6 0.000000 1.000000
   4    4   19 0.652381 3.347619
   7   16   26 2.661905 4.338095
  12   20   51 3.438095 8.561905
  14   36   46 6.161905 7.838095
  11   24   41 4.114286 6.885714
  10   24   35 4.195238 5.804762
  12   38   39 6.100000 5.900000
  15   56   33 9.471429 5.528571
  13   32   45 5.497619 7.502381
   4    4   21 0.642857 3.357143
   2    2   10 0.333333 1.666667
   3    2   17 0.333333 2.666667
   7   12   28 2.128571 4.871429
  14   34   48 5.923810 8.076190
   9   12   40 2.195238 6.804762
  11   22   46 3.614286 7.385714
  13   40   40 6.623810 6.376190
  16   38   55 6.603571 9.396429
  12   26   41 4.554762 7.445238
  11   26   41 4.422619 6.577381
  12   30   43 5.123810 6.876190
   2    2   11 0.309524 1.690476
   1    0    7 0.000000 1.000000
   3    2   16 0.366667 2.633333
  14   34   53 5.525397 8.474603
  11   26   40 4.338095 6.661905
   5    4   25 0.709524 4.290476
   6    8   28 1.376190 4.623810
  18   48   63 8.209524 9.790476
  12   36   34 6.095238 5.904762
  10   22   39 3.696429 6.303571
  11   26   39 4.366667 6.633333
   7   12   31 2.019048 4.980952
  12   24   47 4.075000 7.925000
  23   80   57 13.414286 9.585714
   1    0    6 0.000000 1.000000
   2    2   11 0.325000 1.675000
  14   30   51 5.261905 8.738095
  25  102   46 17.314286 7.685714
   8   22   25 3.902381 4.097619
   9   20   36 3.185714 5.814286
   9   18   36 3.052381 5.947619
   7   10   32 1.719048 5.280952
  24   82   63 13.764286 10.235714
   2    2   12 0.285714 1.714286
   3    2   16 0.333333 2.666667
  26   90   70 14.833333 11.166667
  17   60   41 10.033333 6.966667
   5    6   22 1.133333 3.866667
   6   14   20 2.514286 3.485714
   9   20   32 3.500000 5.500000
   8   14   33 2.347619 5.652381
  23   74   68 12.209524 10.790476
   3    4   14 0.652381 2.347619
   6   18   19 3.016667 2.983333
  19   50   61 8.678571 10.321429
  25   98   54 16.461905 8.538095
   8   22   27 3.657143 4.342857
   7   20   20 3.500000 3.500000
   9   16   38 2.742857 6.257143
   3    4   13 0.742857 2.257143
  22   70   64 11.585714 10.414286
   1    0    6 0.000000 1.000000
   5   14   16 2.447619 2.552381
  14   36   47 6.142857 7.857143
  21   80   49 13.282143 7.717857
  13   36   40 6.419048 6.580952
   4    6   18 0.985714 3.014286
  10   20   37 3.466667 6.533333
   1    0    6 0.000000 1.000000
  31  118   71 19.559524 11.440476
   1    0    6 0.000000 1.000000
  10   30   34 4.788095 5.211905
  16   48   50 8.033333 7.966667
  25   94   55 15.795238 9.204762
   9   18   34 3.138095 5.861905
   1    0    6 0.000000 1.000000
  11   28   36 4.852381 6.147619
   2    2   10 0.342857 1.657143
  24   70   75 11.586905 12.413095
   2    2    8 0.400000 1.600000
   7   10   34 1.638095 5.361905
  19   52   62 8.942857 10.057143
  30   96   80 16.476190 13.523810
   7    4   38 0.666667 6.333333
  22   82   49 13.984524 8.015476
   1    0    6 0.000000 1.000000
  13   32   49 5.207143 7.792857
   1    0    6 0.000000 1.000000
   8   12   37 2.061905 5.938095
  17   52   49 8.861905 8.138095
  30  102   80 17.067857 12.932143
   5    4   29 0.642857 4.357143
  13   30   43 5.300000 7.700000
   2    2   11 0.309524 1.690476
  25   88   61 14.798810 10.201190
   7    8   34 1.333333 5.666667
  18   56   51 9.533333 8.466667
  21   44   81 7.332143 13.667857
  10   14   44 2.469048 7.530952
  18   58   52 9.661905 8.338095
   2    2    8 0.400000 1.600000
  24   84   64 13.857143 10.142857
   9   16   39 2.719048 6.280952
  13   38   39 6.409524 6.590476
  16   30   63 5.190476 10.809524
  13   20   67 3.125000 9.875000
  24   72   72 12.179762 11.820238
   1    0    6 0.000000 1.000000
  24   78   60 13.740476 10.259524
   7   16   25 2.828571 4.171429
  13   38   43 6.114286 6.885714
  11   22   44 3.728571 7.271429
   7   14   26 2.500000 4.500000
  35  120   88 20.148810 14.851190
  27   90   74 15.197619 11.802381
  12   42   29 7.164286 4.835714
  20   68   51 11.629762 8.370238
   8   14   36 2.333333 5.666667
   7   22   19 3.766667 3.233333
  30  102   81 16.971429 13.028571
  23   76   60 12.961905 10.038095
  13   34   43 5.833333 7.166667
  21   70   58 11.680952 9.319048
  13   30   44 5.314286 7.685714
   6   16   18 2.800000 3.200000
  34  110   96 18.298810 15.701190
  13   30   51 4.909524 8.090476
  11   28   38 4.873810 6.126190
  21   66   61 10.823810 10.176190
  14   50   34 8.333333 5.666667
   4    8   16 1.295238 2.704762
  44  176   87 29.626190 14.373810
   6   12   24 1.995238 4.004762
  21   80   50 13.314286 7.685714
   8    8   42 1.285714 6.714286
  11   30   34 5.133333 5.866667
  10   32   29 5.352381 4.647619
  39  138   93 23.354762 15.645238
  11   24   40 4.209524 6.790476
   8   12   39 1.904762 6.095238
   8   16   32 2.809524 5.190476
  17   58   44 9.876190 7.123810
  11   32   33 5.447619 5.552381
  44  174   86 29.438095 14.561905
  12   34   40 5.538095 6.461905
   9   20   34 3.341667 5.658333
  15   40   50 6.666667 8.333333
  13   38   41 6.347619 6.652381
  14   52   32 8.854762 5.145238
  44  164   99 27.695238 16.304762
   5    4   26 0.700000 4.300000
   7   18   28 2.714286 4.285714
  13   26   51 4.414286 8.585714
  25   90   56 15.461905 9.538095
   9   28   28 4.753571 4.246429
  34  116   87 19.739286 14.260714
  12   38   34 6.528571 5.471429
   5    8   23 1.285714 3.714286
  14   42   40 7.144048 6.855952
  17   50   52 8.423810 8.576190
  14   44   39 7.467857 6.532143
  32  128   65 21.538095 10.461905
  18   62   47 10.507143 7.492857
   3    6   11 1.066667 1.933333
  10   32   31 5.090476 4.909524
  20   62   60 10.261905 9.738095
  10   24   38 3.985714 6.014286
  33  118   78 19.895238 13.104762
  24   84   56 14.633333 9.366667
   9   20   33 3.304762 5.695238
  17   52   53 8.791667 8.208333
  15   42   44 7.171429 7.828571
  35  120   89 20.359524 14.640476
  24   72   75 12.004762 11.995238
   6   14   23 2.390476 3.609524
  22   64   65 10.971429 11.028571
  20   70   49 11.938095 8.061905
  34  142   63 23.630952 10.369048
  18   46   64 7.457143 10.542857
   5    8   22 1.295238 3.704762
  22   70   63 11.452381 10.547619
  16   46   51 7.704762 8.295238
  31  106   75 18.195238 12.804762
  26   84   75 13.904762 12.095238
   5    4   24 0.792857 4.207143
  17   36   71 5.738095 11.261905
  15   30   61 5.052381 9.947619
  33  118   79 19.816667 13.183333
  30   98   79 16.715476 13.284524
  11   22   44 3.796429 7.203571
  16   34   65 5.552381 10.447619
  13   34   41 5.990476 7.009524
  30  110   70 18.266667 11.733333
  30  102   78 17.170238 12.829762
  13   32   48 5.125000 7.875000
  13   26   53 4.264286 8.735714
  12   26   45 4.423810 7.576190
  23   64   74 10.828571 12.171429
  39  150   82 25.342857 13.657143
  13   32   46 5.390476 7.609524
  16   44   53 7.280952 8.719048
   8   14   34 2.409524 5.590476
  28   88   83 14.509524 13.490476
  35  126   80 21.466667 13.533333
  11   34   30 5.909524 5.090476
  18   64   42 11.038095 6.961905
   8   22   26 3.657143 4.342857
  30  120   62 19.996429 10.003571
  33  114   86 18.935714 14.064286
   9   16   38 2.742857 6.257143
  20   70   48 11.890476 8.109524
   1    0    5 0.000000 1.000000
  45  190   81 31.734524 13.265476
  25   74   78 12.288095 12.711905
  19   42   73 6.961905 12.038095
  12   32   42 5.257143 6.742857
   1    0    7 0.000000 1.000000
  40  152   82 25.836905 14.163095
  28   94   76 15.680952 12.319048
  20   52   67 8.614286 11.385714
   7   14   29 2.247619 4.752381
  42  174   74 29.242857 12.757143
  31  114   76 18.832143 12.167857
  35  124   87 20.567857 14.432143
   7   12   30 2.038095 4.961905
  35  126   85 21.110714 13.889286
  23   58   78 9.772619 13.227381
  37  134   87 22.598810 14.401190
  10   20   43 3.277381 6.722619
  39  148   84 25.147619 13.852381
  14   22   62 3.826190 10.173810
  36  128   88 21.580952 14.419048
  13   26   53 4.396429 8.603571
  35  124   84 20.890476 14.109524
  16   26   71 4.490476 11.509524
  45  166  109 27.540476 17.459524
  19   50   60 8.623810 10.376190
  26   82   71 13.815476 12.184524
  10   12   50 1.977381 8.022619
  45  176   95 29.270238 15.729762
  15   38   54 6.266667 8.733333
  25   68   77 11.614286 13.385714
  15   34   58 5.561905 9.438095
  44  166   90 28.452381 15.547619
  24   82   64 13.685714 10.314286
  12   26   48 4.400000 7.600000
  20   46   78 7.605952 12.394048
  44  178   89 29.678571 14.321429
  22   54   76 9.180952 12.819048
  11   14   52 2.376190 8.623810
  23   46   91 7.704762 15.295238
  42  156   97 25.933333 16.066667
  19   44   67 7.400000 11.600000
   9   12   45 1.928571 7.071429
  30   72  107 12.186905 17.813095
  46  168  106 28.157143 17.842857
  14   30   56 4.964286 9.035714
  10   20   40 3.333333 6.666667
  30   80  100 13.546429 16.453571
  45  154  119 25.563095 19.436905
  23   72   63 12.333333 10.666667
  11   24   44 3.900000 7.100000
  21   34   90 5.652381 15.347619
  53  188  129 31.542857 21.457143
  24   62   81 10.342857 13.657143
   4    4   24 0.619048 3.380952
  19   34   78 5.983333 13.016667
  50  186  112 31.423810 18.576190
  23   62   79 10.414286 12.585714
   9   26   30 4.442857 4.557143
  18   46   59 7.909524 10.090476
  37  108  110 18.326190 18.673810
  26   90   70 14.815476 11.184524
   8   16   33 2.576190 5.423810
  29  100   73 16.869048 12.130952
  36  114   98 19.530952 16.469048
  21   50   81 8.269048 12.730952
  11   40   25 6.785714 4.214286
  32  104   88 17.557143 14.442857
  31  108   82 17.869048 13.130952
  30   96   76 16.719048 13.280952
   7   14   28 2.347619 4.652381
  32  108   88 17.758333 14.241667
  25   78   70 13.126190 11.873810
  32  102   91 16.985714 15.014286
   7   12   30 2.061905 4.938095
  36  120   97 20.166667 15.833333
  14   36   50 5.842857 8.157143
  35  126   84 21.101190 13.898810
   9   30   24 5.203571 3.796429
  42  170   80 28.565476 13.434524
  24   74   69 12.565476 11.434524
  27   88   75 14.619048 12.380952
   6   12   25 2.028571 3.971429
  43  178   79 29.865476 13.134524
  28   92   75 15.523810 12.476190
  30  118   62 20.086905 9.913095
   1    0    5 0.000000 1.000000
  41  176   72 29.452381 11.547619
  29  102   77 16.661905 12.338095
  31  120   64 20.219048 10.780952
   1    0    6 0.000000 1.000000
  39  160   71 26.980952 12.019048
  29   98   76 16.509524 12.490476
  27  102   62 17.022222 9.977778
   1    0    6 0.000000 1.000000
  43  190   66 31.890476 11.109524
  32  126   61 21.272222 10.727778
  24   84   62 14.004762 9.995238
   5   10   19 1.752381 3.247619
  39  180   58 29.745238 9.254762
  35  158   54 26.300000 8.700000
  20   58   61 9.833333 10.166667
   4    4   17 0.866667 3.133333
  41  190   58 31.576190 9.423810
  35  148   58 25.016667 9.983333
  21   72   57 12.000000 9.000000
   2    2   10 0.333333 1.666667
  42  188   65 31.440476 10.559524
  26   90   69 14.828571 11.171429
  19   50   62 8.671429 10.328571
   4    6   19 0.976190 3.023810
  51  224   80 37.622619 13.377381
  31  126   58 21.371429 9.628571
  23   68   69 11.392857 11.607143
   3    4   13 0.742857 2.257143
  43  182   80 30.185714 12.814286
  22   68   62 11.716667 10.283333
  24   78   69 13.035714 10.964286
   3    4   15 0.642857 2.357143
  51  226   78 37.982143 13.017857
  28   98   72 16.102381 11.897619
  27   84   73 14.352381 12.647619
   2    2   10 0.333333 1.666667
  43  188   73 31.363095 11.636905
  14   30   57 4.847619 9.152381
  24   78   68 13.032143 10.967857
   5   10   17 1.900000 3.100000
  57  266   74 44.583333 12.416667
  19   62   51 10.514286 8.485714
  21   52   76 8.873810 12.126190
  11   36   28 6.104762 4.895238
  49  216   79 36.145238 12.854762
  16   54   44 8.917857 7.082143
  23   52   83 8.895238 14.104762
  17   56   47 9.350000 7.650000
  44  186   78 30.926190 13.073810
  16   46   47 7.957143 8.042857
  22   58   75 9.771429 12.228571
  23   86   51 14.610714 8.389286
  39  152   85 25.455952 13.544048
  21   76   50 12.740476 8.259524
  18   60   48 10.023810 7.976190
  21   72   54 12.000000 9.000000
  40  156   84 26.130952 13.869048
  25   96   53 16.148810 8.851190
  22   66   63 11.328571 10.671429
  18   58   46 10.047619 7.952381
  35  142   76 23.352381 11.647619
  24   84   59 14.161905 9.838095
  23   70   67 11.885714 11.114286
  17   54   51 8.795238 8.204762
  36  142   73 23.996429 12.003571
  17   42   62 7.017857 9.982143
  14   28   59 4.623810 9.376190
  23   74   65 12.440476 10.559524
  46  174   96 29.290476 16.709524
  15   32   56 5.521429 9.478571
  11   22   47 3.613095 7.386905
  25   78   72 13.158333 11.841667
  49  218   75 36.697619 12.302381
  15   34   54 5.878571 9.121429
   9    6   51 0.928571 8.071429
  28  100   68 16.873810 11.126190
  48  198   89 33.177381 14.822619
  16   40   55 6.823810 9.176190
   5    4   28 0.619048 4.380952
  32  124   69 20.652381 11.347619
  47  194   86 32.538095 14.461905
  12   26   48 4.435714 7.564286
   3    2   17 0.309524 2.690476
  14   40   42 6.833333 7.166667
  71  362   63 60.645238 10.354762
  12   22   51 3.680952 8.319048
   6   18   17 3.150000 2.850000
  10   30   28 5.298810 4.701190
  72  378   56 62.942857 9.057143
  21   62   63 10.519048 10.480952
   8   26   22 4.414286 3.585714
  10   24   37 4.028571 5.971429
  61  304   62 50.910714 10.089286
  23   64   75 10.776190 12.223810
   1    0    6 0.000000 1.000000
   8   10   38 1.666667 6.333333
  68  338   69 56.590476 11.409524
  19   38   74 6.504762 12.495238
  11   22   44 3.757143 7.242857
  70  330   92 55.076190 14.923810
  17   44   56 7.576190 9.423810
  13   32   46 5.417857 7.582143
  70  344   78 57.185714 12.814286
  18   48   57 8.190476 9.809524
   7   10   37 1.500000 5.500000
  75  384   64 64.019048 10.980952
  17   54   51 8.846429 8.153571
   5    6   21 1.133333 3.866667
  78  410   58 68.495238 9.504762
  16   46   49 7.819048 8.180952
   6   10   27 1.628571 4.371429
  78  398   70 66.489286 11.510714
  16   60   37 9.933333 6.066667
  84  466   37 77.839286 6.160714
  21   80   48 13.307143 7.692857
  79  424   48 70.794048 8.205952
  21   72   55 11.980952 9.019048
  79  418   55 69.823810 9.176190
  27   98   67 16.194048 10.805952
  73  368   67 61.788095 11.211905
  22   62   70 10.479762 11.520238
  78  398   70 66.250000 11.750000
  21   64   60 10.945238 10.054762
  79  416   60 69.246429 9.753571
  19   50   64 8.390476 10.609524
  81  422   64 70.128571 10.871429
  21   60   64 10.195238 10.804762
  79  412   64 68.517857 10.482143
  26   94   64 15.647619 10.352381
  74  378   64 63.396429 10.603571
  29   92   80 15.690476 13.309524
  71  348   80 57.852381 13.147619
  28   82   86 13.839286 14.160714
  72  346   86 57.838095 14.161905
  14   26   57 4.428571 9.571429
  86  460   57 76.698413 9.301587
  14   32   52 5.327381 8.672619
  86  464   52 77.294048 8.705952
  11   24   46 3.971429 7.028571
  89  484   46 81.283333 7.716667
  12   24   48 4.053571 7.946429
  88  480   48 80.152381 7.847619
  12   32   38 5.569048 6.430952
  88  492   38 81.842857 6.157143
   6    6   32 0.985714 5.014286
  94  530   32 88.623810 5.376190
   7   10   26 2.033333 4.966667
  93  538   26 89.058333 3.941667
  10   22   39 3.633333 6.366667
  90  500   39 83.357143 6.642857
  11   26   41 4.457143 6.542857
  89  492   41 82.209524 6.790476
  19   62   49 10.695238 8.304762
  81  440   49 73.295238 7.704762
  12   34   38 5.719048 6.280952
  88  490   38 81.852381 6.147619
  17   50   48 8.683333 8.316667
  83  454   48 75.119048 7.880952
   8   12   34 2.185714 5.814286
  92  520   34 86.584524 5.415476
   9   16   38 2.804762 6.195238
  91  508   38 84.719048 6.280952
   6    6   31 0.976190 5.023810
  94  532   31 88.747619 5.252381
   7   14   27 2.611905 4.388095
  93  532   27 88.628571 4.371429
   1    0    6 0.000000 1.000000
  99  588    6 98.047619 0.952381
 100  600    0 100.000000 0.000000
