   1    0    7 0.000000 1.000000
   1    0    6 0.000000 1.000000
   1    0    8 0.000000 1.000000
   1    0    6 0.000000 1.000000
   2    2   11 0.309524 1.690476
   1    0    5 0.000000 1.000000
   4    8   15 1.452381 2.547619
   1    0    7 0.000000 1.000000
   1    0    7 0.000000 1.000000
   1    0    7 0.000000 1.000000
   4   10   15 1.619048 2.380952
   2    2    8 0.400000 1.600000
   1    0    6 0.000000 1.000000
   2    2    9 0.366667 1.633333
   1    0    6 0.000000 1.000000
   2    2   10 0.333333 1.666667
   1    0    7 0.000000 1.000000
   1    0    7 0.000000 1.000000
   1    0    7 0.000000 1.000000
   1    0    7 0.000000 1.000000
   1    0    7 0.000000 1.000000
   1    0    6 0.000000 1.000000
   1    0    6 0.000000 1.000000
   1    0    6 0.000000 1.000000
   2    2    9 0.366667 1.633333
   1    0    5 0.000000 1.000000
   1    0    6 0.000000 1.000000
   2    2    9 0.366667 1.633333
   1    0    7 0.000000 1.000000
   1    0    6 0.000000 1.000000
   2    2    9 0.366667 1.633333
   2    0   11 0.000000 2.000000
   2    2    8 0.400000 1.600000
   1    0    6 0.000000 1.000000
   1    0    6 0.000000 1.000000
   1    0    6 0.000000 1.000000
   2    2   11 0.309524 1.690476
   1    0    7 0.000000 1.000000
   1    0    6 0.000000 1.000000
   1    0    6 0.000000 1.000000
   1    0    7 0.000000 1.000000
   3    4   13 0.700000 2.300000
   1    0    6 0.000000 1.000000
   1    0    6 0.000000 1.000000
   2    2    9 0.366667 1.633333
   4    6   18 1.028571 2.971429
   2    2    9 0.366667 1.633333
   1    0    6 0.000000 1.000000
   3    6   11 1.066667 1.933333
   6   14   22 2.428571 3.571429
   5    6   22 1.176190 3.823810
   1    0    6 0.000000 1.000000
   1    0    7 0.000000 1.000000
   2    2    8 0.400000 1.600000
   3    6   13 0.952381 2.047619
   1    0    6 0.000000 1.000000
   2    2   11 0.309524 1.690476
   3    4   14 0.666667 2.333333
   2    2   10 0.333333 1.666667
   2    2   10 0.333333 1.666667
   3    2   16 0.309524 2.690476
   7   16   26 2.847619 4.152381
   2    2   10 0.333333 1.666667
   4    6   17 1.133333 2.866667
   7   18   26 3.010714 3.989286
   6   14   23 2.441667 3.558333
   3    2   17 0.309524 2.690476
   2    2    9 0.366667 1.633333
   1    0    7 0.000000 1.000000
   1    0    7 0.000000 1.000000
   2    0   14 0.000000 2.000000
   2    2   12 0.285714 1.714286
   7   14   26 2.433333 4.566667
   1    0    5 0.000000 1.000000
   1    0    7 0.000000 1.000000
   1    0    6 0.000000 1.000000
   4   10   14 1.719048 2.280952
   1    0    6 0.000000 1.000000
   1    0    6 0.000000 1.000000
   3    6   15 0.869048 2.130952
   2    2    8 0.400000 1.600000
   1    0    7 0.000000 1.000000
   3    4   12 0.766667 2.233333
   4    4   19 0.709524 3.290476
   3    2   15 0.366667 2.633333
   5    8   22 1.385714 3.614286
   2    2    8 0.400000 1.600000
  10   34   23 5.936905 4.063095
   2    0   13 0.000000 2.000000
   4    4   20 0.700000 3.300000
   3    4   14 0.676190 2.323810
   1    0    6 0.000000 1.000000
   2    0   12 0.000000 2.000000
   3    4   14 0.666667 2.333333
   4    6   18 1.019048 2.980952
   7   14   31 2.166667 4.833333
   5    8   22 1.342857 3.657143
   7   10   28 1.900000 5.100000
   8   12   35 2.061905 5.938095
   4    6   20 1.019048 2.980952
   3    4   14 0.676190 2.323810
   2    2    7 0.450000 1.550000
   3    2   16 0.333333 2.666667
   2    2   10 0.342857 1.657143
   1    0    6 0.000000 1.000000
   5    6   25 1.028571 3.971429
   1    0    5 0.000000 1.000000
   4   10   13 1.733333 2.266667
   3    6   13 0.952381 2.047619
   5   12   16 2.166667 2.833333
   2    0   13 0.000000 2.000000
   1    0    8 0.000000 1.000000
   6    8   30 1.295238 4.704762
   7   10   31 1.719048 5.280952
   8   26   21 4.471429 3.528571
   4    8   17 1.285714 2.714286
   2    2   11 0.309524 1.690476
   2    2    8 0.400000 1.600000
   1    0    5 0.000000 1.000000
   3    2   17 0.333333 2.666667
   5    6   28 0.910714 4.089286
   7   14   31 2.166667 4.833333
   4    6   18 1.085714 2.914286
  10   38   23 6.419048 3.580952
   8    8   39 1.391667 6.608333
   4    4   19 0.709524 3.290476
   3    4   13 0.700000 2.300000
   3    6   12 1.019048 1.980952
   1    0    6 0.000000 1.000000
   4    4   20 0.676190 3.323810
   5   10   19 1.700000 3.300000
   8   22   24 3.890476 4.109524
   6   10   25 1.776190 4.223810
   2    2    9 0.366667 1.633333
   7    8   34 1.385714 5.614286
   8   14   37 2.200000 5.800000
   5   10   20 1.761905 3.238095
   1    0    6 0.000000 1.000000
   3    6   11 1.119048 1.880952
   8   26   22 4.344048 3.655952
   6   10   25 1.795238 4.204762
   6   10   30 1.617857 4.382143
   4    2   20 0.366667 3.633333
  10   34   25 5.800000 4.200000
   9   16   38 2.666667 6.333333
   2    0   11 0.000000 2.000000
   1    0    7 0.000000 1.000000
   3    2   17 0.309524 2.690476
   1    0    6 0.000000 1.000000
   8   20   27 3.419048 4.580952
  11   36   27 6.371429 4.628571
   9   30   26 4.919048 4.080952
   2    0   13 0.000000 2.000000
   2    2    9 0.366667 1.633333
   7   16   28 2.628571 4.371429
   4    2   20 0.450000 3.550000
   3    6   12 1.000000 2.000000
   4    6   19 0.952381 3.047619
   2    2    9 0.366667 1.633333
   5    4   28 0.666667 4.333333
  11   26   40 4.428571 6.571429
   6    8   29 1.367857 4.632143
  17   56   45 9.630952 7.369048
   7   12   27 2.252381 4.747619
   5   14   18 2.266667 2.733333
   6   18   18 3.047619 2.952381
   6   14   22 2.385714 3.614286
   8   18   32 2.904762 5.095238
  10   36   22 6.200000 3.800000
   1    0    6 0.000000 1.000000
   8   20   28 3.409524 4.590476
   1    0    6 0.000000 1.000000
   4   10   14 1.666667 2.333333
   3    4   14 0.666667 2.333333
   6    8   30 1.277381 4.722619
  17   52   48 8.757143 8.242857
   7   20   21 3.400000 3.600000
  17   64   40 10.628571 6.371429
   4    6   19 1.025000 2.975000
   4    4   20 0.676190 3.323810
   6   12   23 2.052381 3.947619
  10   34   25 5.847619 4.152381
   8   28   20 4.666667 3.333333
   6   18   20 2.857143 3.142857
   2    2   10 0.342857 1.657143
   6    6   28 1.033333 4.966667
   1    0    6 0.000000 1.000000
   3    4   15 0.619048 2.380952
   3    2   15 0.366667 2.633333
   4    2   22 0.366667 3.633333
  23   86   53 14.475000 8.525000
   2    0   12 0.000000 2.000000
  26  104   54 17.185714 8.814286
   2    0   13 0.000000 2.000000
   5   12   19 2.004762 2.995238
   2    2    9 0.366667 1.633333
   7   22   20 3.775000 3.225000
  17   66   35 11.209524 5.790476
   3    2   15 0.366667 2.633333
   1    0    7 0.000000 1.000000
   4    2   21 0.366667 3.633333
   1    0    6 0.000000 1.000000
   3    2   14 0.400000 2.600000
   5   10   19 1.766667 3.233333
  26   96   54 16.547619 9.452381
  19   56   62 9.242857 9.757143
   2    2   12 0.285714 1.714286
   4    4   20 0.709524 3.290476
   2    2    7 0.450000 1.550000
   9   26   29 4.360714 4.639286
  20   84   37 13.977381 6.022619
   1    0    5 0.000000 1.000000
   3    6   13 0.952381 2.047619
   5    6   25 0.952381 4.047619
   2    2   11 0.309524 1.690476
   2    0   12 0.000000 2.000000
   8   26   20 4.611905 3.388095
  40  166   69 28.021429 11.978571
   7   10   34 1.642857 5.357143
   8   24   23 4.085714 3.914286
   2    0   12 0.000000 2.000000
   5    6   26 0.961905 4.038095
  20   66   57 10.810714 9.189286
   2    2   11 0.309524 1.690476
   4   10   14 1.719048 2.280952
   1    0    7 0.000000 1.000000
   2    2    9 0.366667 1.633333
   1    0    6 0.000000 1.000000
  10   36   26 5.990476 4.009524
  46  182   93 30.647619 15.352381
   9   18   36 2.961905 6.038095
   6   10   26 1.742857 4.257143
   1    0    6 0.000000 1.000000
   6   16   19 2.691667 3.308333
   9   20   35 3.404762 5.595238
   1    0    6 0.000000 1.000000
   2    2   11 0.309524 1.690476
   7   20   20 3.623810 3.376190
   1    0    7 0.000000 1.000000
   2    2    9 0.366667 1.633333
  13   50   29 8.219048 4.780952
  44  166   97 27.885714 16.114286
   7   10   34 1.571429 5.428571
   9   26   27 4.350000 4.650000
   1    0    6 0.000000 1.000000
   6   14   21 2.366667 3.633333
   3    2   18 0.291667 2.708333
   1    0    6 0.000000 1.000000
   6   14   21 2.433333 3.566667
   5   10   18 1.728571 3.271429
   1    0    6 0.000000 1.000000
   4    8   17 1.328571 2.671429
  20   76   43 12.890476 7.109524
  49  218   77 36.404762 12.595238
   3    2   17 0.309524 2.690476
   6   10   24 1.752381 4.247619
   4    6   17 1.066667 2.933333
   3    2   18 0.285714 2.714286
   3    4   15 0.628571 2.371429
  11   38   27 6.533333 4.466667
   1    0    6 0.000000 1.000000
  18   64   43 10.840476 7.159524
  46  206   74 34.436905 11.563095
   3    2   15 0.333333 2.666667
   3    2   16 0.342857 2.657143
   7   16   23 2.800000 4.200000
   7   22   20 3.733333 3.266667
   4    8   18 1.238095 2.761905
  12   34   37 5.757143 6.242857
  23   84   50 14.247619 8.752381
  45  190   85 31.385714 13.614286
   3    6   12 1.000000 2.000000
   2    0   14 0.000000 2.000000
   2    2   11 0.309524 1.690476
   5    6   19 1.233333 3.766667
   4    8   15 1.400000 2.600000
  16   58   40 9.619048 6.380952
  22   70   62 11.747619 10.252381
  38  146   84 24.534524 13.465476
   6   10   24 1.785714 4.214286
   2    2   11 0.309524 1.690476
   4    6   18 1.085714 2.914286
   4    8   14 1.433333 2.566667
   2    2   11 0.309524 1.690476
  22   78   54 13.180952 8.819048
  31  118   68 19.615476 11.384524
  37  140   78 23.828571 13.171429
   2    0   15 0.000000 2.000000
   8   24   24 4.109524 3.890476
   1    0    7 0.000000 1.000000
   1    0    6 0.000000 1.000000
  20   66   54 10.954762 9.045238
  29  108   66 18.082143 10.917857
  39  166   70 27.652381 11.347619
   2    0   13 0.000000 2.000000
   7   16   26 2.738095 4.261905
  23   86   49 14.652381 8.347619
  18   48   62 7.794048 10.205952
  46  206   72 34.401190 11.598810
   3    6   11 1.085714 1.914286
  11   34   30 5.957143 5.042857
  22   82   49 13.823810 8.176190
  19   68   45 11.571429 7.428571
  40  178   65 29.390476 10.609524
   5   12   15 2.200000 2.800000
   7   10   30 1.750000 5.250000
  29  122   55 20.290476 8.709524
  22   70   56 12.271429 9.728571
  39  162   77 26.648810 12.351190
   3    2   14 0.366667 2.633333
   5    6   26 0.967857 4.032143
  31  120   67 19.970238 11.029762
  17   40   62 6.609524 10.390476
  41  170   78 28.092857 12.907143
   3    0   19 0.000000 3.000000
   1    0    7 0.000000 1.000000
  38  156   68 26.192857 11.807143
  16   34   57 5.804762 10.195238
  51  224   83 37.327381 13.672619
   2    0   11 0.000000 2.000000
   1    0    7 0.000000 1.000000
  30  110   74 18.016667 11.983333
  16   38   52 6.719048 9.280952
  41  166   84 27.385714 13.614286
   1    0    6 0.000000 1.000000
  42  174   80 28.953571 13.046429
  13   34   43 5.866667 7.133333
  43  172   90 28.803571 14.196429
   2    2   11 0.309524 1.690476
  42  152   96 25.839286 16.160714
   7   10   32 1.709524 5.290476
  42  162   90 27.202381 14.797619
   3    6   12 1.019048 1.980952
  48  188  100 31.739286 16.260714
   1    0    4 0.000000 1.000000
  50  198  104 32.904762 17.095238
   3    4   13 0.733333 2.266667
  46  166  111 27.992857 18.007143
  52  214   98 35.989286 16.010714
   5    8   22 1.433333 3.566667
  43  152  106 25.380952 17.619048
  38  146   79 24.480952 13.519048
   5    8   21 1.361905 3.638095
  57  256   90 42.304762 14.695238
  27   82   82 13.684524 13.315476
   8   16   33 2.642857 5.357143
  65  314   73 52.752381 12.247619
  32  128   64 21.269048 10.730952
  10   24   34 4.114286 5.885714
  58  282   68 46.846429 11.153571
  22   66   68 10.909524 11.090476
   7   10   30 1.861905 5.138095
  71  364   62 60.776190 10.223810
  18   56   54 9.180952 8.819048
  13   32   42 5.661905 7.338095
  69  360   56 59.738095 9.261905
  17   54   49 8.895238 8.104762
  15   34   56 5.757143 9.242857
  68  346   61 57.897619 10.102381
  15   44   41 7.738095 7.261905
   9   10   44 1.647619 7.352381
  76  402   59 66.739286 9.260714
  24   80   60 13.780952 10.219048
  11   22   44 3.761905 7.238095
  65  320   74 53.076190 11.923810
  30  112   67 18.896429 11.103571
   9   20   32 3.519048 5.480952
  61  294   75 48.771429 12.228571
  31  110   74 18.483333 12.516667
  10   24   36 4.038095 5.961905
  59  288   68 48.161905 10.838095
  32   96   98 16.207143 15.792857
  13   38   42 6.252381 6.747619
  55  248   78 41.890476 13.109524
  30   80   97 13.519048 16.480952
  14   40   43 6.934524 7.065476
  56  250   90 41.666667 14.333333
  23   60   86 9.601190 13.398810
  15   52   36 8.865476 6.134524
  62  286   80 48.370238 13.629762
  15   30   62 5.100000 9.900000
  12   40   34 6.619048 5.380952
  73  366   68 61.375000 11.625000
  21   56   69 9.396429 11.603571
  16   58   39 9.580952 6.419048
  63  302   76 50.372619 12.627381
  15   28   60 4.833333 10.166667
  12   38   35 6.314286 5.685714
  73  356   83 59.273810 13.726190
  17   40   66 6.682143 10.317857
   8   18   27 3.171429 4.828571
  75  368   81 61.447619 13.552381
   6   10   27 1.641667 4.358333
   8   16   34 2.600000 5.400000
  86  458   55 76.638095 9.361905
   6   12   24 2.019048 3.980952
   1    0    7 0.000000 1.000000
  93  526   31 87.752381 5.247619
   7   10   33 1.666667 5.333333
  93  524   33 87.533333 5.466667
 100  600    0 100.000000 0.000000
