   1    0    5 0.000000 1.000000
   1    0    6 0.000000 1.000000
   2    2   10 0.333333 1.666667
   3    4   13 0.700000 2.300000
   2    2   10 0.333333 1.666667
   1    0    7 0.000000 1.000000
   2    2   11 0.309524 1.690476
   3    4   12 0.733333 2.266667
   2    0   11 0.000000 2.000000
   1    0    7 0.000000 1.000000
   5   14   17 2.314286 2.685714
   2    2   10 0.333333 1.666667
   1    0    7 0.000000 1.000000
   1    0    6 0.000000 1.000000
   2    2   11 0.309524 1.690476
   2    2   11 0.309524 1.690476
   1    0    7 0.000000 1.000000
   3    4   15 0.642857 2.357143
   1    0    5 0.000000 1.000000
   1    0    6 0.000000 1.000000
   1    0    7 0.000000 1.000000
   1    0    5 0.000000 1.000000
   3    4   16 0.595238 2.404762
   2    2    8 0.400000 1.600000
   1    0    5 0.000000 1.000000
   1    0    8 0.000000 1.000000
   1    0    6 0.000000 1.000000
   1    0    6 0.000000 1.000000
   2    2   10 0.333333 1.666667
   3    6   12 1.000000 2.000000
   3    6   12 1.019048 1.980952
   6   18   14 3.366667 2.633333
   1    0    7 0.000000 1.000000
   2    2    9 0.366667 1.633333
   1    0    6 0.000000 1.000000
   2    2    9 0.366667 1.633333
   1    0    7 0.000000 1.000000
   2    2   11 0.309524 1.690476
   2    2   10 0.342857 1.657143
   3    4   14 0.709524 2.290476
   1    0    6 0.000000 1.000000
   1    0    7 0.000000 1.000000
   4   10   14 1.760714 2.239286
   1    0    6 0.000000 1.000000
   1    0    6 0.000000 1.000000
   4    8   14 1.433333 2.566667
   2    2   11 0.309524 1.690476
   1    0    6 0.000000 1.000000
   1    0    7 0.000000 1.000000
   2    0   11 0.000000 2.000000
   1    0    6 0.000000 1.000000
   4    6   17 1.076190 2.923810
   1    0    6 0.000000 1.000000
   2    0   12 0.000000 2.000000
   6    8   29 1.352381 4.647619
   7   22   19 3.761905 3.238095
   3    2   13 0.400000 2.600000
   1    0    6 0.000000 1.000000
   4    6   18 1.019048 2.980952
   2    2    9 0.366667 1.633333
   3    2   18 0.285714 2.714286
   2    0   13 0.000000 2.000000
   1    0    6 0.000000 1.000000
   1    0    6 0.000000 1.000000
   2    2   11 0.309524 1.690476
   3    2   18 0.333333 2.666667
   5   10   20 1.685714 3.314286
   2    2   10 0.333333 1.666667
   1    0    6 0.000000 1.000000
   3    4   14 0.652381 2.347619
   2    0   13 0.000000 2.000000
   4    8   15 1.400000 2.600000
   1    0    5 0.000000 1.000000
   3    4   16 0.595238 2.404762
   1    0    7 0.000000 1.000000
   3    6   14 0.904762 2.095238
   6   12   20 2.266667 3.733333
   9   30   24 5.121429 3.878571
   1    0    6 0.000000 1.000000
   3    4   14 0.666667 2.333333
   3    4   14 0.666667 2.333333
   5    8   21 1.400000 3.600000
   1    0    7 0.000000 1.000000
   2    2    9 0.366667 1.633333
   3    4   13 0.700000 2.300000
   5   12   18 2.014286 2.985714
   3    0   20 0.000000 3.000000
  11   38   28 6.442857 4.557143
   6   12   23 2.104762 3.895238
   5   12   17 2.028571 2.971429
   2    0   10 0.000000 2.000000
   1    0    6 0.000000 1.000000
   2    2   10 0.333333 1.666667
   3    4   14 0.709524 2.290476
   1    0    6 0.000000 1.000000
   5   14   15 2.485714 2.514286
   2    0   13 0.000000 2.000000
   2    2    9 0.366667 1.633333
   3    4   13 0.733333 2.266667
   3    4   14 0.666667 2.333333
   1    0    6 0.000000 1.000000
   1    0    7 0.000000 1.000000
   4    4   21 0.619048 3.380952
  11   40   26 6.800000 4.200000
   1    0    7 0.000000 1.000000
   5    6   23 1.033333 3.966667
   2    2   10 0.342857 1.657143
   2    0   13 0.000000 2.000000
  10   32   28 5.471429 4.528571
   7   18   24 3.061905 3.938095
   3    4   14 0.666667 2.333333
   4   10   15 1.614286 2.385714
   4    2   19 0.400000 3.600000
  16   60   37 9.971429 6.028571
   7   16   26 2.638095 4.361905
   3    4   14 0.652381 2.347619
   1    0    7 0.000000 1.000000
   1    0    6 0.000000 1.000000
   5   12   18 2.000000 3.000000
   5   12   17 2.100000 2.900000
   4    8   15 1.385714 2.614286
   2    0   13 0.000000 2.000000
   3    2   16 0.333333 2.666667
   2    2    9 0.366667 1.633333
   5   12   18 2.023810 2.976190
  10   30   29 5.219048 4.780952
   3    4   14 0.709524 2.290476
   3    6   13 0.971429 2.028571
   1    0    6 0.000000 1.000000
  10   32   28 5.242857 4.757143
  12   34   41 5.519048 6.480952
   2    2   10 0.342857 1.657143
   1    0    6 0.000000 1.000000
   2    2    9 0.366667 1.633333
  20   84   36 14.130952 5.869048
   5    8   22 1.352381 3.647619
   3    6   11 1.066667 1.933333
   1    0    7 0.000000 1.000000
   3    4   15 0.642857 2.357143
   9   22   30 3.833333 5.166667
   3    4   13 0.700000 2.300000
   1    0    5 0.000000 1.000000
   4    8   16 1.352381 2.647619
  14   48   37 8.029762 5.970238
   2    2    9 0.366667 1.633333
   2    0   13 0.000000 2.000000
   1    0    7 0.000000 1.000000
  10   26   33 4.533333 5.466667
  17   68   35 11.233333 5.766667
   1    0    7 0.000000 1.000000
   2    2   11 0.309524 1.690476
   2    0   11 0.000000 2.000000
  24  102   43 17.142857 6.857143
   4    2   23 0.366667 3.633333
   1    0    5 0.000000 1.000000
   2    2   12 0.291667 1.708333
   5   14   15 2.433333 2.566667
   6    8   31 1.238095 4.761905
   6   14   20 2.438095 3.561905
   1    0    7 0.000000 1.000000
   5    6   23 0.985714 4.014286
   1    0    6 0.000000 1.000000
   2    2   11 0.309524 1.690476
  22   88   44 14.857143 7.142857
  14   46   37 7.800000 6.200000
   5   10   18 1.728571 3.271429
   4    4   20 0.666667 3.333333
  22   74   54 12.647619 9.352381
   6    8   27 1.319048 4.680952
   1    0    5 0.000000 1.000000
   1    0    6 0.000000 1.000000
   7   20   24 3.377381 3.622619
   6   10   28 1.547619 4.452381
   5    6   23 1.066667 3.933333
   2    2    9 0.366667 1.633333
   3    4   15 0.642857 2.357143
   2    2   10 0.333333 1.666667
  22   74   58 12.429762 9.570238
  15   48   44 7.988095 7.011905
   4    8   17 1.247619 2.752381
   4    8   15 1.452381 2.547619
  28  106   63 17.804762 10.195238
   4    6   16 1.100000 2.900000
   2    2   10 0.342857 1.657143
   5   12   18 2.023810 2.976190
   1    0    8 0.000000 1.000000
   2    0   14 0.000000 2.000000
   1    0    5 0.000000 1.000000
   5   14   17 2.290476 2.709524
  26   92   63 15.585714 10.414286
  19   70   43 11.833333 7.166667
   3    4   14 0.652381 2.347619
   3    0   17 0.000000 3.000000
  21   68   60 11.503571 9.496429
   1    0    7 0.000000 1.000000
   1    0    6 0.000000 1.000000
   7   20   22 3.435714 3.564286
   4    6   17 1.076190 2.923810
   3    2   15 0.366667 2.633333
   8   22   25 3.742857 4.257143
  35  136   77 22.663095 12.336905
  16   52   43 8.861905 7.138095
   1    0    5 0.000000 1.000000
  22   74   59 12.321429 9.678571
   4    4   21 0.642857 3.357143
   2    2   12 0.291667 1.708333
   6   12   21 2.133333 3.866667
   7   20   23 3.338095 3.661905
  43  180   75 30.235714 12.764286
  16   56   41 9.294048 6.705952
  17   56   49 9.034524 7.965476
  11   32   33 5.442857 5.557143
  10   26   36 4.327381 5.672619
   6   10   25 1.766667 4.233333
  47  202   76 34.276190 12.723810
   9   12   43 2.019048 6.980952
  19   42   71 7.071429 11.928571
  13   46   34 7.652381 5.347619
   6   12   23 2.033333 3.966667
  48  220   72 36.447619 11.552381
  14   46   34 8.216667 5.783333
  12   28   43 4.804762 7.195238
  18   64   43 10.719048 7.280952
   8   12   38 1.952381 6.047619
  46  204   70 34.414286 11.585714
  16   54   44 8.952381 7.047619
  14   34   52 5.785714 8.214286
  20   76   43 12.747619 7.252381
   8   14   30 2.702381 5.297619
  44  184   81 30.788095 13.211905
  14   44   42 7.373810 6.626190
  11   24   41 3.976190 7.023810
  24   86   58 14.504762 9.495238
   9   22   31 3.733333 5.266667
  47  196   90 32.488889 14.511111
   9   18   34 3.152381 5.847619
   9   14   42 2.333333 6.666667
  25   82   67 13.895238 11.104762
  10   32   28 5.414286 4.585714
  43  164   98 27.188095 15.811905
  13   22   51 3.959524 9.040476
   7   10   30 1.800000 5.200000
  30  110   68 18.566667 11.433333
  10   30   33 4.938095 5.061905
  39  154   82 25.604762 13.395238
  14   32   51 5.342857 8.657143
   4    2   20 0.400000 3.600000
  32  124   70 20.657143 11.342857
   9   26   26 4.500000 4.500000
  37  144   75 24.314286 12.685714
  18   46   67 7.492857 10.507143
   1    0    6 0.000000 1.000000
  20   54   70 8.773016 11.226984
  16   52   43 8.834524 7.165476
  45  192   77 32.271429 12.728571
  18   38   68 6.682143 11.317857
   3    0   18 0.000000 3.000000
  21   48   74 8.383333 12.616667
  16   46   50 7.590476 8.409524
  36  128   95 21.055952 14.944048
  24   62   79 10.783333 13.216667
   4    2   23 0.366667 3.633333
  23   46   89 7.971429 15.028571
  21   58   71 9.533333 11.466667
  28   66  102 11.071429 16.928571
  24   68   75 11.509524 12.490476
   1    0    8 0.000000 1.000000
  13   20   57 3.347619 9.652381
  43  154  107 25.700000 17.300000
  33  102   93 17.255952 15.744048
  10   12   47 2.076190 7.923810
  12   36   38 5.876190 6.123810
  44  138  121 23.820238 20.179762
  38  126  104 21.295238 16.704762
   6    8   29 1.261905 4.738095
  11   24   42 3.985714 7.014286
  30   88   88 14.847619 15.152381
  54  246   81 40.945238 13.054762
   5    6   25 0.916667 4.083333
  16   46   49 7.723810 8.276190
  28   76   93 12.709524 15.290476
  50  220   81 36.730952 13.269048
   6   16   19 2.954762 3.045238
  18   52   57 8.476190 9.523810
  24   58   90 9.767857 14.232143
  54  222   95 37.769048 16.230952
   4    6   20 0.952381 3.047619
  22   72   59 12.042857 9.957143
  17   38   65 6.266667 10.733333
  60  282   78 47.086905 12.913095
   1    0    6 0.000000 1.000000
  32   96   89 16.492857 15.507143
  12   32   44 5.071429 6.928571
  55  236   96 39.225000 15.775000
   1    0    7 0.000000 1.000000
  32  110   80 18.684524 13.315476
   7    6   38 1.000000 6.000000
  60  270   90 45.276190 14.723810
   1    0    6 0.000000 1.000000
  31  108   77 18.076190 12.923810
   2    0   13 0.000000 2.000000
  67  318   84 53.040476 13.959524
  41  180   69 29.895238 11.104762
  59  282   69 47.352381 11.647619
  31  108   77 18.139286 12.860714
  69  338   77 56.294048 12.705952
  37  148   76 24.703571 12.296429
  63  300   76 50.171429 12.828571
  33  118   84 19.470238 13.529762
  67  314   84 52.690476 14.309524
  31  110   79 18.095238 12.904762
  69  332   79 55.588095 13.411905
  16   58   40 9.519048 6.480952
  84  462   40 77.290476 6.709524
  12   20   51 3.423810 8.576190
  88  478   51 79.738095 8.261905
   8   12   37 1.952381 6.047619
  92  514   37 85.828571 6.171429
   7   12   28 2.133333 4.866667
  93  532   28 88.428571 4.571429
   7   12   28 2.209524 4.790476
  93  532   28 88.427381 4.572619
   5    8   23 1.366667 3.633333
  95  546   23 91.109524 3.890476
   3    4   15 0.642857 2.357143
  97  566   15 94.365476 2.634524
   1    0    6 0.000000 1.000000
  99  588    6 98.023810 0.976190
   1    0    5 0.000000 1.000000
  99  590    5 98.238095 0.761905
 100  600    0 100.000000 0.000000
