   1    0    7 0.000000 1.000000
   1    0    6 0.000000 1.000000
   5   12   16 2.133333 2.866667
   1    0    7 0.000000 1.000000
   1    0    7 0.000000 1.000000
   1    0    5 0.000000 1.000000
   1    0    7 0.000000 1.000000
   1    0    6 0.000000 1.000000
   1    0    6 0.000000 1.000000
   4   10   14 1.719048 2.280952
   1    0    6 0.000000 1.000000
   3    6   12 1.000000 2.000000
   1    0    6 0.000000 1.000000
   1    0    6 0.000000 1.000000
   1    0    6 0.000000 1.000000
   1    0    7 0.000000 1.000000
   1    0    7 0.000000 1.000000
   2    2   11 0.309524 1.690476
   2    2   10 0.333333 1.666667
   1    0    6 0.000000 1.000000
   3    6    9 1.200000 1.800000
   1    0    6 0.000000 1.000000
   1    0    6 0.000000 1.000000
   2    2   11 0.309524 1.690476
   1    0    5 0.000000 1.000000
   1    0    6 0.000000 1.000000
   2    2    9 0.366667 1.633333
   1    0    6 0.000000 1.000000
   1    0    5 0.000000 1.000000
   1    0    5 0.000000 1.000000
   2    2   10 0.342857 1.657143
   1    0    6 0.000000 1.000000
   1    0    6 0.000000 1.000000
   1    0    6 0.000000 1.000000
   2    2   10 0.342857 1.657143
   3    6   11 1.066667 1.933333
   2    2   11 0.309524 1.690476
   1    0    7 0.000000 1.000000
   1    0    6 0.000000 1.000000
   1    0    6 0.000000 1.000000
   2    2    9 0.366667 1.633333
   2    0   13 0.000000 2.000000
   2    2    9 0.366667 1.633333
   6   18   19 2.980952 3.019048
   1    0    5 0.000000 1.000000
   1    0    7 0.000000 1.000000
   2    2   10 0.333333 1.666667
   1    0    6 0.000000 1.000000
   3    4   15 0.642857 2.357143
   2    2    9 0.366667 1.633333
   1    0    6 0.000000 1.000000
   1    0    7 0.000000 1.000000
   2    2   10 0.342857 1.657143
   1    0    6 0.000000 1.000000
   3    4   14 0.652381 2.347619
   2    2    9 0.366667 1.633333
   1    0    7 0.000000 1.000000
   4   10   14 1.695238 2.304762
   2    2   11 0.309524 1.690476
   1    0    5 0.000000 1.000000
   5   10   20 1.719048 3.280952
   1    0    7 0.000000 1.000000
   3    6   13 0.952381 2.047619
   1    0    6 0.000000 1.000000
   4    6   16 1.100000 2.900000
   2    0   13 0.000000 2.000000
   1    0    6 0.000000 1.000000
   3    4   13 0.700000 2.300000
   1    0    6 0.000000 1.000000
   5   14   15 2.485714 2.514286
   1    0    7 0.000000 1.000000
   2    2    9 0.366667 1.633333
   2    2    9 0.366667 1.633333
   2    2   10 0.333333 1.666667
   3    4   14 0.666667 2.333333
   2    2    8 0.400000 1.600000
   3    4   13 0.733333 2.266667
   3    2   17 0.366667 2.633333
   1    0    7 0.000000 1.000000
   1    0    5 0.000000 1.000000
   1    0    6 0.000000 1.000000
   1    0    5 0.000000 1.000000
   1    0    7 0.000000 1.000000
   1    0    6 0.000000 1.000000
   1    0    6 0.000000 1.000000
   3    4   14 0.709524 2.290476
   4    6   21 0.904762 3.095238
   3    6   10 1.133333 1.866667
   1    0    7 0.000000 1.000000
   1    0    7 0.000000 1.000000
   1    0    5 0.000000 1.000000
   4    8   16 1.328571 2.671429
   3    6   12 1.019048 1.980952
   2    2   10 0.333333 1.666667
   3    4   14 0.709524 2.290476
   2    2   11 0.309524 1.690476
  10   30   31 5.079762 4.920238
   1    0    7 0.000000 1.000000
   8   26   20 4.597619 3.402381
   2    2   12 0.285714 1.714286
   1    0    5 0.000000 1.000000
  10   36   25 6.066667 3.933333
   4    4   17 0.766667 3.233333
   1    0    7 0.000000 1.000000
   1    0    6 0.000000 1.000000
   3    2   15 0.366667 2.633333
   1    0    6 0.000000 1.000000
   2    2   10 0.333333 1.666667
   5   12   19 1.983333 3.016667
   5   12   20 1.945238 3.054762
   4    8   16 1.352381 2.647619
   3    4   17 0.571429 2.428571
   1    0    6 0.000000 1.000000
   2    2   10 0.333333 1.666667
   1    0    6 0.000000 1.000000
   2    0   12 0.000000 2.000000
  10   32   26 5.552381 4.447619
   5   12   16 2.278571 2.721429
   2    0   12 0.000000 2.000000
   1    0    6 0.000000 1.000000
   1    0    7 0.000000 1.000000
   9   30   23 5.061905 3.938095
   1    0    6 0.000000 1.000000
  17   62   40 10.333333 6.666667
   1    0    6 0.000000 1.000000
   6   12   23 2.100000 3.900000
   2    2   11 0.309524 1.690476
  13   42   36 7.100000 5.900000
   2    2   11 0.309524 1.690476
   1    0    7 0.000000 1.000000
   2    2   10 0.333333 1.666667
   1    0    6 0.000000 1.000000
   6   20   15 3.528571 2.471429
   5    6   24 1.019048 3.980952
   1    0    7 0.000000 1.000000
   3    6   12 1.000000 2.000000
   3    4   13 0.700000 2.300000
   4    8   15 1.400000 2.600000
   1    0    6 0.000000 1.000000
   5   12   16 2.166667 2.833333
   5   12   16 2.128571 2.871429
   9   24   30 4.157143 4.842857
   1    0    8 0.000000 1.000000
   3    6   13 0.971429 2.028571
   8   22   28 3.552381 4.447619
  15   44   50 7.197619 7.802381
   3    4   10 0.850000 2.150000
   5    6   24 1.109524 3.890476
   4    6   17 0.995238 3.004762
   6   12   23 2.076190 3.923810
   3    2   17 0.342857 2.657143
   7   22   21 3.614286 3.385714
  10   26   33 4.485714 5.514286
   3    2   18 0.309524 2.690476
   2    0   14 0.000000 2.000000
   1    0    6 0.000000 1.000000
   3    4   15 0.642857 2.357143
   5   10   18 1.800000 3.200000
   7   20   20 3.552381 3.447619
   8   10   36 1.700000 6.300000
   5   10   20 1.742857 3.257143
   6   18   18 3.028571 2.971429
   6   18   19 2.990476 3.009524
  17   58   44 9.780952 7.219048
   3    4   14 0.652381 2.347619
   4    4   19 0.709524 3.290476
   4    8   17 1.304762 2.695238
   3    4   13 0.742857 2.257143
   5    8   25 1.245238 3.754762
  10   30   28 5.242857 4.757143
  13   42   34 7.209524 5.790476
   2    0   12 0.000000 2.000000
   3    6   12 1.019048 1.980952
   6   10   25 1.719048 4.280952
   1    0    6 0.000000 1.000000
   8   24   24 3.961905 4.038095
   8   20   28 3.276190 4.723810
   2    0   13 0.000000 2.000000
   6   18   18 3.085714 2.914286
  16   62   35 10.207143 5.792857
   9   18   38 3.036905 5.963095
   4    8   17 1.328571 2.671429
   3    4   13 0.700000 2.300000
   1    0    5 0.000000 1.000000
   2    2    9 0.366667 1.633333
   6   10   27 1.580952 4.419048
  10   28   31 4.652381 5.347619
   8   18   28 3.014286 4.985714
   3    2   17 0.309524 2.690476
   1    0    6 0.000000 1.000000
   4    8   15 1.452381 2.547619
   3    4   14 0.725000 2.275000
  16   62   35 10.380952 5.619048
   8   22   28 3.557143 4.442857
   2    0   11 0.000000 2.000000
  14   50   34 8.252381 5.747619
  14   44   40 7.414286 6.585714
   2    2   11 0.309524 1.690476
   7   20   22 3.309524 3.690476
   8   16   33 2.704762 5.295238
  14   50   33 8.552381 5.447619
   5   10   22 1.595238 3.404762
   1    0    5 0.000000 1.000000
   2    2    8 0.400000 1.600000
   1    0    6 0.000000 1.000000
   4    8   17 1.285714 2.714286
   6   12   25 1.971429 4.028571
   5   12   19 2.016667 2.983333
   2    2    9 0.366667 1.633333
  30  130   49 21.822619 8.177381
  14   44   41 7.484524 6.515476
   1    0    7 0.000000 1.000000
   7   12   28 2.119048 4.880952
   9   22   35 3.576190 5.423810
  17   48   52 8.264286 8.735714
   2    0   12 0.000000 2.000000
   4    6   19 0.971429 3.028571
   1    0    5 0.000000 1.000000
   1    0    7 0.000000 1.000000
   4    6   16 1.133333 2.866667
   5   10   20 1.719048 3.280952
   2    2   12 0.291667 1.708333
  35  130   78 21.728571 13.271429
  17   62   41 10.332143 6.667857
   3    0   17 0.000000 3.000000
   7   10   31 1.788095 5.211905
  14   36   48 6.138095 7.861905
   3    6   12 1.019048 1.980952
  11   24   38 4.366667 6.633333
   5   14   15 2.485714 2.514286
   8   20   30 3.266667 4.733333
   1    0    7 0.000000 1.000000
  34  132   72 22.133333 11.866667
  12   36   38 6.042857 5.957143
   5    8   23 1.285714 3.714286
  15   54   33 9.347619 5.652381
   6   12   25 1.976190 4.023810
   2    2   10 0.342857 1.657143
   4   10   13 1.761905 2.238095
   4    8   18 1.261905 2.738095
  14   50   34 8.461905 5.538095
   1    0    8 0.000000 1.000000
  30  112   70 18.925000 11.075000
  21   88   36 14.942857 6.057143
   3    6   11 1.085714 1.914286
  15   40   54 6.500000 8.500000
  10   28   31 4.809524 5.190476
   1    0    7 0.000000 1.000000
   1    0    6 0.000000 1.000000
  20   72   46 12.290476 7.709524
  24   66   77 11.230952 12.769048
  23   88   49 14.771429 8.228571
   6   10   26 1.709524 4.290476
  14   32   49 5.571429 8.428571
  12   36   39 6.025000 5.975000
  26  110   48 18.238095 7.761905
  27   94   67 15.852381 11.147619
  13   22   56 3.738095 9.261905
   8   14   33 2.447619 5.552381
  17   50   53 8.435714 8.564286
  18   54   52 9.233333 8.766667
  29  120   54 20.119048 8.880952
  22   74   58 12.438095 9.561905
   8   16   34 2.592857 5.407143
   6   10   25 1.738095 4.261905
  33  118   74 20.104762 12.895238
  11   28   39 4.685714 6.314286
  13   30   51 4.838095 8.161905
  25   92   59 15.454762 9.545238
  11   26   40 4.414286 6.585714
   7   16   27 2.575000 4.425000
  38  156   72 26.121429 11.878571
  10   24   38 3.980952 6.019048
  11   24   45 3.980952 7.019048
  25   88   60 14.842857 10.157143
  12   32   37 5.471429 6.528571
   4    8   16 1.385714 2.614286
  39  154   76 25.954762 13.045238
  10   30   33 4.842857 5.157143
  14   34   49 5.842857 8.157143
  23   72   65 12.255952 10.744048
  11   32   36 5.323810 5.676190
   3    4   15 0.642857 2.357143
  45  192   81 31.979762 13.020238
  12   36   35 6.195238 5.804762
  11   24   41 4.066667 6.933333
  16   36   60 6.057143 9.942857
  11   26   42 4.385714 6.614286
   5    8   19 1.500000 3.500000
  37  144   74 24.440476 12.559524
  16   52   46 8.514286 7.485714
   7   22   22 3.580952 3.419048
  20   70   48 11.766667 8.233333
  12   42   31 7.038095 4.961905
   8   26   23 4.323810 3.676190
  36  144   77 23.790476 12.209524
  10   24   36 4.138095 5.861905
  12   40   30 6.828571 5.171429
  14   38   43 6.504762 7.495238
  20   72   51 11.919048 8.080952
   8   18   27 3.304762 4.695238
  31  114   73 19.152381 11.847619
   9   22   32 3.761905 5.238095
   7   10   35 1.577381 5.422619
  21   62   64 10.342857 10.657143
  23   72   64 12.000000 11.000000
   9   16   36 2.852381 6.147619
  31  122   61 20.442857 10.557143
   6   10   26 1.619048 4.380952
   6    8   29 1.352381 4.647619
  30  114   68 18.742857 11.257143
  25   90   61 15.000000 10.000000
   2    2    9 0.366667 1.633333
  27   84   80 14.205952 12.794048
   5    4   25 0.766667 4.233333
   5    4   27 0.619048 4.380952
  32  102   88 17.279762 14.720238
  29   92   82 15.486905 13.513095
   2    0   12 0.000000 2.000000
  31  112   74 18.797619 12.202381
   4    6   19 1.000000 3.000000
  10   20   37 3.519048 6.480952
  37  126   94 21.204762 15.795238
  18   42   70 6.917857 11.082143
  29   92   83 15.466667 13.533333
   2    2   10 0.342857 1.657143
  10   24   34 4.033333 5.966667
  46  172  104 28.800000 17.200000
  13   22   57 3.838095 9.161905
  24   64   76 10.990476 13.009524
   1    0    5 0.000000 1.000000
  10   26   37 4.251190 5.748810
  46  192   85 32.209524 13.790476
  19   48   67 8.084524 10.915476
  13   18   65 2.858333 10.141667
   2    2    9 0.366667 1.633333
   8   20   28 3.361905 4.638095
  58  260   85 43.766667 14.233333
  19   52   61 8.719048 10.280952
  18   50   59 8.585714 9.414286
   3    2   16 0.342857 2.657143
  57  246   95 41.253571 15.746429
  22   56   76 9.471429 12.528571
  19   48   64 8.273810 10.726190
   7   16   26 2.714286 4.285714
  44  172   97 28.284524 15.715476
  30   94   83 16.040476 13.959524
  25   66   81 11.361905 13.638095
   6    8   29 1.309524 4.690476
  28   92   77 15.585714 12.414286
  41  152   95 25.483333 15.516667
  19   36   76 6.104762 12.895238
   4    4   19 0.700000 3.300000
  24   78   65 12.980952 11.019048
  53  232   90 38.628571 14.371429
  20   46   71 7.909524 12.090476
   1    0    7 0.000000 1.000000
  28  102   68 16.903571 11.096429
  51  226   80 37.871429 13.128571
  27   88   78 14.533333 12.466667
  18   48   58 8.280952 9.719048
  55  242   86 40.369048 14.630952
  26   80   79 13.319048 12.680952
  21   60   66 10.080952 10.919048
  53  234   81 39.378571 13.621429
  18   40   71 6.552381 11.447619
  22   68   65 11.495238 10.504762
  60  252  104 42.611905 17.388095
  27   82   79 13.906349 13.093651
  17   52   49 8.811905 8.188095
  56  228  110 38.155952 17.844048
  37  130   91 21.815476 15.184524
  17   52   49 8.719048 8.280952
  46  154  124 25.485714 20.514286
  45  198   72 32.977381 12.022619
  21   70   55 11.852381 9.147619
  34  114   91 18.926190 15.073810
  38  146   84 24.421429 13.578571
  18   48   63 8.128571 9.871429
  44  164   95 27.900000 16.100000
  38  144   83 24.182143 13.817857
  14   20   58 3.659524 10.340476
  48  200   95 32.823810 15.176190
  33  122   75 20.522619 12.477381
  20   62   56 10.642857 9.357143
  47  198   87 32.990476 14.009524
  32  118   73 19.805952 12.194048
  15   46   43 7.657143 7.342857
  53  244   76 40.705952 12.294048
  30  120   60 20.261905 9.738095
   7   10   32 1.652381 5.347619
  63  302   76 50.285714 12.714286
  36  150   65 24.977381 11.022619
   7   18   25 2.971429 4.028571
  57  272   70 45.432143 11.567857
  35  154   55 25.954762 9.045238
  11   28   40 4.542857 6.457143
  54  252   71 42.335714 11.664286
  31  134   54 22.321429 8.678571
  10   28   34 4.552381 5.447619
  59  288   62 48.570238 10.429762
  42  168   80 28.746429 13.253571
   4    2   25 0.267857 3.732143
  54  246   79 41.034524 12.965476
  54  246   79 41.094048 12.905952
   5   10   22 1.595238 3.404762
  41  154   89 25.903571 15.096429
  65  318   74 52.807143 12.192857
   4    4   22 0.628571 3.371429
  31   98   84 16.680952 14.319048
  68  326   78 54.807143 13.192857
   5    6   24 1.052381 3.947619
  27   90   76 14.808333 12.191667
  78  400   66 67.111905 10.888095
   3    4   12 0.766667 2.233333
  19   52   66 8.744048 10.255952
  83  426   72 71.248810 11.751190
   2    0   12 0.000000 2.000000
  15   24   66 4.159524 10.840476
  91  504   42 84.085714 6.914286
   1    0    6 0.000000 1.000000
   8   12   36 2.144048 5.855952
  92  512   38 85.552381 6.447619
   1    0    7 0.000000 1.000000
   7   12   31 1.923810 5.076190
  89  488   47 81.265476 7.734524
   1    0    7 0.000000 1.000000
  10   18   40 3.158333 6.841667
  83  438   61 73.055952 9.944048
   2    2   10 0.342857 1.657143
  15   38   51 6.504762 8.495238
  80  414   68 68.950000 11.050000
  20   50   68 8.514286 11.485714
  64  320   70 52.803571 11.196429
  36  140   70 23.938095 12.061905
  64  316   72 52.414286 11.585714
  36  140   72 23.888095 12.111905
  71  348   75 58.209524 12.790476
  29  102   75 16.847619 12.152381
  74  366   74 61.388095 12.611905
  26   86   74 14.223810 11.776190
  70  326   91 54.794048 15.205952
  30   92   91 15.369048 14.630952
  77  400   63 66.627381 10.372619
  23   74   63 12.360714 10.639286
  84  442   65 73.454762 10.545238
  16   28   65 4.795238 11.204762
  74  368   78 61.400000 12.600000
  26   76   78 12.911111 13.088889
  71  350   77 58.502381 12.497619
  29   96   77 16.128571 12.871429
  86  450   65 75.154762 10.845238
  14   20   65 3.485714 10.514286
  82  426   70 70.533333 11.466667
  18   34   70 5.990476 12.009524
  75  380   73 63.150000 11.850000
  25   74   73 12.780952 12.219048
  78  398   70 66.269048 11.730952
  22   62   70 10.290476 11.709524
  76  382   75 63.727381 12.272619
  24   68   75 11.433333 12.566667
  76  360   95 60.169048 15.830952
  24   50   95 8.373810 15.626190
  79  400   72 67.114286 11.885714
  21   56   72 9.333333 11.666667
  87  468   55 78.032143 8.967857
  13   22   55 3.828571 9.171429
  85  466   48 77.185714 7.814286
  15   38   48 6.552381 8.447619
  85  464   46 77.247619 7.752381
  15   44   46 7.382143 7.617857
  85  454   53 75.976190 9.023810
  15   40   53 6.671429 8.328571
  83  460   36 77.061905 5.938095
  17   68   36 11.507143 5.492857
  79  440   37 73.173810 5.826190
  21   86   37 14.609524 6.390476
  84  462   40 77.380952 6.619048
  16   58   40 9.566667 6.433333
  93  526   30 88.038095 4.961905
   7   14   30 2.314286 4.685714
  94  542   22 90.396429 3.603571
   6   14   22 2.419048 3.580952
  91  504   41 84.152381 6.847619
   9   14   41 2.386905 6.613095
  86  486   33 80.769048 5.230952
  14   48   33 8.280952 5.719048
  83  446   53 74.254762 8.745238
  17   48   53 8.178571 8.821429
  79  424   50 70.747619 8.252381
  21   76   50 12.852381 8.147619
  77  396   67 65.857143 11.142857
  23   70   67 11.852381 11.147619
  69  358   59 59.628571 9.371429
  31  124   59 21.085714 9.914286
  72  358   70 60.127381 11.872619
  28  102   70 17.130952 10.869048
  74  368   70 61.961905 12.038095
  26   92   70 14.875000 11.125000
  84  452   52 75.482143 8.517857
  16   44   52 7.390476 8.609524
  87  464   55 77.709524 9.290476
  13   26   55 4.161905 8.838095
  88  476   51 79.466667 8.533333
  12   22   51 3.619048 8.380952
  78  398   69 66.538095 11.461905
  22   64   69 10.714286 11.285714
  79  410   66 68.395238 10.604762
  21   58   66 10.054762 10.945238
  80  418   67 69.422619 10.577381
  20   48   67 8.395238 11.604762
  88  476   51 79.408333 8.591667
  12   22   51 3.621429 8.378571
  87  474   50 78.842857 8.157143
  13   26   50 4.471429 8.528571
  90  506   34 84.448810 5.551190
  10   26   34 4.371429 5.628571
  82  456   40 75.790476 6.209524
  18   64   40 10.973810 7.026190
  76  408   49 67.898810 8.101190
  24   94   49 15.611905 8.388095
  79  416   60 69.207143 9.792857
  21   64   60 10.841667 10.158333
  80  432   52 71.807143 8.192857
  20   64   52 10.890476 9.109524
  79  420   50 70.308333 8.691667
  21   80   50 13.140476 7.859524
  75  398   49 66.642857 8.357143
  25  104   49 17.319048 7.680952
  79  412   60 68.928571 10.071429
  21   68   60 11.347619 9.652381
  77  376   86 62.846429 14.153571
  23   52   86 8.614286 14.385714
  77  380   82 63.588095 13.411905
  23   56   82 9.514286 13.485714
  84  438   64 73.283333 10.716667
  16   34   64 5.780952 10.219048
  85  450   64 74.735714 10.264286
  15   22   64 3.866667 11.133333
  81  406   79 67.958333 13.041667
  19   36   79 5.985714 13.014286
  82  426   69 70.873810 11.126190
  18   36   69 6.261905 11.738095
  84  442   59 74.083333 9.916667
  16   40   59 6.519048 9.480952
  86  458   56 76.551190 9.448810
  14   30   56 4.842857 9.157143
  77  410   52 68.529762 8.470238
  23   86   52 14.501190 8.498810
  82  442   54 73.408333 8.591667
  18   50   54 8.557143 9.442857
  86  450   63 75.485714 10.514286
  14   24   63 3.952381 10.047619
  83  428   71 71.441667 11.558333
  17   30   71 5.114286 11.885714
  82  418   71 70.076190 11.923810
  18   40   71 6.671429 11.328571
  87  458   56 77.060714 9.939286
  13   30   56 4.755952 8.244048
  87  464   54 77.763095 9.236905
  13   28   54 4.417460 8.582540
  77  396   65 66.307143 10.692857
  23   74   65 12.386905 10.613095
  72  356   82 58.938095 13.061905
  28   80   82 13.830952 14.169048
  66  306   86 51.561905 14.438095
  34  122   86 20.216667 13.783333
  60  276   85 46.150000 13.850000
  40  154   85 25.863095 14.136905
  59  256  100 42.564286 16.435714
  41  144  100 24.114286 16.885714
  48  194   92 32.460714 15.539286
  52  222   92 36.904762 15.095238
  52  216  104 35.253571 16.746429
  48  176  104 29.842857 18.157143
  55  244   85 41.014286 13.985714
  45  186   85 31.052381 13.947619
  52  214   99 35.573810 16.426190
  48  188   99 31.459524 16.540476
  43  164   96 27.244048 15.755952
  57  244   96 41.002381 15.997619
  55  226  102 37.997619 17.002381
  45  170  102 28.358333 16.641667
  56  226  106 38.125000 17.875000
  44  162  106 26.879762 17.120238
  45  170   97 28.628571 16.371429
  55  236   97 39.169048 15.830952
  48  196   87 33.184524 14.815476
  52  230   87 38.179762 13.820238
  43  178   83 29.363095 13.636905
  57  256   83 42.876190 14.123810
  41  170   78 28.357143 12.642857
  59  274   78 46.028571 12.971429
  48  194   88 32.726190 15.273810
  52  230   88 38.052381 13.947619
  61  276   86 46.523810 14.476190
  39  152   86 25.076190 13.923810
  71  342   86 56.913095 14.086905
  29   86   86 14.480952 14.519048
  68  326   83 54.569048 13.430952
  32  108   83 18.295238 13.704762
  68  330   74 55.200000 12.800000
  32  122   74 20.095238 11.904762
  71  362   72 59.648810 11.351190
  29   94   72 16.338095 12.661905
  77  394   69 65.685714 11.314286
  23   68   69 11.347619 11.652381
  77  392   67 65.698810 11.301190
  23   74   67 12.276190 10.723810
  79  414   60 68.900000 10.100000
  21   66   60 10.985714 10.014286
  80  416   62 69.665873 10.334127
  20   60   62 10.007143 9.992857
  80  418   61 69.745238 10.254762
  20   60   61 9.933333 10.066667
  88  474   51 79.383333 8.616667
  12   24   51 3.861905 8.138095
  93  524   34 87.411905 5.588095
   7    8   34 1.366667 5.633333
  89  496   38 82.657143 6.342857
  11   28   38 4.714286 6.285714
  94  532   29 89.048810 4.951190
   6   10   29 1.547619 4.452381
  95  548   23 91.336905 3.663095
   5    6   23 1.033333 3.966667
  94  542   21 90.423810 3.576190
   6   16   21 2.533333 3.466667
  91  526   23 87.365476 3.634524
   9   28   23 4.847619 4.152381
  95  546   23 91.176190 3.823810
   5    8   23 1.352381 3.647619
  98  574   12 95.938095 2.061905
   2    2   12 0.285714 1.714286
  97  568   13 94.757143 2.242857
   3    6   13 0.983333 2.016667
  93  538   21 89.580952 3.419048
   7   20   21 3.380952 3.619048
  91  520   28 86.442857 4.557143
   9   24   28 4.285714 4.714286
  93  522   36 87.047619 5.952381
   7    6   36 1.009524 5.990476
  96  554   21 92.511905 3.488095
   4    4   21 0.642857 3.357143
 100  600    0 100.000000 0.000000
