   1    0    7 0.000000 1.000000
   1    0    6 0.000000 1.000000
   1    0    6 0.000000 1.000000
   1    0    6 0.000000 1.000000
   1    0    6 0.000000 1.000000
   1    0    7 0.000000 1.000000
   4    8   15 1.395238 2.604762
   1    0    7 0.000000 1.000000
   1    0    5 0.000000 1.000000
   1    0    6 0.000000 1.000000
   1    0    6 0.000000 1.000000
   1    0    5 0.000000 1.000000
   1    0    7 0.000000 1.000000
   1    0    7 0.000000 1.000000
   1    0    7 0.000000 1.000000
   4   10   14 1.661905 2.338095
   1    0    6 0.000000 1.000000
   1    0    7 0.000000 1.000000
   1    0    5 0.000000 1.000000
   1    0    6 0.000000 1.000000
   5   14   16 2.569048 2.430952
   2    2   10 0.333333 1.666667
   1    0    5 0.000000 1.000000
   1    0    6 0.000000 1.000000
   4    8   17 1.285714 2.714286
   1    0    6 0.000000 1.000000
   1    0    7 0.000000 1.000000
   2    2   11 0.325000 1.675000
   1    0    5 0.000000 1.000000
   2    2   11 0.309524 1.690476
   4    8   14 1.466667 2.533333
   1    0    6 0.000000 1.000000
   7   22   20 3.752381 3.247619
   4    8   15 1.385714 2.614286
   1    0    6 0.000000 1.000000
   4    4   19 0.709524 3.290476
   1    0    7 0.000000 1.000000
   2    2    9 0.366667 1.633333
   2    2   10 0.333333 1.666667
   2    2    9 0.366667 1.633333
   1    0    7 0.000000 1.000000
   1    0    6 0.000000 1.000000
   3    4   12 0.750000 2.250000
   1    0    6 0.000000 1.000000
   1    0    5 0.000000 1.000000
   1    0    7 0.000000 1.000000
   1    0    7 0.000000 1.000000
   3    4   12 0.766667 2.233333
   1    0    6 0.000000 1.000000
   4   10   15 1.595238 2.404762
   2    2    9 0.366667 1.633333
   1    0    7 0.000000 1.000000
   2    2   11 0.309524 1.690476
   1    0    7 0.000000 1.000000
   3    6   11 1.085714 1.914286
   1    0    7 0.000000 1.000000
   1    0    6 0.000000 1.000000
   1    0    5 0.000000 1.000000
   3    6   13 0.971429 2.028571
   1    0    7 0.000000 1.000000
   1    0    6 0.000000 1.000000
   1    0    6 0.000000 1.000000
   3    4   13 0.700000 2.300000
   1    0    7 0.000000 1.000000
   3    4   11 0.800000 2.200000
   2    2    9 0.366667 1.633333
   2    0   13 0.000000 2.000000
   5   14   16 2.328571 2.671429
   1    0    7 0.000000 1.000000
   5    8   20 1.433333 3.566667
   7   20   20 3.628571 3.371429
   2    2   10 0.342857 1.657143
   2    0   12 0.000000 2.000000
   1    0    8 0.000000 1.000000
   1    0    7 0.000000 1.000000
   7   22   21 3.694048 3.305952
   4    8   17 1.304762 2.695238
   3    2   14 0.400000 2.600000
   1    0    6 0.000000 1.000000
   1    0    6 0.000000 1.000000
   3    4   15 0.619048 2.380952
   1    0    6 0.000000 1.000000
   3    4   15 0.619048 2.380952
   6   16   19 2.828571 3.171429
   2    0   11 0.000000 2.000000
   7   20   22 3.400000 3.600000
   2    2    9 0.366667 1.633333
   1    0    6 0.000000 1.000000
   1    0    6 0.000000 1.000000
   6   16   22 2.519048 3.480952
   1    0    6 0.000000 1.000000
   1    0    7 0.000000 1.000000
   6   14   21 2.390476 3.609524
   1    0    7 0.000000 1.000000
  13   44   30 7.661905 5.338095
   1    0    6 0.000000 1.000000
   4    8   16 1.333333 2.666667
   2    0   12 0.000000 2.000000
   5   14   15 2.597619 2.402381
   1    0    6 0.000000 1.000000
   1    0    6 0.000000 1.000000
   1    0    6 0.000000 1.000000
   7   18   25 2.976190 4.023810
   4    8   17 1.285714 2.714286
   4    6   19 0.952381 3.047619
   3    6   11 1.085714 1.914286
   1    0    6 0.000000 1.000000
   2    0   13 0.000000 2.000000
   9   26   28 4.395238 4.604762
   8   24   26 3.780952 4.219048
   2    2   11 0.309524 1.690476
   1    0    7 0.000000 1.000000
   3    6    9 1.233333 1.766667
   3    2   18 0.309524 2.690476
   5    6   23 1.066667 3.933333
   5   14   15 2.404762 2.595238
   2    2   11 0.309524 1.690476
   1    0    6 0.000000 1.000000
   3    4   14 0.666667 2.333333
   4    6   17 1.019048 2.980952
   1    0    7 0.000000 1.000000
   3    2   15 0.366667 2.633333
   3    4   12 0.733333 2.266667
  13   52   26 8.757143 4.242857
   2    2   10 0.342857 1.657143
   4    6   17 1.033333 2.966667
   4    6   19 0.976190 3.023810
   1    0    7 0.000000 1.000000
   3    4   12 0.766667 2.233333
   5    8   22 1.333333 3.666667
   7   24   18 4.200000 2.800000
   3    4   14 0.666667 2.333333
   5   12   17 2.066667 2.933333
   1    0    7 0.000000 1.000000
   2    2   10 0.333333 1.666667
   6   12   25 1.928571 4.071429
   5    8   21 1.328571 3.671429
   3    4   16 0.583333 2.416667
   1    0    7 0.000000 1.000000
   5    8   21 1.442857 3.557143
   2    2   10 0.342857 1.657143
  12   24   47 4.242857 7.757143
   5   12   20 1.909524 3.090476
   1    0    6 0.000000 1.000000
   3    4   14 0.676190 2.323810
   3    4   14 0.666667 2.333333
   1    0    6 0.000000 1.000000
   3    2   14 0.400000 2.600000
  16   58   35 10.100000 5.900000
   5   10   20 1.719048 3.280952
   9   26   26 4.638095 4.361905
   1    0    7 0.000000 1.000000
   1    0    8 0.000000 1.000000
   8   20   29 3.546429 4.453571
   5   10   18 1.800000 3.200000
   2    2   10 0.333333 1.666667
   4    6   19 0.961905 3.038095
   2    0   12 0.000000 2.000000
   6    8   27 1.352381 4.647619
   9   24   31 3.957143 5.042857
   1    0    7 0.000000 1.000000
   4    4   21 0.642857 3.357143
   4    4   20 0.676190 3.323810
  10   24   35 4.071429 5.928571
   1    0    8 0.000000 1.000000
   5    6   26 0.952381 4.047619
   4    4   19 0.709524 3.290476
   6   10   28 1.626190 4.373810
  16   48   48 8.064286 7.935714
  10   26   31 4.561905 5.438095
   7   12   28 2.147619 4.852381
   3    4   14 0.709524 2.290476
   9   18   34 3.233333 5.766667
   2    0   12 0.000000 2.000000
   4    6   18 1.000000 3.000000
   2    0   13 0.000000 2.000000
  11   34   33 5.590476 5.409524
   4    6   18 1.019048 2.980952
   5    8   24 1.238095 3.761905
   8   20   30 3.260714 4.739286
   5   12   16 2.200000 2.800000
   6    6   31 0.985714 5.014286
   2    0   12 0.000000 2.000000
  14   42   39 7.242857 6.757143
  12   36   34 6.061905 5.938095
   5    8   24 1.304762 3.695238
   7   16   28 2.571429 4.428571
  15   48   38 8.290476 6.709524
   3    6   12 1.019048 1.980952
   3    2   17 0.333333 2.666667
  15   60   32 10.035714 4.964286
   6   10   25 1.685714 4.314286
   6   14   25 2.244048 3.755952
   5   12   20 1.951190 3.048810
   6    8   27 1.385714 4.614286
   3    2   15 0.366667 2.633333
  10   22   38 3.728571 6.271429
  11   32   32 5.528571 5.471429
   5    8   22 1.321429 3.678571
  10   28   31 4.852381 5.147619
  16   46   51 7.566667 8.433333
   1    0    7 0.000000 1.000000
   3    4   15 0.642857 2.357143
  14   58   27 9.709524 4.290476
   7   16   27 2.566667 4.433333
   7   12   28 2.100000 4.900000
   5    6   25 0.976190 4.023810
   9   16   39 2.636905 6.363095
   2    2    8 0.400000 1.600000
  27   96   63 16.414286 10.585714
   7   16   27 2.608333 4.391667
   6   16   21 2.642857 3.357143
   5    8   23 1.285714 3.714286
  13   32   45 5.480952 7.519048
   3    4   14 0.666667 2.333333
  17   68   35 11.471429 5.528571
   8   20   28 3.285714 4.714286
   2    2   10 0.342857 1.657143
   2    0   13 0.000000 2.000000
  10   16   43 2.690476 7.309524
  24   82   63 13.495238 10.504762
   9   24   30 4.010714 4.989286
   6   14   22 2.352381 3.647619
   2    0   13 0.000000 2.000000
  14   40   42 6.847619 7.152381
   2    2    9 0.366667 1.633333
  17   60   39 10.269048 6.730952
  10   28   31 4.814286 5.185714
   1    0    6 0.000000 1.000000
  15   34   61 5.630952 9.369048
  26   74   81 12.573810 13.426190
  14   36   45 6.327381 7.672619
   3    0   19 0.000000 3.000000
  14   42   43 6.952381 7.047619
   9   32   21 5.433333 3.566667
  16   62   35 10.554762 5.445238
  13   32   47 5.461905 7.538095
   1    0    6 0.000000 1.000000
   4    2   23 0.333333 3.666667
  25   84   65 14.233333 10.766667
  15   54   36 9.183333 5.816667
   1    0    5 0.000000 1.000000
  23   92   49 15.114286 7.885714
   4    8   15 1.419048 2.580952
  17   60   44 9.877381 7.122619
  10   36   23 6.140476 3.859524
   1    0    5 0.000000 1.000000
   4    2   22 0.309524 3.690476
  26   94   60 15.876190 10.123810
  16   56   39 9.415476 6.584524
   2    2   10 0.333333 1.666667
  14   44   45 7.201190 6.798810
   3    4   15 0.619048 2.380952
  17   56   43 9.666667 7.333333
  16   60   35 10.209524 5.790476
   6   12   25 1.952381 4.047619
  27   90   69 15.069048 11.930952
  14   34   49 5.857143 8.142857
   3    4   15 0.642857 2.357143
   6    8   31 1.238095 4.761905
  24   90   56 14.890476 9.109524
  18   64   42 10.923810 7.076190
   8   14   34 2.357143 5.642857
  28  102   67 17.195238 10.804762
  18   56   51 9.438095 8.561905
  10   38   20 6.609524 3.390476
   9   22   33 3.757143 5.242857
  21   60   66 10.204762 10.795238
  10   18   40 3.100000 6.900000
   4    6   21 0.880952 3.119048
  30  116   68 19.119048 10.880952
  16   36   56 6.219048 9.780952
   6   16   21 2.623810 3.376190
   4    4   20 0.676190 3.323810
  35  124   82 21.228571 13.771429
   7   16   27 2.638095 4.361905
   2    2   12 0.285714 1.714286
  36  142   76 23.773810 12.226190
  12   36   36 6.138095 5.861905
  11   34   32 5.780952 5.219048
   6    8   29 1.328571 4.671429
  28  100   65 16.823810 11.176190
   6    8   27 1.500000 4.500000
   1    0    7 0.000000 1.000000
  40  162   75 27.214286 12.785714
  11   32   33 5.457143 5.542857
   7   14   28 2.361905 4.638095
  11   26   44 4.158333 6.841667
  26   88   68 14.847619 11.152381
   4    4   20 0.676190 3.323810
   1    0    6 0.000000 1.000000
  40  174   68 29.071429 10.928571
  13   40   35 6.728571 6.271429
  14   48   36 8.061905 5.938095
   6    8   30 1.361905 4.638095
  23   80   57 13.769048 9.230952
   3    4   14 0.666667 2.333333
   1    0    6 0.000000 1.000000
  33  124   75 20.771429 12.228571
  24   98   44 16.744048 7.255952
  13   42   37 7.077381 5.922619
   5    8   23 1.285714 3.714286
  21   76   49 12.876190 8.123810
   2    0   13 0.000000 2.000000
   2    2    9 0.366667 1.633333
  39  134  104 22.026190 16.973810
   8   18   28 3.176190 4.823810
  15   42   47 7.190476 7.809524
   4    4   20 0.709524 3.290476
  30  126   53 20.947619 9.052381
   4    8   16 1.352381 2.647619
  36  124   96 20.333333 15.666667
   6   12   20 2.238095 3.761905
  20   64   55 10.883333 9.116667
   1    0    6 0.000000 1.000000
  31  134   57 22.129762 8.870238
   6   16   16 2.983333 3.016667
  41  144  108 23.628571 17.371429
   1    0    6 0.000000 1.000000
  18   60   45 10.217857 7.782143
   3    4   13 0.733333 2.266667
  30   94   82 15.990476 14.009524
   7   24   20 3.952381 3.047619
  48  196   90 33.021429 14.978571
   2    2   10 0.333333 1.666667
  18   58   49 9.721429 8.278571
   4    8   17 1.350000 2.650000
  27   96   67 15.947619 11.052381
   1    0    7 0.000000 1.000000
  49  212   84 35.316667 13.683333
  23   78   60 13.280952 9.719048
   6   12   21 2.195238 3.804762
  21   58   69 9.709524 11.290476
   1    0    6 0.000000 1.000000
  55  234   95 39.188095 15.811905
  21   76   47 12.861905 8.138095
   6   12   26 1.980952 4.019048
  17   38   67 6.290476 10.709524
   1    0    5 0.000000 1.000000
  67  336   71 55.594048 11.405952
  24   86   54 14.669048 9.330952
   2    0   12 0.000000 2.000000
   7   14   27 2.361905 4.638095
  80  414   66 69.015873 10.984127
  14   44   41 7.409524 6.590476
   6   10   25 1.761905 4.238095
  83  442   58 73.528571 9.471429
  14   38   45 6.442857 7.557143
   3    4   13 0.700000 2.300000
  78  388   82 64.557143 13.442857
  20   46   74 7.685714 12.314286
   2    2    8 0.400000 1.600000
  71  342   81 57.305952 13.694048
  24   62   87 10.185714 13.814286
   5   12   16 2.133333 2.866667
  74  380   63 63.445238 10.554762
  16   44   55 7.347619 8.652381
  10   34   24 5.911905 4.088095
  73  350   84 58.665476 14.334524
  17   46   57 7.633333 9.366667
  10   26   37 4.278571 5.721429
  74  384   62 63.835714 10.164286
  25   92   56 15.497619 9.502381
   1    0    6 0.000000 1.000000
  69  332   78 55.828571 13.171429
  31  112   78 18.513095 12.486905
  61  282   90 46.678571 14.321429
  39  138   90 23.473810 15.526190
  58  262   91 43.239286 14.760714
  42  156   91 26.446429 15.553571
  60  260   98 43.709524 16.290476
  40  144   98 24.104762 15.895238
  48  186  100 31.310714 16.689286
  52  214  100 35.842857 16.157143
  50  220   89 35.933333 14.066667
  50  202   89 34.251190 15.748810
  37  136   93 22.112698 14.887302
  63  278   93 46.875000 16.125000
  44  170   98 28.252381 15.747619
  56  234   98 39.378571 16.621429
  42  154  100 25.642857 16.357143
  58  246  100 41.229762 16.770238
  37  134   89 22.366667 14.633333
  63  288   89 48.076190 14.923810
  40  158   79 26.730159 13.269841
  60  284   79 47.255952 12.744048
  42  164   86 27.530952 14.469048
  58  264   86 43.908333 14.091667
  40  146   93 24.602381 15.397619
  60  268   93 44.794048 15.205952
  49  208   88 34.811905 14.188095
  51  216   88 35.961905 15.038095
  39  142   98 23.427381 15.572619
  61  262   98 44.390476 16.609524
  47  186   92 31.521429 15.478571
  53  230   92 38.309524 14.690476
  37  134   89 22.403571 14.596429
  63  288   89 48.150000 14.850000
  30   98   84 16.304762 13.695238
  70  334   84 56.085714 13.914286
  37  140   83 23.379762 13.620238
  63  294   83 49.227381 13.772619
  44  184   77 31.134524 12.865476
  56  262   77 43.657143 12.342857
  41  166   77 28.133333 12.866667
  59  280   77 46.559524 12.440476
  47  180  100 30.326190 16.673810
  53  220  100 36.614286 16.385714
  48  190  101 31.686905 16.313095
  52  208  101 35.014286 16.985714
  39  114  119 19.179762 19.820238
  61  248  119 41.559524 19.440476
  40  138  102 22.945238 17.054762
  60  258  102 42.879762 17.120238
  30   90   90 15.242857 14.757143
  70  330   90 55.223810 14.776190
  26   74   80 12.695238 13.304762
  74  366   80 61.157143 12.842857
   9    8   47 1.342857 7.657143
  91  498   47 83.260714 7.739286
   5    4   24 0.800000 4.200000
  95  548   24 91.048810 3.951190
   2    0   12 0.000000 2.000000
  98  576   12 96.046429 1.953571
   1    0    7 0.000000 1.000000
  99  586    7 97.780952 1.219048
   8   26   21 4.476190 3.523810
  92  532   21 88.571429 3.428571
   6   16   20 2.623810 3.376190
  94  544   20 90.721429 3.278571
   3    6   14 0.904762 2.095238
  97  566   14 94.538095 2.461905
   3    4   13 0.809524 2.190476
  97  570   13 94.944048 2.055952
   4    8   18 1.377778 2.622222
  96  556   18 92.961905 3.038095
   8   26   21 4.433333 3.566667
  92  532   21 88.554762 3.445238
   5   12   18 2.000000 3.000000
  95  552   18 92.033333 2.966667
  14   52   30 8.900000 5.100000
  86  488   30 81.115476 4.884524
  15   42   49 7.036905 7.963095
  85  460   49 76.838095 8.161905
  22   92   40 15.457143 6.542857
  78  428   40 71.328571 6.671429
  18   58   49 9.914286 8.085714
  82  444   49 74.048810 7.951190
  19   56   58 9.371429 9.628571
  81  428   58 71.525000 9.475000
  20   62   58 10.338095 9.661905
  80  422   58 70.414286 9.585714
  21   80   46 13.533333 7.466667
  79  428   46 71.380952 7.619048
  24   98   48 16.295238 7.704762
  76  406   48 68.098810 7.901190
  26  106   48 17.857143 8.142857
  74  398   48 66.204762 7.795238
  24   84   61 13.869048 10.130952
  76  394   61 65.902381 10.097619
  31  110   74 18.510714 12.489286
  69  342   74 56.871429 12.128571
  23   88   50 14.819048 8.180952
  77  412   50 68.766667 8.233333
  16   52   47 8.433333 7.566667
  84  454   47 76.014286 7.985714
  12   28   46 4.535714 7.464286
  88  480   46 80.197619 7.802381
   7    8   35 1.309524 5.690476
  93  522   35 87.259524 5.740476
   8   22   26 3.676190 4.323810
  92  526   26 87.641667 4.358333
   7   18   24 3.028571 3.971429
  93  534   24 89.086905 3.913095
   6    8   26 1.466667 4.533333
  94  540   26 89.711905 4.288095
   5    8   23 1.309524 3.690476
  95  546   23 91.265476 3.734524
   2    0   12 0.000000 2.000000
  98  576   12 96.008333 1.991667
   3    2   18 0.342857 2.657143
  97  562   18 93.961905 3.038095
   1    0    6 0.000000 1.000000
  99  588    6 98.000000 1.000000
   1    0    6 0.000000 1.000000
  99  588    6 97.990476 1.009524
 100  600    0 100.000000 0.000000
