   1    0    7 0.000000 1.000000
   3    6   10 1.133333 1.866667
   1    0    6 0.000000 1.000000
   1    0    6 0.000000 1.000000
   1    0    6 0.000000 1.000000
   1    0    6 0.000000 1.000000
   1    0    6 0.000000 1.000000
   1    0    5 0.000000 1.000000
   2    2   11 0.309524 1.690476
   3    4   13 0.700000 2.300000
   1    0    7 0.000000 1.000000
   1    0    6 0.000000 1.000000
   1    0    6 0.000000 1.000000
   4    6   18 1.042857 2.957143
   1    0    7 0.000000 1.000000
   3    4   14 0.709524 2.290476
   2    2   11 0.309524 1.690476
   3    6   12 1.019048 1.980952
   2    2   10 0.333333 1.666667
   2    2   10 0.333333 1.666667
   1    0    6 0.000000 1.000000
   1    0    6 0.000000 1.000000
   1    0    5 0.000000 1.000000
   1    0    6 0.000000 1.000000
   1    0    6 0.000000 1.000000
   1    0    6 0.000000 1.000000
   1    0    7 0.000000 1.000000
   1    0    7 0.000000 1.000000
   3    6   13 0.952381 2.047619
   1    0    6 0.000000 1.000000
   6   14   21 2.452381 3.547619
   1    0    6 0.000000 1.000000
   2    2   12 0.291667 1.708333
   5   14   16 2.395238 2.604762
   1    0    6 0.000000 1.000000
   1    0    7 0.000000 1.000000
   1    0    6 0.000000 1.000000
   3    4   14 0.666667 2.333333
   2    2   10 0.333333 1.666667
   2    2   10 0.342857 1.657143
   1    0    7 0.000000 1.000000
   1    0    6 0.000000 1.000000
   1    0    7 0.000000 1.000000
   3    4   16 0.625000 2.375000
   2    2    9 0.366667 1.633333
   1    0    7 0.000000 1.000000
   1    0    6 0.000000 1.000000
   2    2    8 0.400000 1.600000
   2    2    9 0.366667 1.633333
   2    2    8 0.400000 1.600000
   4    8   15 1.395238 2.604762
   2    2    8 0.416667 1.583333
   1    0    6 0.000000 1.000000
   3    4   13 0.733333 2.266667
   1    0    7 0.000000 1.000000
   2    2    9 0.366667 1.633333
   1    0    6 0.000000 1.000000
   3    6   13 0.952381 2.047619
   1    0    5 0.000000 1.000000
   6   10   25 1.733333 4.266667
   2    0   13 0.000000 2.000000
   1    0    6 0.000000 1.000000
   1    0    6 0.000000 1.000000
   4    2   21 0.333333 3.666667
   2    2   12 0.285714 1.714286
   2    2    8 0.400000 1.600000
   4    6   19 0.976190 3.023810
   5   14   18 2.358333 2.641667
   1    0    6 0.000000 1.000000
   5   12   15 2.266667 2.733333
   1    0    7 0.000000 1.000000
   6   14   21 2.452381 3.547619
  10   26   34 4.361905 5.638095
   1    0    6 0.000000 1.000000
   7   18   24 3.000000 4.000000
   3    4   14 0.652381 2.347619
   1    0    6 0.000000 1.000000
   1    0    5 0.000000 1.000000
   5   12   19 1.975000 3.025000
   1    0    6 0.000000 1.000000
   1    0    6 0.000000 1.000000
   7   22   19 3.800000 3.200000
   3    2   17 0.309524 2.690476
   2    2    9 0.366667 1.633333
   3    6   13 0.971429 2.028571
   1    0    8 0.000000 1.000000
   3    6   10 1.133333 1.866667
   6   16   21 2.647619 3.352381
   6   12   25 1.923810 4.076190
   1    0    7 0.000000 1.000000
   6   12   22 2.128571 3.871429
   2    2   11 0.325000 1.675000
   3    6   12 1.000000 2.000000
   3    2   19 0.291667 2.708333
   1    0    7 0.000000 1.000000
   2    2    8 0.400000 1.600000
   4   10   15 1.647619 2.352381
   6   12   21 2.200000 3.800000
   1    0    5 0.000000 1.000000
   8   22   23 3.816667 4.183333
   1    0    6 0.000000 1.000000
  10   32   28 5.390476 4.609524
   8   26   22 4.361905 3.638095
   1    0    6 0.000000 1.000000
   5    6   27 0.928571 4.071429
   6   12   23 2.108333 3.891667
   4    6   20 0.958333 3.041667
   6   12   25 1.900000 4.100000
   3    4   14 0.652381 2.347619
   6    8   25 1.466667 4.533333
   1    0    6 0.000000 1.000000
   1    0    6 0.000000 1.000000
   3    6   13 0.952381 2.047619
   2    0   12 0.000000 2.000000
   6    8   28 1.391667 4.608333
   2    0   12 0.000000 2.000000
   3    4   15 0.619048 2.380952
   3    6   12 1.000000 2.000000
   2    0   14 0.000000 2.000000
   2    2    8 0.400000 1.600000
   9   30   22 5.209524 3.790476
   4    2   24 0.333333 3.666667
  11   34   32 5.859524 5.140476
  13   34   45 5.676190 7.323810
   4    4   17 0.766667 3.233333
   3    2   16 0.333333 2.666667
  11   36   29 6.171429 4.828571
   4    6   19 0.976190 3.023810
   5   14   15 2.461905 2.538095
  15   54   36 9.195238 5.804762
   2    2   12 0.291667 1.708333
   1    0    6 0.000000 1.000000
   2    0   12 0.000000 2.000000
   4    4   20 0.685714 3.314286
   5   12   16 2.264286 2.735714
   2    2   11 0.325000 1.675000
   4    8   16 1.295238 2.704762
   8   28   20 4.747619 3.252381
   1    0    6 0.000000 1.000000
  10   26   31 4.533333 5.466667
  13   36   39 6.045238 6.954762
   4    4   20 0.666667 3.333333
   3    2   17 0.333333 2.666667
   8   16   35 2.600000 5.400000
   2    2   12 0.285714 1.714286
   6   16   19 2.700000 3.300000
  24  112   35 18.657143 5.342857
   1    0    6 0.000000 1.000000
   3    4   13 0.700000 2.300000
   7   24   18 4.209524 2.790476
   5   14   17 2.290476 2.709524
   3    4   15 0.685714 2.314286
   1    0    5 0.000000 1.000000
  14   52   31 8.816667 5.183333
   7   18   22 3.125000 3.875000
   1    0    6 0.000000 1.000000
  10   22   41 3.620238 6.379762
  17   42   59 7.171429 9.828571
  11   20   43 3.511905 7.488095
   3    2   19 0.309524 2.690476
  18   64   45 10.752381 7.247619
   3    4   13 0.700000 2.300000
   1    0    7 0.000000 1.000000
   2    2   10 0.342857 1.657143
   2    2   12 0.285714 1.714286
  20   80   40 13.538095 6.461905
   8   14   32 2.466667 5.533333
  15   40   48 6.976190 8.023810
  17   54   47 9.092857 7.907143
   5    2   27 0.366667 4.633333
   4    4   20 0.666667 3.333333
  23  100   39 16.690476 6.309524
   3    2   18 0.309524 2.690476
   1    0    6 0.000000 1.000000
   3    4   12 0.766667 2.233333
   1    0    6 0.000000 1.000000
  19   68   48 11.338095 7.661905
   5    8   23 1.385714 3.614286
  25   80   67 13.457143 11.542857
  14   34   49 5.809524 8.190476
   1    0    7 0.000000 1.000000
   7   16   24 2.800000 4.200000
  16   58   40 9.571429 6.428571
   8   20   30 3.261905 4.738095
   3    2   19 0.267857 2.732143
   1    0    6 0.000000 1.000000
  14   42   42 7.033333 6.966667
   6   12   24 2.076190 3.923810
  23   82   55 13.642857 9.357143
  17   50   52 8.228571 8.771429
   3    6   11 1.066667 1.933333
  22   86   44 14.547619 7.452381
  11   32   35 5.380952 5.619048
  14   32   50 5.495238 8.504762
  25   78   73 13.039286 11.960714
  19   60   53 10.176190 8.823810
  11   36   30 5.946429 5.053571
  14   52   34 8.754762 5.245238
  17   50   52 8.233333 8.766667
  18   66   39 11.153571 6.846429
  30  110   66 18.697619 11.302381
  11   22   46 3.640476 7.359524
   9   32   24 5.290476 3.709524
  21   84   40 14.190476 6.809524
  11   32   39 5.071429 5.928571
  22   72   56 12.454762 9.545238
  30  118   63 19.789286 10.210714
   8   20   28 3.380952 4.619048
   8   22   28 3.519048 4.480952
  25  102   49 17.105952 7.894048
   7   16   26 2.652381 4.347619
  35  126   84 21.182143 13.817857
  20   50   74 8.147619 11.852381
   7   22   19 3.742857 3.257143
   9   20   32 3.519048 5.480952
  23   76   59 12.985714 10.014286
   6   12   26 1.904762 4.095238
  31  108   79 18.052381 12.947619
  16   30   65 5.082143 10.917857
   9   26   28 4.229762 4.770238
  10   28   34 4.542857 5.457143
  28  106   60 17.980952 10.019048
   6    8   28 1.433333 4.566667
  26   90   65 15.323810 10.676190
  24   74   70 12.704762 11.295238
   8   16   31 2.752381 5.247619
   7   10   35 1.614286 5.385714
  27  112   48 18.785714 8.214286
   8   26   23 4.261905 3.738095
  28  110   57 18.547619 9.452381
  20   58   60 9.871429 10.128571
   7   12   30 2.076190 4.923810
   2    0   12 0.000000 2.000000
  32  132   63 22.013095 9.986905
  11   40   26 6.735714 4.264286
  21   84   44 13.976190 7.023810
  23   74   59 12.704762 10.295238
   1    0    6 0.000000 1.000000
  46  206   73 34.095238 11.904762
   9   26   28 4.377381 4.622619
  13   42   39 6.995238 6.004762
  16   32   60 5.590476 10.409524
   7    8   36 1.328571 5.671429
  56  232  103 38.913095 17.086905
   8   20   28 3.357143 4.642857
  10   26   33 4.423810 5.576190
  18   38   70 6.621429 11.378571
   3    0   18 0.000000 3.000000
  64  286   99 47.608333 16.391667
   5    8   22 1.319048 3.680952
   6   14   26 2.209524 3.790476
  20   54   66 8.961905 11.038095
   1    0    6 0.000000 1.000000
  69  336   76 56.176190 12.823810
   4    6   16 1.133333 2.866667
   4   10   16 1.571429 2.428571
  22   70   63 11.719048 10.280952
  72  356   73 59.604762 12.395238
   2    2   10 0.333333 1.666667
   3    4   17 0.559524 2.440476
  26   94   62 15.834524 10.165476
  67  338   62 56.551190 10.448810
   4    6   17 1.076190 2.923810
   2    0   13 0.000000 2.000000
  22   68   63 11.542857 10.457143
  71  358   70 59.690476 11.309524
   5   10   18 1.766667 3.233333
   6   12   21 2.200000 3.800000
  15   44   46 7.428571 7.571429
  76  392   67 65.271429 10.728571
   3    2   16 0.366667 2.633333
   4    8   18 1.238095 2.761905
  13   32   43 5.603571 7.396429
  83  452   47 75.540476 7.459524
   4   10   15 1.595238 2.404762
  10   20   39 3.414286 6.585714
  86  470   46 78.535714 7.464286
   9   24   28 4.157143 4.842857
  12   34   38 5.710714 6.289286
  79  414   62 68.903571 10.096429
  10   28   31 4.714286 5.285714
  10   32   30 5.252381 4.747619
  80  420   59 70.138095 9.861905
  11   32   32 5.528571 5.471429
  13   38   41 6.352381 6.647619
  76  386   71 64.478571 11.521429
  15   38   45 6.923810 8.076190
  12   32   41 5.380952 6.619048
  73  362   82 60.119048 12.880952
  19   76   39 12.796429 6.203571
   9   18   36 3.023810 5.976190
  72  370   61 61.992857 10.007143
  19   74   39 12.433333 6.566667
   7   14   30 2.314286 4.685714
  74  382   61 64.059524 9.940476
  11   26   41 4.409524 6.590476
  11   34   35 5.532143 5.467857
  78  396   68 66.200000 11.800000
   8   16   30 2.828571 5.171429
   7   14   28 2.395238 4.604762
  85  460   52 76.584524 8.415476
   6   10   26 1.661905 4.338095
   6   12   25 2.117857 3.882143
  88  478   49 79.890476 8.109524
   7   10   33 1.728571 5.271429
   6   16   21 2.671429 3.328571
  87  468   52 78.233333 8.766667
   2    0   13 0.000000 2.000000
   6   10   27 1.619048 4.380952
  92  510   40 85.090476 6.909524
   3    0   20 0.000000 3.000000
   6    8   31 1.261905 4.738095
  91  490   51 82.290476 8.709524
   3    2   15 0.366667 2.633333
   4    8   15 1.452381 2.547619
  93  530   30 88.148810 4.851190
   1    0    8 0.000000 1.000000
   7   14   27 2.328571 4.671429
  92  516   35 85.992857 6.007143
   6    8   27 1.385714 4.614286
  94  538   27 89.679762 4.320238
   8   10   40 1.619048 6.380952
  92  510   40 85.282143 6.717857
   4    2   21 0.366667 3.633333
  96  556   21 92.588095 3.411905
   4   10   13 1.785714 2.214286
  96  564   13 93.846429 2.153571
   2    2   10 0.333333 1.666667
  98  578   10 96.304762 1.695238
   1    0    7 0.000000 1.000000
  99  586    7 97.823810 1.176190
 100  600    0 100.000000 0.000000
