   1    0    6 0.000000 1.000000
   2    2   10 0.333333 1.666667
   2    2   10 0.342857 1.657143
   1    0    7 0.000000 1.000000
   2    2   10 0.333333 1.666667
   1    0    6 0.000000 1.000000
   1    0    6 0.000000 1.000000
   1    0    6 0.000000 1.000000
   1    0    5 0.000000 1.000000
   3    6   10 1.133333 1.866667
   1    0    5 0.000000 1.000000
   1    0    6 0.000000 1.000000
   7   22   19 3.680952 3.319048
   1    0    6 0.000000 1.000000
   1    0    6 0.000000 1.000000
   3    4   12 0.766667 2.233333
   2    2    9 0.366667 1.633333
   5   12   17 2.066667 2.933333
   3    4   12 0.842857 2.157143
   1    0    5 0.000000 1.000000
   2    2   11 0.309524 1.690476
   1    0    6 0.000000 1.000000
   1    0    6 0.000000 1.000000
   1    0    7 0.000000 1.000000
   1    0    7 0.000000 1.000000
   1    0    6 0.000000 1.000000
   1    0    6 0.000000 1.000000
   2    2    8 0.400000 1.600000
   1    0    5 0.000000 1.000000
   1    0    6 0.000000 1.000000
   3    4   14 0.666667 2.333333
   2    2   11 0.309524 1.690476
   1    0    7 0.000000 1.000000
   2    2   12 0.291667 1.708333
   3    4   16 0.595238 2.404762
   1    0    8 0.000000 1.000000
   2    0   12 0.000000 2.000000
   1    0    5 0.000000 1.000000
   1    0    6 0.000000 1.000000
   1    0    7 0.000000 1.000000
   1    0    6 0.000000 1.000000
   2    2   11 0.309524 1.690476
   1    0    7 0.000000 1.000000
   5   14   14 2.500000 2.500000
   1    0    8 0.000000 1.000000
   2    2   12 0.285714 1.714286
   1    0    7 0.000000 1.000000
   1    0    6 0.000000 1.000000
   1    0    7 0.000000 1.000000
   1    0    5 0.000000 1.000000
   2    2   10 0.342857 1.657143
   2    2    8 0.400000 1.600000
   1    0    7 0.000000 1.000000
   1    0    5 0.000000 1.000000
   1    0    7 0.000000 1.000000
   2    2   10 0.342857 1.657143
   2    2   10 0.333333 1.666667
   2    2   10 0.333333 1.666667
   2    2    9 0.366667 1.633333
   2    2   10 0.333333 1.666667
   1    0    6 0.000000 1.000000
   4    6   19 0.976190 3.023810
   1    0    6 0.000000 1.000000
   1    0    6 0.000000 1.000000
   1    0    8 0.000000 1.000000
   4    8   15 1.433333 2.566667
   1    0    6 0.000000 1.000000
   1    0    8 0.000000 1.000000
   9   28   29 4.561905 4.438095
   1    0    7 0.000000 1.000000
   2    2   10 0.333333 1.666667
   2    0   11 0.000000 2.000000
   3    2   20 0.291667 2.708333
   2    2    9 0.366667 1.633333
   2    2   11 0.309524 1.690476
   2    2   10 0.333333 1.666667
   1    0    5 0.000000 1.000000
   1    0    6 0.000000 1.000000
   3    4   15 0.619048 2.380952
   3    6   10 1.133333 1.866667
   3    4   12 0.766667 2.233333
   4    6   18 1.042857 2.957143
   4    6   18 1.019048 2.980952
   4    8   15 1.361905 2.638095
   4    6   15 1.133333 2.866667
   2    2    8 0.400000 1.600000
   2    2    9 0.366667 1.633333
   1    0    6 0.000000 1.000000
   2    2    8 0.400000 1.600000
   2    2   11 0.309524 1.690476
   1    0    6 0.000000 1.000000
   4    6   16 1.133333 2.866667
   1    0    7 0.000000 1.000000
   2    2   10 0.342857 1.657143
   1    0    6 0.000000 1.000000
   3    4   14 0.709524 2.290476
   3    6   12 1.050000 1.950000
   1    0    7 0.000000 1.000000
   1    0    7 0.000000 1.000000
   4    6   17 1.076190 2.923810
   2    2   11 0.309524 1.690476
   2    2   10 0.342857 1.657143
   1    0    5 0.000000 1.000000
   1    0    6 0.000000 1.000000
   2    2   10 0.342857 1.657143
   4   10   15 1.595238 2.404762
   3    4   13 0.733333 2.266667
  11   22   42 3.795238 7.204762
   2    2   10 0.333333 1.666667
   1    0    5 0.000000 1.000000
   9   30   24 5.121429 3.878571
   1    0    5 0.000000 1.000000
   2    2   10 0.333333 1.666667
   2    2   11 0.309524 1.690476
   1    0    6 0.000000 1.000000
   7   16   26 2.785714 4.214286
   2    2    9 0.366667 1.633333
   5    8   25 1.238095 3.761905
   2    2   11 0.309524 1.690476
   9   24   28 4.166667 4.833333
   2    0   11 0.000000 2.000000
   3    4   14 0.725000 2.275000
   2    2   12 0.285714 1.714286
   1    0    6 0.000000 1.000000
   5   12   17 2.071429 2.928571
   1    0    7 0.000000 1.000000
   2    2   11 0.309524 1.690476
   8   26   22 4.328571 3.671429
   1    0    6 0.000000 1.000000
   1    0    7 0.000000 1.000000
   6   14   21 2.419048 3.580952
   2    2   10 0.333333 1.666667
   1    0    7 0.000000 1.000000
   1    0    6 0.000000 1.000000
   2    2   11 0.309524 1.690476
   1    0    6 0.000000 1.000000
  17   56   45 9.566667 7.433333
   1    0    8 0.000000 1.000000
  10   36   26 5.885317 4.114683
   2    2    9 0.366667 1.633333
   3    2   14 0.366667 2.633333
  11   36   29 6.171429 4.828571
   8   24   23 4.080952 3.919048
   2    0   13 0.000000 2.000000
   6   14   21 2.428571 3.571429
   2    2   10 0.333333 1.666667
   3    4   14 0.709524 2.290476
   2    2    9 0.366667 1.633333
   6   12   21 2.278571 3.721429
   2    2   10 0.342857 1.657143
   5    8   26 1.220238 3.779762
   5   10   22 1.571429 3.428571
   2    2    9 0.366667 1.633333
   8   20   28 3.333333 4.666667
   1    0    6 0.000000 1.000000
   1    0    7 0.000000 1.000000
   1    0    6 0.000000 1.000000
  16   44   49 7.595238 8.404762
   8   26   24 4.333333 3.666667
   4    6   18 1.042857 2.957143
  12   40   29 6.850000 5.150000
  15   54   35 9.157143 5.842857
   8   24   24 4.000000 4.000000
   1    0    6 0.000000 1.000000
   5   12   16 2.200000 2.800000
   1    0    6 0.000000 1.000000
   1    0    6 0.000000 1.000000
  10   28   33 4.622619 5.377381
   6   14   24 2.166667 3.833333
   1    0    6 0.000000 1.000000
  10   38   25 6.147619 3.852381
   1    0    6 0.000000 1.000000
  14   36   52 5.791667 8.208333
  15   52   37 8.816667 6.183333
   4    4   18 0.800000 3.200000
  10   28   33 4.685714 5.314286
  17   60   40 10.161905 6.838095
   5    6   24 1.000000 4.000000
   4    8   17 1.361905 2.638095
   3    4   15 0.642857 2.357143
   6   14   22 2.323810 3.676190
  10   38   21 6.514286 3.485714
   3    6   11 1.066667 1.933333
   8   26   22 4.447619 3.552381
   2    2    8 0.400000 1.600000
   9   24   32 3.866667 5.133333
  11   18   44 3.195238 7.804762
   7   20   25 3.213095 3.786905
   9   24   29 4.109524 4.890476
  29  112   66 18.770238 10.229762
   4    4   21 0.642857 3.357143
   7   22   18 3.900000 3.100000
   2    0   11 0.000000 2.000000
   6   20   16 3.428571 2.571429
   7   22   20 3.766667 3.233333
   3    6   12 1.000000 2.000000
   4    8   16 1.328571 2.671429
   5   12   20 1.904762 3.095238
  10   14   43 2.476190 7.523810
   9   28   27 4.580952 4.419048
   1    0    6 0.000000 1.000000
  33  112   82 19.066667 13.933333
   6    4   31 0.766667 5.233333
   4    6   20 0.904762 3.095238
   2    2   11 0.309524 1.690476
  16   60   37 10.096429 5.903571
  14   44   41 7.314286 6.685714
   1    0    5 0.000000 1.000000
  10   22   36 3.959524 6.040476
  12   38   36 6.161905 5.838095
   1    0    5 0.000000 1.000000
  26   78   83 12.988095 13.011905
   6   12   25 2.050000 3.950000
   2    2    8 0.400000 1.600000
  25  104   45 17.519048 7.480952
  17   54   47 9.397619 7.602381
  11   30   35 5.176190 5.823810
  15   46   48 7.552381 7.447619
  38  126   95 21.700000 16.300000
   5    6   26 0.952381 4.047619
  17   58   45 9.552381 7.447619
  14   40   45 6.690476 7.309524
   9   16   40 2.633333 6.366667
  19   50   62 8.383333 10.616667
  38  130   99 21.652381 16.347619
   3    2   15 0.366667 2.633333
  14   42   41 7.180952 6.819048
  17   50   53 8.507143 8.492857
  15   42   47 7.038095 7.961905
  10   30   31 5.085714 4.914286
  39  152   79 25.661905 13.338095
   2    0   12 0.000000 2.000000
  20   74   45 12.580952 7.419048
  14   38   50 6.252381 7.747619
  10   22   38 3.647619 6.352381
   6   12   24 2.076190 3.923810
  47  206   74 34.904762 12.095238
   1    0    6 0.000000 1.000000
  32  132   61 21.990476 10.009524
   4    4   21 0.642857 3.357143
   5    2   30 0.309524 4.690476
   2    0   12 0.000000 2.000000
  60  264   93 44.372619 15.627381
   1    0    6 0.000000 1.000000
  26   86   72 14.550000 11.450000
   6   10   25 1.752381 4.247619
   2    2    9 0.366667 1.633333
   1    0    7 0.000000 1.000000
  55  246   90 40.596825 14.403175
   1    0    6 0.000000 1.000000
  35  122   84 20.576190 14.423810
   6   16   18 2.780952 3.219048
   4    6   18 1.000000 3.000000
  51  220   84 36.809524 14.190476
   1    0    6 0.000000 1.000000
  31   94   96 15.557143 15.442857
  13   44   32 7.566667 5.433333
   5   10   21 1.719048 3.280952
  56  230  101 38.900000 17.100000
  31   84  108 14.007143 16.992857
   8   18   28 3.152381 4.847619
   1    0    7 0.000000 1.000000
  57  242   95 41.102381 15.897619
  36  120  100 19.871429 16.128571
   6   10   26 1.709524 4.290476
  47  188   94 31.700000 15.300000
  48  200   87 33.611905 14.388095
   5   10   21 1.619048 3.380952
  37  138   82 23.361905 13.638095
  59  282   74 47.089286 11.910714
   4    6   18 1.000000 3.000000
  40  148   92 24.820238 15.179762
  59  262   93 43.654762 15.345238
   1    0    5 0.000000 1.000000
  40  158   83 26.676190 13.323810
  59  272   82 45.433333 13.566667
   1    0    5 0.000000 1.000000
  39  150   85 25.021429 13.978571
  61  280   85 46.859524 14.140476
  44  190   74 31.657143 12.342857
  56  262   74 43.727381 12.272619
  53  236   83 39.636905 13.363095
  47  198   83 33.423810 13.576190
  51  218   85 36.664286 14.335714
  49  212   85 35.457143 13.542857
  52  232   81 38.577381 13.422619
  48  206   81 34.629762 13.370238
  59  276   77 46.320238 12.679762
  41  170   77 28.572619 12.427381
  62  310   59 51.992857 10.007143
  38  172   59 28.570238 9.429762
  59  284   71 47.550000 11.450000
  41  174   71 29.228571 11.771429
  59  274   77 46.098810 12.901190
  41  172   77 28.533333 12.466667
  54  248   78 41.396429 12.603571
  46  196   78 33.073810 12.926190
  56  250   84 41.957143 14.042857
  44  182   84 30.445238 13.554762
  53  242   73 40.772619 12.227381
  47  212   73 35.247619 11.752381
  57  252   94 41.985714 15.014286
  43  160   94 27.014286 15.985714
  47  184  100 30.714286 16.285714
  53  216  100 36.257143 16.742857
  54  238   84 39.885714 14.114286
  46  194   84 32.252381 13.747619
  56  262   74 43.717857 12.282143
  44  190   74 31.795238 12.204762
  50  214   86 35.736905 14.263095
  50  214   86 35.569048 14.430952
  55  222  105 37.591667 17.408333
  45  168  105 28.026190 16.973810
  58  270   78 45.338095 12.661905
  42  174   78 29.152381 12.847619
  48  194   98 32.184524 15.815476
  52  210   98 35.461905 16.538095
  45  178   87 30.414286 14.585714
  55  248   87 41.225000 13.775000
  43  154  104 25.994048 17.005952
  57  238  104 39.919048 17.080952
  48  168  125 28.121429 19.878571
  52  182  125 31.092857 20.907143
  52  224   87 37.523810 14.476190
  48  202   87 33.594048 14.405952
  46  184   89 31.114286 14.885714
  54  238   89 39.694048 14.305952
  37  130   91 21.830952 15.169048
  63  288   91 47.885714 15.114286
  35  146   63 24.552381 10.447619
  65  328   63 54.819048 10.180952
  35  134   74 22.825000 12.175000
  65  318   74 52.747619 12.252381
  47  190   89 32.129762 14.870238
  53  232   89 38.533333 14.466667
  57  240  100 40.490476 16.509524
  43  160  100 26.783333 16.216667
  53  216   98 36.614286 16.385714
  47  188   98 31.253968 15.746032
  52  242   70 40.611905 11.388095
  48  218   70 36.634524 11.365476
  53  250   68 41.684524 11.315476
  47  214   68 35.854762 11.145238
  50  216   85 36.135714 13.864286
  50  214   85 35.852381 14.147619
  51  200  107 33.309524 17.690476
  49  186  107 31.076190 17.923810
  49  218   74 36.666667 12.333333
  51  234   74 39.047619 11.952381
  57  258   84 43.121429 13.878571
  43  174   84 29.220238 13.779762
  61  298   69 49.638095 11.361905
  39  164   69 27.319048 11.680952
  54  242   83 40.273413 13.726587
  46  192   83 32.190476 13.809524
  37  138   85 22.885714 14.114286
  63  292   85 48.700000 14.300000
  36  138   78 23.023810 12.976190
  64  306   78 51.079762 12.920238
  36  134   80 22.538095 13.461905
  64  306   80 50.952381 13.047619
  37  158   66 26.283333 10.716667
  63  310   66 52.092857 10.907143
  29  110   64 18.528571 10.471429
  71  362   64 60.302381 10.697619
  40  164   75 27.440476 12.559524
  60  286   75 47.628571 12.371429
  42  180   71 30.196429 11.803571
  58  278   71 46.338095 11.661905
  50  212   86 35.526190 14.473810
  50  216   86 36.045238 13.954762
  44  176   84 29.500000 14.500000
  56  256   84 42.519048 13.480952
  52  226   93 37.178571 14.821429
  48  188   93 31.771429 16.228571
  52  214  100 35.971429 16.028571
  48  186  100 31.423810 16.576190
  48  192   92 32.668254 15.331746
  52  224   92 37.384524 14.615476
  45  178   90 30.061905 14.938095
  55  242   90 40.465476 14.534524
  48  196   88 33.119048 14.880952
  52  228   88 37.851190 14.148810
  41  144  100 24.242857 16.757143
  59  256  100 42.753571 16.246429
  48  196   97 32.425000 15.575000
  52  210   97 35.410714 16.589286
  48  200   90 33.336905 14.663095
  52  220   90 36.985714 15.014286
  35  124   86 20.673810 14.326190
  65  304   86 50.914286 14.085714
  34  122   86 20.241667 13.758333
  66  306   86 51.497619 14.502381
  32   98   92 16.515476 15.484524
  68  318   92 52.792857 15.207143
  35  112   97 18.820238 16.179762
  65  294   97 49.202381 15.797619
  41  126  127 20.444048 20.555952
  59  220  127 37.079762 21.920238
  44  142  122 23.878571 20.121429
  56  214  122 35.690476 20.309524
  49  198  102 32.694048 16.305952
  51  198  102 33.554762 17.445238
  44  184   84 30.628571 13.371429
  56  248   84 41.808333 14.191667
  56  264   75 44.064286 11.935714
  44  186   75 31.419048 12.580952
  56  238   99 39.882143 16.117857
  44  164   99 27.767857 16.232143
  56  242   92 40.561905 15.438095
  44  174   92 28.919048 15.080952
  60  274   89 45.796032 14.203968
  40  148   89 25.185714 14.814286
  59  268   90 44.335714 14.664286
  41  152   90 25.621429 15.378571
  57  242  101 40.334524 16.665476
  43  156  101 26.254762 16.745238
  54  208  118 34.633333 19.366667
  46  156  118 26.600000 19.400000
  65  266  121 44.523810 20.476190
  35   92  121 15.291667 19.708333
  72  336   94 56.253571 15.746429
  28   76   94 12.629762 15.370238
  75  370   81 61.560714 13.439286
  25   68   81 11.414286 13.585714
  71  344   84 57.326190 13.673810
  29   88   84 15.066667 13.933333
  83  428   69 71.408333 11.591667
  17   34   69 5.609524 11.390476
  72  354   88 58.093651 13.906349
  28   70   88 12.246429 15.753571
  80  404   74 67.757143 12.242857
  20   48   74 8.102381 11.897619
  83  452   49 75.240476 7.759524
  17   50   49 8.772619 8.227381
  84  454   50 75.755952 8.244048
  16   46   50 7.677381 8.322619
  89  492   42 82.075000 6.925000
  11   24   42 4.047619 6.952381
  88  484   40 81.095238 6.904762
  12   36   40 5.714286 6.285714
  90  510   29 85.023810 4.976190
  10   32   29 5.276190 4.723810
  93  534   23 89.052381 3.947619
   7   20   23 3.323810 3.676190
  97  572   11 95.242857 1.757143
   3    6   11 1.066667 1.933333
  92  520   31 86.742857 5.257143
   8   18   31 2.957143 5.042857
  93  528   32 87.972619 5.027381
   7    8   32 1.352381 5.647619
  94  536   28 89.528571 4.471429
   6    8   28 1.361905 4.638095
  96  558   20 92.775000 3.225000
   4    2   20 0.450000 3.550000
 100  600    0 100.000000 0.000000
