   2    2   10 0.333333 1.666667
   2    2    9 0.366667 1.633333
   1    0    6 0.000000 1.000000
   1    0    6 0.000000 1.000000
   3    6   11 1.066667 1.933333
   1    0    7 0.000000 1.000000
   5   12   17 2.033333 2.966667
   1    0    6 0.000000 1.000000
   2    2   11 0.309524 1.690476
   1    0    8 0.000000 1.000000
   3    4   12 0.766667 2.233333
   1    0    5 0.000000 1.000000
   1    0    6 0.000000 1.000000
   2    2   10 0.333333 1.666667
   1    0    7 0.000000 1.000000
   3    6   12 1.000000 2.000000
   1    0    6 0.000000 1.000000
   2    2    9 0.366667 1.633333
   2    2   13 0.267857 1.732143
   1    0    7 0.000000 1.000000
   2    2    8 0.400000 1.600000
   1    0    7 0.000000 1.000000
   2    2   10 0.333333 1.666667
   1    0    7 0.000000 1.000000
   1    0    6 0.000000 1.000000
   1    0    6 0.000000 1.000000
   3    2   15 0.366667 2.633333
   3    2   16 0.333333 2.666667
   2    2    9 0.366667 1.633333
   5   14   17 2.347619 2.652381
   3    4   12 0.766667 2.233333
   1    0    6 0.000000 1.000000
   2    0   14 0.000000 2.000000
   3    4   14 0.676190 2.323810
   2    2   11 0.309524 1.690476
   1    0    7 0.000000 1.000000
   2    2   11 0.309524 1.690476
   1    0    7 0.000000 1.000000
   1    0    7 0.000000 1.000000
   1    0    6 0.000000 1.000000
   4    6   15 1.242857 2.757143
   1    0    5 0.000000 1.000000
   1    0    6 0.000000 1.000000
   2    2   11 0.309524 1.690476
   4   10   14 1.714286 2.285714
   1    0    7 0.000000 1.000000
   1    0    6 0.000000 1.000000
   1    0    6 0.000000 1.000000
   3    6   12 1.019048 1.980952
   2    2    9 0.366667 1.633333
   2    2    9 0.366667 1.633333
   1    0    5 0.000000 1.000000
   1    0    7 0.000000 1.000000
   2    2    8 0.400000 1.600000
   1    0    6 0.000000 1.000000
   6   18   19 2.952381 3.047619
   3    4   14 0.666667 2.333333
   2    2   10 0.342857 1.657143
   6   12   24 2.076190 3.923810
   2    2    9 0.366667 1.633333
   7   14   28 2.428571 4.571429
   2    2    8 0.400000 1.600000
   1    0    7 0.000000 1.000000
   1    0    6 0.000000 1.000000
   1    0    6 0.000000 1.000000
   1    0    6 0.000000 1.000000
   6   18   17 3.071429 2.928571
   2    2   10 0.333333 1.666667
   1    0    6 0.000000 1.000000
   4    4   20 0.685714 3.314286
   4    6   17 1.066667 2.933333
   3    6   12 1.019048 1.980952
   2    2   11 0.309524 1.690476
   2    2   10 0.333333 1.666667
   4    8   16 1.319048 2.680952
   4   10   15 1.608333 2.391667
   5    8   25 1.214286 3.785714
   2    2    9 0.366667 1.633333
   2    2    9 0.366667 1.633333
   7   18   22 3.147619 3.852381
   2    2   11 0.309524 1.690476
   5   12   18 2.038095 2.961905
   1    0    7 0.000000 1.000000
   1    0    7 0.000000 1.000000
   1    0    6 0.000000 1.000000
   5   14   15 2.461905 2.538095
   4   10   14 1.719048 2.280952
   4   10   14 1.695238 2.304762
   4    8   15 1.366667 2.633333
   9   30   26 5.028571 3.971429
  12   22   46 3.871429 8.128571
   2    2   10 0.333333 1.666667
   2    2   11 0.309524 1.690476
   1    0    6 0.000000 1.000000
   1    0    7 0.000000 1.000000
   5   12   17 2.128571 2.871429
   1    0    5 0.000000 1.000000
   5   14   18 2.166667 2.833333
   5   14   14 2.561905 2.438095
   5   12   20 1.876190 3.123810
   3    4   16 0.595238 2.404762
   5   10   21 1.719048 3.280952
   3    6   11 1.066667 1.933333
  10   34   25 5.641667 4.358333
   3    2   17 0.333333 2.666667
   4    6   18 1.009524 2.990476
   8   20   28 3.333333 4.666667
   2    2   11 0.309524 1.690476
   1    0    6 0.000000 1.000000
   1    0    5 0.000000 1.000000
   4    6   17 1.185714 2.814286
   1    0    7 0.000000 1.000000
   3    4   15 0.616667 2.383333
  17   68   33 11.523810 5.476190
  10   24   36 4.128571 5.871429
   1    0    5 0.000000 1.000000
   3    4   15 0.642857 2.357143
   2    2   10 0.333333 1.666667
   1    0    7 0.000000 1.000000
  15   58   31 9.864286 5.135714
   3    2   16 0.333333 2.666667
   1    0    7 0.000000 1.000000
   5   12   19 1.947619 3.052381
   1    0    6 0.000000 1.000000
   4    6   17 1.000000 3.000000
   4    8   16 1.319048 2.680952
   5   10   23 1.653571 3.346429
   1    0    5 0.000000 1.000000
   8   16   31 2.714286 5.285714
  12   38   32 6.433333 5.566667
   3    4   13 0.700000 2.300000
   1    0    7 0.000000 1.000000
   6    8   27 1.385714 4.614286
  16   38   59 6.304762 9.695238
  15   44   43 7.611905 7.388095
   4    8   15 1.400000 2.600000
   1    0    7 0.000000 1.000000
  19   70   40 11.935714 7.064286
   3    0   20 0.000000 3.000000
   1    0    6 0.000000 1.000000
   2    2   10 0.333333 1.666667
   1    0    5 0.000000 1.000000
   4    6   18 0.985714 3.014286
   5   12   19 1.971429 3.028571
   3    2   16 0.342857 2.657143
   8   22   27 3.600000 4.400000
   7   12   34 1.845238 5.154762
   4    6   17 1.066667 2.933333
   1    0    7 0.000000 1.000000
   5   10   20 1.761905 3.238095
  13   22   60 3.891667 9.108333
  17   48   52 8.176190 8.823810
  10   22   37 3.890476 6.109524
  12   34   40 5.519048 6.480952
   2    2    9 0.366667 1.633333
   1    0    5 0.000000 1.000000
   1    0    7 0.000000 1.000000
   1    0    7 0.000000 1.000000
   7   22   19 3.904762 3.095238
   4   10   13 1.766667 2.233333
  10   24   37 3.938095 6.061905
  14   50   31 8.670238 5.329762
   2    2   10 0.342857 1.657143
   2    2   11 0.309524 1.690476
   4    2   21 0.366667 3.633333
  10   16   39 2.878571 7.121429
  19   58   58 9.490476 9.509524
  15   34   58 5.638095 9.361905
   5   14   19 2.095238 2.904762
   1    0    5 0.000000 1.000000
   2    2   10 0.342857 1.657143
   4    4   21 0.652381 3.347619
   2    2   11 0.309524 1.690476
  23   78   58 13.180952 9.819048
  12   26   45 4.413095 7.586905
   1    0    6 0.000000 1.000000
   4    4   22 0.625000 3.375000
   6   14   22 2.357143 3.642857
  25   98   53 16.414286 8.585714
  18   34   75 5.723810 12.276190
   6   16   22 2.595238 3.404762
   2    2   10 0.342857 1.657143
   3    2   17 0.333333 2.666667
   2    2    9 0.366667 1.633333
  14   42   41 7.000000 7.000000
  20   44   71 7.542857 12.457143
   5    6   23 1.033333 3.966667
   8   20   29 3.304762 4.695238
  13   34   41 5.819048 7.180952
  17   38   69 6.130952 10.869048
  13   48   31 8.005556 4.994444
   5   14   13 2.600000 2.400000
   3    6   11 1.119048 1.880952
  14   36   49 5.985714 8.014286
  22   68   64 11.411905 10.588095
   7    8   32 1.500000 5.500000
   9   20   36 3.360714 5.639286
  15   44   46 7.483333 7.516667
  20   50   64 8.754762 11.245238
  21   82   46 13.495238 7.504762
   6   18   19 2.947619 3.052381
   7   10   33 1.661905 5.338095
  15   28   64 4.704762 10.295238
  10   22   36 3.752381 6.247619
  11   32   37 5.167857 5.832143
  15   40   52 6.540476 8.459524
  23   66   73 11.080952 11.919048
  18   64   45 10.557143 7.442857
   4   10   13 1.766667 2.233333
   7   14   26 2.495238 4.504762
  12   26   44 4.401190 7.598810
   3    2   15 0.333333 2.666667
   8   16   34 2.600000 5.400000
  13   20   54 3.514286 9.485714
  20   48   73 8.157143 11.842857
  25   98   52 16.679365 8.320635
  13   32   47 5.352381 7.647619
   6    8   26 1.400000 4.600000
  12   30   45 4.988095 7.011905
   1    0    5 0.000000 1.000000
   1    0    6 0.000000 1.000000
   9   22   31 3.819048 5.180952
  18   46   63 7.628571 10.371429
  45  190   79 32.095238 12.904762
  10   16   43 2.866667 7.133333
   6    8   29 1.319048 4.680952
  10   18   44 3.078571 6.921429
   1    0    6 0.000000 1.000000
   3    6   13 0.952381 2.047619
   3    4   15 0.619048 2.380952
  14   24   61 4.071429 9.928571
  50  200   99 33.373810 16.626190
  16   32   63 5.515476 10.484524
   2    0   13 0.000000 2.000000
  11   32   32 5.597619 5.402381
   6    8   25 1.433333 4.566667
   6    8   27 1.409524 4.590476
  53  242   80 40.261905 12.738095
  25   78   72 13.089286 11.910714
   4   10   13 1.733333 2.266667
   6   10   27 1.595238 4.404762
   7   10   34 1.614286 5.385714
   6   14   23 2.338095 3.661905
  54  240   85 40.133333 13.866667
  19   48   61 8.378571 10.621429
   2    2   10 0.333333 1.666667
  12   32   41 5.290476 6.709524
   2    0   11 0.000000 2.000000
  10   28   32 4.775000 5.225000
  52  208  104 34.952381 17.047619
  20   52   66 8.889286 11.110714
   1    0    6 0.000000 1.000000
  15   52   41 8.598810 6.401190
   2    2   10 0.333333 1.666667
  12   36   35 6.071429 5.928571
  53  228   91 38.057143 14.942857
  15   38   53 6.305952 8.694048
   5   10   19 1.714286 3.285714
  13   40   38 6.704762 6.295238
   3    2   15 0.366667 2.633333
   1    0    6 0.000000 1.000000
  71  328   94 55.166667 15.833333
  16   36   61 5.919048 10.080952
   1    0    7 0.000000 1.000000
   8   18   33 2.922619 5.077381
   3    2   15 0.400000 2.600000
  79  390   84 65.079762 13.920238
  11   18   49 2.995238 8.004762
   7   10   32 1.661905 5.338095
   1    0    7 0.000000 1.000000
  85  446   65 74.565476 10.434524
   5    8   21 1.385714 3.614286
   9   12   41 2.019048 6.980952
  87  484   44 80.050000 6.950000
   5    8   19 1.433333 3.566667
   8   20   25 3.609524 4.390476
  89  490   44 81.715476 7.284524
   4    4   21 0.642857 3.357143
   7   16   25 2.809524 4.190476
  96  554   22 92.366667 3.633333
   2    0   13 0.000000 2.000000
   2    2    9 0.366667 1.633333
  94  544   25 90.169048 3.830952
   3    2   14 0.400000 2.600000
   3    4   11 0.800000 2.200000
  98  584    7 96.988095 1.011905
   2    2    7 0.450000 1.550000
 100  600    0 100.000000 0.000000
