   1    0    6 0.000000 1.000000
   5    8   19 1.466667 3.533333
   1    0    7 0.000000 1.000000
   1    0    8 0.000000 1.000000
   1    0    7 0.000000 1.000000
   3    4   13 0.700000 2.300000
   2    2   10 0.342857 1.657143
   1    0    5 0.000000 1.000000
   2    0   14 0.000000 2.000000
   2    2   10 0.342857 1.657143
   1    0    6 0.000000 1.000000
   3    6   14 0.904762 2.095238
   1    0    5 0.000000 1.000000
   3    4   14 0.676190 2.323810
   1    0    7 0.000000 1.000000
   1    0    5 0.000000 1.000000
   1    0    7 0.000000 1.000000
   1    0    7 0.000000 1.000000
   2    2   10 0.333333 1.666667
   5    8   20 1.528571 3.471429
   2    2   13 0.267857 1.732143
   3    4   12 0.792857 2.207143
   1    0    6 0.000000 1.000000
   1    0    6 0.000000 1.000000
   2    2   10 0.333333 1.666667
   1    0    6 0.000000 1.000000
   6   14   20 2.533333 3.466667
   1    0    7 0.000000 1.000000
   1    0    5 0.000000 1.000000
   2    2    8 0.400000 1.600000
   1    0    6 0.000000 1.000000
   1    0    7 0.000000 1.000000
   4   10   12 1.833333 2.166667
   2    2    9 0.366667 1.633333
   1    0    6 0.000000 1.000000
   2    2   13 0.267857 1.732143
   2    2    9 0.366667 1.633333
   1    0    7 0.000000 1.000000
   1    0    6 0.000000 1.000000
   1    0    5 0.000000 1.000000
   1    0    7 0.000000 1.000000
   2    2   11 0.309524 1.690476
   1    0    5 0.000000 1.000000
   1    0    7 0.000000 1.000000
   1    0    6 0.000000 1.000000
   2    2   10 0.333333 1.666667
   1    0    7 0.000000 1.000000
   1    0    5 0.000000 1.000000
   2    2   11 0.309524 1.690476
   1    0    7 0.000000 1.000000
   4    8   15 1.428571 2.571429
   2    2    8 0.400000 1.600000
   2    2    8 0.400000 1.600000
   2    2   11 0.309524 1.690476
   1    0    7 0.000000 1.000000
   2    2   10 0.333333 1.666667
  11   32   31 5.571429 5.428571
   1    0    6 0.000000 1.000000
   1    0    6 0.000000 1.000000
   1    0    6 0.000000 1.000000
   3    6   12 1.019048 1.980952
   1    0    6 0.000000 1.000000
   5   14   17 2.233333 2.766667
   1    0    6 0.000000 1.000000
   3    2   16 0.333333 2.666667
   1    0    6 0.000000 1.000000
   1    0    6 0.000000 1.000000
   4    4   21 0.666667 3.333333
   2    2   11 0.325000 1.675000
   3    4   12 0.766667 2.233333
   1    0    7 0.000000 1.000000
   5    8   24 1.261905 3.738095
   1    0    7 0.000000 1.000000
   4   10   15 1.619048 2.380952
   1    0    6 0.000000 1.000000
   2    2    8 0.400000 1.600000
   1    0    6 0.000000 1.000000
   2    2   11 0.309524 1.690476
   4    6   14 1.200000 2.800000
   2    2   11 0.309524 1.690476
  10   34   24 5.933333 4.066667
   1    0    5 0.000000 1.000000
   1    0    5 0.000000 1.000000
   3    6   12 1.019048 1.980952
   5   12   20 1.927381 3.072619
   1    0    6 0.000000 1.000000
   5   10   21 1.619048 3.380952
   1    0    6 0.000000 1.000000
   1    0    7 0.000000 1.000000
   4    4   19 0.700000 3.300000
   1    0    6 0.000000 1.000000
   2    0   14 0.000000 2.000000
   3    2   17 0.309524 2.690476
   1    0    5 0.000000 1.000000
  12   44   32 7.282143 4.717857
   1    0    7 0.000000 1.000000
   2    2   11 0.309524 1.690476
   2    2    9 0.366667 1.633333
   1    0    6 0.000000 1.000000
   2    0   13 0.000000 2.000000
   3    2   15 0.366667 2.633333
   3    4   12 0.766667 2.233333
   1    0    6 0.000000 1.000000
   4   10   13 1.785714 2.214286
   2    0   12 0.000000 2.000000
   2    2   10 0.333333 1.666667
   1    0    6 0.000000 1.000000
   2    2   10 0.342857 1.657143
   1    0    6 0.000000 1.000000
   3    4   14 0.709524 2.290476
   4    8   15 1.400000 2.600000
   6   14   21 2.395238 3.604762
   2    2    9 0.366667 1.633333
   6   10   26 1.719048 4.280952
   4   10   14 1.695238 2.304762
  12   34   41 5.485714 6.514286
   1    0    6 0.000000 1.000000
   4    4   20 0.666667 3.333333
   1    0    6 0.000000 1.000000
   1    0    7 0.000000 1.000000
   8   18   29 3.250000 4.750000
   4    6   16 1.133333 2.866667
   1    0    7 0.000000 1.000000
   4    6   17 1.085714 2.914286
  23   92   44 15.571429 7.428571
   1    0    6 0.000000 1.000000
   6   12   24 2.014286 3.985714
   1    0    5 0.000000 1.000000
   1    0    7 0.000000 1.000000
   2    2   11 0.309524 1.690476
   1    0    5 0.000000 1.000000
   5   10   17 1.833333 3.166667
   1    0    7 0.000000 1.000000
   2    2    8 0.400000 1.600000
   5    8   24 1.238095 3.761905
   4    6   20 0.928571 3.071429
   4    8   14 1.500000 2.500000
   3    2   18 0.291667 2.708333
   4    4   21 0.652381 3.347619
   4    4   22 0.619048 3.380952
  10   28   32 4.585714 5.414286
   1    0    7 0.000000 1.000000
   5    8   20 1.466667 3.533333
   1    0    7 0.000000 1.000000
   6   12   26 2.006349 3.993651
   8   14   30 2.552381 5.447619
   2    0   13 0.000000 2.000000
  27   88   71 14.961905 12.038095
   8   24   24 4.138095 3.861905
   1    0    5 0.000000 1.000000
  10   34   27 5.600000 4.400000
   4    8   16 1.328571 2.671429
   6   14   21 2.395238 3.604762
   1    0    6 0.000000 1.000000
   4    8   16 1.328571 2.671429
   4    6   18 1.000000 3.000000
   6   16   18 2.871429 3.128571
   6   12   25 2.061905 3.938095
   2    2   10 0.342857 1.657143
   9   18   39 2.909524 6.090476
   1    0    7 0.000000 1.000000
   8   22   27 3.723810 4.276190
   3    2   16 0.333333 2.666667
  35  146   64 24.519048 10.480952
   4   10   16 1.523810 2.476190
   2    2   10 0.342857 1.657143
   6   14   22 2.314286 3.685714
   6   18   19 2.957143 3.042857
   4    8   16 1.319048 2.680952
   2    0   13 0.000000 2.000000
   5    8   20 1.411905 3.588095
   5   12   18 2.050000 2.950000
   9   22   32 3.842857 5.157143
   2    2   10 0.333333 1.666667
   9   28   25 4.761905 4.238095
   2    2   11 0.309524 1.690476
   5    4   25 0.700000 4.300000
   4   10   13 1.761905 2.238095
  52  220   89 37.121429 14.878571
   3    4   14 0.666667 2.333333
   7    8   37 1.259524 5.740476
   7   18   23 3.085714 3.914286
   2    0   12 0.000000 2.000000
   6    6   29 1.133333 4.866667
   2    2   10 0.333333 1.666667
   9   22   35 3.676190 5.323810
   1    0    5 0.000000 1.000000
   3    2   16 0.333333 2.666667
   6    6   30 1.009524 4.990476
   2    2   10 0.333333 1.666667
  51  206   96 34.884524 16.115476
   2    0   13 0.000000 2.000000
   7    4   42 0.620635 6.379365
   9   30   22 5.216667 3.783333
   3    2   16 0.366667 2.633333
   3    4   14 0.666667 2.333333
  11   32   34 5.271429 5.728571
   1    0    7 0.000000 1.000000
   3    2   16 0.366667 2.633333
   2    0   12 0.000000 2.000000
   8   26   22 4.485714 3.514286
  50  212   92 35.326190 14.673810
   5    8   22 1.419048 3.580952
  11   30   33 5.104762 5.895238
   9   24   30 4.004762 4.995238
   6   14   21 2.366667 3.633333
   8   24   23 4.147619 3.852381
   3    0   19 0.000000 3.000000
   4    6   18 1.019048 2.980952
   4    4   20 0.616667 3.383333
  48  200   88 33.592857 14.407143
   4    6   18 1.000000 3.000000
  10   28   35 4.603571 5.396429
  13   36   40 6.223810 6.776190
   3    2   17 0.333333 2.666667
  10   32   28 5.347619 4.652381
   2    2    8 0.400000 1.600000
   9   22   31 3.795238 5.204762
   1    0    7 0.000000 1.000000
  70  340   79 56.909524 13.090476
  10   30   30 5.109524 4.890476
   7    6   37 0.884524 6.115476
   2    0   15 0.000000 2.000000
   3    4   13 0.700000 2.300000
   8   22   24 3.823810 4.176190
  75  378   76 62.817857 12.182143
  12   38   32 6.566667 5.433333
   4    2   22 0.342857 3.657143
   3    0   18 0.000000 3.000000
   6   14   20 2.407143 3.592857
  83  450   48 75.060714 7.939286
  13   44   32 7.504762 5.495238
   2    2   10 0.342857 1.657143
   2    0   14 0.000000 2.000000
  85  460   50 76.800000 8.200000
   6   12   25 1.904762 4.095238
   7   16   26 2.690476 4.309524
   2    2    9 0.366667 1.633333
  84  452   52 75.253571 8.746429
   5    6   27 0.928571 4.071429
   8   18   28 3.095238 4.904762
   3    4   13 0.700000 2.300000
  81  436   52 72.480952 8.519048
   6   10   24 1.852381 4.147619
  12   32   38 5.504762 6.495238
   1    0    8 0.000000 1.000000
  85  440   66 73.882143 11.117857
   6   10   27 1.671429 4.328571
   9   18   39 2.857143 6.142857
  84  442   62 73.758333 10.241667
   8   18   31 2.995238 5.004762
   8   16   31 2.809524 5.190476
  84  428   71 72.079762 11.920238
  10   22   40 3.547619 6.452381
   6    8   31 1.253571 4.746429
  85  460   49 76.776190 8.223810
   8   22   29 3.571429 4.428571
   7   20   20 3.557143 3.442857
  86  460   56 76.759524 9.240476
   8   20   27 3.554762 4.445238
   6    8   29 1.353571 4.646429
  86  464   54 77.353571 8.646429
   8   18   29 3.226190 4.773810
   6   10   25 1.695238 4.304762
  81  416   71 69.419048 11.580952
  11   28   39 4.552381 6.447619
   8   14   32 2.461905 5.538095
  81  416   71 69.151190 11.848810
   7   12   31 2.014286 4.985714
  12   26   44 4.528571 7.471429
  88  482   44 80.501190 7.498810
   3    2   15 0.342857 2.657143
   9   28   29 4.639286 4.360714
  77  392   71 65.225000 11.775000
   6   10   26 1.661905 4.338095
  17   56   45 9.494048 7.505952
  74  378   64 63.366667 10.633333
   4    6   18 1.000000 3.000000
  22   88   46 14.747619 7.252381
  82  428   61 71.547619 10.452381
   4    8   17 1.280952 2.719048
  14   42   44 6.842857 7.157143
  80  422   59 70.242857 9.757143
   6   16   20 2.727381 3.272619
  14   44   39 7.519048 6.480952
  77  386   74 64.698810 12.301190
   6   12   24 1.941667 4.058333
  17   54   50 9.004762 7.995238
  81  432   55 72.146429 8.853571
   1    0    7 0.000000 1.000000
  18   58   48 10.053571 7.946429
  80  404   73 67.753571 12.246429
   2    2   12 0.291667 1.708333
  18   48   61 8.090476 9.909524
  79  392   79 65.990476 13.009524
   3    6   13 0.983333 2.016667
  18   44   66 7.371429 10.628571
  77  366   91 61.607143 15.392857
   3    4   15 0.619048 2.380952
  20   48   76 7.814286 12.185714
  69  328   86 54.786905 14.213095
   2    2    9 0.366667 1.633333
  29   98   77 16.504762 12.495238
  65  296   96 49.317857 15.682143
   2    2   10 0.333333 1.666667
  33  108   88 18.395238 14.604762
  72  348   85 58.059524 13.940476
   2    2   10 0.333333 1.666667
  26   78   77 13.364286 12.635714
  74  366   80 60.921429 13.078571
   3    0   21 0.000000 3.000000
  23   74   59 12.880952 10.119048
  66  318   83 52.714286 13.285714
   3    6   12 1.019048 1.980952
  31  108   73 18.514286 12.485714
  60  248  108 41.791667 18.208333
   2    2   10 0.333333 1.666667
  38  132  100 21.973810 16.026190
  61  262  101 44.128571 16.871429
   1    0    8 0.000000 1.000000
  38  134   95 22.365476 15.634524
  56  242   92 40.785714 15.214286
  44  174   92 29.071429 14.928571
  49  208   87 35.016667 13.983333
  51  218   87 36.466667 14.533333
  38  146   80 24.759524 13.240476
  62  294   80 49.028571 12.971429
  45  186   84 30.873810 14.126190
  55  246   84 41.053571 13.946429
  49  218   80 36.448810 12.551190
  51  222   80 37.367857 13.632143
  49  204   92 34.151190 14.848810
  51  212   92 35.805952 15.194048
  36  126   91 21.057143 14.942857
  64  292   91 48.833333 15.166667
  33  112   87 18.771429 14.228571
  67  314   87 52.507143 14.492857
  43  156  106 25.957143 17.042857
  57  232  106 39.009524 17.990476
  32   80  114 13.304762 18.695238
  68  292  114 48.913095 19.086905
  32   88  101 15.014286 16.985714
  68  310  101 51.647619 16.352381
  36  118   99 19.864286 16.135714
  64  284   99 47.464286 16.535714
  34  116   87 19.554762 14.445238
  66  310   87 51.645238 14.354762
  32  102   85 17.371429 14.628571
  68  328   85 54.404762 13.595238
  38  140   88 23.567857 14.432143
  62  284   88 47.358333 14.641667
  35  124   84 20.800000 14.200000
  65  308   84 51.403571 13.596429
  51  216   90 36.490476 14.509524
  49  204   90 34.280952 14.719048
  52  220   92 36.904762 15.095238
  48  196   92 32.854762 15.145238
  63  298   84 49.410714 13.589286
  37  134   84 22.838095 14.161905
  65  298   92 49.767857 15.232143
  35  118   92 19.797619 15.202381
  49  218   81 35.876190 13.123810
  51  220   81 37.223810 13.776190
  43  182   74 30.590476 12.409524
  57  270   74 45.007143 11.992857
  39  154   83 25.528571 13.471429
  61  280   83 46.947619 14.052381
  32  104   86 17.534524 14.465476
  68  324   86 53.823810 14.176190
  37  128   93 21.528571 15.471429
  63  286   93 47.642857 15.357143
  30   98   82 16.471429 13.528571
  70  338   82 56.747619 13.252381
  48  194   94 32.433333 15.566667
  52  218   94 36.528571 15.471429
  49  202   92 33.833333 15.166667
  51  214   92 35.928571 15.071429
  41  162   86 27.046429 13.953571
  59  266   86 44.463095 14.536905
  35  114  101 18.770238 16.229762
  65  284  101 47.923810 17.076190
  39  142   96 23.572619 15.427381
  61  266   96 44.932143 16.067857
  48  192   97 31.819048 16.180952
  52  214   97 35.842857 16.157143
  41  158   93 25.954762 15.045238
  59  256   93 43.170238 15.829762
  50  212   86 35.741667 14.258333
  50  216   86 35.990476 14.009524
  36  138   75 23.375000 12.625000
  64  312   75 51.840476 12.159524
  37  140   81 23.611905 13.388095
  63  298   81 49.689286 13.310714
  39  136   99 22.800000 16.200000
  61  266   99 44.415476 16.584524
  40  152   91 25.238095 14.761905
  60  266   91 44.800000 15.200000
  48  196   91 32.595238 15.404762
  52  222   91 36.859524 15.140476
  46  190   87 31.608333 14.391667
  54  236   87 39.688095 14.311905
  36  142   76 23.726190 12.273810
  64  306   76 51.246429 12.753571
  37  138   81 23.207143 13.792857
  63  300   81 49.932143 13.067857
  39  148   88 24.783333 14.216667
  61  276   88 46.229762 14.770238
  47  202   77 34.057143 12.942857
  53  244   77 40.741667 12.258333
  50  202  100 33.422619 16.577381
  50  198  100 33.004762 16.995238
  37  150   77 24.741667 12.258333
  63  296   77 49.654762 13.345238
  45  188   84 31.520238 13.479762
  55  244   84 40.880952 14.119048
  46  188   81 31.882143 14.117857
  54  250   81 41.166667 12.833333
  42  172   82 28.715476 13.284524
  58  264   82 44.152381 13.847619
  41  170   78 28.415476 12.584524
  59  274   78 46.152381 12.847619
  49  206   91 34.083333 14.916667
  51  212   91 35.717857 15.282143
  51  220   90 36.296429 14.703571
  49  200   90 33.545238 15.454762
  54  234   95 38.964286 15.035714
  46  176   95 29.876190 16.123810
  43  176   84 29.295238 13.704762
  57  256   84 42.951190 14.048810
  50  216   82 36.259524 13.740476
  50  220   82 36.738095 13.261905
  43  186   75 31.125000 11.875000
  57  264   75 44.488095 12.511905
  41  178   71 29.507143 11.492857
  59  280   71 46.982143 12.017857
  42  170   80 28.442857 13.557143
  58  270   80 44.847619 13.152381
  38  154   71 25.928571 12.071429
  62  304   71 50.423810 11.576190
  32  122   70 20.294048 11.705952
  68  338   70 56.314286 11.685714
  35  134   74 22.700000 12.300000
  65  318   74 52.953571 12.046429
  40  170   69 28.692857 11.307143
  60  292   69 48.738095 11.261905
  30  120   69 19.484524 10.515476
  70  342   69 57.900000 12.100000
  34  122   80 20.635714 13.364286
  66  318   80 52.840476 13.159524
  29   96   75 16.444048 12.555952
  71  354   75 58.942857 12.057143
  22   62   72 10.223810 11.776190
  78  394   72 66.124603 11.875397
  36  140   75 23.600000 12.400000
  64  310   75 51.596429 12.403571
  43  182   76 30.530952 12.469048
  57  266   76 44.563095 12.436905
  51  222   81 37.247619 13.752381
  49  216   81 35.804762 13.195238
  67  318   79 53.603571 13.396429
  33  124   79 20.490476 12.509524
  67  310   91 51.647619 15.352381
  33  108   91 17.876190 15.123810
  73  354   79 59.775000 13.225000
  27   88   79 14.510714 12.489286
  63  294   88 48.869048 14.130952
  37  130   88 21.797619 15.202381
  52  214   92 36.278571 15.721429
  48  202   92 33.569444 14.430556
  46  184   93 30.742857 15.257143
  54  230   93 38.666667 15.333333
  43  186   71 31.171429 11.828571
  57  272   71 45.521429 11.478571
  31  104   80 17.676190 13.323810
  69  336   80 55.995238 13.004762
  35  124   83 21.197619 13.802381
  65  310   83 51.627381 13.372619
  19   54   61 9.033333 9.966667
  81  424   61 70.900000 10.100000
  20   58   63 9.764286 10.235714
  80  416   63 69.448810 10.551190
  17   44   57 7.404762 9.595238
  83  442   57 73.733333 9.266667
  15   28   64 4.745238 10.254762
  85  444   64 74.301190 10.698810
  15   36   51 6.238095 8.761905
  85  462   51 76.871429 8.128571
  22   68   63 11.545238 10.454762
  78  406   63 67.666667 10.333333
  25   64   86 10.827381 14.172619
  75  364   86 60.917857 14.082143
  17   34   69 5.642857 11.357143
  83  428   69 71.459524 11.540476
  24   88   58 14.680952 9.319048
  76  396   58 66.361905 9.638095
  26   82   74 13.809524 12.190476
  74  370   74 61.847619 12.152381
  28   94   73 15.667857 12.332143
  72  360   73 59.819048 12.180952
  38  142   84 23.969048 14.030952
  62  290   84 48.171429 13.828571
  30  104   79 17.232143 12.767857
  70  338   79 56.702381 13.297619
  32  114   79 19.228571 12.771429
  68  328   79 54.780952 13.219048
  34  112   93 18.761905 15.238095
  66  302   93 50.514286 15.485714
  43  160   93 27.280952 15.719048
  57  254   93 41.794048 15.205952
  44  166   97 27.714286 16.285714
  56  240   97 40.313095 15.686905
  50  178  121 30.063095 19.936905
  50  180  121 29.842857 20.157143
  42  154   96 25.738095 16.261905
  58  254   96 42.520238 15.479762
  40  144  100 24.052381 15.947619
  60  256  100 43.440476 16.559524
  31  108   76 18.426190 12.573810
  69  340   76 56.745238 12.254762
  17   44   58 7.571429 9.428571
  83  440   58 73.532143 9.467857
  19   40   75 6.826190 12.173810
  81  410   75 68.695238 12.304762
  18   44   65 7.228571 10.771429
  82  426   65 70.996429 11.003571
  21   68   60 11.400000 9.600000
  79  412   60 68.857143 10.142857
  21   70   54 11.685714 9.314286
  79  422   54 70.119048 8.880952
  13   20   63 3.159524 9.840476
  87  454   63 76.084524 10.915476
  13   20   60 3.233333 9.766667
  87  460   60 76.950000 10.050000
  22   56   78 9.338095 12.661905
  78  388   78 64.660714 13.339286
  27   96   65 16.215476 10.784524
  73  374   65 62.452381 10.547619
  38  162   63 27.188095 10.811905
  62  312   63 51.722619 10.277381
  31  128   59 21.407143 9.592857
  69  354   59 59.202381 9.797619
  26   90   61 15.342857 10.657143
  74  388   61 64.205952 9.794048
  24   92   53 15.328571 8.671429
  76  402   53 67.146429 8.853571
  25   84   63 14.105952 10.894048
  75  390   63 64.683333 10.316667
  27   86   78 14.445238 12.554762
  73  358   78 59.942857 13.057143
  31  110   77 18.338095 12.661905
  69  336   77 56.255952 12.744048
  25   78   73 13.255952 11.744048
  75  376   73 62.948810 12.051190
  22   72   60 12.040476 9.959524
  78  408   60 68.036905 9.963095
  16   48   49 8.080952 7.919048
  84  454   49 75.814286 8.185714
  23   88   49 14.721429 8.278571
  77  414   49 68.821429 8.178571
  16   54   39 9.340476 6.659524
  84  468   39 77.929762 6.070238
  15   48   42 8.047619 6.952381
  85  468   42 78.169048 6.830952
  20   62   56 10.619048 9.380952
  80  426   56 70.869048 9.130952
  24   78   65 13.223810 10.776190
  76  392   65 65.413095 10.586905
  19   58   58 9.476190 9.523810
  81  426   58 71.317857 9.682143
  25   80   79 12.798810 12.201190
  75  362   79 61.141667 13.858333
  23   74   63 12.433333 10.566667
  77  400   63 66.769048 10.230952
  20   60   64 9.875000 10.125000
  80  412   64 69.170238 10.829762
  19   54   59 9.014286 9.985714
  81  428   59 71.375000 9.625000
  24   90   56 15.076190 8.923810
  76  398   56 66.611905 9.388095
  25   76   74 12.741667 12.258333
  75  376   74 62.816667 12.183333
  30   96   84 16.247619 13.752381
  70  336   84 56.133333 13.866667
  41  148   95 24.747619 16.252381
  59  262   95 43.420238 15.579762
  38  128  100 21.558333 16.441667
  62  272  100 45.414286 16.585714
  43  168   89 28.354762 14.645238
  57  254   89 42.419048 14.580952
  27   80   88 12.969048 14.030952
  73  344   88 58.035714 14.964286
  25   86   64 14.361905 10.638095
  75  386   64 64.752381 10.247619
  21   76   53 12.395238 8.604762
  79  418   53 70.277381 8.722619
  21   68   59 11.507143 9.492857
  79  414   59 69.233333 9.766667
  17   52   51 8.904762 8.095238
  83  446   51 74.552381 8.447619
  23   80   59 13.352381 9.647619
  77  402   59 67.117857 9.882143
  26  100   49 17.178571 8.821429
  74  402   49 66.564286 7.435714
  14   42   38 7.254762 6.745238
  86  482   38 80.016667 5.983333
  25   88   60 14.933333 10.066667
  75  392   60 65.272619 9.727381
  26   90   68 15.004762 10.995238
  74  374   68 62.680952 11.319048
  28  112   55 18.914286 9.085714
  72  378   55 63.057143 8.942857
  37  152   68 25.676190 11.323810
  63  312   68 51.980952 11.019048
  44  176   83 29.752381 14.247619
  56  258   83 42.880952 13.119048
  48  196   87 33.178571 14.821429
  52  230   87 38.134524 13.865476
  52  218   87 36.947619 15.052381
  48  208   87 34.202381 13.797619
  45  188   86 31.185714 13.814286
  55  240   86 40.420635 14.579365
  50  204   99 33.900000 16.100000
  50  198   99 33.335714 16.664286
  50  192  105 32.385714 17.614286
  50  198  105 33.063095 16.936905
  59  272   82 45.601190 13.398810
  41  164   82 27.544048 13.455952
  69  340   76 56.788095 12.211905
  31  108   76 18.227381 12.772619
  61  296   72 49.453571 11.546429
  39  160   72 27.046429 11.953571
  67  344   57 57.495238 9.504762
  33  142   57 23.514286 9.485714
  77  404   59 67.309524 9.690476
  23   78   59 13.304762 9.695238
  63  304   69 50.971429 12.028571
  37  158   69 26.267857 10.732143
  80  424   56 70.842857 9.157143
  20   64   56 10.728571 9.271429
  82  434   58 72.405952 9.594048
  18   50   58 8.278571 9.721429
  88  488   41 81.314286 6.685714
  12   30   41 5.171429 6.828571
  90  510   30 84.966667 5.033333
  10   30   30 4.966667 5.033333
  89  500   37 83.157143 5.842857
  11   26   37 4.504762 6.495238
  91  514   36 85.433333 5.566667
   9   14   36 2.528571 6.471429
  93  532   27 88.663095 4.336905
   7   14   27 2.519048 4.480952
  93  540   20 89.850000 3.150000
   7   20   20 3.447619 3.552381
  91  514   30 85.953571 5.046429
   9   26   30 4.247619 4.752381
  93  534   22 89.152381 3.847619
   7   22   22 3.523810 3.476190
  95  542   26 90.509524 4.490476
   5    6   26 0.952381 4.047619
  93  534   24 88.957143 4.042857
   7   18   24 3.023810 3.976190
  96  562   15 93.589286 2.410714
   4    8   15 1.366667 2.633333
  99  586    7 97.790476 1.209524
   1    0    7 0.000000 1.000000
  99  588    6 97.980952 1.019048
   1    0    6 0.000000 1.000000
 100  600    0 100.000000 0.000000
