   1    0    7 0.000000 1.000000
   2    2    9 0.366667 1.633333
   1    0    6 0.000000 1.000000
   1    0    6 0.000000 1.000000
   1    0    6 0.000000 1.000000
   2    2    9 0.366667 1.633333
   1    0    5 0.000000 1.000000
   2    2   11 0.309524 1.690476
   1    0    6 0.000000 1.000000
   1    0    6 0.000000 1.000000
   1    0    7 0.000000 1.000000
   1    0    6 0.000000 1.000000
   1    0    6 0.000000 1.000000
   2    2    9 0.366667 1.633333
   1    0    5 0.000000 1.000000
   2    2   10 0.333333 1.666667
   1    0    6 0.000000 1.000000
   1    0    6 0.000000 1.000000
   3    6   12 1.019048 1.980952
   1    0    7 0.000000 1.000000
   1    0    8 0.000000 1.000000
   1    0    7 0.000000 1.000000
   4    8   15 1.361905 2.638095
   1    0    6 0.000000 1.000000
   2    2   10 0.342857 1.657143
   1    0    6 0.000000 1.000000
   1    0    7 0.000000 1.000000
   2    2   10 0.342857 1.657143
   8   24   23 4.157143 3.842857
   1    0    6 0.000000 1.000000
   2    2    9 0.366667 1.633333
   1    0    7 0.000000 1.000000
   1    0    7 0.000000 1.000000
   3    6    9 1.233333 1.766667
   1    0    7 0.000000 1.000000
   1    0    6 0.000000 1.000000
   1    0    7 0.000000 1.000000
   1    0    6 0.000000 1.000000
   2    0   13 0.000000 2.000000
   1    0    7 0.000000 1.000000
   3    4   13 0.742857 2.257143
   1    0    6 0.000000 1.000000
   1    0    6 0.000000 1.000000
   3    6   12 1.019048 1.980952
   4    8   16 1.314286 2.685714
   1    0    6 0.000000 1.000000
   1    0    6 0.000000 1.000000
   1    0    7 0.000000 1.000000
   1    0    6 0.000000 1.000000
   1    0    6 0.000000 1.000000
   4    8   16 1.385714 2.614286
   1    0    6 0.000000 1.000000
   4    6   17 1.066667 2.933333
   2    2    9 0.366667 1.633333
   2    2    9 0.366667 1.633333
   2    2    9 0.366667 1.633333
   3    4   16 0.583333 2.416667
   2    2    9 0.366667 1.633333
   1    0    6 0.000000 1.000000
   2    2   11 0.325000 1.675000
   1    0    7 0.000000 1.000000
   9   26   29 4.228571 4.771429
   3    4   16 0.667857 2.332143
   5   12   16 2.128571 2.871429
   1    0    7 0.000000 1.000000
   1    0    7 0.000000 1.000000
   6   18   17 3.190476 2.809524
   2    2    9 0.366667 1.633333
   5   14   15 2.404762 2.595238
   1    0    7 0.000000 1.000000
   1    0    6 0.000000 1.000000
   2    2   10 0.333333 1.666667
   2    2    9 0.366667 1.633333
   9   24   33 3.950000 5.050000
   2    2    8 0.400000 1.600000
   6   16   20 2.738095 3.261905
   3    6   11 1.066667 1.933333
   2    2   11 0.325000 1.675000
   3    4   14 0.652381 2.347619
   2    2   11 0.309524 1.690476
   1    0    7 0.000000 1.000000
   3    4   17 0.571429 2.428571
   2    2   11 0.309524 1.690476
   1    0    6 0.000000 1.000000
   6   14   20 2.404762 3.595238
   2    0   11 0.000000 2.000000
   1    0    6 0.000000 1.000000
   1    0    7 0.000000 1.000000
   7   18   20 3.266667 3.733333
   1    0    7 0.000000 1.000000
   1    0    5 0.000000 1.000000
   3    4   12 0.733333 2.266667
   2    2    9 0.366667 1.633333
   2    2   11 0.309524 1.690476
   2    2   11 0.309524 1.690476
   1    0    6 0.000000 1.000000
   7   12   29 2.052381 4.947619
   9   32   20 5.519048 3.480952
   8   18   32 2.909524 5.090476
   1    0    5 0.000000 1.000000
   4    8   17 1.316667 2.683333
   7   20   20 3.471429 3.528571
   3    4   14 0.676190 2.323810
   1    0    7 0.000000 1.000000
   8   16   30 2.695238 5.304762
   3    6   13 0.952381 2.047619
   6   12   23 2.109524 3.890476
   4    6   19 0.952381 3.047619
   3    6   13 0.952381 2.047619
   3    6   13 0.971429 2.028571
  11   38   25 6.683333 4.316667
   6   18   18 2.971429 3.028571
   1    0    7 0.000000 1.000000
   1    0    7 0.000000 1.000000
   7   12   28 2.100000 4.900000
   1    0    8 0.000000 1.000000
   1    0    6 0.000000 1.000000
   2    2   11 0.309524 1.690476
   8   12   38 2.047619 5.952381
   5   12   19 1.952381 3.047619
  10   24   40 3.761905 6.238095
   3    4   14 0.709524 2.290476
   8   24   24 3.942857 4.057143
   4    4   21 0.642857 3.357143
   2    2    8 0.400000 1.600000
   6    8   26 1.433333 4.566667
   4    8   15 1.452381 2.547619
   7    8   31 1.400000 5.600000
   7   22   21 3.542857 3.457143
   8   26   22 4.513095 3.486905
   3    4   13 0.700000 2.300000
  14   44   38 7.466667 6.533333
   2    2   10 0.333333 1.666667
   5   10   20 1.685714 3.314286
   1    0    6 0.000000 1.000000
   1    0    7 0.000000 1.000000
   1    0    6 0.000000 1.000000
  11   26   38 4.600000 6.400000
   7   16   29 2.500000 4.500000
   7   10   32 1.684524 5.315476
   4    4   22 0.619048 3.380952
   6   12   26 1.923810 4.076190
   2    2   10 0.333333 1.666667
   2    2    9 0.366667 1.633333
   6   10   21 1.883333 4.116667
   4    6   17 1.033333 2.966667
  15   46   43 7.790476 7.209524
   8   26   24 4.238095 3.761905
   5   10   20 1.714286 3.285714
   6   16   21 2.680952 3.319048
   9   24   30 4.042857 4.957143
   1    0    6 0.000000 1.000000
   4    4   19 0.700000 3.300000
   2    2   11 0.325000 1.675000
   1    0    6 0.000000 1.000000
   6    8   30 1.277381 4.722619
  11   26   40 4.380952 6.619048
   3    2   15 0.366667 2.633333
   5   12   19 2.004762 2.995238
   7   22   19 3.766667 3.233333
  13   44   34 7.357143 5.642857
   2    2    9 0.366667 1.633333
  15   36   54 6.147619 8.852381
   6   16   20 2.638095 3.361905
  10   36   25 6.163095 3.836905
  11   28   37 4.661905 6.338095
   5   12   17 2.061905 2.938095
   2    2   11 0.309524 1.690476
   3    4   14 0.666667 2.333333
   4    4   22 0.666667 3.333333
  21   66   59 11.300000 9.700000
   4    4   20 0.666667 3.333333
  11   34   31 5.785714 5.214286
  10   20   37 3.519048 6.480952
   4    6   20 0.952381 3.047619
  15   22   70 3.629762 11.370238
  13   34   43 5.790476 7.209524
   5    8   23 1.285714 3.714286
   4    2   23 0.333333 3.666667
   5   10   18 1.833333 3.166667
   1    0    6 0.000000 1.000000
   3    6   12 1.019048 1.980952
   7   14   30 2.308333 4.691667
  22   76   57 12.780952 9.219048
   7   14   25 2.523810 4.476190
  21   86   42 14.333333 6.666667
   5   10   19 1.742857 3.257143
   9   18   34 3.209524 5.790476
  11   24   41 4.176190 6.823810
   7   12   31 1.980952 5.019048
   4    8   14 1.466667 2.533333
   4    6   18 1.019048 2.980952
   3    4   17 0.571429 2.428571
  11   34   30 5.823810 5.176190
  14   40   47 6.433333 7.566667
   9   32   21 5.447619 3.552381
  30  126   54 21.173810 8.826190
   4    4   20 0.666667 3.333333
   6    8   30 1.280952 4.719048
  14   38   43 6.455952 7.544048
   7    8   36 1.285714 5.714286
   1    0    6 0.000000 1.000000
   2    2    9 0.366667 1.633333
   2    2   10 0.342857 1.657143
   7   16   25 2.700000 4.300000
  12   32   40 5.445238 6.554762
   6   18   18 3.111905 2.888095
  23   78   60 13.097619 9.902381
  10   20   42 3.309524 6.690476
   3    2   17 0.333333 2.666667
  18   54   50 9.309524 8.690476
  11   20   48 3.323810 7.676190
   1    0    6 0.000000 1.000000
   3    6   13 0.971429 2.028571
   6   12   23 2.083333 3.916667
  12   38   34 6.295238 5.704762
  14   40   44 6.790476 7.209524
   6   12   24 1.957143 4.042857
  33  144   53 24.140476 8.859524
   8    6   42 1.067857 6.932143
   1    0    7 0.000000 1.000000
  15   46   45 7.723810 7.276190
   6    8   28 1.342857 4.657143
   5    4   25 0.700000 4.300000
  11   32   34 5.442857 5.557143
  10   24   36 4.038095 5.961905
  14   42   39 7.228571 6.771429
  19   56   64 9.019048 9.980952
  15   42   48 7.019048 7.980952
   1    0    7 0.000000 1.000000
  19   68   44 11.452381 7.547619
   4    4   18 0.733333 3.266667
   7   16   26 2.680952 4.319048
   9   24   31 3.947619 5.052381
  10   28   32 4.742857 5.257143
   9   24   30 3.995238 5.004762
  13   34   44 5.619048 7.380952
  21   66   63 10.804762 10.195238
   5   14   16 2.450000 2.550000
  21   86   37 14.738095 6.261905
   5    6   24 1.042857 3.957143
   7   18   23 3.071429 3.928571
   7   14   25 2.500000 4.500000
   7   10   35 1.604762 5.395238
   8   18   30 3.004762 4.995238
  15   44   47 7.314286 7.685714
  26   92   63 15.461905 10.538095
   7   14   28 2.461905 4.538095
  17   52   52 8.685714 8.314286
   7   18   22 3.195238 3.804762
   6   12   24 2.075000 3.925000
   6    6   33 0.904762 5.095238
  13   34   45 5.665476 7.334524
   9   26   30 4.314286 4.685714
  20   72   49 11.915476 8.084524
  20   50   65 8.554762 11.445238
   6   14   23 2.290476 3.709524
  11   24   41 4.111905 6.888095
   8   22   25 3.804762 4.195238
   7   18   23 3.128571 3.871429
   7   12   29 2.071429 4.928571
  14   40   47 6.621429 7.378571
   8   22   26 3.680952 4.319048
  20   64   56 10.738095 9.261905
  23   58   77 9.917857 13.082143
   4    8   15 1.361905 2.638095
  12   26   47 4.319048 7.680952
   8   22   27 3.557143 4.442857
   4    8   16 1.328571 2.671429
  10   12   45 2.219048 7.780952
   9   18   36 3.071429 5.928571
   7   14   27 2.380952 4.619048
  28   86   80 14.442857 13.557143
  16   26   73 4.290476 11.709524
   2    2    9 0.366667 1.633333
  13   34   43 5.876190 7.123810
   9   20   37 3.190476 5.809524
   6   10   28 1.590476 4.409524
  13   40   38 6.704762 6.295238
  11   20   44 3.373810 7.626190
   7   18   24 2.995238 4.004762
  27   78   81 13.433333 13.566667
  19   42   75 7.036905 11.963095
   3    4   16 0.595238 2.404762
   9   12   43 2.150000 6.850000
   7    8   33 1.419048 5.580952
   4    8   16 1.333333 2.666667
  16   52   43 8.600000 7.400000
  11   18   48 3.035714 7.964286
   8   22   26 3.733333 4.266667
  20   62   59 10.361905 9.638095
  20   54   64 9.257143 10.742857
   1    0    7 0.000000 1.000000
   9   20   36 3.288095 5.711905
  13   42   35 7.204762 5.795238
   2    2   10 0.333333 1.666667
  24   92   49 15.571429 8.428571
  11   22   44 3.859524 7.140476
   4    4   20 0.666667 3.333333
  22   68   64 11.566667 10.433333
  12   30   43 5.133333 6.866667
   6    2   36 0.309524 5.690476
  19   68   45 11.485714 7.514286
   2    2   11 0.309524 1.690476
  17   62   42 10.279762 6.720238
  10   14   48 2.223810 7.776190
   5    4   24 0.700000 4.300000
  25   84   66 14.038095 10.961905
  11   18   43 3.266667 7.733333
   6    8   27 1.400000 4.600000
  25   98   55 16.277381 8.722619
   1    0    7 0.000000 1.000000
  20   74   48 12.310714 7.689286
   9   12   42 2.019048 6.980952
   4    2   20 0.366667 3.633333
  22   80   51 13.323810 8.676190
  14   38   48 6.380952 7.619048
  11   24   42 3.985714 7.014286
  19   70   42 11.951190 7.048810
   1    0    7 0.000000 1.000000
  20   72   47 12.092857 7.907143
  18   52   58 8.705952 9.294048
   3    2   15 0.342857 2.657143
  21   66   60 10.957143 10.042857
  12   34   38 5.685714 6.314286
   9   12   44 1.914286 7.085714
  17   62   38 10.633333 6.366667
  22   62   69 10.433333 11.566667
  19   52   68 8.469048 10.530952
  25   90   57 15.180952 9.819048
   9   26   29 4.280952 4.719048
  10   22   36 3.819048 6.180952
  15   62   27 10.571429 4.428571
  25   84   64 14.161905 10.838095
  22   60   76 9.780952 12.219048
  20   72   47 12.109524 7.890476
   8   20   29 3.423810 4.576190
   8   12   33 2.133333 5.866667
  17   66   37 10.880952 6.119048
  23   60   74 10.290476 12.709524
  23   60   79 10.057143 12.942857
  17   50   52 8.330952 8.669048
   4    4   20 0.676190 3.323810
  14   26   60 4.252381 9.747619
  19   70   45 11.616667 7.383333
  32  116   78 19.289286 12.710714
  13   24   56 4.038095 8.961905
  20   64   54 10.761905 9.238095
   1    0    6 0.000000 1.000000
  18   48   57 8.180952 9.819048
  16   54   43 9.023810 6.976190
  32  112   81 18.603571 13.396429
   5    4   27 0.709524 4.290476
  23   62   73 10.626190 12.373810
  26   88   68 14.811905 11.188095
  14   48   37 8.102381 5.897619
  28   90   79 15.205952 12.794048
   8   14   34 2.409524 5.590476
  33  110   85 18.638095 14.361905
  23   62   77 10.185714 12.814286
   8   14   35 2.347619 5.652381
  28   94   74 15.804762 12.195238
   6   10   25 1.733333 4.266667
  35  146   66 24.358730 10.641270
  23   60   80 9.923810 13.076190
   8   22   23 3.945238 4.054762
  26   94   65 15.314286 10.685714
  11   32   32 5.616667 5.383333
  32  116   76 19.272619 12.727381
  24   64   78 10.740476 13.259524
   7   14   29 2.366667 4.633333
  28   90   74 15.247619 12.752381
   5   10   20 1.695238 3.304762
  32  128   68 21.319048 10.680952
  28   82   87 13.664286 14.335714
   7   14   27 2.338095 4.661905
  37  130   88 22.117857 14.882143
   4    2   21 0.333333 3.666667
  30  124   57 20.957143 9.042857
  22   60   72 10.023810 11.976190
   7   16   30 2.528571 4.471429
  48  200   87 33.810714 14.189286
   2    2   11 0.309524 1.690476
  32  136   59 22.495238 9.504762
  15   22   64 3.852381 11.147619
   3    2   17 0.333333 2.666667
  51  220   87 36.561905 14.438095
  41  170   72 28.814286 12.185714
   8    8   43 1.309524 6.690476
  51  222   88 37.147619 13.852381
  40  162   75 27.492857 12.507143
   9   14   39 2.400000 6.600000
  32  124   74 20.300000 11.700000
  47  210   66 35.416667 11.583333
  21   72   54 12.100000 8.900000
  28   90   78 15.019048 12.980952
  50  230   71 38.353571 11.646429
  22   70   61 11.735714 10.264286
  29   96   78 16.028571 12.971429
  44  200   66 33.376190 10.623810
  27  106   54 17.795238 9.204762
  35  140   67 23.728571 11.271429
  33  136   63 22.633333 10.366667
  32  142   52 23.580952 8.419048
  27  106   53 18.047619 8.952381
  32  122   70 20.469048 11.530952
  41  182   67 30.285714 10.714286
  23   62   75 10.376190 12.623810
  35  130   83 21.509524 13.490476
  42  176   74 29.551190 12.448810
  26   66   92 10.888095 15.111905
  23   52   84 8.672619 14.327381
  51  240   66 40.279762 10.720238
  23   78   60 13.133333 9.866667
  17   62   40 10.400000 6.600000
  60  302   58 50.423810 9.576190
  17   56   46 9.438095 7.561905
  14   40   44 6.676190 7.323810
  69  350   64 58.473810 10.526190
  14   34   51 5.695238 8.304762
  20   60   61 10.064286 9.935714
  66  336   58 56.294048 9.705952
  17   56   46 9.361905 7.638095
  24   76   67 12.765476 11.234524
  59  292   63 48.670238 10.329762
  14   42   44 6.871429 7.128571
  22   58   75 9.742857 12.257143
  64  306   75 51.442857 12.557143
  11   22   44 3.690476 7.309524
  27   92   76 15.200000 11.800000
  62  268   98 45.391667 16.608333
  18   62   43 10.604762 7.395238
  23   76   62 12.705952 10.294048
  59  286   71 47.605952 11.394048
  16   52   45 8.590476 7.409524
  16   44   53 7.300000 8.700000
  68  348   58 58.380952 9.619048
  17   38   60 6.647619 10.352381
  20   66   55 10.980952 9.019048
  63  302   79 50.444048 12.555952
  19   42   75 6.923810 12.076190
   8   10   41 1.614286 6.385714
  73  338   94 56.872619 16.127381
  28   98   72 16.419048 11.580952
   4    0   26 0.000000 4.000000
  68  324   80 54.533333 13.466667
  20   52   68 8.847619 11.152381
   5    8   22 1.319048 3.680952
  75  380   70 63.486905 11.513095
  13   20   58 3.285714 9.714286
   1    0    7 0.000000 1.000000
  86  458   57 76.483333 9.516667
  10   14   43 2.604762 7.395238
   1    0    7 0.000000 1.000000
  89  490   46 81.544048 7.455952
  13   32   44 5.503571 7.496429
   1    0    7 0.000000 1.000000
  86  470   47 78.404762 7.595238
  15   46   43 7.695238 7.304762
  85  468   43 77.973810 7.026190
  12   28   43 4.703571 7.296429
  88  486   43 81.030952 6.969048
  19   52   58 9.000000 10.000000
  81  432   58 71.847619 9.152381
  22   62   65 10.876190 11.123810
  78  408   65 67.788095 10.211905
  18   58   52 9.652381 8.347619
  82  438   52 73.364286 8.635714
  20   76   46 12.561905 7.438095
  80  432   46 72.176190 7.823810
  14   40   44 6.717857 7.282143
  86  472   44 78.785714 7.214286
  12   32   41 5.400000 6.600000
  88  486   41 81.139286 6.860714
  12   36   37 5.947619 6.052381
  88  490   37 81.661905 6.338095
  17   54   47 9.052381 7.947619
  83  452   47 75.342857 7.657143
  21   74   49 12.714286 8.285714
  79  428   49 71.238095 7.761905
  14   52   31 8.738095 5.261905
  86  486   31 80.847619 5.152381
  22   86   47 14.247619 7.752381
  78  420   47 70.134524 7.865476
  32  144   49 24.082143 7.917857
  68  358   49 59.845238 8.154762
  23   94   44 15.595238 7.404762
  77  418   44 69.644048 7.355952
  28  120   47 20.238095 7.761905
  72  386   47 64.394048 7.605952
  35  146   62 24.595238 10.404762
  65  330   62 55.004762 9.995238
  33  140   57 23.609524 9.390476
  67  346   57 57.571429 9.428571
  34  136   69 22.676190 11.323810
  66  326   69 54.505952 11.494048
  33  118   79 20.061905 12.938095
  67  324   79 54.083333 12.916667
  25   92   59 15.242857 9.757143
  75  390   59 65.215476 9.784524
  27  100   58 17.038095 9.961905
  73  384   58 63.857143 9.142857
  30  116   63 19.514286 10.485714
  70  358   63 59.680952 10.319048
  38  150   76 25.246429 12.753571
  62  298   76 49.500000 12.500000
  27   96   67 16.042857 10.957143
  73  370   67 61.842857 11.157143
  19   44   69 7.472619 11.527381
  81  418   69 69.775000 11.225000
  24   74   71 12.371429 11.628571
  76  384   71 64.259524 11.740476
  30   96   83 16.167857 13.832143
  70  338   83 56.292857 13.707143
  22   62   76 10.314286 11.685714
  78  386   76 64.979762 13.020238
  26   78   79 13.151190 12.848810
  74  364   79 61.084524 12.915476
  22   46   82 7.838095 14.161905
  78  390   82 64.572619 13.427381
  22   54   75 9.338095 12.661905
  78  396   75 65.733333 12.266667
  26   72   81 12.357143 13.642857
  74  366   81 60.877381 13.122619
  28   82   84 14.047619 13.952381
  72  350   84 58.416667 13.583333
  21   66   60 10.952381 10.047619
  79  414   60 69.051190 9.948810
  19   62   51 10.764286 8.235714
  81  436   51 72.641667 8.358333
  22   78   54 13.138095 8.861905
  78  414   54 69.119048 8.880952
  13   34   42 5.945238 7.054762
  87  482   42 80.178571 6.821429
  15   40   46 6.933333 8.066667
  85  468   46 77.647619 7.352381
  15   40   51 6.652381 8.347619
  85  458   51 76.546429 8.453571
  17   48   54 8.090476 8.909524
  83  444   54 74.270238 8.729762
  22   80   53 13.451190 8.548810
  78  414   53 69.219048 8.780952
  24   90   55 15.083333 8.916667
  76  400   55 66.723810 9.276190
  21   60   60 10.385714 10.614286
  79  420   60 69.648810 9.351190
  19   44   71 7.261905 11.738095
  81  414   71 69.189286 11.810714
  28   90   81 14.933333 13.066667
  72  348   81 58.347619 13.652381
  36  112  100 18.930952 17.069048
  64  288  100 47.755952 16.244048
  28   78   89 13.190476 14.809524
  72  344   89 57.407143 14.592857
  21   62   65 10.400000 10.600000
  79  408   65 68.234524 10.765476
  23   68   71 11.336905 11.663095
  77  390   71 65.005952 11.994048
  29   72   96 12.483333 16.516667
  71  336   96 55.853571 15.146429
  29   82   91 13.758333 15.241667
  71  336   91 56.292857 14.707143
  17   34   74 5.495238 11.504762
  83  418   74 70.223810 12.776190
  17   44   59 7.476190 9.523810
  83  438   59 73.153175 9.846825
  17   48   51 8.204762 8.795238
  83  450   51 74.876190 8.123810
  17   46   56 7.765476 9.234524
  83  442   56 73.572619 9.427381
  30  108   71 18.273810 11.726190
  70  350   71 58.536905 11.463095
  24   92   54 15.252381 8.747619
  76  400   54 66.927381 9.072619
  28  108   61 18.259524 9.740476
  72  370   61 61.839286 10.160714
  27   96   66 16.191667 10.808333
  73  372   66 62.055952 10.944048
  33  118   81 19.942063 13.057937
  67  320   81 53.385714 13.614286
  27   92   73 14.952381 12.047619
  73  362   73 60.614286 12.385714
  37  150   73 25.166667 11.833333
  63  304   73 50.847619 12.152381
  25   88   62 14.785714 10.214286
  75  388   62 64.720238 10.279762
  22   74   61 12.185714 9.814286
  78  404   61 67.682143 10.317857
  19   50   67 8.305952 10.694048
  81  416   67 69.727381 11.272619
  18   54   50 9.323810 8.676190
  82  446   50 74.098810 7.901190
  24   80   65 13.228571 10.771429
  76  390   65 65.277381 10.722619
  19   44   71 7.416667 11.583333
  81  414   71 69.261905 11.738095
  19   44   68 7.650000 11.350000
  81  420   68 69.852381 11.147619
  22   68   62 11.709524 10.290476
  78  408   62 68.103571 9.896429
  16   40   56 6.629762 9.370238
  84  448   56 74.679762 9.320238
  22   72   61 12.057143 9.942857
  78  406   61 67.755952 10.244048
  15   36   52 6.207143 8.792857
  85  460   52 76.521429 8.478571
  25   92   59 15.263095 9.736905
  75  390   59 65.166667 9.833333
  31  124   66 20.519048 10.480952
  69  344   66 57.528571 11.471429
  24   88   54 14.842857 9.157143
  76  404   54 67.200000 8.800000
  33  138   59 23.238095 9.761905
  67  344   59 57.479762 9.520238
  41  156   84 26.642857 14.357143
  59  276   84 45.714286 13.285714
  33  114   90 18.571429 14.428571
  67  306   90 51.664286 15.335714
  25   78   76 12.775000 12.225000
  75  370   76 62.088095 12.911905
  28   94   75 15.782143 12.217857
  72  356   75 59.296429 12.703571
  20   50   73 8.273810 11.726190
  80  404   73 67.783333 12.216667
  18   42   62 7.226190 10.773810
  82  434   62 72.161905 9.838095
  15   34   54 5.866667 9.133333
  85  458   54 76.103571 8.896429
  13   30   48 5.052381 7.947619
  87  474   48 79.184524 7.815476
   6    6   30 1.052381 4.947619
  94  534   30 88.863095 5.136905
   2    2    9 0.366667 1.633333
  98  580    9 96.507143 1.492857
   3    6   11 1.085714 1.914286
  97  572   11 95.252381 1.747619
   7   18   26 2.942857 4.057143
  93  530   26 88.592857 4.407143
   6    8   30 1.285714 4.714286
  94  532   30 88.980952 5.019048
   6    4   33 0.642857 5.357143
  94  530   33 88.452381 5.547619
   3    2   15 0.366667 2.633333
  97  568   15 94.585714 2.414286
   1    0    6 0.000000 1.000000
  99  588    6 97.990476 1.009524
   1    0    6 0.000000 1.000000
  99  588    6 97.933333 1.066667
 100  600    0 100.000000 0.000000
