   1    0    6 0.000000 1.000000
   2    2   11 0.309524 1.690476
   6   16   19 2.804762 3.195238
   2    2    8 0.400000 1.600000
   1    0    6 0.000000 1.000000
   1    0    7 0.000000 1.000000
   2    2   10 0.342857 1.657143
   2    2   11 0.309524 1.690476
   1    0    5 0.000000 1.000000
   3    6   12 1.019048 1.980952
   1    0    6 0.000000 1.000000
   1    0    7 0.000000 1.000000
   7   20   21 3.433333 3.566667
   2    2    9 0.366667 1.633333
   1    0    6 0.000000 1.000000
   2    2   11 0.309524 1.690476
   1    0    5 0.000000 1.000000
   1    0    5 0.000000 1.000000
   1    0    6 0.000000 1.000000
   1    0    5 0.000000 1.000000
   1    0    6 0.000000 1.000000
   4    8   14 1.466667 2.533333
   1    0    6 0.000000 1.000000
   2    2   11 0.309524 1.690476
   6   18   17 3.185714 2.814286
   4    8   15 1.361905 2.638095
   2    2    9 0.366667 1.633333
   2    2   13 0.267857 1.732143
   2    2   10 0.333333 1.666667
   1    0    6 0.000000 1.000000
   1    0    7 0.000000 1.000000
   1    0    7 0.000000 1.000000
   1    0    6 0.000000 1.000000
   3    4   14 0.676190 2.323810
   2    2   11 0.309524 1.690476
   1    0    6 0.000000 1.000000
   1    0    6 0.000000 1.000000
   1    0    7 0.000000 1.000000
   2    2    9 0.366667 1.633333
   2    2   11 0.309524 1.690476
   1    0    6 0.000000 1.000000
   1    0    6 0.000000 1.000000
   1    0    7 0.000000 1.000000
   2    2    8 0.400000 1.600000
   1    0    5 0.000000 1.000000
   2    2   11 0.309524 1.690476
   3    6   11 1.066667 1.933333
   1    0    7 0.000000 1.000000
   1    0    7 0.000000 1.000000
   1    0    7 0.000000 1.000000
   1    0    6 0.000000 1.000000
   1    0    6 0.000000 1.000000
   3    4   13 0.700000 2.300000
   1    0    7 0.000000 1.000000
   1    0    6 0.000000 1.000000
   1    0    6 0.000000 1.000000
   4   10   14 1.666667 2.333333
   2    2   11 0.325000 1.675000
   3    4   12 0.733333 2.266667
   2    2   11 0.309524 1.690476
   1    0    6 0.000000 1.000000
   2    2   12 0.285714 1.714286
  10   34   24 5.838095 4.161905
   1    0    7 0.000000 1.000000
   3    4   14 0.666667 2.333333
   2    2   10 0.333333 1.666667
   1    0    6 0.000000 1.000000
   2    2   11 0.309524 1.690476
   1    0    5 0.000000 1.000000
   3    6   12 1.050000 1.950000
   3    4   14 0.666667 2.333333
   3    4   16 0.619048 2.380952
   8   22   22 3.911905 4.088095
   3    6   13 0.952381 2.047619
   4    6   17 1.076190 2.923810
   1    0    7 0.000000 1.000000
   5   10   22 1.586905 3.413095
   1    0    5 0.000000 1.000000
   1    0    6 0.000000 1.000000
   3    4   13 0.700000 2.300000
   9   24   30 4.147619 4.852381
   1    0    7 0.000000 1.000000
   6   16   17 2.900000 3.100000
   1    0    6 0.000000 1.000000
   1    0    6 0.000000 1.000000
   1    0    6 0.000000 1.000000
   2    2   10 0.333333 1.666667
   7   16   27 2.623810 4.376190
   1    0    7 0.000000 1.000000
   1    0    6 0.000000 1.000000
   3    4   13 0.700000 2.300000
   1    0    8 0.000000 1.000000
   5    6   21 1.133333 3.866667
   2    2   11 0.309524 1.690476
   1    0    6 0.000000 1.000000
   2    0   13 0.000000 2.000000
   9   24   29 4.095238 4.904762
   2    2   11 0.309524 1.690476
   3    4   14 0.709524 2.290476
   3    6   12 1.000000 2.000000
   2    2   10 0.333333 1.666667
   3    4   15 0.616667 2.383333
   6   10   26 1.638095 4.361905
   5    8   22 1.376190 3.623810
   7   20   24 3.219048 3.780952
   2    2    9 0.366667 1.633333
   6   10   26 1.652381 4.347619
   1    0    6 0.000000 1.000000
   9   20   34 3.328571 5.671429
   4    8   14 1.466667 2.533333
   1    0    6 0.000000 1.000000
   4    6   17 1.019048 2.980952
   2    2   11 0.309524 1.690476
   6   14   23 2.257143 3.742857
   1    0    7 0.000000 1.000000
   2    2    9 0.366667 1.633333
   1    0    6 0.000000 1.000000
   4    4   21 0.642857 3.357143
   3    4   12 0.766667 2.233333
   6   12   24 1.961905 4.038095
   5   12   16 2.128571 2.871429
   2    2   10 0.342857 1.657143
   2    2   13 0.267857 1.732143
   8   14   34 2.485714 5.514286
   1    0    7 0.000000 1.000000
   6   18   18 3.052381 2.947619
   3    4   14 0.652381 2.347619
   3    4   15 0.691667 2.308333
   5   12   17 2.100000 2.900000
   6   14   21 2.400000 3.600000
   4    6   18 1.009524 2.990476
   1    0    6 0.000000 1.000000
   3    4   14 0.652381 2.347619
   9   22   30 3.766667 5.233333
   1    0    6 0.000000 1.000000
   2    2   11 0.309524 1.690476
   5   10   19 1.761905 3.238095
   3    4   14 0.676190 2.323810
   8   20   29 3.242857 4.757143
   1    0    7 0.000000 1.000000
   2    2   11 0.309524 1.690476
   6    6   28 1.066667 4.933333
   8   28   20 4.871429 3.128571
   3    4   15 0.642857 2.357143
   4    6   19 0.983333 3.016667
   3    4   15 0.619048 2.380952
   4    6   17 1.066667 2.933333
   8   18   33 2.880952 5.119048
  10   22   37 3.704762 6.295238
   5    6   23 1.033333 3.966667
   2    2   10 0.333333 1.666667
   6   12   23 2.119048 3.880952
  10   24   35 4.104762 5.895238
   3    4   12 0.766667 2.233333
   1    0    6 0.000000 1.000000
   7   10   34 1.571429 5.428571
   1    0    6 0.000000 1.000000
   4    8   17 1.275000 2.725000
   3    2   16 0.333333 2.666667
   1    0    7 0.000000 1.000000
   8   26   21 4.405952 3.594048
   1    0    8 0.000000 1.000000
  12   24   44 4.295238 7.704762
   4    8   16 1.328571 2.671429
   5   14   16 2.395238 2.604762
   4    4   22 0.676190 3.323810
   4    6   18 0.985714 3.014286
   5    6   26 0.928571 4.071429
  10   24   34 4.195238 5.804762
   4    4   20 0.676190 3.323810
   2    2   10 0.342857 1.657143
  14   40   46 6.720238 7.279762
  13   36   40 6.278571 6.721429
   1    0    5 0.000000 1.000000
   2    0   12 0.000000 2.000000
   6    6   29 1.033333 4.966667
   5   14   15 2.428571 2.571429
   5   12   17 2.100000 2.900000
   7   18   24 3.000000 4.000000
   1    0    6 0.000000 1.000000
   8   12   39 2.004762 5.995238
   4   10   13 1.808333 2.191667
   4    6   17 1.033333 2.966667
   2    2    9 0.366667 1.633333
  19   62   47 10.873810 8.126190
  12   30   44 4.985714 7.014286
  11   34   32 5.719048 5.280952
   5    8   23 1.309524 3.690476
  15   40   52 6.576190 8.423810
   4    6   18 0.983333 3.016667
   7    8   39 1.196429 5.803571
   3    6   10 1.133333 1.866667
   1    0    7 0.000000 1.000000
   1    0    7 0.000000 1.000000
  11   24   39 4.350000 6.650000
   5   12   18 1.995238 3.004762
   9   32   20 5.547619 3.452381
   2    2   11 0.309524 1.690476
  11   32   31 5.471429 5.528571
  13   36   45 5.914286 7.085714
   7   18   26 2.933333 4.066667
   1    0    7 0.000000 1.000000
  23   76   58 13.013492 9.986508
   5    6   24 1.009524 3.990476
   5    8   22 1.452381 3.547619
   8   22   29 3.528571 4.471429
  14   40   43 6.769048 7.230952
   2    2   10 0.333333 1.666667
   8   20   28 3.300000 4.700000
   1    0    6 0.000000 1.000000
  19   72   43 11.971429 7.028571
  15   48   43 8.000000 7.000000
   2    0   14 0.000000 2.000000
   1    0    7 0.000000 1.000000
  35  134   72 22.695238 12.304762
   3    2   17 0.309524 2.690476
   4    4   20 0.666667 3.333333
   4   10   12 1.800000 2.200000
   8   10   38 1.695238 6.304762
   9   24   29 4.126190 4.873810
  24   88   57 14.661905 9.338095
  12   32   38 5.390476 6.609524
   2    0   11 0.000000 2.000000
  28  102   68 17.052381 10.947619
   6    4   33 0.733333 5.266667
   1    0    7 0.000000 1.000000
  10   28   30 4.900000 5.100000
   8   18   31 3.144048 4.855952
   7   22   16 4.038095 2.961905
  24   82   65 13.495238 10.504762
  14   42   42 7.061905 6.938095
  36  158   59 26.359524 9.640476
   2    2    9 0.366667 1.633333
   6   10   25 1.700000 4.300000
  11   26   42 4.309524 6.690476
   6   12   21 2.266667 3.733333
  28  104   64 17.442857 10.557143
  18   68   37 11.585714 6.414286
  39  166   72 27.570238 11.429762
   1    0    7 0.000000 1.000000
   3    6   13 0.952381 2.047619
   5   10   20 1.685714 3.314286
   6   10   27 1.628571 4.371429
  30  110   70 18.420238 11.579762
  18   60   49 10.047619 7.952381
  36  144   71 24.219048 11.780952
   6   18   18 3.083333 2.916667
   4    8   15 1.452381 2.547619
   9   16   38 2.609524 6.390476
  28  102   65 17.209524 10.790476
  19   56   62 9.214286 9.785714
  37  150   70 25.300000 11.700000
   3    4   13 0.700000 2.300000
   4    8   16 1.333333 2.666667
   3    4   16 0.625000 2.375000
  36  130   81 22.116667 13.883333
  18   46   63 7.619048 10.380952
  36  136   84 22.436905 13.563095
   4   10   13 1.819048 2.180952
   3    6   11 1.085714 1.914286
   5   14   15 2.433333 2.566667
  31  104   86 17.360714 13.639286
  13   28   52 4.642857 8.357143
  40  140   95 23.780952 16.219048
   5   10   19 1.766667 3.233333
   6   14   23 2.233333 3.766667
  27   94   70 15.625000 11.375000
  10   10   48 1.733333 8.266667
  49  190  104 32.032143 16.967857
  10   28   33 4.609524 5.390476
   4    4   19 0.709524 3.290476
  34  116   80 19.921429 14.078571
   8   10   39 1.759524 6.240476
  36  124  100 20.080952 15.919048
  19   76   37 12.738095 6.261905
   3    4   14 0.709524 2.290476
  34  110   93 18.633333 15.366667
   4    8   14 1.550000 2.450000
  44  164  103 27.461905 16.538095
  15   52   39 8.542857 6.457143
   3    4   13 0.742857 2.257143
  30  100   80 16.702381 13.297619
   6   14   22 2.304762 3.695238
  43  168   88 28.175000 14.825000
  14   46   40 7.500000 6.500000
   7   24   18 4.161905 2.838095
  33  112   82 19.091667 13.908333
   9   22   34 3.646429 5.353571
  46  190   89 31.792857 14.207143
   8   18   29 3.195238 4.804762
   4    6   18 1.016667 2.983333
  34  108   89 18.666667 15.333333
  11   30   37 5.090476 5.909524
  43  170   89 28.309524 14.690476
   9   14   43 2.271429 6.728571
   3    2   18 0.309524 2.690476
  34  128   76 21.465476 12.534524
   7   22   20 3.728571 3.271429
  46  178   96 29.776190 16.223810
   4    0   27 0.000000 4.000000
   9   22   31 3.876190 5.123810
  40  170   66 28.722619 11.277381
  13   42   38 6.977381 6.022619
  35  132   80 21.990476 13.009524
   3    6   12 1.050000 1.950000
   9   30   24 5.009524 3.990476
  40  152   87 25.566667 14.433333
  15   50   45 8.059524 6.940476
  34  114   89 19.171429 14.828571
  11   28   35 4.855952 6.144048
  57  252   89 42.232143 14.767857
  14   30   54 5.004762 8.995238
  24   72   73 12.164286 11.835714
   5   12   18 1.966667 3.033333
  45  200   71 33.547619 11.452381
  17   60   42 10.195238 6.804762
  35  136   73 23.128571 11.871429
   3    6   12 1.000000 2.000000
  41  172   74 28.861905 12.138095
  17   58   41 9.913095 7.086905
  38  144   86 23.885714 14.114286
   4    6   19 0.976190 3.023810
  40  156   86 26.139286 13.860714
  17   50   51 8.380952 8.619048
  39  134   99 22.592857 16.407143
   4    4   20 0.666667 3.333333
  45  194   77 32.729762 12.270238
  15   38   48 6.647619 8.352381
  28   90   81 14.911905 13.088095
  12   36   36 6.109524 5.890476
  24   68   77 11.204762 12.795238
  31  112   72 19.011905 11.988095
  24   72   73 12.100000 11.900000
  21   90   36 15.260714 5.739286
  16   42   55 6.838095 9.161905
  48  196   86 33.204762 14.795238
  16   26   72 4.352381 11.647619
  20   72   51 11.919048 8.080952
  19   56   57 9.333333 9.666667
  47  204   80 33.915476 13.084524
  18   52   53 8.957143 9.042857
  16   54   44 9.004762 6.995238
  14   42   43 6.985714 7.014286
  58  264   80 44.219048 13.780952
  17   46   56 7.771429 9.228571
  11   32   37 5.235714 5.764286
  18   64   45 10.730952 7.269048
  57  264   75 44.400000 12.600000
  13   28   52 4.582143 8.417857
  12   40   32 6.771429 5.228571
  16   42   53 7.310714 8.689286
  60  278   78 46.640476 13.359524
  11   20   47 3.400000 7.600000
  13   36   46 5.860714 7.139286
  14   38   51 6.109524 7.890476
  64  296   81 50.002381 13.997619
   8   14   34 2.390476 5.609524
  14   40   46 6.857540 7.142460
  13   22   57 3.689286 9.310714
  69  346   67 57.819048 11.180952
  11   28   41 4.588095 6.411905
   7   10   29 1.785714 5.214286
  15   38   55 6.317857 8.682143
  62  310   63 51.858333 10.141667
  17   54   44 9.352381 7.647619
   6    8   28 1.342857 4.657143
  12   28   43 4.761905 7.238095
  62  310   62 51.792857 10.207143
  21   66   63 11.092857 9.907143
   5    4   24 0.700000 4.300000
  11   38   27 6.476190 4.523810
  61  304   61 51.055952 9.944048
  28  104   66 17.380952 10.619048
  11   36   29 6.133333 4.866667
  51  250   60 41.517857 9.482143
  38  152   73 25.814286 12.185714
   8   24   23 4.038095 3.961905
  56  238   95 40.035714 15.964286
  36  124   96 20.571429 15.428571
  14   52   34 8.585714 5.414286
  54  236   82 39.921429 14.078571
  32  112   84 18.480952 13.519048
  17   54   48 9.109524 7.890476
  49  198   93 33.270238 15.729762
  34  108   99 17.976190 16.023810
  22   78   56 13.090476 8.909524
  58  242  102 40.909524 17.090476
  20   38   84 6.300000 13.700000
  18   60   48 10.080952 7.919048
  58  248  101 41.514286 16.485714
  24   72   71 12.264286 11.735714
   9   24   33 3.833333 5.166667
  58  240  103 40.433333 17.566667
  33  102   98 17.166667 15.833333
  10   20   37 3.495238 6.504762
  55  234  100 38.866667 16.133333
  35  106  103 18.019048 16.980952
  10   16   40 2.871429 7.128571
  49  216   84 35.583333 13.416667
  41  164   80 27.533333 13.466667
   9    8   48 1.304762 7.695238
  54  234   90 39.347619 14.652381
  37  136   84 22.747619 14.252381
  10   12   47 2.119048 7.880952
  59  260   95 43.366667 15.633333
  31  110   76 18.363095 12.636905
   8   14   34 2.383333 5.616667
  51  210   99 34.991667 16.008333
  41  152   91 25.911905 15.088095
  11   28   36 4.809524 6.190476
  61  264  104 43.838095 17.161905
  28   72   96 12.192857 15.807143
  10   18   43 3.057143 6.942857
  59  244  113 40.669048 18.330952
  31   74  108 12.595238 18.404762
   8   14   36 2.400000 5.600000
  61  262  102 43.823810 17.176190
  31   86  100 14.448810 16.551190
  15   40   49 6.917857 8.082143
  53  206  107 34.961905 18.038095
  32  104   94 17.111905 14.888095
   8   10   40 1.710714 6.289286
  46  186   93 31.000000 15.000000
  46  180   91 30.342857 15.657143
  13   36   42 5.963095 7.036905
  47  192   90 32.154762 14.845238
  40  148   92 24.747619 15.252381
  13   38   40 6.442857 6.557143
  57  242  104 40.219048 16.780952
  30   90   86 15.386905 14.613095
   8   20   28 3.357143 4.642857
  60  252  108 41.833333 18.166667
  32  100   92 16.764286 15.235714
   8   22   28 3.476190 4.523810
  58  238  109 40.039286 17.960714
  34  104   99 17.533333 16.466667
   6   10   25 1.700000 4.300000
  65  262  124 44.260714 20.739286
  29   70  109 11.400000 17.600000
   7   12   31 1.990476 5.009524
  58  252   97 42.113095 15.886905
  35  110   98 18.736905 16.263095
   6   16   20 2.728571 3.271429
  58  246  103 41.161905 16.838095
  36  114  101 19.276190 16.723810
   2    2   10 0.342857 1.657143
  54  214  115 35.423810 18.576190
  44  150  109 25.575000 18.425000
  61  284   82 47.270238 13.729762
  39  152   82 25.423810 13.576190
  62  298   70 49.935714 12.064286
  38  162   70 27.038492 10.961508
  61  292   77 48.476190 12.523810
  39  154   77 25.995238 13.004762
  63  316   61 52.980952 10.019048
  37  162   61 26.907143 10.092857
  70  362   59 60.185714 9.814286
  30  120   59 20.133333 9.866667
  70  350   70 58.450000 11.550000
  30  110   70 18.470238 11.529762
  65  342   50 56.995238 8.004762
  35  158   50 26.533333 8.466667
  61  292   71 48.964286 12.035714
  39  166   71 27.542857 11.457143
  55  258   73 43.078571 11.921429
  45  196   73 32.857937 12.142063
  54  248   76 41.495238 12.504762
  46  200   76 33.478571 12.521429
  61  280   79 47.069048 13.930952
  39  162   79 26.515476 12.484524
  57  264   78 44.094048 12.905952
  43  180   78 30.035714 12.964286
  42  166   84 27.992857 14.007143
  58  266   84 44.309524 13.690476
  38  144   88 23.832143 14.167857
  62  280   88 47.076190 14.923810
  50  212   85 35.461905 14.538095
  50  218   85 35.888095 14.111905
  36  144   73 23.997619 12.002381
  64  310   73 52.050000 11.950000
  50  224   76 37.464286 12.535714
  50  224   76 37.351190 12.648810
  50  218   83 36.502381 13.497619
  50  216   83 36.222619 13.777381
  55  254   77 42.452381 12.547619
  45  192   77 32.215476 12.784524
  53  232   84 39.171429 13.828571
  47  200   84 33.211905 13.788095
  50  204   91 34.496429 15.503571
  50  214   91 35.423810 14.576190
  48  194   96 32.516667 15.483333
  52  214   96 36.119048 15.880952
  42  150  105 24.889286 17.110714
  58  240  105 40.409524 17.590476
  39  146   88 24.635714 14.364286
  61  278   88 46.479762 14.520238
  47  184  101 30.709524 16.290476
  53  214  101 36.059524 16.940476
  56  240  101 39.871429 16.128571
  44  158  101 26.961905 17.038095
  51  222   86 36.884524 14.115476
  49  206   86 34.535714 14.464286
  53  236   82 39.495238 13.504762
  47  200   82 33.590476 13.409524
  57  264   75 44.175000 12.825000
  43  186   75 31.002381 11.997619
  60  268   93 44.760714 15.239286
  40  146   93 24.602381 15.397619
  60  278   84 46.395238 13.604762
  40  154   84 25.880952 14.119048
  45  190   81 31.928571 13.071429
  55  248   81 41.604762 13.395238
  51  236   74 39.384524 11.615476
  49  216   74 36.357143 12.642857
  46  208   68 34.658333 11.341667
  54  256   68 42.771429 11.228571
  46  194   83 32.651190 13.348810
  54  240   83 40.252381 13.747619
  45  192   78 32.142857 12.857143
  55  252   78 42.139286 12.860714
  49  218   73 36.583333 12.416667
  51  236   73 39.030952 11.969048
  45  192   78 32.000000 13.000000
  55  252   78 42.115476 12.884524
  45  170  101 28.363095 16.636905
  55  228  101 38.196429 16.803571
  47  194   94 32.114286 14.885714
  53  218   94 36.800000 16.200000
  50  220   83 36.538095 13.461905
  50  214   83 36.214286 13.785714
  53  228   90 38.294048 14.705952
  47  192   90 32.166667 14.833333
  61  262  103 43.757143 17.242857
  39  132  103 22.047619 16.952381
  61  268  101 44.447619 16.552381
  39  130  101 22.250000 16.750000
  64  282  101 47.051190 16.948810
  36  116  101 19.234524 16.765476
  60  272   82 45.840476 14.159524
  40  164   82 27.028571 12.971429
  63  302   85 49.664286 13.335714
  37  128   85 22.050000 14.950000
  63  310   76 51.233333 11.766667
  37  138   76 23.628571 13.371429
  68  342   65 57.248810 10.751190
  32  128   65 21.558333 10.441667
  63  306   71 51.251190 11.748810
  37  152   71 25.744048 11.255952
  60  276   86 45.876190 14.123810
  40  152   86 25.620238 14.379762
  65  302   83 50.978571 14.021429
  35  132   83 21.641667 13.358333
  68  322   87 53.654762 14.345238
  32  104   87 17.414286 14.585714
  70  336   85 56.071429 13.928571
  30   94   85 15.909524 14.090476
  70  344   74 57.461905 12.538095
  30  108   74 17.947619 12.052381
  64  314   73 52.427381 11.572619
  36  140   73 23.870238 12.129762
  75  372   77 62.395238 12.604762
  25   74   77 12.261905 12.738095
  75  364   82 61.028571 13.971429
  25   72   82 12.030159 12.969841
  76  378   78 62.886905 13.113095
  24   66   78 11.107143 12.892857
  84  442   64 73.272619 10.727381
  16   30   64 5.138095 10.861905
  84  450   56 74.817857 9.182143
  16   38   56 6.452381 9.547619
  82  438   55 73.014286 8.985714
  18   52   55 9.014286 8.985714
  86  454   62 75.708333 10.291667
  14   22   62 3.752381 10.247619
  77  392   69 65.400000 11.600000
  23   70   69 11.767857 11.232143
  79  408   69 67.919048 11.080952
  21   54   69 9.323810 11.676190
  85  456   54 76.071429 8.928571
  15   36   54 6.366667 8.633333
  92  512   36 85.698810 6.301190
   8   16   36 2.428571 5.571429
  85  454   56 75.873810 9.126190
  15   34   56 5.785714 9.214286
  81  426   60 71.138095 9.861905
  19   54   60 9.119048 9.880952
  87  452   65 75.808333 11.191667
  13   18   65 2.792857 10.207143
  92  510   41 85.295238 6.704762
   8    8   41 1.333333 6.666667
  98  576   12 96.038095 1.961905
   2    0   12 0.000000 2.000000
 100  600    0 100.000000 0.000000
