   1    0    6 0.000000 1.000000
   1    0    7 0.000000 1.000000
   2    2   11 0.309524 1.690476
   2    2   12 0.285714 1.714286
   3    4   12 0.733333 2.266667
   3    4   14 0.666667 2.333333
   1    0    6 0.000000 1.000000
   1    0    6 0.000000 1.000000
   1    0    6 0.000000 1.000000
   2    2   11 0.309524 1.690476
   2    2    9 0.366667 1.633333
   1    0    8 0.000000 1.000000
   4   10   13 1.733333 2.266667
   1    0    5 0.000000 1.000000
   2    2   10 0.333333 1.666667
   1    0    7 0.000000 1.000000
   2    2    8 0.400000 1.600000
   1    0    7 0.000000 1.000000
   3    6   13 0.952381 2.047619
   1    0    5 0.000000 1.000000
   1    0    7 0.000000 1.000000
   1    0    6 0.000000 1.000000
   3    4   14 0.666667 2.333333
   2    2   10 0.333333 1.666667
   1    0    6 0.000000 1.000000
   4    6   17 1.066667 2.933333
   1    0    6 0.000000 1.000000
   2    2   10 0.333333 1.666667
   1    0    6 0.000000 1.000000
   2    2   11 0.309524 1.690476
   1    0    6 0.000000 1.000000
   1    0    6 0.000000 1.000000
   3    2   16 0.333333 2.666667
   1    0    5 0.000000 1.000000
   1    0    7 0.000000 1.000000
   5   10   18 1.766667 3.233333
   2    2    9 0.366667 1.633333
   1    0    5 0.000000 1.000000
   2    2   10 0.333333 1.666667
   1    0    6 0.000000 1.000000
   1    0    8 0.000000 1.000000
   1    0    5 0.000000 1.000000
   3    4   12 0.766667 2.233333
   1    0    6 0.000000 1.000000
   1    0    7 0.000000 1.000000
   1    0    7 0.000000 1.000000
   6   18   17 3.100000 2.900000
   2    2    9 0.366667 1.633333
   1    0    7 0.000000 1.000000
   2    2   10 0.333333 1.666667
   1    0    6 0.000000 1.000000
   1    0    6 0.000000 1.000000
   2    2   11 0.309524 1.690476
   3    6   11 1.085714 1.914286
   1    0    6 0.000000 1.000000
   1    0    7 0.000000 1.000000
   1    0    6 0.000000 1.000000
   1    0    6 0.000000 1.000000
   2    2    9 0.366667 1.633333
   4    8   16 1.328571 2.671429
   4    4   20 0.666667 3.333333
   1    0    8 0.000000 1.000000
   4   10   12 1.861905 2.138095
   4    8   15 1.385714 2.614286
   3    4   12 0.766667 2.233333
   1    0    8 0.000000 1.000000
   1    0    6 0.000000 1.000000
   2    2    9 0.366667 1.633333
   1    0    6 0.000000 1.000000
   1    0    6 0.000000 1.000000
   2    2   11 0.309524 1.690476
   2    2   10 0.342857 1.657143
   1    0    6 0.000000 1.000000
   1    0    6 0.000000 1.000000
   4   10   14 1.666667 2.333333
   3    4   15 0.619048 2.380952
   1    0    7 0.000000 1.000000
   1    0    5 0.000000 1.000000
   2    2    8 0.400000 1.600000
  10   28   31 4.814286 5.185714
   1    0    7 0.000000 1.000000
   8   18   34 2.814286 5.185714
   2    2   10 0.333333 1.666667
   4    4   21 0.685714 3.314286
   3    4   12 0.766667 2.233333
   1    0    7 0.000000 1.000000
   4   10   12 1.828571 2.171429
   1    0    7 0.000000 1.000000
   2    2    9 0.366667 1.633333
   3    4   13 0.700000 2.300000
   5   10   19 1.785714 3.214286
   2    0   13 0.000000 2.000000
   3    6   12 1.000000 2.000000
   2    2   11 0.309524 1.690476
   1    0    7 0.000000 1.000000
   2    2   10 0.333333 1.666667
   2    2   10 0.342857 1.657143
   1    0    6 0.000000 1.000000
   3    2   17 0.309524 2.690476
  11   36   31 6.103571 4.896429
   3    6   13 0.952381 2.047619
   3    4   12 0.766667 2.233333
   2    0   12 0.000000 2.000000
   7   18   24 3.033333 3.966667
   1    0    6 0.000000 1.000000
   2    2    9 0.366667 1.633333
   1    0    8 0.000000 1.000000
   2    2   11 0.309524 1.690476
   2    2   10 0.333333 1.666667
   2    2   11 0.309524 1.690476
  11   30   35 5.038095 5.961905
   5   14   18 2.311905 2.688095
   3    6   10 1.133333 1.866667
   1    0    6 0.000000 1.000000
   6   12   22 2.147619 3.852381
   8   18   30 3.052381 4.947619
   4    4   19 0.709524 3.290476
   6   10   25 1.700000 4.300000
   1    0    6 0.000000 1.000000
   1    0    6 0.000000 1.000000
   2    2   11 0.309524 1.690476
   3    4   13 0.742857 2.257143
   4    6   18 1.000000 3.000000
   1    0    6 0.000000 1.000000
   2    2   11 0.309524 1.690476
   1    0    6 0.000000 1.000000
   1    0    6 0.000000 1.000000
   6   14   22 2.304762 3.695238
  10   22   37 3.823810 6.176190
   2    0   13 0.000000 2.000000
   2    2    9 0.366667 1.633333
   1    0    6 0.000000 1.000000
  11   34   32 5.647619 5.352381
   1    0    7 0.000000 1.000000
   2    2   10 0.333333 1.666667
   1    0    7 0.000000 1.000000
  13   46   32 7.904762 5.095238
   5   10   21 1.695238 3.304762
   5   10   19 1.785714 3.214286
   7    8   35 1.376190 5.623810
   8   16   32 2.650000 5.350000
   2    2   10 0.333333 1.666667
  10   22   37 3.871429 6.128571
   3    6   13 0.952381 2.047619
   4    8   15 1.366667 2.633333
   1    0    7 0.000000 1.000000
   4    6   16 1.185714 2.814286
   3    2   18 0.309524 2.690476
  10   22   36 3.842857 6.157143
   2    2   10 0.333333 1.666667
   3    4   16 0.583333 2.416667
   5   12   17 2.066667 2.933333
  16   60   37 10.010714 5.989286
   7   14   26 2.461905 4.538095
   9   18   37 2.957143 6.042857
   5    8   24 1.328571 3.671429
   3    4   13 0.733333 2.266667
   7   18   24 3.000000 4.000000
  13   44   34 7.552381 5.447619
   3    6   12 1.019048 1.980952
  10   20   38 3.395238 6.604762
   2    0   11 0.000000 2.000000
   2    0   13 0.000000 2.000000
   9   20   33 3.433333 5.566667
   1    0    5 0.000000 1.000000
   2    2    9 0.366667 1.633333
   8   24   23 4.050000 3.950000
  17   58   41 9.938095 7.061905
   6   20   16 3.504762 2.495238
   9   20   38 3.233333 5.766667
   4    6   21 0.896429 3.103571
   5   14   17 2.280952 2.719048
   4    6   20 0.952381 3.047619
  17   60   42 10.284524 6.715476
   6   18   17 3.038095 2.961905
  11   28   36 4.863095 6.136905
   1    0    6 0.000000 1.000000
   3    2   18 0.325000 2.675000
  12   36   35 6.166667 5.833333
  12   22   49 3.842857 8.157143
   5    6   24 0.995238 4.004762
  12   24   48 4.152381 7.847619
   1    0    5 0.000000 1.000000
   5   10   19 1.700000 3.300000
   4    4   21 0.658333 3.341667
  24   90   56 14.952381 9.047619
   8   22   23 3.833333 4.166667
  14   38   48 6.280952 7.719048
   2    2    9 0.366667 1.633333
  11   28   41 4.457143 6.542857
   6    4   35 0.595238 5.404762
   2    0   12 0.000000 2.000000
  13   24   51 4.228571 8.771429
   5   12   16 2.138095 2.861905
   5    8   22 1.376190 3.623810
   5    4   27 0.700000 4.300000
  22   64   66 10.757143 11.242857
   7   14   29 2.347619 4.652381
  22   72   60 12.052381 9.947619
   8    8   41 1.342857 6.657143
   4    2   21 0.333333 3.666667
   2    2    9 0.366667 1.633333
  12   24   48 4.080952 7.919048
   6   18   18 3.052381 2.947619
   4    4   19 0.700000 3.300000
   8   20   26 3.461905 4.538095
  22   64   69 10.671429 11.328571
   5    6   27 0.880952 4.119048
  29  112   62 18.771429 10.228571
   9   22   36 3.557143 5.442857
   1    0    7 0.000000 1.000000
   3    6   11 1.066667 1.933333
   9   14   38 2.404762 6.595238
  11   42   26 6.960714 4.039286
   4    6   19 1.019048 2.980952
   8   22   24 3.833333 4.166667
  15   36   52 6.071429 8.928571
   1    0    6 0.000000 1.000000
  39  172   61 28.848810 10.151190
   2    2    9 0.366667 1.633333
   5   12   18 2.071429 2.928571
   6   10   23 1.833333 4.166667
  11   24   44 3.985714 7.014286
   2    0   14 0.000000 2.000000
   6   14   23 2.383333 3.616667
  21   58   70 9.676190 11.323810
   3    4   10 0.916667 2.083333
  44  184   81 30.740476 13.259524
   7   18   24 3.075000 3.925000
   3    2   14 0.400000 2.600000
   5    6   25 0.976190 4.023810
   9   18   30 3.433333 5.566667
   2    2    9 0.366667 1.633333
   4    6   21 0.904762 3.095238
   9   14   43 2.223810 6.776190
   7   14   29 2.261905 4.738095
  54  256   69 42.642857 11.357143
   5    8   22 1.376190 3.623810
   5    6   25 1.019048 3.980952
   1    0    7 0.000000 1.000000
   6   12   23 2.166667 3.833333
   2    0   12 0.000000 2.000000
   7   18   22 3.200000 3.800000
  11   28   36 4.988095 6.011905
  63  296   85 49.100000 13.900000
   3    4   13 0.742857 2.257143
   2    2   10 0.333333 1.666667
   1    0    6 0.000000 1.000000
   3    2   17 0.309524 2.690476
   1    0    7 0.000000 1.000000
   8   24   26 3.903571 4.096429
  14   44   46 6.988095 7.011905
  68  314   85 53.261905 14.738095
   3    2   16 0.333333 2.666667
   2    2    9 0.366667 1.633333
   1    0    6 0.000000 1.000000
   2    0   13 0.000000 2.000000
   1    0    5 0.000000 1.000000
   8   20   26 3.447619 4.552381
  27   92   74 15.234524 11.765476
  56  240   95 40.138095 15.861905
   5    6   27 0.904762 4.095238
   4   10   12 1.828571 2.171429
   6   10   23 1.852381 4.147619
  27   84   78 14.155952 12.844048
  58  242  108 40.460714 17.539286
  10   20   38 3.471429 6.528571
   3    2   16 0.366667 2.633333
   3    6   11 1.066667 1.933333
  29  100   74 16.692857 12.307143
  55  250   83 41.377381 13.622619
  13   44   31 7.714286 5.285714
   3    4   16 0.619048 2.380952
   4    4   22 0.642857 3.357143
  35  120   89 20.144048 14.855952
  45  168  102 28.155952 16.844048
  23   78   57 13.376190 9.623810
   4    4   20 0.666667 3.333333
   8   10   39 1.676190 6.323810
  42  170   82 28.578571 13.421429
  23   62   78 10.319048 12.680952
  31  128   56 21.557143 9.442857
   4    8   18 1.261905 2.738095
  14   42   42 7.019048 6.980952
  26   76   78 12.990476 13.009524
  25   90   62 14.947619 10.052381
  37  156   62 26.452381 10.547619
   2    2    9 0.366667 1.633333
  15   50   45 8.125000 6.875000
  21   50   76 8.264286 12.735714
  25   84   66 14.147619 10.852381
  36  140   75 23.490476 12.509524
   2    2    9 0.366667 1.633333
  19   64   52 10.771429 8.228571
  22   58   70 9.919048 12.080952
  21   64   66 10.592857 10.407143
  42  170   86 27.909524 14.090476
   2    2   13 0.267857 1.732143
  12   30   39 5.257143 6.742857
  23   66   67 11.609524 11.390476
  21   70   57 11.538095 9.461905
  33  124   76 20.751190 12.248810
   1    0    6 0.000000 1.000000
  11   24   43 3.992857 7.007143
  35  104  100 17.834524 17.165476
  20   56   67 9.296429 10.703571
  27   96   68 16.180952 10.819048
   5    8   21 1.476190 3.523810
  11   28   38 4.814286 6.185714
  28   70   99 11.885714 16.114286
  29   84   88 14.109524 14.890476
  25   78   65 13.695238 11.304762
   2    2   10 0.333333 1.666667
   8   12   40 1.863095 6.136905
  36  122  100 20.213095 15.786905
  29   92   79 15.733333 13.266667
  32  138   54 23.263095 8.736905
   1    0    7 0.000000 1.000000
   3    0   17 0.000000 3.000000
  33  110   89 18.265476 14.734524
  31  114   71 19.133333 11.866667
  28   94   74 15.742857 12.257143
   2    2    8 0.400000 1.600000
   3    2   17 0.309524 2.690476
  25   74   76 12.371429 12.628571
  42  174   79 29.000000 13.000000
  21   62   63 10.476190 10.523810
   4    6   20 0.952381 3.047619
   3    2   14 0.450000 2.550000
  22   64   68 10.815476 11.184524
  50  232   69 38.596429 11.403571
  21   54   72 9.250000 11.750000
   4    4   19 0.733333 3.266667
   2    2    9 0.392857 1.607143
  22   78   54 13.192857 8.807143
  51  246   62 40.850000 10.150000
  27   92   72 15.292857 11.707143
   3    2   17 0.333333 2.666667
   7   20   21 3.492857 3.507143
  22   82   49 13.742857 8.257143
  41  194   51 32.458333 8.541667
  33  106   93 17.903175 15.096825
   6   14   23 2.351190 3.648810
  22   86   43 14.682143 7.317857
  39  182   53 30.347619 8.652381
  25   74   76 12.514286 12.485714
   3    4   16 0.583333 2.416667
  21   90   36 15.085714 5.914286
  51  230   74 38.632143 12.367857
  29   78   96 13.207143 15.792857
   4    4   18 0.766667 3.233333
  17   54   51 8.805952 8.194048
  50  206   93 34.521429 15.478571
  22   58   76 9.617857 12.382143
   5   14   14 2.500000 2.500000
  16   46   49 7.728571 8.271429
  57  268   75 44.646429 12.353571
  24   64   81 10.676190 13.323810
   6   18   18 3.028571 2.971429
   9   20   34 3.314286 5.685714
  61  292   73 48.951190 12.048810
  22   54   81 9.011905 12.988095
   8   26   21 4.566667 3.433333
  19   60   54 9.957143 9.042857
  51  210   94 35.276190 15.723810
  23   58   85 9.660714 13.339286
   2    0   12 0.000000 2.000000
  23   84   53 14.214286 8.785714
  52  226   82 38.227381 13.772619
  18   40   66 6.761905 11.238095
   2    0   12 0.000000 2.000000
  26  108   46 18.211905 7.788095
  54  254   74 42.313095 11.686905
  23   66   72 11.164286 11.835714
  22   86   49 14.209524 7.790476
  55  258   69 43.195238 11.804762
  13   26   51 4.471429 8.528571
  26   86   71 14.321429 11.678571
  61  292   74 48.648810 12.351190
   8   12   37 2.086905 5.913095
  27   90   69 15.366667 11.633333
  65  310   82 51.728571 13.271429
   9   16   37 2.819048 6.180952
  20   66   57 10.925000 9.075000
  71  352   72 58.947619 12.052381
  11   22   45 3.796429 7.203571
  20   46   71 7.765476 12.234524
  69  338   78 56.127381 12.872619
   6    8   28 1.371429 4.628571
  24   68   76 11.336905 12.663095
  70  338   82 56.366667 13.633333
   9   18   40 2.858333 6.141667
  21   74   52 12.482143 8.517857
  70  344   72 57.885714 12.114286
   4    4   19 0.700000 3.300000
  27   94   63 16.028571 10.971429
  69  346   74 57.351190 11.648810
   8   10   36 1.733333 6.266667
  33  116   77 19.661905 13.338095
  59  276   85 45.679762 13.320238
   6   10   25 1.728571 4.271429
  26   78   78 12.971429 13.028571
  68  332   77 55.363095 12.636905
  10   34   29 5.480952 4.519048
  34  118   92 19.370238 14.629762
  56  232   95 39.504762 16.495238
   2    0   13 0.000000 2.000000
  28   94   70 16.195238 11.804762
  70  348   75 57.875000 12.125000
  33  126   75 20.914286 12.085714
  67  324   75 54.227381 12.772619
  48  200   88 33.685714 14.314286
  52  224   88 37.504762 14.495238
  53  222   96 37.180952 15.819048
  47  186   96 31.236905 15.763095
  42  156  101 25.876190 16.123810
  58  242  101 40.885714 17.114286
  46  184   98 30.378571 15.621429
  54  220   98 37.161905 16.838095
  44  174   92 28.785714 15.214286
  56  242   92 40.585714 15.414286
  40  162   81 26.900000 13.100000
  60  276   81 46.369048 13.630952
  34  108   90 18.352381 15.647619
  66  312   90 51.610714 14.389286
  37  150   72 25.100000 11.900000
  63  306   72 51.300000 11.700000
  37  158   63 26.352381 10.647619
  63  316   63 52.655556 10.344444
  36  164   56 27.063095 8.936905
  64  324   56 54.404762 9.595238
  28  104   65 17.404762 10.595238
  72  366   65 61.264286 10.735714
  41  166   79 27.823810 13.176190
  59  276   79 45.928571 13.071429
  50  230   73 38.357143 11.642857
  50  224   73 37.880952 12.119048
  60  268   92 44.980952 15.019048
  40  148   92 24.746429 15.253571
  57  260   78 43.710714 13.289286
  43  184   78 30.557143 12.442857
  64  298   82 50.197619 13.802381
  36  138   82 23.001190 12.998810
  58  256   89 43.022619 14.977381
  42  166   89 27.707143 14.292857
  51  222   86 36.829762 14.170238
  49  206   86 34.428571 14.571429
  56  250   90 41.700000 14.300000
  44  170   90 28.945238 15.054762
  65  302   83 50.776190 14.223810
  35  132   83 21.680159 13.319841
  69  336   78 56.308333 12.691667
  31  108   78 18.176190 12.823810
  80  414   64 69.521429 10.478571
  20   58   64 9.709524 10.290476
  72  364   71 60.290476 11.709524
  28   94   71 16.061905 11.938095
  76  398   61 66.190476 9.809524
  24   80   61 13.628571 10.371429
  72  358   77 59.644048 12.355952
  28   88   77 14.910714 13.089286
  67  346   60 57.597619 9.402381
  33  134   60 22.721429 10.278571
  61  308   60 51.171429 9.828571
  39  172   60 28.922619 10.077381
  61  296   69 49.411905 11.588095
  39  166   69 27.826190 11.173810
  62  298   76 49.695238 12.304762
  38  150   76 25.280952 12.719048
  75  366   78 61.559524 13.440476
  25   78   78 12.869048 12.130952
  76  396   60 66.178571 9.821429
  24   84   60 14.309524 9.690476
  77  402   62 66.923810 10.076190
  23   74   62 12.490476 10.509524
  63  320   58 53.442857 9.557143
  37  164   58 27.590476 9.409524
  53  232   85 39.010714 13.989286
  47  198   85 33.207143 13.792857
  47  200   80 33.733333 13.266667
  53  240   80 39.980952 13.019048
  60  274   84 45.964286 14.035714
  40  158   84 26.321429 13.678571
  56  272   64 45.411905 10.588095
  44  200   64 33.485714 10.514286
  53  240   74 40.409524 12.590476
  47  212   74 35.200000 11.800000
  66  330   70 54.928571 11.071429
  34  130   70 22.128571 11.871429
  71  344   81 57.507143 13.492857
  29   94   81 15.647619 13.352381
  67  308   95 51.598810 15.401190
  33  102   95 17.326190 15.673810
  66  310   86 51.910714 14.089286
  34  118   86 19.855952 14.144048
  68  330   77 55.104762 12.895238
  32  116   77 19.239286 12.760714
  64  306   76 51.339286 12.660714
  36  142   76 23.626190 12.373810
  66  312   86 51.979762 14.020238
  34  116   86 19.471429 14.528571
  66  304   91 50.709524 15.290476
  34  114   91 18.794048 15.205952
  65  310   83 51.471429 13.528571
  35  124   83 20.922619 14.077381
  71  316  106 53.151190 17.848810
  29   72  106 11.805952 17.194048
  77  372   88 62.422619 14.577381
  23   52   88 8.800000 14.200000
  76  372   80 62.530952 13.469048
  24   68   80 11.314286 12.685714
  76  372   84 62.264286 13.735714
  24   60   84 10.057143 13.942857
  77  384   76 64.333333 12.666667
  23   64   76 10.580952 12.419048
  67  316   87 52.886905 14.113095
  33  110   87 18.592857 14.407143
  73  352   84 59.010714 13.989286
  27   80   84 13.392857 13.607143
  72  362   69 60.627381 11.372619
  28  100   69 16.695238 11.304762
  73  362   71 60.879762 12.120238
  27   96   71 15.779762 11.220238
  76  376   78 63.098810 12.901190
  24   68   78 11.214286 12.785714
  76  374   82 62.447619 13.552381
  24   62   82 10.402381 13.597619
  77  378   85 63.071429 13.928571
  23   52   85 8.871429 14.128571
  75  376   74 62.832143 12.167857
  25   76   74 12.985714 12.014286
  63  298   81 49.851190 13.148810
  37  140   81 23.569048 13.430952
  61  278   84 46.738095 14.261905
  39  154   84 25.580952 13.419048
  55  236   91 39.854762 15.145238
  45  182   91 30.273810 14.726190
  60  264   98 43.936905 16.063095
  40  140   98 23.626190 16.373810
  60  242  117 40.747619 19.252381
  40  124  117 20.903571 19.096429
  63  274  104 45.852381 17.147619
  37  118  104 19.626190 17.373810
  65  292   94 49.076190 15.923810
  35  120   94 19.891667 15.108333
  65  302   86 50.626190 14.373810
  35  126   86 21.173810 13.826190
  68  334   73 55.909524 12.090476
  32  120   73 20.142857 11.857143
  67  306   94 51.254762 15.745238
  33  106   94 17.634524 15.365476
  67  308   89 51.985714 15.014286
  33  114   89 18.866667 14.133333
  63  288   90 48.285714 14.714286
  37  132   90 22.130952 14.869048
  61  288   78 48.448810 12.551190
  39  156   78 26.114286 12.885714
  59  282   74 46.921429 12.078571
  41  170   74 28.729762 12.270238
  56  242  100 40.091667 15.908333
  44  158  100 26.795238 17.204762
  47  190   92 31.800000 15.200000
  53  226   92 37.994048 15.005952
  40  138  102 23.125000 16.875000
  60  258  102 43.651587 16.348413
  31   92   92 15.490476 15.509524
  69  324   92 53.852381 15.147619
  27   74   84 12.590476 14.409524
  73  358   84 59.575000 13.425000
  26   86   72 14.185714 11.814286
  74  370   72 61.697619 12.302381
  37  126   91 21.615476 15.384524
  63  292   91 48.411905 14.588095
  41  160   88 26.460714 14.539286
  59  264   88 44.355952 14.644048
  52  226   84 37.904762 14.095238
  48  206   84 34.138095 13.861905
  47  210   73 35.028571 11.971429
  53  244   73 40.823810 12.176190
  39  152   88 24.925000 14.075000
  61  272   88 45.852381 15.147619
  41  158   88 26.595238 14.404762
  59  266   88 44.423810 14.576190
  40  146   89 24.764286 15.235714
  60  276   89 45.794048 14.205952
  45  186   82 31.211905 13.788095
  55  250   82 41.676190 13.323810
  41  152   96 25.500000 15.500000
  59  256   96 42.957143 16.042857
  42  146  102 24.733333 17.266667
  58  250  102 41.473810 16.526190
  41  140  100 23.735714 17.264286
  59  260  100 43.113095 15.886905
  43  170   87 28.289286 14.710714
  57  256   87 42.802381 14.197619
  34  124   80 20.823810 13.176190
  66  316   80 52.959524 13.040476
  31  120   68 19.635714 11.364286
  69  344   68 57.261905 11.738095
  37  150   76 24.996429 12.003571
  63  298   76 49.957143 13.042857
  36  142   76 23.463095 12.536905
  64  306   76 51.050000 12.950000
  34  124   80 21.053571 12.946429
  66  316   80 52.988095 13.011905
  31  106   81 17.504762 13.495238
  69  332   81 55.553571 13.446429
  33   98   94 16.747619 16.252381
  67  314   94 52.142857 14.857143
  38  120  108 20.192857 17.807143
  62  264  108 44.220238 17.779762
  44  156  111 26.113095 17.886905
  56  222  111 37.365476 18.634524
  38  118  109 19.776190 18.223810
  62  264  109 43.877381 18.122619
  27   86   77 14.422619 12.577381
  73  360   77 60.303571 12.696429
  26   72   86 12.119048 13.880952
  74  356   86 59.652381 14.347619
  25   76   74 12.733333 12.266667
  75  376   74 62.701190 12.298810
  19   56   59 9.382143 9.617857
  81  426   59 71.132143 9.867857
  17   30   73 5.000000 12.000000
  83  424   73 70.947619 12.052381
  23   56   83 9.402381 13.597619
  77  378   83 63.138095 13.861905
  29  100   76 16.638095 12.361905
  71  348   76 58.233333 12.766667
  33   96  100 16.038095 16.961905
  67  304  100 50.610714 16.389286
  23   62   79 10.376190 12.623810
  77  380   79 63.778571 13.221429
  18   30   77 5.180952 12.819048
  82  416   77 69.236905 12.763095
  13   20   58 3.538095 9.461905
  87  464   58 77.547619 9.452381
   6    6   32 1.019048 4.980952
  94  530   32 88.583333 5.416667
   8   12   36 2.004762 5.995238
  92  516   36 85.933333 6.066667
   8   16   32 2.685714 5.314286
  92  520   32 86.641667 5.358333
  11   22   40 3.947619 7.052381
  89  498   40 82.672619 6.327381
  17   54   47 9.250000 7.750000
  83  452   47 75.347619 7.652381
  19   64   46 10.988095 8.011905
  81  444   46 73.742857 7.257143
  28  114   51 19.366667 8.633333
  72  384   51 63.952381 8.047619
  32  136   58 22.564286 9.435714
  68  348   58 58.189286 9.810714
  41  186   55 31.454762 9.545238
  59  304   55 50.315476 8.684524
  40  174   68 28.958333 11.041667
  60  290   68 48.592857 11.407143
  28  108   61 18.000000 10.000000
  72  370   61 62.089286 9.910714
  25   78   74 12.950000 12.050000
  75  374   74 62.798810 12.201190
  13   24   56 3.933333 9.066667
  87  464   56 77.620238 9.379762
  14   22   60 3.728571 10.271429
  86  458   60 76.310714 9.689286
  12   18   52 3.292857 8.707143
  88  478   52 79.483333 8.516667
   7    4   40 0.658333 6.341667
  93  516   40 86.350000 6.650000
   4   10   14 1.719048 2.280952
  96  562   14 93.664286 2.335714
   2    2    9 0.366667 1.633333
  98  580    9 96.550000 1.450000
   4    8   16 1.376190 2.623810
  96  560   16 93.290476 2.709524
   3    4   13 0.742857 2.257143
  97  570   13 94.909524 2.090476
   6   16   20 2.719048 3.280952
  94  544   20 90.661905 3.338095
  10   34   24 5.814286 4.185714
  90  518   24 86.222619 3.777381
  12   36   36 6.023810 5.976190
  88  492   36 82.147619 5.852381
   5    6   24 1.009524 3.990476
  95  546   24 91.108333 3.891667
   3    2   15 0.400000 2.600000
  97  568   15 94.686905 2.313095
 100  600    0 100.000000 0.000000
