   2    2    9 0.366667 1.633333
   2    2    8 0.416667 1.583333
   1    0    7 0.000000 1.000000
   2    2   10 0.333333 1.666667
   1    0    6 0.000000 1.000000
   2    2   10 0.333333 1.666667
   1    0    7 0.000000 1.000000
   2    2   10 0.333333 1.666667
   1    0    6 0.000000 1.000000
   1    0    6 0.000000 1.000000
   1    0    6 0.000000 1.000000
   1    0    6 0.000000 1.000000
   3    4   14 0.666667 2.333333
   2    2   10 0.333333 1.666667
   2    2   10 0.333333 1.666667
   5    6   22 1.100000 3.900000
   1    0    6 0.000000 1.000000
   2    2    9 0.366667 1.633333
   3    4   13 0.733333 2.266667
   1    0    6 0.000000 1.000000
   2    2   10 0.333333 1.666667
   1    0    7 0.000000 1.000000
   1    0    6 0.000000 1.000000
   1    0    7 0.000000 1.000000
   2    2   12 0.285714 1.714286
   4    6   19 0.961905 3.038095
   2    2   11 0.309524 1.690476
   5   14   14 2.500000 2.500000
   3    6   11 1.085714 1.914286
   1    0    7 0.000000 1.000000
   2    2    9 0.366667 1.633333
   2    2   12 0.285714 1.714286
   1    0    7 0.000000 1.000000
   2    2    9 0.366667 1.633333
   3    6   11 1.066667 1.933333
   4   10   14 1.695238 2.304762
   4   10   15 1.619048 2.380952
   1    0    6 0.000000 1.000000
   1    0    6 0.000000 1.000000
   1    0    6 0.000000 1.000000
   1    0    7 0.000000 1.000000
   1    0    7 0.000000 1.000000
   1    0    6 0.000000 1.000000
   1    0    6 0.000000 1.000000
   2    2   10 0.342857 1.657143
   1    0    6 0.000000 1.000000
   2    2   11 0.309524 1.690476
   2    0   13 0.000000 2.000000
   2    2    8 0.400000 1.600000
   1    0    6 0.000000 1.000000
   1    0    7 0.000000 1.000000
   2    0   11 0.000000 2.000000
   2    2   10 0.333333 1.666667
   2    2    8 0.400000 1.600000
   3    4   13 0.700000 2.300000
   2    2   11 0.309524 1.690476
   8   16   29 2.828571 5.171429
   1    0    6 0.000000 1.000000
   2    2    9 0.366667 1.633333
   3    4   15 0.685714 2.314286
   1    0    6 0.000000 1.000000
   4    6   17 1.033333 2.966667
   1    0    7 0.000000 1.000000
   8   20   31 3.202381 4.797619
   2    2   12 0.291667 1.708333
   9   22   30 3.814286 5.185714
   2    2    9 0.366667 1.633333
   1    0    6 0.000000 1.000000
   2    2    8 0.400000 1.600000
   2    2   10 0.333333 1.666667
   5   12   19 2.017857 2.982143
   3    6   15 0.857143 2.142857
   1    0    7 0.000000 1.000000
   3    4   11 0.800000 2.200000
   2    2   10 0.333333 1.666667
   1    0    6 0.000000 1.000000
   1    0    8 0.000000 1.000000
   4    6   19 1.019048 2.980952
   3    6   10 1.133333 1.866667
   1    0    6 0.000000 1.000000
   2    2    9 0.366667 1.633333
   2    2   11 0.309524 1.690476
   1    0    5 0.000000 1.000000
   4    6   17 1.033333 2.966667
   3    4   16 0.619048 2.380952
   3    2   17 0.342857 2.657143
   1    0    6 0.000000 1.000000
   4    8   17 1.280952 2.719048
   5   10   18 1.785714 3.214286
   6    8   28 1.319048 4.680952
   8   20   26 3.533333 4.466667
   3    6   12 1.019048 1.980952
   4    6   17 1.052381 2.947619
   5   14   16 2.333333 2.666667
   3    4   15 0.642857 2.357143
   1    0    5 0.000000 1.000000
  11   30   36 4.990476 6.009524
   1    0    7 0.000000 1.000000
   2    2    9 0.366667 1.633333
   5   14   16 2.380952 2.619048
   2    2   11 0.309524 1.690476
   2    2   11 0.309524 1.690476
   2    2    9 0.366667 1.633333
   2    0   16 0.000000 2.000000
   1    0    6 0.000000 1.000000
   1    0    6 0.000000 1.000000
   1    0    6 0.000000 1.000000
   5   12   20 1.904762 3.095238
   1    0    7 0.000000 1.000000
   1    0    6 0.000000 1.000000
   2    2    9 0.366667 1.633333
   1    0    5 0.000000 1.000000
   3    4   14 0.676190 2.323810
   3    4   15 0.619048 2.380952
   3    6   11 1.085714 1.914286
   7   14   27 2.380952 4.619048
   9   24   26 4.383333 4.616667
   5    8   24 1.261905 3.738095
   6   14   21 2.338095 3.661905
  10   24   36 4.038095 5.961905
   6   16   20 2.671429 3.328571
   5    6   25 0.991667 4.008333
   4   10   13 1.761905 2.238095
   9   26   27 4.476190 4.523810
   1    0    5 0.000000 1.000000
   4    6   19 0.952381 3.047619
   5   14   16 2.414286 2.585714
   1    0    5 0.000000 1.000000
   3    4   13 0.700000 2.300000
   3    4   13 0.733333 2.266667
   3    2   16 0.333333 2.666667
   4    6   19 0.952381 3.047619
   5   14   17 2.347619 2.652381
   4    6   17 1.033333 2.966667
   1    0    5 0.000000 1.000000
   2    0   12 0.000000 2.000000
   1    0    7 0.000000 1.000000
   4   10   14 1.666667 2.333333
   9   14   38 2.400000 6.600000
   6   10   29 1.601190 4.398810
   4    2   25 0.309524 3.690476
   6   12   24 2.066667 3.933333
  13   42   35 7.057143 5.942857
   5    8   24 1.238095 3.761905
   3    2   16 0.333333 2.666667
   5   12   16 2.128571 2.871429
  11   28   38 4.704762 6.295238
   2    2   11 0.309524 1.690476
   5   12   19 1.971429 3.028571
   6   14   22 2.333333 3.666667
   8   16   31 2.852381 5.147619
   3    4   13 0.700000 2.300000
   7   18   24 2.933333 4.066667
   2    2   10 0.342857 1.657143
   2    2    9 0.366667 1.633333
   6   14   23 2.338095 3.661905
   3    4   15 0.685714 2.314286
  10   28   30 4.909524 5.090476
   3    0   20 0.000000 3.000000
   6   18   19 2.876190 3.123810
  15   56   34 9.395238 5.604762
   3    4   16 0.595238 2.404762
   2    2   11 0.309524 1.690476
   3    4   15 0.642857 2.357143
  11   28   36 4.842857 6.157143
   3    4   13 0.733333 2.266667
   5   12   17 2.085714 2.914286
   8   20   31 3.180952 4.819048
  10   24   36 4.047619 5.952381
   1    0    7 0.000000 1.000000
   3    4   14 0.666667 2.333333
   3    6   12 1.019048 1.980952
   2    2   10 0.333333 1.666667
   7   14   26 2.395238 4.604762
   5   12   17 2.147619 2.852381
  13   38   38 6.547619 6.452381
   2    2    9 0.366667 1.633333
  24   80   62 13.588095 10.411905
   3    2   20 0.267857 2.732143
   1    0    6 0.000000 1.000000
   3    4   12 0.766667 2.233333
  13   42   36 7.071429 5.928571
   3    4   13 0.700000 2.300000
   4    8   17 1.361905 2.638095
   4    8   16 1.328571 2.671429
   2    2   11 0.309524 1.690476
   5   10   21 1.619048 3.380952
   3    6   11 1.085714 1.914286
   8   20   29 3.333333 4.666667
   6    8   26 1.419048 4.580952
  19   62   53 10.379762 8.620238
   1    0    6 0.000000 1.000000
  38  156   76 25.757143 12.242857
   5   14   17 2.338095 2.661905
  10   14   46 2.319048 7.680952
   1    0    5 0.000000 1.000000
   2    2   11 0.309524 1.690476
   4   10   15 1.595238 2.404762
   9   30   22 5.166667 3.833333
   3    6   13 0.952381 2.047619
   9   22   31 3.771429 5.228571
   8   12   34 2.100000 5.900000
  10   16   42 2.819048 7.180952
   1    0    7 0.000000 1.000000
  42  170   88 28.078571 13.921429
   4    6   17 1.109524 2.890476
   6    6   30 0.995238 5.004762
   1    0    5 0.000000 1.000000
   2    2   10 0.333333 1.666667
   2    2    9 0.366667 1.633333
  12   36   37 5.957143 6.042857
   4    8   15 1.361905 2.638095
   7   14   27 2.433333 4.566667
   8   12   32 2.242857 5.757143
  11   38   29 6.428571 4.571429
   5   12   17 2.038095 2.961905
  49  204   90 34.166667 14.833333
   2    0   12 0.000000 2.000000
   7   18   27 3.014286 3.985714
   1    0    5 0.000000 1.000000
   2    2    8 0.400000 1.600000
   2    2   11 0.309524 1.690476
   6    4   33 0.676190 5.323810
   6   16   20 2.721429 3.278571
   7   18   24 3.004762 3.995238
   7   18   25 2.952381 4.047619
   6    6   28 1.033333 4.966667
  56  252   85 42.113095 13.886905
   3    4   15 0.642857 2.357143
   8   22   26 3.733333 4.266667
   1    0    6 0.000000 1.000000
   2    2   10 0.333333 1.666667
   4    8   15 1.361905 2.638095
   3    0   17 0.000000 3.000000
   4    4   22 0.628571 3.371429
  15   44   44 7.500000 7.500000
   4    4   20 0.666667 3.333333
  51  222   89 36.805952 14.194048
   9   26   28 4.442857 4.557143
   5    4   26 0.666667 4.333333
   5    8   20 1.495238 3.504762
   7   16   26 2.742857 4.257143
   4    4   20 0.676190 3.323810
  18   52   53 8.850000 9.150000
   1    0    6 0.000000 1.000000
  51  204  102 34.001587 16.998413
   8   16   30 2.771429 5.228571
   8   16   31 2.671429 5.328571
  10   32   27 5.433333 4.566667
  13   34   45 5.833333 7.166667
   2    0   14 0.000000 2.000000
   7   12   30 2.042857 4.957143
   1    0    7 0.000000 1.000000
  43  154  106 25.585714 17.414286
   9   22   30 3.900000 5.100000
   9   18   35 3.190476 5.809524
  16   44   54 7.276190 8.723810
  13   28   51 4.664286 8.335714
  10   18   40 3.104762 6.895238
  45  160  109 26.779762 18.220238
   7   10   35 1.590476 5.409524
   5    6   28 0.841270 4.158730
  18   64   44 10.748810 7.251190
  10   22   35 3.833333 6.166667
  15   34   53 5.876190 9.123810
  36  104  117 17.038095 18.961905
  12   30   42 5.201190 6.798810
   7   12   29 2.042857 4.957143
  30  114   64 19.284524 10.715476
  10   34   25 5.723810 4.276190
   5    2   27 0.333333 4.666667
  32   94   94 16.408333 15.591667
  10   24   36 3.942857 6.057143
   6    8   31 1.261905 4.738095
  40  152   87 25.602381 14.397619
   9   22   34 3.633333 5.366667
   3    2   16 0.333333 2.666667
  39  126  105 21.409524 17.590476
   4    8   15 1.400000 2.600000
   6   12   23 2.166667 3.833333
  40  160   79 26.783333 13.216667
   8   16   36 2.461905 5.538095
   3    6   14 0.904762 2.095238
  41  146  104 24.245238 16.754762
   6   16   20 2.642857 3.357143
  11   36   30 6.028571 4.971429
  35  142   64 24.238095 10.761905
   6    6   29 1.019048 4.980952
   1    0    7 0.000000 1.000000
  47  170  109 28.597619 18.402381
   9   30   24 5.090476 3.909524
   5    6   25 0.976190 4.023810
  35  124   86 20.454762 14.545238
   4    4   22 0.595238 3.404762
  50  180  121 30.078571 19.921429
  10   30   31 5.066667 4.933333
   5    8   22 1.319048 3.680952
  30   82   95 14.209524 15.790476
   5    8   23 1.295238 3.704762
  38  134   95 22.605952 15.394048
  15   44   41 7.609524 7.390476
   9   22   34 3.571429 5.428571
  32   96   95 16.348810 15.651190
   6   10   29 1.533333 4.466667
  38  118  104 20.221429 17.778571
  13   40   42 6.450000 6.550000
  12   42   30 7.052381 4.947619
  29   86   90 14.300000 14.700000
   8   16   32 2.690476 5.309524
  41  146  105 24.062698 16.937302
   5   12   19 1.923810 3.076190
  11   36   29 6.190476 4.809524
  36  104  107 17.782143 18.217857
   7   14   28 2.328571 4.671429
  42  154  100 25.869048 16.130952
   4    4   20 0.709524 3.290476
  14   52   32 8.669048 5.330952
  37  110  110 18.760714 18.239286
   3    6   12 1.019048 1.980952
  46  196   81 32.778571 13.221429
   3    6   12 1.000000 2.000000
  16   60   36 10.135714 5.864286
  31   86  101 14.659524 16.340476
   4    6   16 1.083333 2.916667
  37  156   71 25.778571 11.221429
   7   16   24 2.800000 4.200000
  14   46   41 7.552381 6.447619
  38  136   85 23.089286 14.910714
   4    6   19 1.019048 2.980952
  44  200   65 33.357143 10.642857
   9   20   35 3.280952 5.719048
  19   76   35 12.942857 6.057143
  23   78   63 12.514286 10.485714
   5    4   24 0.733333 4.266667
  34  144   64 23.761905 10.238095
   7   12   33 1.857143 5.142857
  18   70   38 11.828571 6.171429
  36  122   87 21.005952 14.994048
   5    8   22 1.352381 3.647619
  30  106   82 17.119048 12.880952
   4    6   17 1.066667 2.933333
  11   28   39 4.590476 6.409524
  50  198   95 33.738095 16.261905
   5   10   19 1.761905 3.238095
  29   92   84 15.442857 13.557143
   7   18   25 2.914286 4.085714
   7   16   26 2.738095 4.261905
  56  228  105 38.042857 17.957143
   1    0    6 0.000000 1.000000
  36  118   98 19.766667 16.233333
   5    8   21 1.466667 3.533333
   8   16   30 2.800000 5.200000
  51  212   97 35.259524 15.740476
  41  134  110 22.790476 18.209524
   2    2   11 0.309524 1.690476
   6   12   25 2.052381 3.947619
  51  192  114 32.133333 18.866667
  40  136  102 22.942857 17.057143
   1    0    7 0.000000 1.000000
   5    6   26 1.019048 3.980952
  54  224   99 37.809524 16.190476
  35  128   83 21.463095 13.536905
   1    0    6 0.000000 1.000000
   9   28   24 4.880952 4.119048
  55  246   85 41.217857 13.782143
  34  128   77 21.292857 12.707143
   3    2   17 0.325000 2.675000
   9   20   32 3.352381 5.647619
  54  230   94 38.286905 15.713095
  28   92   76 15.375000 12.625000
   4    4   19 0.709524 3.290476
  16   46   47 8.035714 7.964286
  52  214  102 35.384524 16.615476
  33  108   89 18.269048 14.730952
   4    6   21 0.880952 3.119048
  13   38   41 6.139286 6.860714
  50  194  103 32.547619 17.452381
  38  128  101 21.625000 16.375000
   1    0    7 0.000000 1.000000
  19   68   45 11.457143 7.542857
  42  144  107 24.171429 17.828571
  42  152  101 25.698810 16.301190
  20   76   46 12.746429 7.253571
  38  134   91 22.851190 15.148810
  37  116  102 19.828571 17.171429
  25   96   58 15.866667 9.133333
  38  140   88 23.561905 14.438095
  38  140   90 23.228571 14.771429
  27  108   53 18.166667 8.833333
  35  128   81 21.404762 13.595238
  29   78   99 12.876190 16.123810
  23   78   58 13.111905 9.888095
  48  200   87 33.616667 14.383333
  36  112  100 18.876190 17.123810
  16   42   59 6.761905 9.238095
  48  192   95 32.085714 15.914286
  24   52   94 8.753571 15.246429
  22   86   48 14.421429 7.578571
  54  220  100 37.117857 16.882143
  35  112   98 18.900000 16.100000
  19   44   66 7.771429 11.228571
  46  170  110 28.047619 17.952381
  39  120  111 20.307143 18.692857
  15   24   65 4.085714 10.914286
  46  164  116 27.107143 18.892857
  44  182   83 30.395238 13.604762
  18   60   48 10.004762 7.995238
  38  148   79 24.919048 13.080952
  52  226   83 38.197619 13.802381
  14   36   51 5.990476 8.009524
  34  132   72 22.342857 11.657143
  52  218   96 36.435714 15.564286
  18   58   48 9.976190 8.023810
  30  106   74 17.561905 12.438095
  57  258   84 43.076190 13.923810
  14   42   47 6.733333 7.266667
  29   84   85 14.335714 14.664286
  62  290   82 48.414286 13.585714
   7   14   30 2.347619 4.652381
  31  108   76 18.262302 12.737698
  51  230   82 38.280556 12.719444
   9   22   30 3.938095 5.061905
  40  154   82 26.114286 13.885714
  42  144  108 23.964286 18.035714
   3    4   15 0.628571 2.371429
  55  210  119 35.097619 19.902381
  52  192  112 32.976190 19.023810
   1    0    6 0.000000 1.000000
  47  178  112 29.363889 17.636111
  46  172  102 28.852381 17.147619
  54  224  102 37.435714 16.564286
  52  230   81 38.721429 13.278571
  48  208   81 34.736905 13.263095
  54  248   77 41.529762 12.470238
  46  198   77 33.200000 12.800000
  56  242   93 40.590476 15.409524
  44  172   93 28.609524 15.390476
  55  222  107 37.166667 17.833333
  45  164  107 27.278571 17.721429
  56  214  119 35.950000 20.050000
  44  148  119 24.535714 19.464286
  50  180  125 29.603571 20.396429
  50  170  125 28.980952 21.019048
  45  154  110 26.030952 18.969048
  55  226  110 37.305952 17.694048
  46  178  102 29.528571 16.471429
  54  218  102 36.872619 17.127381
  36  118  100 19.455952 16.544048
  64  282  100 47.301190 16.698810
  43  132  125 22.223810 20.776190
  57  218  125 36.573016 20.426984
  28   70   98 11.813095 16.186905
  72  334   98 55.814286 16.185714
  22   50   85 8.216667 13.783333
  78  380   85 63.369048 14.630952
  25   62   83 10.686905 14.313095
  75  372   83 61.713492 13.286508
  20   46   74 7.822619 12.177381
  80  406   74 67.823810 12.176190
  16   36   55 6.438095 9.561905
  84  454   55 75.391667 8.608333
  19   62   50 10.557143 8.442857
  81  438   50 72.890476 8.109524
  25   80   70 13.450000 11.550000
  75  380   70 63.501190 11.498810
  32  116   74 19.682143 12.317857
  68  336   74 55.857143 12.142857
  42  178   69 30.357143 11.642857
  58  284   69 47.048810 10.951190
  35  130   74 22.238095 12.761905
  65  322   74 53.305952 11.694048
  31  114   72 19.261905 11.738095
  69  342   72 57.241667 11.758333
  30  106   73 18.111905 11.888095
  70  348   73 57.990476 12.009524
  32   94   95 15.880952 16.119048
  68  316   95 52.371429 15.628571
  37  128   95 21.233333 15.766667
  63  282   95 47.145238 15.854762
  34  118   83 19.885714 14.114286
  66  316   83 52.461905 13.538095
  38  142   82 24.063095 13.936905
  62  294   82 48.730952 13.269048
  28   72   99 11.800000 16.200000
  72  330   99 55.361905 16.638095
  35  106  104 17.957143 17.042857
  65  286  104 47.797619 17.202381
  37  122  104 20.255952 16.744048
  63  270  104 45.547619 17.452381
  23   66   75 10.908333 12.091667
  77  384   75 64.457143 12.542857
  37  138   86 22.936905 14.063095
  63  290   86 48.590476 14.409524
  32  112   81 18.661905 13.338095
  68  326   81 54.440476 13.559524
  29   86   85 14.476190 14.523810
  71  344   85 57.280952 13.719048
  20   50   73 8.478571 11.521429
  80  404   73 67.892857 12.107143
  20   60   60 9.995238 10.004762
  80  420   60 69.928571 10.071429
  17   38   66 6.241667 10.758333
  83  430   66 71.945238 11.054762
  23   52   82 8.871429 14.128571
  77  384   82 63.522619 13.477381
  28   90   80 14.920238 13.079762
  72  350   80 58.502381 13.497619
  33  114   87 19.188095 13.811905
  67  312   87 52.402381 14.597619
  39  146   89 24.275000 14.725000
  61  276   89 46.191667 14.808333
  30   94   83 16.123810 13.876190
  70  340   83 56.495238 13.504762
  29  100   75 16.804762 12.195238
  71  350   75 58.698810 12.301190
  34  126   75 21.266667 12.733333
  66  324   75 53.869048 12.130952
  32  118   75 19.789286 12.210714
  68  332   75 55.754762 12.245238
  29   88   86 14.892857 14.107143
  71  340   86 56.738095 14.261905
  35  126   76 21.457143 13.542857
  65  322   76 53.046429 11.953571
  30  100   77 16.889286 13.110714
  70  346   77 57.528571 12.471429
  39  158   70 26.766667 12.233333
  61  302   70 49.825000 11.175000
  25   90   60 15.057143 9.942857
  75  390   60 65.179762 9.820238
  26   86   68 14.539286 11.460714
  74  378   68 62.878571 11.121429
  34  122   84 20.361905 13.638095
  66  310   84 51.900000 14.100000
  28   78   86 13.589286 14.410714
  72  350   86 58.151190 13.848810
  33  108   94 18.142857 14.857143
  67  304   94 51.232143 15.767857
  30   84   93 14.361905 15.638095
  70  330   93 55.044048 14.955952
  23   52   88 8.632143 14.367857
  77  372   88 62.197222 14.802778
  24   54   91 8.900000 15.100000
  76  364   91 60.895238 15.104762
  29   92   81 15.554762 13.445238
  71  346   81 57.769048 13.230952
  28   72   91 12.326190 15.673810
  72  346   91 57.426190 14.573810
  20   48   68 8.351190 11.648810
  80  416   68 69.140476 10.859524
  25   68   82 11.542857 13.457143
  75  368   82 61.538095 13.461905
  27   88   71 14.954762 12.045238
  73  370   71 61.371429 11.628571
  26   96   63 15.965476 10.034524
  74  378   63 63.357143 10.642857
  26   86   67 14.657143 11.342857
  74  380   67 63.457143 10.542857
  24   80   62 13.569048 10.430952
  76  396   62 66.017857 9.982143
  28   90   78 15.152381 12.847619
  72  354   78 59.038095 12.961905
  30  100   76 16.942857 13.057143
  70  348   76 57.680952 12.319048
  30  110   69 18.586905 11.413095
  70  352   69 58.715476 11.284524
  36  130   86 21.648810 14.351190
  64  298   86 49.714286 14.285714
  27   74   92 12.128571 14.871429
  73  342   92 57.638095 15.361905
  26   72   87 12.033333 13.966667
  74  354   87 59.296429 14.703571
  20   42   78 6.990476 13.009524
  80  402   78 66.969048 13.030952
  22   50   83 8.361905 13.638095
  78  384   83 63.975000 14.025000
  16   32   65 5.452381 10.547619
  84  438   65 73.297619 10.702381
  23   64   72 10.814286 12.185714
  77  392   72 65.408333 11.591667
  22   60   69 10.119048 11.880952
  78  402   69 66.883333 11.116667
  25   96   53 16.285714 8.714286
  75  398   53 66.376190 8.623810
  30  108   69 18.286508 11.713492
  70  354   69 58.515476 11.484524
  24   64   86 10.563095 13.436905
  76  364   86 61.200000 14.800000
  25   78   74 13.013095 11.986905
  75  374   74 62.652381 12.347619
  18   48   62 7.942857 10.057143
  82  428   62 71.800000 10.200000
  18   50   55 8.642857 9.357143
  82  440   55 73.228571 8.771429
  19   52   61 8.871429 10.128571
  81  426   61 70.907143 10.092857
  17   50   56 8.129762 8.870238
  83  438   56 73.457143 9.542857
  22   56   75 9.519048 12.480952
  78  394   75 65.571429 12.428571
  17   38   64 6.445238 10.554762
  83  434   64 72.408333 10.591667
  16   28   66 4.861905 11.138095
  84  440   66 73.370238 10.629762
  24   62   76 10.909524 13.090476
  76  386   76 63.735714 12.264286
  29   96   71 16.460714 12.539286
  71  362   71 59.960714 11.039286
  29  120   56 20.038095 8.961905
  71  368   56 61.571429 9.428571
  28   92   69 15.810714 12.189286
  72  370   69 61.116667 10.883333
  31  104   83 17.409524 13.590476
  69  330   83 55.170238 13.829762
  35  122   88 20.442857 14.557143
  65  302   88 50.426190 14.573810
  41  148   95 24.861905 16.138095
  59  262   95 43.609524 15.390476
  38  124   99 20.950000 17.050000
  62  278   99 46.071429 15.928571
  39  144   90 24.076190 14.923810
  61  276   90 45.982143 15.017857
  45  190   84 31.441667 13.558333
  55  242   84 40.528571 14.471429
  48  194   94 32.402381 15.597619
  52  218   94 36.319048 15.680952
  56  240   96 40.125000 15.875000
  44  168   96 28.153571 15.846429
  64  294   92 49.033333 14.966667
  36  122   92 20.671429 15.328571
  79  400   74 66.835714 12.164286
  21   52   74 8.780952 12.219048
  80  406   73 67.771429 12.228571
  20   48   73 7.976190 12.023810
  82  412   76 69.214286 12.785714
  18   36   76 5.923810 12.076190
  73  344   92 57.489286 15.510714
  27   72   92 12.041667 14.958333
  66  322   73 53.814286 12.185714
  34  132   73 21.938095 12.061905
  68  358   47 60.000000 8.000000
  32  148   47 24.667857 7.332143
  72  370   62 61.603571 10.396429
  28  106   62 17.628571 10.371429
  70  370   50 61.803571 8.196429
  30  130   50 21.764286 8.235714
  59  292   60 48.809524 10.190476
  41  188   60 31.559524 9.440476
  52  230   87 38.033333 13.966667
  48  196   87 33.395238 14.604762
  65  302   87 50.476190 14.523810
  35  124   87 20.733333 14.266667
  59  284   70 47.323810 11.676190
  41  176   70 29.403571 11.596429
  57  274   69 45.745238 11.254762
  43  188   69 31.455952 11.544048
  60  294   67 49.042857 10.957143
  40  172   67 29.114286 10.885714
  60  288   75 48.019048 11.980952
  40  162   75 27.514286 12.485714
  55  244   88 40.678571 14.321429
  45  180   88 30.228571 14.771429
  50  224   81 37.250000 12.750000
  50  214   81 36.280952 13.719048
  43  146  112 24.485714 18.514286
  57  230  112 38.706349 18.293651
  36  120  104 19.633333 16.366667
  64  272  104 46.314286 17.685714
  31  102   87 16.951190 14.048810
  69  324   87 54.388095 14.611905
  28   80   88 13.361905 14.638095
  72  344   88 57.338095 14.661905
  24   62   86 10.261905 13.738095
  76  366   86 61.527381 14.472619
  24   74   73 12.244048 11.755952
  76  380   73 63.840476 12.159524
  31  100   85 16.909524 14.090476
  69  330   85 55.057143 13.942857
  33  110   88 18.514286 14.485714
  67  314   88 52.319048 14.680952
  39  132  106 21.910714 17.089286
  61  256  106 43.160714 17.839286
  38  130   99 21.652381 16.347619
  62  272   99 45.671429 16.328571
  37  128   90 21.744048 15.255952
  63  292   90 48.632143 14.367857
  28   96   71 16.057143 11.942857
  72  362   71 60.514286 11.485714
  19   56   58 9.472619 9.527381
  81  428   58 71.440476 9.559524
   8    8   40 1.376190 6.623810
  92  512   40 85.384524 6.615476
   8   10   38 1.623810 6.376190
  92  514   38 85.642857 6.357143
  10   24   36 4.009524 5.990476
  90  504   36 83.942857 6.057143
  13   40   41 6.509524 6.490476
  87  478   41 79.954762 7.045238
  16   38   57 6.414286 9.585714
  84  448   57 74.545238 9.454762
  18   54   54 8.980952 9.019048
  82  438   54 73.235714 8.764286
   8   12   38 1.904762 6.095238
  92  512   38 85.565079 6.434921
  18   52   52 8.921429 9.078571
  82  444   52 73.633333 8.366667
  10   18   42 3.104762 6.895238
  90  498   42 83.160714 6.839286
  12   30   45 5.023810 6.976190
  88  480   45 80.366667 7.633333
  10   16   44 2.714286 7.285714
  90  496   44 82.904762 7.095238
  12   26   45 4.414286 7.585714
  88  484   45 80.733333 7.266667
   9   12   41 2.014286 6.985714
  91  506   41 84.453571 6.546429
   2    2   11 0.309524 1.690476
  98  576   11 96.114286 1.885714
   3    6   12 1.019048 1.980952
  97  570   12 94.938095 2.061905
   4    8   15 1.400000 2.600000
  96  562   15 93.561905 2.438095
  10   30   32 4.948810 5.051190
  90  506   32 84.578571 5.421429
  10   26   31 4.571429 5.428571
  90  512   31 85.157143 4.842857
  11   38   25 6.633333 4.366667
  89  512   25 85.014286 3.985714
  11   36   28 6.257143 4.742857
  89  508   28 84.650000 4.350000
   6   12   25 1.952381 4.047619
  94  538   25 89.864286 4.135714
   4    2   20 0.333333 3.666667
  96  558   20 92.861905 3.138095
   6    8   31 1.271429 4.728571
  94  530   31 88.707143 5.292857
   8   16   34 2.571429 5.428571
  92  516   34 86.140476 5.859524
   3    4   14 0.666667 2.333333
  97  568   14 94.622619 2.377381
   1    0    6 0.000000 1.000000
  99  588    6 98.061905 0.938095
   1    0    5 0.000000 1.000000
  99  590    5 98.261905 0.738095
 100  600    0 100.000000 0.000000
