   1    0    7 0.000000 1.000000
   1    0    6 0.000000 1.000000
   6   18   17 3.147619 2.852381
   1    0    6 0.000000 1.000000
   1    0    6 0.000000 1.000000
   1    0    6 0.000000 1.000000
   3    6   13 0.983333 2.016667
   3    4   12 0.766667 2.233333
   1    0    7 0.000000 1.000000
   1    0    6 0.000000 1.000000
   2    2   10 0.333333 1.666667
   1    0    6 0.000000 1.000000
   2    2    8 0.400000 1.600000
   1    0    6 0.000000 1.000000
   2    0   12 0.000000 2.000000
   1    0    6 0.000000 1.000000
   2    2   12 0.291667 1.708333
   1    0    7 0.000000 1.000000
   3    4   13 0.700000 2.300000
   1    0    7 0.000000 1.000000
   3    4   12 0.833333 2.166667
   2    2    9 0.366667 1.633333
   2    2   10 0.333333 1.666667
   1    0    6 0.000000 1.000000
   2    2   11 0.309524 1.690476
   2    2   10 0.333333 1.666667
   2    0   12 0.000000 2.000000
   1    0    7 0.000000 1.000000
   5   14   16 2.380952 2.619048
   2    2    9 0.366667 1.633333
   1    0    7 0.000000 1.000000
   1    0    6 0.000000 1.000000
   4   10   15 1.608333 2.391667
   1    0    6 0.000000 1.000000
   2    2    8 0.400000 1.600000
   1    0    6 0.000000 1.000000
   1    0    6 0.000000 1.000000
   1    0    6 0.000000 1.000000
   1    0    6 0.000000 1.000000
   1    0    6 0.000000 1.000000
   5   14   14 2.500000 2.500000
   2    2   10 0.333333 1.666667
   2    2   11 0.309524 1.690476
   1    0    5 0.000000 1.000000
   1    0    7 0.000000 1.000000
   3    6   11 1.119048 1.880952
   1    0    5 0.000000 1.000000
   1    0    7 0.000000 1.000000
   1    0    5 0.000000 1.000000
   2    2   12 0.285714 1.714286
   1    0    6 0.000000 1.000000
   2    2   11 0.309524 1.690476
   1    0    6 0.000000 1.000000
   1    0    6 0.000000 1.000000
   1    0    7 0.000000 1.000000
   1    0    6 0.000000 1.000000
   1    0    6 0.000000 1.000000
   1    0    6 0.000000 1.000000
   1    0    6 0.000000 1.000000
   2    0   13 0.000000 2.000000
   3    4   15 0.642857 2.357143
   1    0    6 0.000000 1.000000
   6   18   18 3.075000 2.925000
   4    8   15 1.385714 2.614286
   1    0    7 0.000000 1.000000
   1    0    7 0.000000 1.000000
   3    4   11 0.800000 2.200000
   3    4   14 0.709524 2.290476
   2    2   10 0.333333 1.666667
   1    0    6 0.000000 1.000000
   1    0    6 0.000000 1.000000
   3    6   11 1.085714 1.914286
   9   32   23 5.303571 3.696429
   2    0   11 0.000000 2.000000
   1    0    6 0.000000 1.000000
   2    2   11 0.309524 1.690476
   5    8   21 1.500000 3.500000
   3    4   12 0.766667 2.233333
   3    6   12 1.019048 1.980952
   9   32   23 5.410714 3.589286
   2    2   11 0.309524 1.690476
   1    0    6 0.000000 1.000000
   3    4   12 0.766667 2.233333
   1    0    6 0.000000 1.000000
   4    4   24 0.559524 3.440476
   2    2   10 0.342857 1.657143
   8   22   26 3.704762 4.295238
   1    0    7 0.000000 1.000000
   3    6   12 1.019048 1.980952
   2    2    9 0.366667 1.633333
   2    2    8 0.400000 1.600000
   4    6   19 1.000000 3.000000
   1    0    6 0.000000 1.000000
   1    0    6 0.000000 1.000000
   1    0    5 0.000000 1.000000
   7   20   21 3.400000 3.600000
   7   18   26 2.876190 4.123810
   2    2   12 0.291667 1.708333
   2    0   13 0.000000 2.000000
   3    4   16 0.595238 2.404762
  12   34   40 5.595238 6.404762
   3    4   12 0.766667 2.233333
   6   18   16 3.257143 2.742857
   7   12   27 2.195238 4.804762
   1    0    5 0.000000 1.000000
   4   10   17 1.500000 2.500000
  12   40   32 6.814286 5.185714
   1    0    6 0.000000 1.000000
   1    0    6 0.000000 1.000000
   3    2   15 0.400000 2.600000
   1    0    8 0.000000 1.000000
   1    0    6 0.000000 1.000000
  14   50   31 8.604762 5.395238
   4    4   20 0.666667 3.333333
   2    2   10 0.342857 1.657143
   2    2   10 0.333333 1.666667
   3    6   11 1.066667 1.933333
   1    0    7 0.000000 1.000000
   2    2    9 0.366667 1.633333
   7   20   22 3.333333 3.666667
  12   34   37 5.808333 6.191667
   7   20   22 3.385714 3.614286
   2    0   12 0.000000 2.000000
  11   30   36 5.205952 5.794048
   1    0    5 0.000000 1.000000
   6   14   22 2.357143 3.642857
   5    6   24 0.985714 4.014286
   2    2   11 0.309524 1.690476
  10   26   35 4.290476 5.709524
   6    6   27 1.100000 4.900000
   1    0    7 0.000000 1.000000
   3    4   14 0.666667 2.333333
   2    2    9 0.366667 1.633333
  10   28   33 4.619048 5.380952
   5    4   26 0.700000 4.300000
   1    0    6 0.000000 1.000000
   2    2   12 0.291667 1.708333
   4    6   19 0.935714 3.064286
   1    0    6 0.000000 1.000000
   3    6   14 0.904762 2.095238
   4    6   19 0.952381 3.047619
  13   36   38 6.283333 6.716667
  20   84   37 14.019048 5.980952
   2    2   11 0.309524 1.690476
   9   20   36 3.285714 5.714286
   4    6   18 1.042857 2.957143
   3    0   18 0.000000 3.000000
   3    6   12 1.019048 1.980952
   8   14   34 2.290476 5.709524
  11   24   39 4.119048 6.880952
   1    0    6 0.000000 1.000000
   3    6   12 1.019048 1.980952
   1    0    6 0.000000 1.000000
   4    2   21 0.366667 3.633333
   3    2   15 0.366667 2.633333
   3    6   12 1.019048 1.980952
   3    2   16 0.309524 2.690476
   2    2   12 0.285714 1.714286
   3    6   12 1.019048 1.980952
   2    0   13 0.000000 2.000000
  10   20   39 3.445238 6.554762
  25  104   46 17.465476 7.534524
   2    0   11 0.000000 2.000000
  12   34   36 5.819048 6.180952
   7   18   26 2.919048 4.080952
  14   28   51 4.980952 9.019048
   7   14   29 2.328571 4.671429
   7   20   25 3.171429 3.828571
   2    0   12 0.000000 2.000000
   3    2   18 0.333333 2.666667
   1    0    5 0.000000 1.000000
   5    6   25 1.025000 3.975000
   1    0    7 0.000000 1.000000
   4    2   21 0.416667 3.583333
   8   12   33 2.152381 5.847619
  14   36   48 6.200000 7.800000
   2    2   11 0.309524 1.690476
  14   28   62 4.538095 9.461905
   7   16   26 2.661905 4.338095
  14   28   56 4.657143 9.342857
  19   68   46 11.509524 7.490476
   4    2   21 0.366667 3.633333
   1    0    6 0.000000 1.000000
   4    6   16 1.100000 2.900000
   1    0    6 0.000000 1.000000
   7   14   27 2.509524 4.490476
   1    0    7 0.000000 1.000000
   5    8   20 1.466667 3.533333
  11   30   36 5.090476 5.909524
  20   54   66 9.145238 10.854762
   3    4   14 0.709524 2.290476
  11   22   46 3.595238 7.404762
   8   12   36 2.028571 5.971429
  18   50   57 8.580952 9.419048
  11   14   50 2.419048 8.580952
   5    6   25 0.952381 4.047619
   1    0    6 0.000000 1.000000
   1    0    5 0.000000 1.000000
   5    6   26 0.928571 4.071429
   2    2    8 0.400000 1.600000
  11   20   45 3.361905 7.638095
   8   22   30 3.380952 4.619048
  25   72   70 12.627381 12.372619
   3    6   12 1.000000 2.000000
   9   16   40 2.614286 6.385714
   7    8   33 1.352381 5.647619
  22   80   56 13.109524 8.890476
   3    2   16 0.342857 2.657143
   4    8   17 1.261905 2.738095
   2    2    9 0.366667 1.633333
   1    0    6 0.000000 1.000000
   3    6   14 0.904762 2.095238
   3    4   13 0.733333 2.266667
  15   42   48 6.976190 8.023810
  11   36   32 5.990476 5.009524
  21   58   70 9.480952 11.519048
   4    6   18 1.085714 2.914286
   4    2   19 0.400000 3.600000
  13   34   41 5.928571 7.071429
  20   68   54 11.347619 8.652381
   3    2   16 0.333333 2.666667
   2    2   10 0.342857 1.657143
   4    8   17 1.285714 2.714286
   1    0    8 0.000000 1.000000
  14   40   44 6.909524 7.090476
  11   36   29 6.200000 4.800000
  24   82   64 13.697619 10.302381
   3    2   16 0.333333 2.666667
   8   12   34 2.150000 5.850000
  11   32   37 5.309524 5.690476
  20   66   53 11.189286 8.810714
   1    0    6 0.000000 1.000000
   5    8   18 1.550000 3.450000
   2    2   11 0.309524 1.690476
   1    0    7 0.000000 1.000000
  13   30   48 5.009524 7.990476
  15   44   42 7.742857 7.257143
  16   38   58 6.447619 9.552381
   1    0    6 0.000000 1.000000
   6    6   29 1.042857 4.957143
  11   34   34 5.628571 5.371429
  32  118   74 19.835714 12.164286
   1    0    7 0.000000 1.000000
   3    4   15 0.642857 2.357143
   1    0    6 0.000000 1.000000
   1    0    7 0.000000 1.000000
  12   34   37 5.796429 6.203571
  13   34   42 5.866667 7.133333
  13   24   55 4.171429 8.828571
   1    0    6 0.000000 1.000000
   9   12   39 2.252381 6.747619
   9   22   32 3.723810 5.276190
  38  140   91 23.392857 14.607143
   4   10   15 1.619048 2.380952
   1    0    6 0.000000 1.000000
  11   26   43 4.315476 6.684524
  11   28   37 4.807143 6.192857
  22   72   59 12.495238 9.504762
   1    0    7 0.000000 1.000000
   8   16   32 2.647619 5.352381
   7   16   27 2.619048 4.380952
  36  124   89 21.157143 14.842857
   3    4   14 0.676190 2.323810
  14   36   51 5.845238 8.154762
   3    0   17 0.000000 3.000000
  23   82   55 13.928571 9.071429
   1    0    6 0.000000 1.000000
   9   14   41 2.309524 6.690476
  12   34   37 5.880952 6.119048
  37  126   95 21.325000 15.675000
   1    0    6 0.000000 1.000000
  12   22   49 3.876190 8.123810
   8   18   31 2.971429 5.028571
  13   26   52 4.300000 8.700000
   3    6   13 0.952381 2.047619
   9   18   33 3.219048 5.780952
   6   14   23 2.366667 3.633333
  48  180  108 30.205952 17.794048
   1    0    7 0.000000 1.000000
   7    6   32 1.133333 5.866667
   4    6   16 1.100000 2.900000
  21   62   67 10.291667 10.708333
   1    0    6 0.000000 1.000000
   8   16   31 2.766667 5.233333
   3    4   14 0.676190 2.323810
  54  212  115 35.160714 18.839286
   2    2   11 0.309524 1.690476
   2    2    9 0.366667 1.633333
   3    6   12 1.019048 1.980952
  11   22   47 3.700000 7.300000
  12   30   44 4.809524 7.190476
   5   10   19 1.661905 3.338095
  66  284  109 47.834524 18.165476
   1    0    6 0.000000 1.000000
   3    4   13 0.809524 2.190476
   3    2   16 0.342857 2.657143
  13   32   43 5.476190 7.523810
  10   14   43 2.485714 7.514286
   6   12   24 2.177381 3.822619
  65  290  107 47.985714 17.014286
   1    0    5 0.000000 1.000000
   7   10   31 1.745238 5.254762
  21   50   79 8.219048 12.780952
   7   14   29 2.280952 4.719048
  64  270  112 45.326190 18.673810
   2    2   10 0.333333 1.666667
  10   26   36 4.279762 5.720238
  18   46   61 7.827381 10.172619
  11   32   34 5.457143 5.542857
  59  234  119 39.314286 19.685714
   6   18   17 3.230952 2.769048
   6    6   30 1.009524 4.990476
  19   44   73 7.280952 11.719048
  11   20   44 3.533333 7.466667
  58  228  120 38.227381 19.772619
   4    8   16 1.409524 2.590476
  10   24   37 4.100000 5.900000
  18   54   56 8.998810 9.001190
  15   38   50 6.528571 8.471429
  53  212  105 35.671429 17.328571
   1    0    6 0.000000 1.000000
  11   24   39 4.288095 6.711905
  23   62   77 10.271429 12.728571
  22   64   71 10.377381 11.622619
  43  152  105 25.432143 17.567857
   1    0    6 0.000000 1.000000
   8   16   33 2.638095 5.361905
  28   90   76 15.385714 12.614286
  13   36   40 6.133333 6.866667
  50  192  111 32.005952 17.994048
   3    4   15 0.642857 2.357143
  11   22   43 3.747619 7.252381
  17   42   64 6.933333 10.066667
  12   26   42 4.600000 7.400000
  57  222  120 37.305952 19.694048
   3    4   15 0.642857 2.357143
  15   38   51 6.485714 8.514286
  22   58   74 9.733333 12.266667
  15   42   49 7.023810 7.976190
  45  150  119 25.471429 19.528571
   3    4   14 0.725000 2.275000
  11   26   40 4.448810 6.551190
  15   28   64 4.633333 10.366667
  24   64   78 10.790476 13.209524
  47  156  126 26.523810 20.476190
   5   12   20 1.951190 3.048810
  11   26   40 4.380952 6.619048
  11   16   49 2.690476 8.309524
  16   32   67 5.314286 10.685714
  57  208  130 35.127381 21.872619
   2    0   11 0.000000 2.000000
  10   12   46 2.166667 7.833333
  18   46   58 7.809524 10.190476
  12   30   45 4.926190 7.073810
  58  230  122 38.269048 19.730952
  16   36   63 6.025000 9.975000
  19   52   63 8.801190 10.198810
  20   56   60 9.757143 10.242857
  45  144  126 24.188095 20.811905
  17   44   59 7.304762 9.695238
  13   30   47 5.033333 7.966667
  14   38   43 6.442857 7.557143
  56  224  115 37.530952 18.469048
  22   64   67 11.019048 10.980952
   8   10   39 1.714286 6.285714
  22   74   59 12.290476 9.709524
  48  170  117 28.616667 19.383333
  18   44   63 7.666667 10.333333
   9   16   43 2.501190 6.498810
  31  104   78 17.866667 13.133333
  42  152  100 25.825000 16.175000
  12   20   51 3.366667 8.633333
   4    2   23 0.342857 3.657143
  36  118   97 20.045238 15.954762
  48  194   95 32.586905 15.413095
  12   22   51 3.565476 8.434524
   4    6   18 1.019048 2.980952
  55  208  118 35.288095 19.711905
  29   86   91 14.271429 14.728571
  12   20   52 3.366667 8.633333
   2    0   11 0.000000 2.000000
  60  246  117 41.234524 18.765476
  26   64   90 10.900000 15.100000
   8   16   33 2.616667 5.383333
   1    0    6 0.000000 1.000000
  54  222   99 37.515476 16.484524
  37  142   82 23.895238 13.104762
   8   22   25 3.857143 4.142857
  59  268   82 45.189286 13.810714
  33  132   71 22.036508 10.963492
   2    0   12 0.000000 2.000000
  66  326   70 54.405952 11.594048
  32  122   70 20.428571 11.571429
  70  340   75 57.052381 12.947619
  30  110   75 17.975000 12.025000
  77  402   62 66.690476 10.309524
  23   74   62 12.452381 10.547619
  78  416   56 69.064286 8.935714
  22   72   56 12.309524 9.690476
  82  430   58 72.252381 9.747619
  18   54   58 8.796429 9.203571
  79  420   54 70.151190 8.848810
  21   72   54 12.123810 8.876190
  73  358   80 59.970238 13.029762
  27   82   80 13.938095 13.061905
  65  298   89 49.727381 15.272619
  35  124   89 20.433333 14.566667
  71  342   85 57.006746 13.993254
  29   88   85 14.761905 14.238095
  77  406   57 67.903571 9.096429
  23   80   57 13.538095 9.461905
  84  450   51 75.500000 8.500000
  16   48   51 7.908333 8.091667
  77  400   64 66.636905 10.363095
  23   72   64 12.457143 10.542857
  73  356   82 59.376190 13.623810
  27   80   82 13.485714 13.514286
  81  410   73 68.594048 12.405952
  19   44   73 7.294048 11.705952
  91  514   35 85.411905 5.588095
   9   16   35 2.861905 6.138095
  89  498   42 82.415476 6.584524
  11   18   42 3.385714 7.614286
  93  524   33 87.480952 5.519048
   7   10   33 1.661905 5.338095
  90  506   36 84.240476 5.759524
  10   22   36 4.009524 5.990476
  83  448   51 74.513095 8.486905
  17   50   51 8.448810 8.551190
  90  500   42 82.947619 7.052381
  10   16   42 2.728571 7.271429
  97  564   17 94.185714 2.814286
   3    2   17 0.333333 2.666667
  99  588    6 97.990476 1.009524
   1    0    6 0.000000 1.000000
 100  600    0 100.000000 0.000000
