   1    0    7 0.000000 1.000000
   3    6   11 1.085714 1.914286
   2    2   11 0.309524 1.690476
   2    2   11 0.309524 1.690476
   1    0    6 0.000000 1.000000
   1    0    7 0.000000 1.000000
   3    6   11 1.066667 1.933333
   1    0    5 0.000000 1.000000
   3    6   13 0.971429 2.028571
   3    4   13 0.742857 2.257143
   1    0    5 0.000000 1.000000
   1    0    5 0.000000 1.000000
   3    4   13 0.733333 2.266667
   2    2   11 0.309524 1.690476
   1    0    6 0.000000 1.000000
   2    2   11 0.309524 1.690476
   1    0    7 0.000000 1.000000
   1    0    7 0.000000 1.000000
   4   10   15 1.647619 2.352381
   3    4   13 0.700000 2.300000
   3    6   12 1.019048 1.980952
   2    2    7 0.450000 1.550000
   3    6   11 1.066667 1.933333
   1    0    6 0.000000 1.000000
   1    0    6 0.000000 1.000000
   4    8   16 1.409524 2.590476
   1    0    7 0.000000 1.000000
   1    0    5 0.000000 1.000000
   1    0    7 0.000000 1.000000
   1    0    7 0.000000 1.000000
   1    0    5 0.000000 1.000000
   2    2   11 0.309524 1.690476
   1    0    6 0.000000 1.000000
   5   12   18 2.028571 2.971429
   1    0    7 0.000000 1.000000
   4   10   13 1.733333 2.266667
   1    0    5 0.000000 1.000000
   1    0    6 0.000000 1.000000
   2    2   10 0.342857 1.657143
   2    2    9 0.366667 1.633333
   1    0    7 0.000000 1.000000
   1    0    7 0.000000 1.000000
   1    0    6 0.000000 1.000000
   1    0    7 0.000000 1.000000
   1    0    6 0.000000 1.000000
   1    0    5 0.000000 1.000000
   1    0    6 0.000000 1.000000
   1    0    5 0.000000 1.000000
   1    0    6 0.000000 1.000000
   4    8   17 1.261905 2.738095
   5    8   22 1.352381 3.647619
   1    0    5 0.000000 1.000000
   2    2   11 0.309524 1.690476
   2    2   10 0.333333 1.666667
   2    2   11 0.309524 1.690476
   2    2    9 0.366667 1.633333
   4    6   17 1.033333 2.966667
   1    0    6 0.000000 1.000000
   4    6   15 1.133333 2.866667
   2    0   13 0.000000 2.000000
   1    0    6 0.000000 1.000000
   2    2    9 0.366667 1.633333
   1    0    6 0.000000 1.000000
   6   14   20 2.461905 3.538095
   7   18   26 2.900000 4.100000
   1    0    5 0.000000 1.000000
   5   14   17 2.314286 2.685714
   2    2   11 0.309524 1.690476
   4   10   14 1.666667 2.333333
   3    4   15 0.642857 2.357143
   4   10   14 1.675000 2.325000
   3    2   14 0.366667 2.633333
   1    0    7 0.000000 1.000000
   2    2   10 0.333333 1.666667
   1    0    6 0.000000 1.000000
   2    0   13 0.000000 2.000000
   1    0    5 0.000000 1.000000
   1    0    7 0.000000 1.000000
   2    2    9 0.366667 1.633333
   1    0    6 0.000000 1.000000
   2    2   10 0.333333 1.666667
   4    6   20 0.952381 3.047619
   2    2   11 0.309524 1.690476
   2    2    9 0.366667 1.633333
   1    0    7 0.000000 1.000000
   2    2   11 0.309524 1.690476
   4    8   16 1.385714 2.614286
   9   24   30 4.085714 4.914286
   3    4   14 0.666667 2.333333
   1    0    6 0.000000 1.000000
   5   14   15 2.540476 2.459524
   3    4   15 0.642857 2.357143
   1    0    6 0.000000 1.000000
   3    4   12 0.766667 2.233333
   1    0    7 0.000000 1.000000
  15   56   35 9.414286 5.585714
   6   16   21 2.707143 3.292857
  11   34   33 5.713095 5.286905
   5    6   25 0.976190 4.023810
   1    0    6 0.000000 1.000000
   1    0    7 0.000000 1.000000
   7   22   21 3.657143 3.342857
   4    6   17 1.076190 2.923810
   2    2    8 0.400000 1.600000
   5    4   26 0.733333 4.266667
   3    6   11 1.085714 1.914286
   1    0    6 0.000000 1.000000
   3    4   13 0.700000 2.300000
   1    0    6 0.000000 1.000000
   1    0    6 0.000000 1.000000
   1    0    6 0.000000 1.000000
   4    4   18 0.766667 3.233333
   3    6   10 1.133333 1.866667
   3    4   13 0.742857 2.257143
   1    0    7 0.000000 1.000000
   1    0    6 0.000000 1.000000
   2    0   12 0.000000 2.000000
   3    4   15 0.642857 2.357143
   8   24   26 3.947619 4.052381
   2    2    8 0.400000 1.600000
   2    2   12 0.285714 1.714286
   3    4   15 0.642857 2.357143
   6   10   25 1.700000 4.300000
   6   14   22 2.380952 3.619048
  11   38   29 6.352381 4.647619
   4    4   18 0.700000 3.300000
   5    6   22 1.109524 3.890476
   7   22   20 3.761905 3.238095
   1    0    6 0.000000 1.000000
   9   22   35 3.667857 5.332143
   5   10   19 1.776190 3.223810
   7   12   31 1.971429 5.028571
   7   20   22 3.395238 3.604762
   2    2   10 0.333333 1.666667
   1    0    7 0.000000 1.000000
   6   16   20 2.752381 3.247619
   4    8   17 1.261905 2.738095
   2    2   10 0.333333 1.666667
   4    6   16 1.100000 2.900000
   2    0   13 0.000000 2.000000
   4    2   21 0.333333 3.666667
   2    2   11 0.309524 1.690476
   1    0    7 0.000000 1.000000
   9   28   26 4.723810 4.276190
  11   34   32 5.733333 5.266667
   2    2   11 0.309524 1.690476
   5   12   19 1.914286 3.085714
   5    2   30 0.333333 4.666667
  10   36   24 6.023810 3.976190
   4    6   18 1.019048 2.980952
   8   18   29 3.052381 4.947619
   3    4   14 0.676190 2.323810
  13   40   36 6.895238 6.104762
   2    2   10 0.342857 1.657143
   2    2    9 0.366667 1.633333
   3    4   15 0.642857 2.357143
   3    6   12 1.000000 2.000000
   6   16   21 2.647619 3.352381
   5    6   22 1.109524 3.890476
   6   12   22 2.095238 3.904762
   1    0    8 0.000000 1.000000
   5    8   23 1.275000 3.725000
  12   36   38 5.857143 6.142857
   4    8   15 1.433333 2.566667
   4    6   18 1.019048 2.980952
   5    6   25 0.961905 4.038095
   4    6   16 1.100000 2.900000
   2    2   12 0.291667 1.708333
   5    4   26 0.666667 4.333333
   6   16   18 2.876190 3.123810
  15   48   37 8.408333 6.591667
   3    6   12 1.000000 2.000000
   1    0    6 0.000000 1.000000
  10   28   32 4.719048 5.280952
  13   38   39 6.471429 6.528571
  10   24   39 4.075000 5.925000
   8   18   32 3.033333 4.966667
  12   34   39 5.633333 6.366667
   2    2   11 0.309524 1.690476
   6   10   27 1.628571 4.371429
   5    8   23 1.316667 3.683333
   4    6   17 1.066667 2.933333
  12   28   44 4.869048 7.130952
   2    2    8 0.400000 1.600000
  11   28   36 4.785714 6.214286
   3    6   10 1.133333 1.866667
   2    2    8 0.400000 1.600000
   8   18   29 3.038095 4.961905
  22   56   80 9.214286 12.785714
   3    4   14 0.709524 2.290476
   8   10   38 1.652381 6.347619
  15   52   38 8.690476 6.309524
   8   20   27 3.423810 4.576190
   1    0    6 0.000000 1.000000
   4    4   22 0.619048 3.380952
  17   52   49 8.771429 8.228571
   4    6   17 1.066667 2.933333
  16   40   56 6.761905 9.238095
   1    0    6 0.000000 1.000000
   1    0    6 0.000000 1.000000
   4    4   21 0.658333 3.341667
  19   46   67 7.832143 11.167857
   2    0   13 0.000000 2.000000
   5    4   27 0.642857 4.357143
  11   24   42 3.933333 7.066667
   2    2    9 0.366667 1.633333
   8   18   32 2.942857 5.057143
  23   80   59 13.409524 9.590476
   5   14   15 2.485714 2.514286
  16   40   52 6.972619 9.027381
   3    6   10 1.133333 1.866667
   4    4   21 0.619048 3.380952
  22   58   77 9.552381 12.447619
   1    0    6 0.000000 1.000000
   9   22   33 3.709524 5.290476
   2    0   13 0.000000 2.000000
   4    8   17 1.304762 2.695238
   9   24   30 4.033333 4.966667
  12   36   35 6.080952 5.919048
   5    6   22 1.176190 3.823810
  19   52   62 8.820238 10.179762
   3    4   15 0.642857 2.357143
   5    8   22 1.295238 3.704762
  32   90  101 15.200000 16.800000
  12   38   35 6.290476 5.709524
   2    2   10 0.333333 1.666667
  10   34   26 5.695238 4.304762
  11   24   40 4.200000 6.800000
   3    4   12 0.766667 2.233333
  23   76   65 12.676190 10.323810
   6   14   23 2.357143 3.642857
   3    2   16 0.333333 2.666667
  30   86   93 14.484524 15.515476
   7   20   21 3.400000 3.600000
   1    0    6 0.000000 1.000000
  10   14   50 2.214286 7.785714
  15   34   54 5.680952 9.319048
   1    0    6 0.000000 1.000000
  23   78   64 13.091667 9.908333
   4    4   21 0.642857 3.357143
   1    0    8 0.000000 1.000000
  38  118  102 20.490476 17.509524
   5   10   20 1.685714 3.314286
  18   54   55 9.066667 8.933333
  11   24   43 4.033333 6.966667
   1    0    6 0.000000 1.000000
  19   64   52 10.655952 8.344048
   4    8   15 1.419048 2.580952
  42  152   97 25.676190 16.323810
   2    2   11 0.309524 1.690476
  13   30   46 5.095238 7.904762
  16   44   51 7.495238 8.504762
  28  110   60 18.304762 9.695238
   8   16   32 2.714286 5.285714
  33  118   80 19.847619 13.152381
   2    2   11 0.309524 1.690476
  23   88   52 14.911905 8.088095
  14   34   50 5.857143 8.142857
  17   36   66 6.033333 10.966667
  11   34   29 5.947619 5.052381
  33  110   88 18.585714 14.414286
  28   80   91 13.394048 14.605952
  18   42   63 7.309524 10.690476
  16   32   59 5.633333 10.366667
   7   16   26 2.697619 4.302381
  31   90  101 14.907143 16.092857
  23   54   81 9.289286 13.710714
  22   58   77 9.628571 12.371429
  17   34   64 5.957143 11.042857
  10   30   29 5.009524 4.990476
  28   90   83 14.734524 13.265476
  30  110   71 18.329762 11.670238
  31  116   72 19.266667 11.733333
  15   26   66 4.367857 10.632143
  12   46   26 7.821429 4.178571
  12   20   47 3.676190 8.323810
  34  126   81 20.807143 13.192857
  31   94   90 15.982143 15.017857
   8    8   39 1.425000 6.575000
  11   30   36 5.057143 5.942857
  16   30   66 5.066667 10.933333
  35  126   86 20.960714 14.039286
  27   80   82 13.671429 13.328571
   5    4   23 0.766667 4.233333
  11   30   37 5.011905 5.988095
  22   44   88 7.557143 14.442857
  50  200   92 34.052381 15.947619
  16   48   52 7.898810 8.101190
   5    8   23 1.344048 3.655952
  10   24   37 3.957143 6.042857
  19   34   82 5.591667 13.408333
  57  262   79 43.942857 13.057143
  11   24   40 4.166667 6.833333
   6   10   25 1.752381 4.247619
   6    8   29 1.309524 4.690476
  20   60   63 9.928571 10.071429
  54  234   90 39.073810 14.926190
  12   38   36 6.233333 5.766667
   9   20   33 3.461905 5.538095
  10   28   32 4.709524 5.290476
  15   36   53 6.200000 8.800000
  51  224   79 37.690476 13.309524
  22   84   49 14.138095 7.861905
   7   18   25 2.934524 4.065476
   5   14   18 2.238095 2.761905
  15   44   45 7.452381 7.547619
  43  170   90 28.207143 14.792857
  28   92   76 15.440476 12.559524
  10   30   26 5.228571 4.771429
   9   30   26 4.871429 4.128571
  10   18   42 2.955952 7.044048
  44  174   88 29.580952 14.419048
  35  138   76 22.919048 12.080952
   8   24   26 3.923810 4.076190
   5    6   25 0.985714 4.014286
   8   12   31 2.319048 5.680952
  35  132   74 22.497619 12.502381
  38  150   79 25.280952 12.719048
  17   62   40 10.452381 6.547619
   3    2   17 0.333333 2.666667
   7    8   36 1.214286 5.785714
  28   96   71 16.190476 11.809524
  52  222   90 37.111905 14.888095
  14   40   45 6.557143 7.442857
   2    2   10 0.342857 1.657143
   4    8   16 1.341667 2.658333
  23   62   80 10.230952 12.769048
  53  210  106 35.266667 17.733333
  14   30   56 5.052381 8.947619
   3    4   13 0.733333 2.266667
   7   16   23 2.838095 4.161905
  33  118   78 19.842857 13.157143
  46  176   97 30.048810 15.951190
   8   10   41 1.566667 6.433333
   6   16   21 2.725000 3.275000
   7   16   27 2.614286 4.385714
  40  166   74 28.047619 11.952381
  44  180   84 30.133333 13.866667
   4    2   22 0.309524 3.690476
   2    2   10 0.342857 1.657143
  10   36   24 6.064286 3.935714
  39  168   69 27.865476 11.134524
  46  198   78 33.078571 12.921429
   2    0   13 0.000000 2.000000
   1    0    5 0.000000 1.000000
  12   36   33 6.328571 5.671429
  45  204   64 34.384524 10.615476
  42  172   81 28.800000 13.200000
   5   12   17 2.100000 2.900000
   1    0    6 0.000000 1.000000
   7   14   30 2.290476 4.709524
  42  178   72 30.060714 11.939286
  48  210   81 34.911905 13.088095
   1    0    6 0.000000 1.000000
   9   22   31 3.888095 5.111905
  36  152   68 25.096429 10.903571
  55  242   88 40.341667 14.658333
   3    6   11 1.066667 1.933333
   6   10   23 1.800000 4.200000
  28   98   68 16.550000 11.450000
  61  280   88 46.769048 14.230952
   2    2   10 0.333333 1.666667
   9   18   36 3.021429 5.978571
  24   92   53 15.417857 8.582143
  65  320   72 53.371429 11.628571
   3    6   11 1.085714 1.914286
   8   16   30 2.771429 5.228571
  25   68   80 11.467857 13.532143
  65  302   87 50.750794 14.249206
   4   10   15 1.641667 2.358333
   6   16   22 2.571429 3.428571
  23   60   77 10.150000 12.850000
  65  294  100 49.092857 15.907143
   9   28   23 4.966667 4.033333
   3    2   16 0.333333 2.666667
  33   98   95 16.771429 16.228571
  56  216  123 35.932143 20.067857
   7   16   27 2.859524 4.140476
   4    8   17 1.261905 2.738095
  26   64   92 10.779762 15.220238
  59  240  116 40.207143 18.792857
  11   42   24 7.202381 3.797619
   4    8   14 1.433333 2.566667
  20   54   66 9.128571 10.871429
  67  330   75 54.786905 12.213095
   8   22   24 3.776190 4.223810
   5   14   15 2.495238 2.504762
  15   32   58 5.471429 9.528571
  69  332   82 55.561905 13.438095
   6   14   22 2.328571 3.671429
  10   26   34 4.361905 5.638095
  15   34   60 5.519048 9.480952
  72  358   71 60.013095 11.986905
   3    6   12 1.000000 2.000000
  10   34   25 5.780952 4.219048
  25   62   85 10.659524 14.340476
  66  308   89 51.333333 14.666667
   9   18   38 2.904762 6.095238
  26   78   81 12.884524 13.115476
  60  264   92 44.372619 15.627381
  14   40   45 6.685714 7.314286
  24   60   79 10.442857 13.557143
  57  254   93 42.028571 14.971429
  19   66   48 11.080952 7.919048
  17   28   74 4.783333 12.216667
  68  308   99 51.458333 16.541667
  15   48   43 8.109524 6.890476
  23   74   64 12.504762 10.495238
  54  224  101 37.442857 16.557143
  23   70   67 11.866667 11.133333
  22   74   59 12.342857 9.657143
  52  214   97 36.007143 15.992857
  26   98   58 16.510714 9.489286
  30  120   61 19.819048 10.180952
  49  190   99 32.103571 16.896429
  21   72   58 11.859524 9.140476
  31  136   53 22.638095 8.361905
  55  252   77 42.050000 12.950000
  14   38   44 6.561905 7.438095
  24   86   58 14.558333 9.441667
  62  286   86 47.844048 14.155952
  14   28   56 4.885714 9.114286
  30  124   54 20.933333 9.066667
  61  290   78 48.450000 12.550000
   9   16   38 2.671429 6.328571
  36  138   80 22.838095 13.161905
  50  212   86 35.655952 14.344048
  14   24   60 4.009524 9.990476
  24   90   54 15.076190 8.923810
  68  340   65 57.336905 10.663095
   8   14   37 2.215476 5.784524
  29  116   61 19.260714 9.739286
  61  290   73 48.695238 12.304762
  10   18   42 3.061905 6.938095
  23   86   51 14.457143 8.542857
  67  322   83 53.376190 13.623810
  10   18   40 3.104762 6.895238
  19   62   50 10.522619 8.477381
  64  292   94 48.500000 15.500000
  17   44   58 7.423810 9.576190
  15   44   46 7.323810 7.676190
  73  346   89 58.077381 14.922619
  12   28   47 4.585714 7.414286
  12   40   35 6.464286 5.535714
  72  352   78 58.904762 13.095238
  16   52   43 8.869048 7.130952
  12   38   33 6.504762 5.495238
  77  406   62 67.304762 9.695238
  11   30   31 5.414286 5.585714
   7   16   23 2.833333 4.166667
  81  426   59 71.095238 9.904762
  12   38   38 6.147619 5.852381
   2    2   11 0.309524 1.690476
  83  426   70 71.409524 11.590476
  15   32   59 5.304762 9.695238
   1    0    6 0.000000 1.000000
  84  450   52 75.209524 8.790476
  15   46   46 7.476190 7.523810
   3    4   12 0.766667 2.233333
  80  418   63 69.779762 10.220238
  17   52   51 8.738095 8.261905
   2    0   12 0.000000 2.000000
  84  448   54 75.028571 8.971429
  14   44   42 7.290476 6.709524
  84  466   40 77.617857 6.382143
  16   54   40 9.214286 6.785714
  86  476   41 79.419048 6.580952
  14   42   41 7.114286 6.885714
  82  428   60 71.648810 10.351190
  18   52   60 8.421429 9.578571
  88  474   54 79.014286 8.985714
  12   18   54 3.144048 8.855952
  79  410   65 68.257143 10.742857
  21   60   65 10.245238 10.754762
  81  430   53 72.120238 8.879762
  19   64   53 10.790476 8.209524
  82  440   50 73.713095 8.286905
  18   60   50 10.092857 7.907143
  77  392   67 65.704762 11.295238
  23   74   67 12.051190 10.948810
  75  366   82 61.373810 13.626190
  25   70   82 11.848016 13.151984
  82  430   63 71.696825 10.303175
  18   44   63 7.404762 10.595238
  89  486   46 81.190476 7.809524
  11   22   46 3.560714 7.439286
  94  542   24 90.120238 3.879762
   6   10   24 1.761905 4.238095
  92  530   23 88.259524 3.740476
   8   24   23 4.157143 3.842857
  95  546   22 91.308333 3.691667
   5   10   22 1.547619 3.452381
  82  452   41 75.117857 6.882143
  18   66   41 11.047619 6.952381
  83  462   37 77.090476 5.909524
  17   64   37 10.966667 6.033333
  91  502   42 84.104762 6.895238
   9   14   42 2.280952 6.719048
  81  434   56 72.032143 8.967857
  19   54   56 9.414286 9.585714
  74  372   76 61.494048 12.505952
  26   76   76 12.871429 13.128571
  76  400   61 66.207143 9.792857
  24   78   61 13.319048 10.680952
  77  394   65 66.069048 10.930952
  23   76   65 12.613095 10.386905
  83  440   58 73.523810 9.476190
  17   44   58 7.609524 9.390476
  75  364   87 60.578571 14.421429
  25   62   87 10.477381 14.522619
  82  412   75 69.395238 12.604762
  18   38   75 6.252381 11.747619
  83  438   63 72.886905 10.113095
  17   36   63 6.280952 10.719048
  84  452   52 75.632143 8.367857
  16   44   52 7.557143 8.442857
  83  436   59 73.147619 9.852381
  17   46   59 7.650000 9.350000
  85  470   41 78.452381 6.547619
  15   48   41 8.033333 6.966667
  85  478   32 79.819048 5.180952
  15   58   32 9.761905 5.238095
  84  466   37 77.861905 6.138095
  16   60   37 10.033333 5.966667
  84  464   37 77.623810 6.376190
  16   62   37 10.039286 5.960714
  81  442   43 73.750000 7.250000
  19   72   43 12.028571 6.971429
  76  390   59 65.600000 10.400000
  24   92   59 14.907143 9.092857
  69  366   52 60.928571 8.071429
  31  130   52 22.072619 8.927381
  76  396   61 65.921429 10.078571
  24   82   61 13.900000 10.100000
  66  338   62 56.010714 9.989286
  34  138   62 23.411905 10.588095
  66  326   72 54.304762 11.695238
  34  130   72 21.785714 12.214286
  78  416   52 69.577381 8.422619
  22   80   52 13.585714 8.414286
  84  444   58 74.207937 9.792063
  16   40   58 6.604762 9.395238
  76  388   67 65.052381 10.947619
  24   78   67 13.085714 10.914286
  78  392   77 65.428571 12.571429
  22   54   77 9.364286 12.635714
  77  400   64 66.776190 10.223810
  23   72   64 12.438095 10.561905
  82  426   60 71.590476 10.409524
  18   54   60 8.733333 9.266667
  87  490   34 81.547619 5.452381
  13   42   34 7.233333 5.766667
  89  508   27 84.647619 4.352381
  11   38   27 6.473810 4.526190
  92  518   30 86.752381 5.247619
   8   22   30 3.469048 4.530952
  99  590    5 98.190476 0.809524
   1    0    5 0.000000 1.000000
  98  580    9 96.514286 1.485714
   2    2    9 0.366667 1.633333
 100  600    0 100.000000 0.000000
