   1    0    6 0.000000 1.000000
   1    0    6 0.000000 1.000000
   4    8   16 1.328571 2.671429
   2    2    9 0.366667 1.633333
   4   10   13 1.728571 2.271429
   1    0    7 0.000000 1.000000
   1    0    6 0.000000 1.000000
   1    0    6 0.000000 1.000000
   1    0    6 0.000000 1.000000
   1    0    6 0.000000 1.000000
   1    0    7 0.000000 1.000000
   1    0    5 0.000000 1.000000
   4    4   19 0.700000 3.300000
   1    0    6 0.000000 1.000000
   1    0    6 0.000000 1.000000
   1    0    7 0.000000 1.000000
   1    0    6 0.000000 1.000000
   1    0    6 0.000000 1.000000
   3    6   12 1.019048 1.980952
   1    0    7 0.000000 1.000000
   1    0    7 0.000000 1.000000
   1    0    8 0.000000 1.000000
   1    0    7 0.000000 1.000000
   1    0    5 0.000000 1.000000
   3    4   13 0.733333 2.266667
   1    0    6 0.000000 1.000000
   2    2   10 0.333333 1.666667
   1    0    6 0.000000 1.000000
   2    2    9 0.366667 1.633333
   2    2   11 0.309524 1.690476
   1    0    6 0.000000 1.000000
   6   14   19 2.502381 3.497619
   8   22   23 3.954762 4.045238
   1    0    5 0.000000 1.000000
   1    0    6 0.000000 1.000000
   3    6   10 1.133333 1.866667
   2    2    9 0.366667 1.633333
   2    2   11 0.309524 1.690476
   3    2   17 0.285714 2.714286
   1    0    7 0.000000 1.000000
   1    0    7 0.000000 1.000000
   2    2   13 0.267857 1.732143
   1    0    7 0.000000 1.000000
   1    0    7 0.000000 1.000000
   3    6   13 0.952381 2.047619
   1    0    6 0.000000 1.000000
   1    0    6 0.000000 1.000000
   3    6   12 1.019048 1.980952
   1    0    7 0.000000 1.000000
   1    0    5 0.000000 1.000000
   1    0    6 0.000000 1.000000
   5   14   14 2.466667 2.533333
   1    0    7 0.000000 1.000000
   3    4   13 0.742857 2.257143
   2    2   11 0.309524 1.690476
   1    0    6 0.000000 1.000000
   5    6   20 1.133333 3.866667
   3    6   12 1.019048 1.980952
   2    2   10 0.333333 1.666667
   1    0    7 0.000000 1.000000
   3    6   11 1.066667 1.933333
   2    0   13 0.000000 2.000000
   2    2   11 0.309524 1.690476
   2    2    9 0.366667 1.633333
   1    0    6 0.000000 1.000000
  10   26   33 4.428571 5.571429
   1    0    6 0.000000 1.000000
   2    2   10 0.333333 1.666667
   1    0    7 0.000000 1.000000
   4    6   17 1.066667 2.933333
   3    4   13 0.733333 2.266667
   1    0    7 0.000000 1.000000
   2    2   11 0.309524 1.690476
   1    0    6 0.000000 1.000000
  17   66   38 10.957143 6.042857
   2    2    9 0.366667 1.633333
   3    4   14 0.666667 2.333333
   2    2   10 0.333333 1.666667
   2    2   11 0.309524 1.690476
   3    6   12 1.000000 2.000000
   2    2   10 0.333333 1.666667
   2    2   10 0.342857 1.657143
   1    0    7 0.000000 1.000000
   1    0    6 0.000000 1.000000
   1    0    6 0.000000 1.000000
   1    0    6 0.000000 1.000000
   2    2    8 0.400000 1.600000
   4    6   19 0.961905 3.038095
   3    4   13 0.700000 2.300000
   5   10   21 1.771429 3.228571
   1    0    6 0.000000 1.000000
   1    0    7 0.000000 1.000000
   3    6   13 0.952381 2.047619
   2    0   11 0.000000 2.000000
   3    4   15 0.642857 2.357143
   1    0    5 0.000000 1.000000
   6    8   27 1.385714 4.614286
   1    0    6 0.000000 1.000000
   1    0    6 0.000000 1.000000
   2    2    9 0.366667 1.633333
   5   12   19 1.928571 3.071429
   4    8   15 1.476190 2.523810
   2    2   10 0.333333 1.666667
   1    0    7 0.000000 1.000000
  16   56   39 9.414286 6.585714
   2    0   13 0.000000 2.000000
   4    6   15 1.133333 2.866667
  10   28   34 4.613095 5.386905
   2    2   10 0.333333 1.666667
   3    2   16 0.333333 2.666667
   7   22   20 3.752381 3.247619
   1    0    6 0.000000 1.000000
   2    2   11 0.309524 1.690476
   1    0    6 0.000000 1.000000
   1    0    6 0.000000 1.000000
   2    2   10 0.333333 1.666667
   4   10   13 1.761905 2.238095
   9   22   32 3.709524 5.290476
   3    2   17 0.333333 2.666667
   2    2   12 0.291667 1.708333
   2    2   10 0.333333 1.666667
   6   14   20 2.597619 3.402381
   4    4   19 0.652381 3.347619
   1    0    5 0.000000 1.000000
   4    0   25 0.000000 4.000000
   1    0    6 0.000000 1.000000
   2    2   11 0.309524 1.690476
   9   28   26 4.728571 4.271429
   3    4   14 0.709524 2.290476
   1    0    5 0.000000 1.000000
   5   14   16 2.450000 2.550000
  14   44   41 7.292857 6.707143
   4   10   15 1.619048 2.380952
   4   10   13 1.766667 2.233333
   7   12   31 1.957143 5.042857
   3    6   13 0.952381 2.047619
   4    2   21 0.400000 3.600000
   5    8   23 1.309524 3.690476
   1    0    6 0.000000 1.000000
   1    0    7 0.000000 1.000000
   5   12   18 1.961905 3.038095
   8   24   24 4.061905 3.938095
   4    8   13 1.500000 2.500000
   1    0    5 0.000000 1.000000
   4    8   16 1.376190 2.623810
   3    2   17 0.333333 2.666667
   8   12   41 1.909524 6.090476
   3    0   19 0.000000 3.000000
   4    8   17 1.261905 2.738095
  17   60   39 10.307143 6.692857
   1    0    5 0.000000 1.000000
   2    2   10 0.342857 1.657143
   3    4   15 0.642857 2.357143
  16   50   42 8.559524 7.440476
   2    0   10 0.000000 2.000000
   3    6   11 1.066667 1.933333
  11   28   36 4.752381 6.247619
   1    0    6 0.000000 1.000000
   4    2   23 0.342857 3.657143
   4    4   20 0.652381 3.347619
   1    0    7 0.000000 1.000000
   2    2   11 0.309524 1.690476
   8   14   35 2.271429 5.728571
   2    2   11 0.309524 1.690476
   3    4   14 0.709524 2.290476
   6   10   25 1.802381 4.197619
   2    2   10 0.333333 1.666667
   7   18   22 3.200000 3.800000
  15   52   39 8.680952 6.319048
   1    0    6 0.000000 1.000000
   1    0    6 0.000000 1.000000
   7   22   20 3.704762 3.295238
  16   34   61 5.776190 10.223810
   4    8   17 1.275000 2.725000
   3    6   12 1.019048 1.980952
   7    8   34 1.400000 5.600000
   1    0    7 0.000000 1.000000
   5    4   30 0.619048 4.380952
   6   10   25 1.761905 4.238095
   2    2    8 0.400000 1.600000
   2    2   12 0.291667 1.708333
   9   24   27 4.235714 4.764286
   3    2   17 0.309524 2.690476
   2    0   13 0.000000 2.000000
   3    0   19 0.000000 3.000000
   8   22   23 3.854762 4.145238
  11   34   31 5.800000 5.200000
  10   20   39 3.390476 6.609524
  10   32   28 5.323810 4.676190
  12   30   41 5.028571 6.971429
   5   10   20 1.728571 3.271429
   1    0    6 0.000000 1.000000
   7    8   36 1.247619 5.752381
   4    8   17 1.285714 2.714286
   1    0    6 0.000000 1.000000
  13   34   44 5.761905 7.238095
   2    2   10 0.333333 1.666667
  10   20   42 3.257143 6.742857
   1    0    5 0.000000 1.000000
   5   10   20 1.714286 3.285714
   9   24   30 4.028571 4.971429
  17   44   56 7.457143 9.542857
   3    0   19 0.000000 3.000000
  13   36   39 6.090476 6.909524
   9   24   32 3.852381 5.147619
   4    8   17 1.361905 2.638095
   9   12   40 2.100000 6.900000
   8   20   26 3.561905 4.438095
  15   44   48 7.236905 7.763095
   1    0    7 0.000000 1.000000
   7   18   26 2.904762 4.095238
   3    4   12 0.766667 2.233333
   3    2   16 0.366667 2.633333
  16   38   57 6.434524 9.565476
   2    0   12 0.000000 2.000000
   9   10   47 1.667857 7.332143
  15   42   49 7.102381 7.897619
   1    0    6 0.000000 1.000000
  14   18   65 3.035714 10.964286
   5   10   19 1.921429 3.078571
  28   88   80 14.835714 13.164286
   4    4   21 0.691667 3.308333
   4    4   23 0.595238 3.404762
  11   28   39 4.790476 6.209524
   4    8   16 1.352381 2.647619
  14   28   57 4.736905 9.263095
  15   28   57 4.909524 10.090476
  12   22   47 3.895238 8.104762
  14   42   41 7.136905 6.863095
  22   52   85 8.550000 13.450000
   4    6   17 1.109524 2.890476
   1    0    7 0.000000 1.000000
  12   24   47 4.164286 7.835714
   4    6   19 0.976190 3.023810
  12   20   50 3.416667 8.583333
   8   10   39 1.671429 6.328571
   5    6   26 0.983333 4.016667
  22   66   67 10.939286 11.060714
  33  124   72 21.054762 11.945238
   3    2   15 0.400000 2.600000
   9   16   36 2.733333 6.266667
   6    8   27 1.376190 4.623810
  11   20   48 3.329762 7.670238
   8   12   35 2.014286 5.985714
   5    4   28 0.619048 4.380952
  28   98   69 16.458333 11.541667
  32  114   79 18.969048 13.030952
   1    0    6 0.000000 1.000000
   8   12   36 2.058333 5.941667
   8   16   28 2.988095 5.011905
   7   10   32 1.733333 5.266667
  11   16   49 2.728571 8.271429
   3    0   21 0.000000 3.000000
  26   74   87 12.200000 13.800000
  36  118   94 19.785714 16.214286
   1    0    7 0.000000 1.000000
   8   16   33 2.633333 5.366667
   3    2   15 0.366667 2.633333
   3    2   18 0.309524 2.690476
  11   22   42 3.733333 7.266667
   3    4   12 0.792857 2.207143
  33  104   95 17.457143 15.542857
  39  140   95 23.410714 15.589286
  11   30   36 4.980952 6.019048
   5    8   19 1.566667 3.433333
   3    4   17 0.559524 2.440476
  11   28   40 4.719048 6.280952
   1    0    6 0.000000 1.000000
  30   78  103 12.928571 17.071429
  39  140   91 23.834524 15.165476
  11   24   42 3.971429 7.028571
   9   24   31 3.980952 5.019048
   1    0    5 0.000000 1.000000
  17   52   52 8.500000 8.500000
  27   82   81 13.952381 13.047619
  35  130   77 21.952381 13.047619
   9   20   36 3.266667 5.733333
   4    4   21 0.685714 3.314286
  14   36   47 6.314286 7.685714
  26   90   68 14.975000 11.025000
  47  194   84 32.735714 14.264286
   3    2   18 0.309524 2.690476
   2    0   15 0.000000 2.000000
  12   24   47 4.060714 7.939286
  33  134   64 22.619048 10.380952
  50  216   80 36.505952 13.494048
   1    0    5 0.000000 1.000000
   9   22   36 3.558333 5.441667
  42  172   78 28.982540 13.017460
  48  218   69 36.500000 11.500000
  17   56   47 9.290476 7.709524
  29   94   85 15.554762 13.445238
  54  228   90 38.633333 15.366667
  11   26   39 4.480952 6.519048
  40  144  101 24.067857 15.932143
  49  184  106 31.122619 17.877381
  13   36   40 6.442857 6.557143
  34  108   91 18.447619 15.552381
  53  228   97 37.885714 15.114286
  21   74   54 12.271429 8.728571
  39  136   95 23.186905 15.813095
  40  160   81 26.923810 13.076190
  31  116   66 19.814286 11.185714
  36  112  106 18.847619 17.152381
  33  120   80 19.901190 13.098810
  31  114   72 19.077381 11.922619
  50  198  100 33.475000 16.525000
  19   46   70 7.547619 11.452381
  39  164   71 27.375000 11.625000
  39  140   91 23.557143 15.442857
  22   62   72 10.295238 11.704762
  33  106   92 17.978571 15.021429
  37  116  105 19.471429 17.528571
  30  114   67 18.973810 11.026190
  22   50   83 8.183333 13.816667
  48  194   93 32.223810 15.776190
  30  108   72 18.115476 11.884524
  30   94   83 16.057143 13.942857
  48  192  101 31.859524 16.140476
  22   68   62 11.444048 10.555952
  24   72   71 12.264286 11.735714
  49  216   80 35.965476 13.034524
  27  106   55 17.923810 9.076190
  35  118   94 20.004762 14.995238
  34  114   87 19.290476 14.709524
  31  112   75 18.738095 12.261905
  44  166   98 28.023810 15.976190
  21   52   75 8.752381 12.247619
  35  124   85 20.804762 14.195238
  55  232   95 38.884524 16.115476
  21   68   60 11.496429 9.503571
  24   58   87 9.850000 14.150000
  50  200   95 33.719048 16.280952
  21   54   73 9.019048 11.980952
  29   84   94 13.935714 15.064286
  55  250   79 42.142857 12.857143
  27   76   80 13.254762 13.745238
  18   40   75 6.485714 11.514286
  49  206   89 34.348810 14.651190
  31   90   94 15.104762 15.895238
  20   54   67 9.061905 10.938095
  50  208   91 35.076190 14.923810
  32  102   91 16.995238 15.004762
  18   52   56 8.847619 9.152381
  56  250   86 41.595238 14.404762
  30   96   86 16.015873 13.984127
  14   36   46 6.235714 7.764286
  56  238   96 39.865476 16.134524
  28   76   91 12.985714 15.014286
  16   50   49 8.247619 7.752381
  39  154   81 25.667857 13.332143
  32  116   74 19.569048 12.430952
  29  114   61 18.923810 10.076190
  30   96   90 15.783333 14.216667
  36  126   85 21.371429 14.628571
  34  144   59 24.190476 9.809524
  25   72   79 12.176190 12.823810
  37  138   89 23.142857 13.857143
  38  154   68 26.022619 11.977381
  18   52   59 8.538095 9.461905
  50  212   83 35.854762 14.145238
  32  112   82 18.765476 13.234524
  17   52   49 9.009524 7.990476
  58  262   88 43.780952 14.219048
  25   74   75 12.538095 12.461905
  17   28   76 4.685714 12.314286
  62  262  106 44.109524 17.890476
  21   54   74 8.932143 12.067857
  17   32   69 5.311905 11.688095
  51  194  111 32.614286 18.385714
  32  110   84 18.290476 13.709524
  26   84   70 14.454762 11.545238
  52  222   93 36.865476 15.134524
  22   64   67 10.792857 11.207143
  25   86   68 14.239286 10.760714
  55  232   92 39.398810 15.601190
  20   62   60 10.357143 9.642857
  26  104   49 17.528571 8.471429
  59  280   74 46.671429 12.328571
  15   46   47 7.726190 7.273810
  29  108   65 18.000000 11.000000
  56  244   91 40.554762 15.445238
  15   48   44 7.882143 7.117857
  31  104   81 17.661905 13.338095
  54  216  108 36.219048 17.780952
  15   48   43 7.976190 7.023810
  42  156   96 26.204762 15.795238
  45  166  102 27.909524 17.090476
  13   40   40 6.578571 6.421429
  36  124   92 20.780952 15.219048
  51  202  104 34.161905 16.838095
  13   50   28 8.452381 4.547619
  30   78   96 13.557143 16.442857
  55  232  107 38.133333 16.866667
  15   52   35 8.957143 6.042857
  28   78   90 12.920238 15.079762
  58  244  102 40.732143 17.267857
  14   36   50 5.804762 8.195238
  19   46   66 7.842857 11.157143
  68  334   76 55.461905 12.538095
  13   34   44 5.733333 7.266667
  14   36   50 5.938095 8.061905
  72  338   91 56.625000 15.375000
  14   32   53 5.422619 8.577381
  15   34   57 5.528571 9.471429
  70  332   84 55.709524 14.290476
  15   54   39 9.073016 5.926984
  12   26   48 4.435714 7.564286
  72  346   86 57.757143 14.242857
  16   54   40 9.209524 6.790476
  19   64   55 10.382143 8.617857
  73  350   81 59.094048 13.905952
   8   12   38 2.028571 5.971429
  26   88   70 14.575000 11.425000
  63  278   99 46.673810 16.326190
  11   26   39 4.528571 6.471429
  30   84   92 14.533333 15.466667
  58  262   89 43.580952 14.419048
  12   26   47 4.490476 7.509524
  28   94   75 15.557143 12.442857
  52  234   76 39.204762 12.795238
  20   76   45 12.800000 7.200000
  19   66   54 10.784524 8.215476
  64  318   63 53.369048 10.630952
  17   62   37 10.628571 6.371429
  16   46   50 7.685714 8.314286
  72  356   77 59.186905 12.813095
  12   34   37 5.685714 6.314286
  16   54   39 9.242857 6.757143
  64  314   73 52.161905 11.838095
  20   78   42 13.180952 6.819048
   9   20   36 3.219048 5.780952
  73  368   70 61.529762 11.470238
  18   66   40 11.191667 6.808333
   7   12   30 2.071429 4.928571
  65  306   86 50.741667 14.258333
  28   98   68 16.538095 11.461905
  10   18   41 3.033333 6.966667
  58  246  105 40.959524 17.040476
  32  120   70 20.419048 11.580952
   9   14   39 2.395238 6.604762
  56  222  115 36.857143 19.142857
  35  116   94 19.222619 15.777381
   8   14   34 2.404762 5.595238
  60  240  118 40.309524 19.690476
  32   96   98 15.840476 16.159524
  14   30   50 5.342857 8.657143
  63  268  107 45.126190 17.873810
  23   60   85 9.576190 13.423810
  12   24   52 4.039683 7.960317
  71  318  106 53.467857 17.532143
  17   40   60 7.000000 10.000000
  14   42   40 7.280952 6.719048
  63  266  115 44.016667 18.983333
  23   56   81 9.515476 13.484524
  15   44   46 7.253571 7.746429
  51  194  118 32.288095 18.711905
  34  100   98 17.085714 16.914286
  16   40   55 6.957143 9.042857
  41  134  113 22.319048 18.680952
  43  176   82 29.417857 13.582143
   7   12   32 1.967857 5.032143
  48  196   94 32.557143 15.442857
  45  192   74 32.477381 12.522619
   7   12   30 1.995238 5.004762
  42  174   83 28.685714 13.314286
  51  220   81 37.277381 13.722619
   6    6   33 1.019048 4.980952
  39  162   75 26.836905 12.163095
  55  234   90 39.500000 15.500000
   4    2   21 0.400000 3.600000
  36  146   68 24.408333 11.591667
  60  278   85 46.192857 13.807143
   3    2   16 0.333333 2.666667
  47  192   90 32.501190 14.498810
  50  200  100 33.628571 16.371429
   2    0   13 0.000000 2.000000
  55  240   86 40.350000 14.650000
  43  170   91 28.138095 14.861905
   1    0    6 0.000000 1.000000
  58  274   74 45.896429 12.103571
  41  170   76 28.636905 12.363095
  53  244   74 40.904762 12.095238
  47  208   74 34.871429 12.128571
  46  188   90 31.546429 14.453571
  54  232   90 39.192857 14.807143
  52  224   92 37.347619 14.652381
  48  192   92 32.450000 15.550000
  58  258   90 43.123810 14.876190
  42  162   90 27.035714 14.964286
  70  322   95 53.961905 16.038095
  30   88   95 14.519048 15.480952
  78  402   62 67.460714 10.539286
  22   74   62 12.211905 9.788095
  72  380   53 63.398810 8.601190
  28  114   53 19.102381 8.897619
  74  392   50 65.526190 8.473810
  26  108   50 17.769048 8.230952
  72  374   55 62.513095 9.486905
  28  116   55 19.255952 8.744048
  71  362   59 60.950000 10.050000
  29  120   59 19.986905 9.013095
  70  368   55 61.154762 8.845238
  30  122   55 20.685714 9.314286
  64  318   67 53.114286 10.885714
  36  148   67 24.778571 11.221429
  68  308   93 52.191667 15.808333
  32  106   93 17.450000 14.550000
  69  320   92 53.658333 15.341667
  31   96   92 15.929762 15.070238
  60  262   98 43.950000 16.050000
  40  142   98 23.841667 16.158333
  60  252  105 42.095238 17.904762
  40  138  105 22.961905 17.038095
  72  340   88 57.027381 14.972619
  28   84   88 13.730159 14.269841
  78  376   85 63.242857 14.757143
  22   54   85 8.654762 13.345238
  72  352   81 58.479762 13.520238
  28   86   81 14.505952 13.494048
  69  328   87 54.742857 14.257143
  31   98   87 16.596429 14.403571
  67  326   75 54.623810 12.376190
  33  124   75 20.765476 12.234524
  66  326   68 54.672619 11.327381
  34  138   68 22.947619 11.052381
  63  294   83 49.123810 13.876190
  37  140   83 23.328571 13.671429
  59  270   78 45.592857 13.407143
  41  174   78 28.788095 12.211905
  57  284   60 47.355952 9.644048
  43  196   60 32.880952 10.119048
  53  256   63 42.840476 10.159524
  47  218   63 36.561905 10.438095
  59  274   80 45.775000 13.225000
  41  166   80 27.842857 13.157143
  62  278   90 46.671429 15.328571
  38  142   90 23.571429 14.428571
  69  328   84 55.094444 13.905556
  31  104   84 17.314286 13.685714
  67  324   78 54.263095 12.736905
  33  120   78 20.160714 12.839286
  71  358   68 59.766667 11.233333
  29  106   68 17.888095 11.111905
  69  354   60 59.095238 9.904762
  31  126   60 21.085714 9.914286
  70  352   70 58.558333 11.441667
  30  108   70 18.421429 11.578571
  77  402   60 67.194048 9.805952
  23   78   60 13.209524 9.790476
  83  444   49 74.580952 8.419048
  17   58   49 9.419048 7.580952
  82  442   50 73.574206 8.425794
  18   58   50 9.713095 8.286905
  73  386   53 64.473810 8.526190
  27  108   53 18.247619 8.752381
  84  462   41 77.288095 6.711905
  16   56   41 9.271429 6.728571
  87  484   36 81.000000 6.000000
  13   44   36 7.359524 5.640476
  90  508   34 84.633333 5.366667
  10   24   34 4.133333 5.866667
  92  520   31 86.857143 5.142857
   8   18   31 2.857143 5.142857
  92  526   26 87.726190 4.273810
   8   22   26 3.938095 4.061905
  87  490   32 81.704762 5.295238
  13   46   32 7.752381 5.247619
  86  472   46 78.488095 7.511905
  14   36   46 6.023810 7.976190
  84  446   56 74.419048 9.580952
  16   42   56 7.090476 8.909524
  87  464   56 77.609524 9.390476
  13   24   56 4.028571 8.971429
  73  372   66 62.170238 10.829762
  27   96   66 16.166667 10.833333
  75  368   80 61.700000 13.300000
  25   72   80 12.066667 12.933333
  71  342   81 57.364286 13.635714
  29   96   81 15.997619 13.002381
  70  348   74 58.113095 11.886905
  30  104   74 17.485714 12.514286
  70  326   91 54.773810 15.226190
  30   92   91 15.422619 14.577381
  81  424   63 70.619048 10.380952
  19   50   63 8.338095 10.661905
  73  356   82 59.639683 13.360317
  27   80   82 13.425000 13.575000
  82  416   76 69.471429 12.528571
  18   32   76 5.410714 12.589286
  78  398   75 66.017857 11.982143
  22   52   75 8.971429 13.028571
  82  438   59 72.521429 9.478571
  18   44   59 7.840476 10.159524
  87  476   50 78.948810 8.051190
  13   24   50 4.266667 8.733333
  86  462   56 76.997619 9.002381
  14   26   56 4.457143 9.542857
  86  466   55 77.238095 8.761905
  14   24   55 4.157143 9.842857
  88  482   47 80.396429 7.603571
  12   24   47 4.228571 7.771429
  92  518   33 86.461905 5.538095
   8   16   33 2.804762 5.195238
  94  534   30 88.944048 5.055952
   6    6   30 1.009524 4.990476
  95  542   27 90.535714 4.464286
   5    4   27 0.676190 4.323810
  89  498   36 83.092063 5.907937
  11   30   36 5.245238 5.754762
  83  448   51 74.786905 8.213095
  17   50   51 8.500000 8.500000
  77  400   60 66.852381 10.147619
  23   80   60 13.323810 9.676190
  83  462   33 77.376190 5.623810
  17   72   33 11.973810 5.026190
  91  524   24 87.228571 3.771429
   9   28   24 4.978571 4.021429
  95  546   23 91.079762 3.920238
   5    8   23 1.328571 3.671429
  92  526   28 87.528571 4.471429
   8   18   28 3.283333 4.716667
  76  408   46 68.101190 7.898810
  24  100   46 16.685714 7.314286
  72  376   52 63.132143 8.867857
  28  120   52 20.170238 7.829762
  68  364   48 60.380952 7.619048
  32  140   48 23.880952 8.119048
  64  314   73 52.166667 11.833333
  36  140   73 23.652381 12.347619
  57  248   93 41.585714 15.414286
  43  166   93 27.625000 15.375000
  50  234   71 38.911905 11.088095
  50  224   71 37.897619 12.102381
  58  270   84 45.029762 12.970238
  42  162   84 27.676190 14.323810
  52  238   76 39.571429 12.428571
  48  210   76 35.140476 12.859524
  50  232   66 38.919048 11.080952
  50  236   66 39.428571 10.571429
  52  240   73 40.091667 11.908333
  48  214   73 35.921429 12.078571
  61  292   75 49.035714 11.964286
  39  158   75 26.638095 12.361905
  42  170   82 28.553571 13.446429
  58  266   82 44.550000 13.450000
  32  138   53 23.142857 8.857143
  68  356   53 59.304762 8.695238
  16   44   53 7.323810 8.676190
  84  450   53 75.201190 8.798810
  10   26   37 4.176190 5.823810
  90  500   37 83.561905 6.438095
   4    2   26 0.285714 3.714286
  96  546   26 91.540476 4.459524
   3    2   17 0.309524 2.690476
  97  564   17 94.066667 2.933333
   4    6   16 1.133333 2.866667
  96  562   16 93.480952 2.519048
   7   12   30 2.000000 5.000000
  93  528   30 88.057143 4.942857
  12   22   48 3.876190 8.123810
  88  482   48 80.104762 7.895238
  12   18   51 3.166667 8.833333
  88  480   51 79.935714 8.064286
  18   52   59 8.602381 9.397619
  82  430   59 72.173810 9.826190
  22   52   78 8.880952 13.119048
  78  392   78 65.276190 12.723810
  24   64   72 11.309524 12.690476
  76  392   72 64.667857 11.332143
  25   72   82 11.903571 13.096429
  75  364   82 61.152381 13.847619
  17   52   48 8.904762 8.095238
  83  452   48 75.447619 7.552381
  17   52   49 9.090476 7.909524
  83  450   49 75.114286 7.885714
  17   44   53 7.700000 9.300000
  83  450   53 74.790476 8.209524
  20   68   53 11.257143 8.742857
  80  426   53 71.190476 8.809524
  18   54   54 9.171429 8.828571
  82  438   54 72.922619 9.077381
   8   12   40 1.880952 6.119048
  92  508   40 85.140476 6.859524
   6    8   30 1.352381 4.647619
  94  532   30 88.971429 5.028571
   3    2   17 0.333333 2.666667
  97  564   17 94.154762 2.845238
   2    0   12 0.000000 2.000000
  98  576   12 96.085714 1.914286
 100  600    0 100.000000 0.000000
