   4   10   13 1.733333 2.266667
   1    0    7 0.000000 1.000000
   2    2   10 0.333333 1.666667
   1    0    6 0.000000 1.000000
   2    2   11 0.309524 1.690476
   1    0    7 0.000000 1.000000
   2    2    9 0.366667 1.633333
   3    6   12 1.019048 1.980952
   4    6   17 1.128571 2.871429
   1    0    5 0.000000 1.000000
   1    0    7 0.000000 1.000000
   4    8   15 1.433333 2.566667
   3    4   14 0.666667 2.333333
   1    0    7 0.000000 1.000000
   1    0    7 0.000000 1.000000
   1    0    6 0.000000 1.000000
   1    0    6 0.000000 1.000000
   4    6   17 1.109524 2.890476
   1    0    5 0.000000 1.000000
   4   10   12 1.935714 2.064286
   1    0    6 0.000000 1.000000
   3    4   14 0.652381 2.347619
   1    0    7 0.000000 1.000000
   2    2   11 0.309524 1.690476
   1    0    6 0.000000 1.000000
   1    0    7 0.000000 1.000000
   1    0    6 0.000000 1.000000
   1    0    7 0.000000 1.000000
   1    0    6 0.000000 1.000000
   1    0    6 0.000000 1.000000
   1    0    6 0.000000 1.000000
   2    2   11 0.309524 1.690476
   2    2    9 0.366667 1.633333
   1    0    8 0.000000 1.000000
   5    8   21 1.400000 3.600000
   2    2    9 0.366667 1.633333
   1    0    6 0.000000 1.000000
   1    0    7 0.000000 1.000000
   1    0    7 0.000000 1.000000
   2    2   10 0.333333 1.666667
   1    0    6 0.000000 1.000000
   2    2   10 0.342857 1.657143
   4    8   14 1.500000 2.500000
   1    0    7 0.000000 1.000000
   1    0    6 0.000000 1.000000
   2    2    9 0.366667 1.633333
   2    2    9 0.366667 1.633333
   1    0    6 0.000000 1.000000
   1    0    5 0.000000 1.000000
   2    2   11 0.309524 1.690476
   2    2    7 0.450000 1.550000
   1    0    6 0.000000 1.000000
   2    2   12 0.285714 1.714286
   1    0    6 0.000000 1.000000
   1    0    6 0.000000 1.000000
   1    0    6 0.000000 1.000000
   1    0    6 0.000000 1.000000
   1    0    7 0.000000 1.000000
   4    6   17 0.995238 3.004762
   1    0    6 0.000000 1.000000
   1    0    7 0.000000 1.000000
   4    8   19 1.166667 2.833333
   1    0    7 0.000000 1.000000
   5   10   21 1.614286 3.385714
   2    0   11 0.000000 2.000000
   1    0    7 0.000000 1.000000
   2    2   10 0.333333 1.666667
   5    8   22 1.319048 3.680952
   3    2   17 0.333333 2.666667
   1    0    6 0.000000 1.000000
   1    0    7 0.000000 1.000000
  12   40   29 7.002381 4.997619
   1    0    6 0.000000 1.000000
   1    0    5 0.000000 1.000000
   2    2    9 0.366667 1.633333
   3    4   16 0.595238 2.404762
   1    0    6 0.000000 1.000000
   1    0    6 0.000000 1.000000
   2    2    9 0.366667 1.633333
   1    0    7 0.000000 1.000000
   1    0    5 0.000000 1.000000
   2    0   12 0.000000 2.000000
  11   32   32 5.485714 5.514286
   4   10   15 1.619048 2.380952
   2    2    8 0.400000 1.600000
   1    0    6 0.000000 1.000000
   3    4   16 0.625000 2.375000
   1    0    6 0.000000 1.000000
   1    0    7 0.000000 1.000000
   1    0    7 0.000000 1.000000
  11   34   28 6.040476 4.959524
   2    2   10 0.333333 1.666667
   2    2   10 0.333333 1.666667
   3    4   14 0.666667 2.333333
   1    0    6 0.000000 1.000000
   1    0    6 0.000000 1.000000
   6   12   23 2.061905 3.938095
   8   22   24 3.866667 4.133333
  14   48   32 8.347619 5.652381
   1    0    6 0.000000 1.000000
   3    4   17 0.577381 2.422619
   6   12   27 1.845238 4.154762
   4    8   18 1.214286 2.785714
   9   28   25 4.719048 4.280952
   1    0    5 0.000000 1.000000
   2    2    7 0.450000 1.550000
   2    2    9 0.366667 1.633333
   5   12   19 1.928571 3.071429
   2    2    8 0.400000 1.600000
   1    0    6 0.000000 1.000000
  14   36   49 5.952381 8.047619
   2    0   13 0.000000 2.000000
   3    6   12 1.019048 1.980952
   1    0    7 0.000000 1.000000
   2    2   10 0.333333 1.666667
   1    0    7 0.000000 1.000000
   1    0    8 0.000000 1.000000
   4    8   15 1.366667 2.633333
   4    6   18 1.009524 2.990476
   2    0   13 0.000000 2.000000
   9   28   27 4.709524 4.290476
   9   26   27 4.509524 4.490476
  16   56   41 9.295238 6.704762
   2    2   10 0.333333 1.666667
   4    6   19 0.995238 3.004762
   7   18   26 2.957143 4.042857
   3    6   13 0.952381 2.047619
   3    4   12 0.766667 2.233333
   2    2   11 0.309524 1.690476
   6   10   26 1.671429 4.328571
   4    8   15 1.385714 2.614286
   1    0    6 0.000000 1.000000
   3    4   15 0.616667 2.383333
   4    8   17 1.285714 2.714286
   4    6   15 1.135714 2.864286
   1    0    6 0.000000 1.000000
   2    2   13 0.267857 1.732143
   5   12   16 2.133333 2.866667
   1    0    7 0.000000 1.000000
   7   22   17 3.857143 3.142857
   4    4   19 0.733333 3.266667
   3    6   12 1.000000 2.000000
   8   24   23 4.133333 3.866667
   5    8   26 1.202381 3.797619
  23   90   48 15.038095 7.961905
   6   10   26 1.783333 4.216667
   3    2   15 0.366667 2.633333
   7   18   24 2.957143 4.042857
   3    6   13 0.952381 2.047619
   3    2   16 0.333333 2.666667
   1    0    6 0.000000 1.000000
   6    8   30 1.385714 4.614286
   5   10   21 1.614286 3.385714
   2    2    9 0.366667 1.633333
   9   26   28 4.433333 4.566667
   2    2   12 0.291667 1.708333
   3    6   10 1.185714 1.814286
   2    2    9 0.366667 1.633333
   3    2   14 0.366667 2.633333
   4    6   17 1.052381 2.947619
   1    0    6 0.000000 1.000000
   4    6   17 1.033333 2.966667
   6   12   22 2.095238 3.904762
   3    4   15 0.642857 2.357143
  18   74   35 12.276190 5.723810
  10   30   32 5.063095 4.936905
   5    8   21 1.400000 3.600000
   7   22   19 3.795238 3.204762
   7   14   29 2.309524 4.690476
   3    6   13 0.952381 2.047619
   9   16   38 2.709524 6.290476
   5    8   20 1.466667 3.533333
   2    2   11 0.309524 1.690476
   9   26   28 4.469048 4.530952
   1    0    6 0.000000 1.000000
   6   10   23 1.845238 4.154762
   2    2   12 0.285714 1.714286
   3    6   13 0.952381 2.047619
   4    6   17 1.052381 2.947619
   4    6   18 1.042857 2.957143
   3    4   15 0.619048 2.380952
  18   66   38 11.340476 6.659524
  12   42   33 6.850000 5.150000
   1    0    5 0.000000 1.000000
   3    4   15 0.619048 2.380952
   8   22   27 3.695238 4.304762
   1    0    6 0.000000 1.000000
   6   14   23 2.285714 3.714286
   6    8   27 1.352381 4.647619
  23   74   62 12.457143 10.542857
   4    6   16 1.126190 2.873810
   4    6   19 0.952381 3.047619
   4    8   16 1.319048 2.680952
   2    2   11 0.309524 1.690476
   1    0    7 0.000000 1.000000
   5    6   23 1.033333 3.966667
   6   18   19 3.009524 2.990476
  22   74   59 12.342857 9.657143
  24   88   57 14.657143 9.342857
   2    2   11 0.309524 1.690476
   3    6   11 1.066667 1.933333
   4    6   16 1.085714 2.914286
   5    6   24 1.066667 3.933333
  16   44   56 7.173810 8.826190
   8   20   25 3.504762 4.495238
   1    0    5 0.000000 1.000000
   1    0    6 0.000000 1.000000
   3    2   16 0.342857 2.657143
   2    2   10 0.333333 1.666667
  11   36   27 6.304762 4.695238
  22   66   63 11.276190 10.723810
  23   82   59 13.564286 9.435714
   4   10   15 1.595238 2.404762
   6   12   24 1.995238 4.004762
   3    4   15 0.619048 2.380952
  16   42   53 7.119048 8.880952
   8   16   34 2.523810 5.476190
   4    8   16 1.371429 2.628571
   1    0    6 0.000000 1.000000
   2    0   11 0.000000 2.000000
   8   22   26 3.657143 4.342857
  32  104   85 17.628571 14.371429
  21   70   56 11.740476 9.259524
   2    2    8 0.416667 1.583333
   6    8   29 1.309524 4.690476
   4    8   14 1.433333 2.566667
  13   26   56 4.190476 8.809524
   7   14   29 2.416667 4.583333
   5   12   20 1.876190 3.123810
   1    0    7 0.000000 1.000000
   3    2   16 0.333333 2.666667
  45  160  105 27.322619 17.677381
  26   90   70 14.894048 11.105952
   6    8   30 1.352381 4.647619
   8   22   22 4.033333 3.966667
   6   10   25 1.766667 4.233333
   1    0    7 0.000000 1.000000
   4    8   18 1.214286 2.785714
   5   12   16 2.133333 2.866667
  59  252  104 42.060714 16.939286
  16   44   58 7.001190 8.998810
   4    2   20 0.366667 3.633333
   3    4   14 0.652381 2.347619
   7    6   33 1.200000 5.800000
   1    0    5 0.000000 1.000000
   5   10   20 1.661905 3.338095
   5    8   24 1.261905 3.738095
  69  316  103 52.597619 16.402381
   8    8   38 1.409524 6.590476
   6   10   24 1.766667 4.233333
   4    8   18 1.292857 2.707143
   4    6   15 1.166667 2.833333
   4    2   20 0.400000 3.600000
   8   26   21 4.380952 3.619048
  75  352   97 58.744048 16.255952
   6    6   33 0.952381 5.047619
   7   12   28 2.108333 4.891667
   1    0    7 0.000000 1.000000
   2    0   11 0.000000 2.000000
   1    0    7 0.000000 1.000000
  11   32   37 5.280952 5.719048
  72  328  104 54.882143 17.117857
   8   10   36 1.795238 6.204762
   4    4   21 0.676190 3.323810
   4    8   15 1.419048 2.580952
   1    0    5 0.000000 1.000000
   6   10   28 1.595238 4.404762
  78  384   81 64.541667 13.458333
  10   18   43 3.185714 6.814286
   3    2   17 0.333333 2.666667
   1    0    5 0.000000 1.000000
   2    2   10 0.342857 1.657143
   8   16   31 2.776190 5.223810
  72  348   86 58.080952 13.919048
   7   14   28 2.380952 4.619048
  10   26   33 4.428571 5.571429
   1    0    6 0.000000 1.000000
   2    2   10 0.333333 1.666667
   9   22   31 3.809524 5.190476
  76  392   68 65.215476 10.784524
   5    6   23 1.052381 3.947619
  10   26   32 4.457143 5.542857
   4    2   23 0.333333 3.666667
  76  394   61 65.884524 10.115476
   6   10   28 1.661905 4.338095
  14   44   38 7.547619 6.452381
  84  448   54 75.014286 8.985714
   9   28   25 4.714286 4.285714
   7   10   35 1.571429 5.428571
  79  408   67 67.894048 11.105952
  11   36   31 6.180952 4.819048
  10   16   42 2.823810 7.176190
  81  430   59 71.420238 9.579762
   9   28   24 4.880952 4.119048
  10   14   45 2.404762 7.595238
  90  494   45 82.505952 7.494048
   8   12   35 2.134524 5.865476
   2    0   14 0.000000 2.000000
  92  520   33 86.600000 5.400000
   7   12   29 2.085714 4.914286
   1    0    6 0.000000 1.000000
  93  530   29 88.253571 4.746429
   7   12   29 2.109524 4.890476
  90  504   32 84.328571 5.671429
  10   32   32 5.133333 4.866667
  94  540   22 90.290476 3.709524
   6   16   22 2.566667 3.433333
  94  540   23 90.139286 3.860714
   6   14   23 2.338095 3.661905
  91  524   22 87.352381 3.647619
   9   32   22 5.409524 3.590476
  92  528   24 88.014286 3.985714
   8   24   24 3.942857 4.057143
  91  508   36 84.747619 6.252381
   9   20   36 3.288095 5.711905
  96  560   17 93.257143 2.742857
   4    6   17 1.019048 2.980952
  96  560   17 93.323810 2.676190
   4    6   17 1.066667 2.933333
  95  552   21 91.680952 3.319048
   5    6   21 1.142857 3.857143
  94  540   25 89.809524 4.190476
   6   10   25 1.742857 4.257143
  88  490   38 81.658333 6.341667
  12   34   38 5.872619 6.127381
  76  404   54 67.300000 8.700000
  24   88   54 14.930952 9.069048
  82  432   56 72.171429 9.828571
  18   56   56 9.266667 8.733333
  79  418   61 69.389286 9.610714
  21   60   61 10.466667 10.533333
  81  420   67 70.213095 10.786905
  19   46   67 7.775000 11.225000
  73  374   64 62.269048 10.730952
  27   98   64 16.555952 10.444048
  73  366   78 60.641667 12.358333
  27   78   78 13.397619 13.602381
  76  392   66 64.947619 11.052381
  24   76   66 12.633333 11.366667
  65  316   77 52.719048 12.280952
  35  130   77 22.173810 12.826190
  65  306   83 50.966667 14.033333
  35  128   83 21.216667 13.783333
  64  292   96 48.702381 15.297619
  36  116   96 19.771429 16.228571
  59  244  107 41.052381 17.947619
  41  142  107 23.464286 17.535714
  51  216   92 36.091667 14.908333
  49  200   92 33.623810 15.376190
  42  132  120 22.033333 19.966667
  58  228  120 37.973810 20.026190
  46  158  118 26.482143 19.517857
  54  206  118 34.661905 19.338095
  39  136   96 22.908333 16.091667
  61  272   96 45.348810 15.651190
  40  132  106 22.361905 17.638095
  60  256  106 42.560714 17.439286
  40  136  105 22.671429 17.328571
  60  254  105 42.578571 17.421429
  44  140  121 23.369048 20.630952
  56  218  121 35.958333 20.041667
  43  138  123 23.120238 19.879762
  57  216  123 36.422619 20.577381
  41  138  106 23.271429 17.728571
  59  250  106 41.813095 17.186905
  36  106  105 17.995238 18.004762
  64  284  105 46.914286 17.085714
  43  170   94 28.145238 14.854762
  57  242   94 40.928571 16.071429
  38  130   95 21.941667 16.058333
  62  280   95 46.555952 15.444048
  39  120  117 19.941667 19.058333
  61  246  117 41.490476 19.509524
  38  132   92 22.638095 15.361905
  62  284   92 47.259524 14.740476
  28   88   83 14.504762 13.495238
  72  346   83 58.138095 13.861905
  28   78   85 13.596429 14.403571
  72  352   85 58.414286 13.585714
  19   42   74 7.061905 11.938095
  81  410   74 68.652381 12.347619
  13   16   62 2.720238 10.279762
  87  460   62 76.754762 10.245238
  13   30   48 5.133333 7.866667
  87  474   48 78.880952 8.119048
  19   56   54 9.833333 9.166667
  81  436   54 72.345238 8.654762
  10   12   51 1.934524 8.065476
  90  486   51 81.213095 8.786905
  10   14   44 2.404762 7.595238
  90  498   44 82.900000 7.100000
   4    4   20 0.666667 3.333333
  96  556   20 92.700000 3.300000
 100  600    0 100.000000 0.000000
