   6   18   17 3.119048 2.880952
   2    2   10 0.342857 1.657143
   1    0    5 0.000000 1.000000
   2    2   10 0.333333 1.666667
   2    2   10 0.333333 1.666667
   6   16   21 2.685714 3.314286
   7   18   23 3.047619 3.952381
   1    0    6 0.000000 1.000000
   1    0    6 0.000000 1.000000
   1    0    6 0.000000 1.000000
   1    0    7 0.000000 1.000000
   4    6   17 1.066667 2.933333
   3    4   13 0.733333 2.266667
   1    0    6 0.000000 1.000000
   1    0    7 0.000000 1.000000
   1    0    6 0.000000 1.000000
   1    0    5 0.000000 1.000000
   4    4   19 0.725000 3.275000
   2    2   10 0.342857 1.657143
   2    2   11 0.309524 1.690476
   1    0    6 0.000000 1.000000
   2    2   12 0.285714 1.714286
   1    0    6 0.000000 1.000000
   1    0    7 0.000000 1.000000
   1    0    5 0.000000 1.000000
   2    2   12 0.285714 1.714286
   1    0    7 0.000000 1.000000
   1    0    7 0.000000 1.000000
   1    0    5 0.000000 1.000000
   1    0    7 0.000000 1.000000
   2    2   10 0.333333 1.666667
   1    0    6 0.000000 1.000000
   1    0    6 0.000000 1.000000
   2    2    7 0.450000 1.550000
   2    2    9 0.366667 1.633333
   1    0    6 0.000000 1.000000
   1    0    7 0.000000 1.000000
   3    6   13 0.971429 2.028571
   1    0    7 0.000000 1.000000
   2    2   10 0.342857 1.657143
   1    0    6 0.000000 1.000000
   1    0    6 0.000000 1.000000
   2    2   11 0.309524 1.690476
   2    2   10 0.333333 1.666667
   2    2    9 0.366667 1.633333
   1    0    6 0.000000 1.000000
   1    0    7 0.000000 1.000000
   6   12   24 2.019048 3.980952
   1    0    5 0.000000 1.000000
   1    0    6 0.000000 1.000000
   5   14   14 2.533333 2.466667
  10   34   24 5.901587 4.098413
   1    0    7 0.000000 1.000000
   2    2    7 0.450000 1.550000
   1    0    5 0.000000 1.000000
   3    4   15 0.642857 2.357143
   7   18   27 2.880952 4.119048
   9   32   23 5.257143 3.742857
   2    2    9 0.366667 1.633333
   3    6   12 1.000000 2.000000
   1    0    5 0.000000 1.000000
   3    6   11 1.066667 1.933333
   4    6   18 0.985714 3.014286
   1    0    6 0.000000 1.000000
   3    4   13 0.685714 2.314286
   1    0    7 0.000000 1.000000
   1    0    6 0.000000 1.000000
   1    0    5 0.000000 1.000000
   1    0    7 0.000000 1.000000
   2    2   10 0.342857 1.657143
   1    0    6 0.000000 1.000000
   1    0    7 0.000000 1.000000
   2    2   10 0.333333 1.666667
   1    0    7 0.000000 1.000000
   2    2    9 0.366667 1.633333
   1    0    7 0.000000 1.000000
   2    2    7 0.450000 1.550000
   6   18   18 3.057143 2.942857
   2    0   13 0.000000 2.000000
   2    2   11 0.309524 1.690476
   1    0    7 0.000000 1.000000
   1    0    7 0.000000 1.000000
   1    0    6 0.000000 1.000000
   1    0    6 0.000000 1.000000
   3    4   15 0.642857 2.357143
   3    4   13 0.685714 2.314286
   2    2    9 0.366667 1.633333
   3    6   12 1.050000 1.950000
   1    0    7 0.000000 1.000000
   8   28   20 4.821429 3.178571
  19   60   55 10.009524 8.990476
   3    6   13 0.952381 2.047619
   3    4   16 0.595238 2.404762
   1    0    7 0.000000 1.000000
   5   10   20 1.628571 3.371429
   7   16   26 2.685714 4.314286
   3    6   14 0.904762 2.095238
   5   12   16 2.104762 2.895238
   3    6   12 1.019048 1.980952
   3    4   13 0.733333 2.266667
   4    8   14 1.428571 2.571429
   2    2    9 0.366667 1.633333
   1    0    6 0.000000 1.000000
   3    4   15 0.642857 2.357143
   7   18   23 3.176190 3.823810
  10   20   40 3.382143 6.617857
   2    2   11 0.309524 1.690476
   3    4   13 0.685714 2.314286
   1    0    7 0.000000 1.000000
   4    4   19 0.742857 3.257143
   2    2   10 0.333333 1.666667
   1    0    6 0.000000 1.000000
   1    0    6 0.000000 1.000000
   1    0    6 0.000000 1.000000
   6   10   25 1.719048 4.280952
  16   42   54 7.114286 8.885714
   2    2    9 0.366667 1.633333
  11   36   32 5.782143 5.217857
   1    0    5 0.000000 1.000000
   5   12   18 2.023810 2.976190
   4    4   20 0.709524 3.290476
   4   10   14 1.666667 2.333333
   6   16   20 2.628571 3.371429
   5   14   16 2.395238 2.604762
   3    4   13 0.700000 2.300000
   3    6   13 0.952381 2.047619
   2    2   11 0.309524 1.690476
   1    0    8 0.000000 1.000000
   2    2   12 0.285714 1.714286
  12   32   39 5.514286 6.485714
  11   22   39 3.933333 7.066667
   1    0    7 0.000000 1.000000
   1    0    6 0.000000 1.000000
   4    8   15 1.400000 2.600000
   1    0    7 0.000000 1.000000
   5    6   24 1.000000 4.000000
  21   32   93 5.457143 15.542857
   2    0   12 0.000000 2.000000
  10   28   32 4.695238 5.304762
   1    0    7 0.000000 1.000000
   5   10   19 1.719048 3.280952
   5   10   20 1.666667 3.333333
   1    0    6 0.000000 1.000000
   6   10   27 1.638095 4.361905
   2    2   11 0.309524 1.690476
   4    8   15 1.366667 2.633333
   4   10   14 1.666667 2.333333
   5    6   24 1.009524 3.990476
   1    0    6 0.000000 1.000000
   3    6   12 1.019048 1.980952
  11   22   40 4.071429 6.928571
   9   16   39 2.590476 6.409524
   1    0    6 0.000000 1.000000
   8   26   23 4.290476 3.709524
   1    0    8 0.000000 1.000000
  24   58   87 9.832143 14.167857
   2    2   10 0.333333 1.666667
  14   38   42 6.719048 7.280952
   1    0    6 0.000000 1.000000
   1    0    8 0.000000 1.000000
   6   12   23 2.061905 3.938095
   1    0    7 0.000000 1.000000
   3    0   20 0.000000 3.000000
   3    6   13 0.952381 2.047619
   6   10   26 1.695238 4.304762
   4   10   14 1.666667 2.333333
  19   56   56 9.571429 9.428571
  10   24   37 3.980952 6.019048
   4    6   18 1.019048 2.980952
   2    2    9 0.366667 1.633333
  24   56   87 9.728571 14.271429
  19   58   57 9.886905 9.113095
   2    2   11 0.309524 1.690476
   3    4   12 0.733333 2.266667
   4    6   19 0.952381 3.047619
   5    8   23 1.285714 3.714286
   2    0   11 0.000000 2.000000
  16   36   60 5.966667 10.033333
  20   84   36 14.092857 5.907143
   4   10   15 1.614286 2.385714
   1    0    5 0.000000 1.000000
  19   54   63 8.747619 10.252381
  10   24   34 4.157143 5.842857
   4    8   15 1.375000 2.625000
   3    4   16 0.667857 2.332143
   6    8   31 1.261905 4.738095
   5   10   20 1.595238 3.404762
  14   32   50 5.357143 8.642857
  30  128   48 21.789286 8.210714
   9   28   27 4.604762 4.395238
  28   90   77 15.180952 12.819048
  11   26   39 4.333333 6.666667
   2    2   10 0.333333 1.666667
   2    2   11 0.309524 1.690476
   4    8   17 1.261905 2.738095
   3    2   18 0.309524 2.690476
   9   22   30 3.785714 5.214286
  30  124   54 21.017857 8.982143
  11   26   42 4.176190 6.823810
  27   84   78 14.347619 12.652381
  10   28   31 4.833333 5.166667
   2    2   10 0.342857 1.657143
   1    0    8 0.000000 1.000000
   1    0    7 0.000000 1.000000
  13   44   34 7.703571 5.296429
  31  142   44 23.944048 7.055952
  15   38   50 6.552381 8.447619
  22   46   85 7.690476 14.309524
   7   18   26 2.833333 4.166667
   2    2   10 0.333333 1.666667
   3    4   16 0.619048 2.380952
   3    6   12 1.019048 1.980952
  11   26   41 4.249206 6.750794
  36  158   57 26.494048 9.505952
  16   44   49 7.600000 8.400000
  20   40   84 6.552381 13.447619
  10   30   26 5.319048 4.680952
   1    0    6 0.000000 1.000000
   7   14   28 2.485714 4.514286
   5   10   18 1.800000 3.200000
  14   44   40 7.523810 6.476190
  23   88   52 14.717857 8.282143
  20   56   64 9.428571 10.571429
  10   16   45 2.590476 7.409524
  10   24   35 4.095238 5.904762
   1    0    6 0.000000 1.000000
  10   30   33 4.785714 5.214286
   7   16   26 2.638095 4.361905
  21   74   50 12.540476 8.459524
  28  104   66 17.457143 10.542857
  13   18   57 3.138095 9.861905
   9   18   34 3.261905 5.738095
  12   30   42 5.080952 6.919048
  11   28   37 4.814286 6.185714
   6   16   21 2.758333 3.241667
  24   90   56 14.890476 9.109524
  17   42   60 7.104762 9.895238
  21   54   72 9.100000 11.900000
   8   20   25 3.566667 4.433333
  10   26   37 4.276190 5.723810
  15   36   55 6.048810 8.951190
  11   34   29 5.971429 5.028571
  30  128   52 21.500000 8.500000
  14   32   51 5.450000 8.550000
  12   26   49 4.219048 7.780952
   9   20   30 3.602381 5.397619
   3    0   21 0.000000 3.000000
  21   52   75 8.882143 12.117857
  21   84   43 14.042857 6.957143
  20   66   53 11.323810 8.676190
  19   46   65 7.842857 11.157143
   7   12   33 2.071429 4.928571
  17   60   42 10.119048 6.880952
   2    2    9 0.366667 1.633333
  21   56   72 9.419048 11.580952
  14   56   27 9.513095 4.486905
  32  128   61 21.642857 10.357143
  11   14   52 2.352381 8.647619
   3    2   19 0.309524 2.690476
  19   64   56 10.498810 8.501190
   1    0    7 0.000000 1.000000
  25   74   76 12.350000 12.650000
  10   34   26 5.746429 4.253571
  26   96   59 16.142857 9.857143
  18   44   56 7.861905 10.138095
   1    0    8 0.000000 1.000000
  25   90   62 15.060714 9.939286
   1    0    6 0.000000 1.000000
  21   70   58 11.695238 9.304762
  11   30   36 5.076190 5.923810
  21   60   67 10.134524 10.865476
  16   30   63 5.233333 10.766667
   5   14   14 2.607143 2.392857
  25   78   71 13.138095 11.861905
  23   90   47 15.321429 7.678571
   7   16   26 2.661905 4.338095
  16   38   59 6.280952 9.719048
  22   66   67 11.033333 10.966667
   7   22   20 3.752381 3.247619
  20   50   73 8.177381 11.822619
  28  106   65 17.696429 10.303571
   8   22   23 3.833333 4.166667
  19   42   70 7.157143 11.842857
  21   68   57 11.751190 9.248810
   4    6   18 1.019048 2.980952
  28   70   95 11.942857 16.057143
  19   56   59 9.303571 9.696429
   6   16   20 2.719048 3.280952
  18   44   63 7.376190 10.623810
  28  112   60 18.451190 9.548810
   1    0    5 0.000000 1.000000
  34   98  101 16.715476 17.284524
  16   48   51 8.146032 7.853968
   4    6   18 1.009524 2.990476
  10   14   48 2.314286 7.685714
  34  130   75 21.878571 12.121429
   2    2    9 0.366667 1.633333
  21   46   82 7.647619 13.352381
  15   46   47 7.409524 7.590476
   1    0    5 0.000000 1.000000
  11   20   42 3.576190 7.423810
  47  180  102 30.114286 16.885714
   5   12   18 2.000000 3.000000
  14   26   61 4.252381 9.747619
  24   76   63 12.947619 11.052381
   1    0    6 0.000000 1.000000
   8   10   37 1.800000 6.200000
  48  180  111 29.909524 18.090476
   5   10   20 1.719048 3.280952
  10   20   42 3.296429 6.703571
  29  108   66 18.185714 10.814286
   3    6   11 1.119048 1.880952
  10   16   44 2.688095 7.311905
  47  178  103 29.916667 17.083333
   1    0    6 0.000000 1.000000
  12   24   49 4.185714 7.814286
  38  144   82 24.189286 13.810714
   5    8   23 1.285714 3.714286
   5    8   24 1.238095 3.761905
  40  148   90 24.766667 15.233333
  16   44   53 7.409524 8.590476
  40  156   87 25.926190 14.073810
   3    2   17 0.285714 2.714286
  10   24   36 3.976190 6.023810
  31   76  105 13.242460 17.757540
  10   26   35 4.261905 5.738095
  55  242   89 40.383333 14.616667
   1    0    6 0.000000 1.000000
   7    8   32 1.442857 5.557143
  27   76   86 12.640476 14.359524
   8   12   34 2.071429 5.928571
  65  292   94 49.002381 15.997619
   4    6   18 0.952381 3.047619
  23   64   80 10.496429 12.503571
   5    6   26 0.952381 4.047619
  70  336   81 56.450000 13.550000
   9   20   33 3.390476 5.609524
  16   40   58 6.680952 9.319048
   3    0   18 0.000000 3.000000
  62  292   82 48.969048 13.030952
  11   32   33 5.533333 5.466667
  24   74   69 12.495238 11.504762
   2    0   12 0.000000 2.000000
  49  184  111 30.700000 18.300000
  17   56   43 9.616667 7.383333
  32  106   88 17.735714 14.264286
   3    6   10 1.133333 1.866667
  40  140  109 22.777381 17.222619
  18   48   58 8.228571 9.771429
  39  136   93 23.323810 15.676190
   1    0    6 0.000000 1.000000
  39  140   95 23.619048 15.380952
  18   64   43 10.869048 7.130952
  42  160   92 26.690476 15.309524
  38  158   71 26.488095 11.511905
  24   96   49 16.185714 7.814286
  38  144   82 24.285714 13.714286
  44  198   66 33.128571 10.871429
  16   56   40 9.333333 6.666667
  40  176   64 29.609524 10.390476
  28   94   74 15.923810 12.076190
  23   92   45 15.495238 7.504762
  49  206   89 34.330952 14.669048
  26   84   75 13.947619 12.052381
  19   52   60 8.847619 10.152381
  55  230   99 38.642857 16.357143
  27  102   57 17.258333 9.741667
  24   70   76 11.670238 12.329762
  49  210   85 35.103571 13.896429
  18   62   43 10.580952 7.419048
  22   80   50 13.523810 8.476190
  60  288   77 47.847619 12.152381
  12   34   38 5.761905 6.238095
  24   82   63 13.848810 10.151190
  64  292   91 49.071429 14.928571
  11   24   42 4.197619 6.802381
  19   54   60 9.057143 9.942857
  70  330   90 55.176190 14.823810
   9   32   22 5.442857 3.557143
  10   18   42 3.057143 6.942857
  81  428   58 71.365476 9.634524
  10   34   26 5.647619 4.352381
  19   50   64 8.505952 10.494048
  71  358   68 59.804762 11.195238
   8   22   31 3.541667 4.458333
  21   70   52 11.892857 9.107143
  71  370   55 61.747619 9.252381
   4    4   21 0.652381 3.347619
  10   18   41 3.085714 6.914286
  86  474   42 79.080952 6.919048
   7   16   25 2.785714 4.214286
  17   52   50 8.790476 8.209524
  76  394   63 65.694048 10.305952
  12   38   35 6.404762 5.595238
  22   62   69 10.495238 11.504762
  66  306   90 50.967857 15.032143
   9   28   27 4.570238 4.429762
  16   38   63 6.222619 9.777381
  75  364   80 61.320238 13.679762
   8   14   34 2.338095 5.661905
  13   32   45 5.504762 7.495238
  79  400   75 66.711905 12.288095
   5    4   27 0.733333 4.266667
  11   20   49 3.209524 7.790476
  84  424   76 71.193651 12.806349
   9   12   42 2.028571 6.971429
   8   14   36 2.244048 5.755952
  83  418   78 69.726190 13.273810
   7   10   33 1.661905 5.338095
   7   14   28 2.361905 4.638095
  86  454   61 75.979762 10.020238
   4    2   21 0.366667 3.633333
   3    0   20 0.000000 3.000000
  93  518   39 86.530952 6.469048
   2    0   12 0.000000 2.000000
   4    6   17 1.066667 2.933333
  94  536   29 89.357143 4.642857
   6   16   18 2.766667 3.233333
  94  548   18 91.157143 2.842857
   3    2   16 0.342857 2.657143
  97  566   16 94.342857 2.657143
   5   10   21 1.719048 3.280952
  95  548   21 91.532143 3.467857
   2    0   12 0.000000 2.000000
  98  576   12 95.971429 2.028571
 100  600    0 100.000000 0.000000
