   3    4   12 0.733333 2.266667
   1    0    6 0.000000 1.000000
   2    2   10 0.342857 1.657143
   4    6   19 1.019048 2.980952
   1    0    6 0.000000 1.000000
   3    6   11 1.085714 1.914286
   1    0    6 0.000000 1.000000
   1    0    6 0.000000 1.000000
   2    2    9 0.366667 1.633333
   1    0    7 0.000000 1.000000
   1    0    7 0.000000 1.000000
   1    0    6 0.000000 1.000000
   1    0    6 0.000000 1.000000
   3    4   15 0.628571 2.371429
   1    0    7 0.000000 1.000000
   1    0    6 0.000000 1.000000
   4   10   14 1.666667 2.333333
   3    4   12 0.766667 2.233333
   2    2   12 0.291667 1.708333
   1    0    6 0.000000 1.000000
   2    2   10 0.333333 1.666667
   1    0    7 0.000000 1.000000
   1    0    6 0.000000 1.000000
   1    0    6 0.000000 1.000000
   2    2   11 0.309524 1.690476
   1    0    6 0.000000 1.000000
   2    2    9 0.366667 1.633333
   1    0    6 0.000000 1.000000
   1    0    6 0.000000 1.000000
   2    2   10 0.342857 1.657143
   1    0    5 0.000000 1.000000
   1    0    7 0.000000 1.000000
   2    2    8 0.400000 1.600000
   2    2    9 0.366667 1.633333
   1    0    6 0.000000 1.000000
   3    6   13 0.971429 2.028571
   1    0    6 0.000000 1.000000
   3    6   12 1.019048 1.980952
   1    0    6 0.000000 1.000000
   1    0    8 0.000000 1.000000
   1    0    6 0.000000 1.000000
   2    2   12 0.291667 1.708333
   1    0    6 0.000000 1.000000
   1    0    6 0.000000 1.000000
   4   10   13 1.761905 2.238095
   4   10   13 1.761905 2.238095
   3    4   15 0.658333 2.341667
   3    4   11 0.866667 2.133333
   1    0    7 0.000000 1.000000
   1    0    5 0.000000 1.000000
   1    0    5 0.000000 1.000000
   1    0    6 0.000000 1.000000
   1    0    6 0.000000 1.000000
   1    0    6 0.000000 1.000000
   3    6   12 1.000000 2.000000
   2    2    9 0.366667 1.633333
   2    2   12 0.291667 1.708333
   1    0    6 0.000000 1.000000
   3    4   16 0.583333 2.416667
   6   16   17 2.966667 3.033333
   5   10   22 1.595238 3.404762
   4    8   15 1.366667 2.633333
   1    0    6 0.000000 1.000000
   4   10   13 1.733333 2.266667
   1    0    7 0.000000 1.000000
   1    0    7 0.000000 1.000000
   4    6   17 1.019048 2.980952
   1    0    6 0.000000 1.000000
   2    2    9 0.366667 1.633333
   7   10   28 1.866667 5.133333
   2    2   10 0.342857 1.657143
   3    2   15 0.333333 2.666667
   1    0    7 0.000000 1.000000
   1    0    6 0.000000 1.000000
   3    6   12 1.000000 2.000000
   5   10   19 1.752381 3.247619
   2    2   10 0.333333 1.666667
   5   10   22 1.547619 3.452381
   1    0    7 0.000000 1.000000
   2    0   13 0.000000 2.000000
   4    6   20 0.983333 3.016667
   4    6   18 1.042857 2.957143
   4    8   18 1.214286 2.785714
   7   22   18 3.871429 3.128571
   1    0    5 0.000000 1.000000
   3    4   15 0.642857 2.357143
   4   10   15 1.619048 2.380952
   2    2   10 0.333333 1.666667
   3    6   11 1.066667 1.933333
   2    2   11 0.309524 1.690476
   2    2    9 0.366667 1.633333
   3    2   14 0.400000 2.600000
   8   20   28 3.328571 4.671429
   5    8   19 1.500000 3.500000
   7   14   28 2.357143 4.642857
   1    0    7 0.000000 1.000000
   5   10   20 1.614286 3.385714
   1    0    7 0.000000 1.000000
   1    0    7 0.000000 1.000000
   4    6   19 0.961905 3.038095
   5    8   22 1.376190 3.623810
   3    2   16 0.366667 2.633333
   1    0    6 0.000000 1.000000
   3    4   13 0.700000 2.300000
   1    0    5 0.000000 1.000000
   8   24   25 4.016667 3.983333
   2    2   10 0.333333 1.666667
   5   10   20 1.695238 3.304762
   1    0    6 0.000000 1.000000
   3    2   16 0.333333 2.666667
   9   26   29 4.332143 4.667857
   3    4   15 0.642857 2.357143
   5   14   16 2.304762 2.695238
   4    6   19 0.976190 3.023810
   5   10   20 1.704762 3.295238
   7   20   21 3.466667 3.533333
   6   12   23 2.085714 3.914286
   8   14   33 2.395238 5.604762
   2    2   11 0.309524 1.690476
   9   20   35 3.238095 5.761905
   1    0    7 0.000000 1.000000
   5    8   22 1.352381 3.647619
   1    0    7 0.000000 1.000000
   7   22   19 3.747619 3.252381
   6    6   33 0.928571 5.071429
   4    6   17 1.085714 2.914286
   1    0    5 0.000000 1.000000
   4    4   22 0.619048 3.380952
   3    2   15 0.333333 2.666667
   1    0    6 0.000000 1.000000
  16   60   34 10.295238 5.704762
   5   14   16 2.447619 2.552381
   9   26   28 4.342857 4.657143
   7   20   22 3.304762 3.695238
   1    0    6 0.000000 1.000000
   4    8   15 1.516667 2.483333
   4   10   14 1.661905 2.338095
   9   20   36 3.261905 5.738095
   1    0    6 0.000000 1.000000
   6   16   20 2.638095 3.361905
  12   40   30 6.861905 5.138095
   4    8   16 1.352381 2.647619
   7   14   26 2.461905 4.538095
   7   18   24 3.088095 3.911905
   5    6   25 0.983333 4.016667
  20   70   48 11.871429 8.128571
   3    6   12 1.019048 1.980952
   9   28   26 4.619048 4.380952
   7   22   22 3.480952 3.519048
   3    6   11 1.085714 1.914286
   3    6   14 0.904762 2.095238
   2    2   10 0.342857 1.657143
   6    6   34 0.952381 5.047619
   1    0    7 0.000000 1.000000
   8   26   20 4.490476 3.509524
  23   94   44 15.833333 7.166667
   3    6   13 0.983333 2.016667
   3    6   12 1.019048 1.980952
   2    2   11 0.309524 1.690476
   7   10   29 1.819048 5.180952
  16   50   44 8.500000 7.500000
   1    0    7 0.000000 1.000000
  11   28   35 4.895238 6.104762
   8   16   33 2.623810 5.376190
   8   20   29 3.323810 4.676190
   1    0    6 0.000000 1.000000
   2    2   10 0.342857 1.657143
  10   26   33 4.423810 5.576190
  11   40   26 6.690476 4.309524
  16   56   42 9.303571 6.696429
   4    8   15 1.400000 2.600000
   3    6   11 1.066667 1.933333
   1    0    7 0.000000 1.000000
   2    2   11 0.309524 1.690476
  21   78   48 12.900000 8.100000
  14   36   48 6.063492 7.936508
   9   26   28 4.357143 4.642857
   7   16   25 2.804762 4.195238
   8   14   36 2.320238 5.679762
  14   46   41 7.460714 6.539286
  14   38   47 6.361905 7.638095
   6   16   18 2.833333 3.166667
   4    8   15 1.400000 2.600000
   1    0    5 0.000000 1.000000
   1    0    6 0.000000 1.000000
  36  158   55 26.771429 9.228571
   4    4   21 0.642857 3.357143
   7   20   23 3.209524 3.790476
   5    6   23 1.042857 3.957143
   5    4   24 0.766667 4.233333
   7   20   24 3.321429 3.678571
  19   56   54 9.671429 9.328571
   6   16   24 2.428571 3.571429
   8   20   30 3.176190 4.823810
   3    6   12 1.050000 1.950000
  30  126   54 21.261905 8.738095
  13   34   43 5.780952 7.219048
   6   14   21 2.419048 3.580952
   3    2   16 0.366667 2.633333
   5    8   21 1.385714 3.614286
   1    0    5 0.000000 1.000000
  26   92   66 15.390476 10.609524
   6    8   27 1.409524 4.590476
  11   28   40 4.609524 6.390476
   8   20   27 3.361905 4.638095
  21   76   49 12.609524 8.390476
   9   12   44 1.952381 7.047619
   7   18   24 2.957143 4.042857
   6   14   21 2.447619 3.552381
   5   12   19 2.004762 2.995238
  17   38   59 6.535714 10.464286
   3    4   18 0.553571 2.446429
   5    6   24 1.009524 3.990476
  15   40   50 6.707143 8.292857
  24   72   71 12.295238 11.704762
  14   46   41 7.530952 6.469048
   8   20   30 3.152381 4.847619
   9   24   26 4.219048 4.780952
   5   14   16 2.328571 2.671429
  31   94   90 15.994048 15.005952
   1    0    6 0.000000 1.000000
   6    8   27 1.421429 4.578571
   9   22   32 3.752381 5.247619
  21   64   59 11.085714 9.914286
  18   62   47 10.340476 7.659524
   6    6   33 0.961905 5.038095
   3    2   18 0.291667 2.708333
  37  120  100 20.147619 16.852381
   5    6   24 1.009524 3.990476
  12   32   38 5.504762 6.495238
  18   64   46 10.608333 7.391667
  21   76   51 12.700000 8.300000
   5    4   26 0.700000 4.300000
   2    2   11 0.309524 1.690476
  34  114   89 19.367857 14.632143
   5    4   25 0.742857 4.257143
  16   62   34 10.338095 5.661905
  26   98   59 16.369048 9.630952
  16   50   46 8.385714 7.614286
   2    0   12 0.000000 2.000000
   1    0    7 0.000000 1.000000
  32  108   86 18.023810 13.976190
   5    6   24 1.133333 3.866667
  17   60   42 10.080952 6.919048
  30  120   57 20.409524 9.590476
  14   34   52 5.538095 8.461905
   2    2    9 0.366667 1.633333
  34  134   64 22.883333 11.116667
   1    0    7 0.000000 1.000000
  12   32   40 5.357143 6.642857
  33  138   63 22.958333 10.041667
  18   54   56 8.809524 9.190476
   2    2   10 0.342857 1.657143
  36  150   67 25.025000 10.975000
  18   60   45 10.242857 7.757143
  34  128   77 21.436905 12.563095
  10   16   45 2.671429 7.328571
   2    2   10 0.333333 1.666667
  30  104   75 17.513095 12.486905
  21   78   48 13.100000 7.900000
  38  146   82 24.525000 13.475000
  11   26   41 4.419048 6.580952
  35  130   84 21.657143 13.342857
  15   34   56 5.633333 9.366667
  43  194   61 32.660714 10.339286
   7   18   23 3.052381 3.947619
  38  140   87 23.363095 14.636905
  12   22   50 3.595238 8.404762
  46  196   81 32.689286 13.310714
   4    8   16 1.328571 2.671429
  31  102   82 17.229762 13.770238
  12   22   54 3.495238 8.504762
  51  226   76 38.222619 12.777381
   6   12   26 1.860714 4.139286
  35  148   59 25.176190 9.823810
  14   38   44 6.500000 7.500000
  49  212   87 34.966667 14.033333
   2    2   10 0.333333 1.666667
  40  158   80 26.767857 13.232143
  16   38   56 6.466667 9.533333
  42  170   86 28.276190 13.723810
   2    2   10 0.333333 1.666667
  35  136   73 23.026190 11.973810
  17   50   51 8.357143 8.642857
  42  172   83 28.409524 13.590476
   6   14   21 2.433333 3.566667
  38  152   74 25.617857 12.382143
  20   76   44 12.805952 7.194048
  39  160   76 26.614286 12.385714
   3    2   16 0.342857 2.657143
  26   98   63 16.116667 9.883333
  35  146   63 24.514286 10.485714
  36  134   79 22.459524 13.540476
   3    2   15 0.366667 2.633333
  28  102   65 17.202381 10.797619
  37  150   71 25.247619 11.752381
  34  132   74 22.147619 11.852381
   1    0    6 0.000000 1.000000
  23   66   67 11.204762 11.795238
  38  150   75 25.266667 12.733333
  38  136  100 22.042857 15.957143
   1    0    6 0.000000 1.000000
  24   66   76 11.295238 12.704762
  42  176   78 29.233333 12.766667
  33  108   90 17.973810 15.026190
   1    0    6 0.000000 1.000000
  18   38   68 6.428571 11.571429
  49  222   76 37.009524 11.990476
  31   92   91 15.714286 15.285714
   2    2   11 0.309524 1.690476
  22   56   81 9.219048 12.780952
  47  200   80 33.633333 13.366667
  28   78   87 13.459524 14.540476
   3    6   12 1.019048 1.980952
  34  110   95 18.282143 15.717857
  45  182   93 30.023810 14.976190
  17   24   72 4.352381 12.647619
   4    6   18 1.042857 2.957143
  23   68   72 11.400000 11.600000
  54  242   82 40.583333 13.416667
  12   18   54 3.014286 8.985714
  11   40   24 6.814286 4.185714
  19   50   67 8.225000 10.775000
  49  198  101 32.619048 16.380952
  15   26   59 4.633333 10.366667
  17   66   33 11.259524 5.740476
  12   20   53 3.359524 8.640476
  57  252   87 42.659524 14.340476
  14   34   49 5.838095 8.161905
  17   60   45 9.923810 7.076190
  12   24   48 4.080952 7.919048
  63  294   84 48.844048 14.155952
  11   16   49 2.764286 8.235714
  14   44   41 7.426190 6.573810
  16   48   50 7.854762 8.145238
  66  306   86 51.563095 14.436905
   6    8   29 1.352381 4.647619
  12   34   39 5.680952 6.319048
  18   54   59 8.738095 9.261905
  59  260   97 43.594048 15.405952
   9   18   33 3.161905 5.838095
  14   38   41 6.700000 7.300000
  22   60   72 10.233333 11.766667
  60  276   85 46.073810 13.926190
   9   12   41 2.142857 6.857143
   9   18   36 3.023810 5.976190
  24   78   64 13.536905 10.463095
  65  302   86 50.682143 14.317857
   5    4   28 0.559524 4.440476
   6   12   26 1.939286 4.060714
  26   98   57 16.476190 9.523810
  59  272   83 45.516667 13.483333
   9   18   35 3.133333 5.866667
   6    8   29 1.295238 4.704762
  41  174   75 29.021429 11.978571
  54  246   78 41.023810 12.976190
   4    4   17 0.766667 3.233333
   1    0    6 0.000000 1.000000
  55  242   96 39.852381 15.147619
  43  156   94 26.821429 16.178571
   1    0    6 0.000000 1.000000
   1    0    6 0.000000 1.000000
  50  208   88 34.934524 15.065476
  49  208   89 34.476190 14.523810
   1    0    7 0.000000 1.000000
  41  154   91 25.838095 15.161905
  56  238   96 39.982143 16.017857
   3    6   15 0.869048 2.130952
  44  152  116 25.048810 18.951190
  50  178  119 29.944048 20.055952
   6   18   17 3.152381 2.847619
  49  194  102 32.242857 16.757143
  49  182  110 30.601190 18.398810
   2    2   10 0.333333 1.666667
  56  246   92 40.941667 15.058333
  43  162   94 27.152381 15.847619
   1    0    6 0.000000 1.000000
  49  200   90 33.875000 15.125000
  50  208   96 34.514286 15.485714
   1    0    6 0.000000 1.000000
  48  176  113 29.485714 18.514286
  51  190  116 31.771429 19.228571
   1    0    5 0.000000 1.000000
  47  196   92 32.402381 14.597619
  53  220   92 37.423810 15.576190
  42  168   85 28.127381 13.872619
  58  262   85 44.014286 13.985714
  52  226   88 37.534524 14.465476
  48  198   88 33.171429 14.828571
  61  262  102 44.033333 16.966667
  39  134  102 22.565476 16.434524
  66  304   91 51.003571 14.996429
  34  114   91 19.019048 14.980952
  64  296   86 49.722619 14.277381
  36  132   86 21.972619 14.027381
  72  356   78 59.240476 12.759524
  28   88   78 14.895238 13.104762
  72  370   61 61.865476 10.134524
  28  108   61 18.014286 9.985714
  66  326   71 54.328571 11.671429
  34  132   71 22.304762 11.695238
  64  302   80 50.621429 13.378571
  36  138   80 23.023810 12.976190
  62  292   80 48.864286 13.135714
  38  148   80 24.953571 13.046429
  57  250   86 42.185714 14.814286
  43  178   86 29.420238 13.579762
  56  254   81 42.435714 13.564286
  44  184   81 30.485714 13.514286
  54  220  102 37.086905 16.913095
  46  176  102 29.515476 16.484524
  55  262   69 43.671429 11.328571
  45  200   69 33.479762 11.520238
  40  166   71 27.973810 12.026190
  60  292   71 48.715476 11.284524
  44  176   83 29.580952 14.419048
  56  258   83 42.638095 13.361905
  41  166   84 27.527381 13.472619
  59  266   84 44.796429 14.203571
  53  226   89 37.939286 15.060714
  47  196   89 32.584524 14.415476
  38  152   77 25.369048 12.630952
  62  294   77 49.176190 12.823810
  47  214   65 36.066667 10.933333
  53  256   65 42.530952 10.469048
  42  180   73 30.030952 11.969048
  58  274   73 45.916667 12.083333
  46  176   98 29.590476 16.409524
  54  228   98 37.713095 16.286905
  58  250   92 42.157143 15.842857
  42  166   92 27.351190 14.648810
  58  258   92 43.080952 14.919048
  42  158   92 26.800000 15.200000
  57  230  110 38.495238 18.504762
  43  150  110 25.119444 17.880556
  54  236   88 39.609524 14.390476
  46  188   88 31.563095 14.436905
  46  198   80 32.973810 13.026190
  54  242   80 40.619048 13.380952
  57  246   94 41.009524 15.990476
  43  166   94 27.636905 15.363095
  52  226   90 37.545238 14.454762
  48  194   90 32.982143 15.017857
  67  326   77 54.691667 12.308333
  33  120   77 20.252381 12.747619
  67  310   95 51.611905 15.388095
  33  100   95 17.261905 15.738095
  79  398   73 66.696429 12.303571
  21   56   73 9.223810 11.776190
  76  392   65 65.273810 10.726190
  24   78   65 13.130952 10.869048
  77  400   59 66.938095 10.061905
  23   82   59 13.459524 9.540476
  81  422   64 70.450000 10.550000
  19   50   64 8.438095 10.561905
  80  396   78 66.715476 13.284524
  20   48   78 7.700000 12.300000
  91  502   43 83.864286 7.135714
   9   12   43 1.985714 7.014286
  89  488   44 81.659524 7.340476
  11   24   44 4.025000 6.975000
  83  450   51 74.646429 8.353571
  17   48   51 8.269048 8.730952
  81  408   73 68.630952 12.369048
  19   46   73 7.475000 11.525000
  82  420   70 70.147619 11.852381
  18   40   70 6.557143 11.442857
  84  440   66 73.221429 10.778571
  16   28   66 4.766667 11.233333
  92  522   31 86.979762 5.020238
   8   16   31 2.828571 5.171429
  91  510   37 85.014286 5.985714
   9   16   37 2.766667 6.233333
  88  490   41 81.426190 6.573810
  12   28   41 4.909524 7.090476
  87  460   62 76.626190 10.373810
  13   16   62 2.720238 10.279762
  87  474   48 79.033333 7.966667
  13   30   48 5.109524 7.890476
  74  370   80 61.371429 12.628571
  26   70   80 12.052381 13.947619
  74  356   89 59.189286 14.810714
  26   66   89 11.138095 14.861905
  77  374   87 62.580952 14.419048
  23   52   87 8.839286 14.160714
  75  372   79 62.226190 12.773810
  25   70   79 11.852381 13.147619
  79  410   64 68.466667 10.533333
  21   62   64 10.390476 10.609524
  79  406   64 68.223810 10.776190
  21   66   64 10.828571 10.171429
  80  416   65 69.385714 10.614286
  20   54   65 9.214286 10.785714
  77  400   62 66.857143 10.142857
  23   76   62 12.701190 10.298810
  84  450   55 74.914286 9.085714
  16   40   55 6.733333 9.266667
  84  462   45 76.842857 7.157143
  16   48   45 8.309524 7.690476
  86  468   47 77.922619 8.077381
  14   38   47 6.261905 7.738095
  96  554   21 92.395238 3.604762
   4    4   21 0.619048 3.380952
  93  532   27 88.565476 4.434524
   7   14   27 2.395238 4.604762
  97  564   17 94.171429 2.828571
   3    2   17 0.333333 2.666667
  94  538   26 89.709524 4.290476
   6   10   26 1.661905 4.338095
  97  568   15 94.595238 2.404762
   3    2   15 0.366667 2.633333
  97  566   16 94.246429 2.753571
   3    2   16 0.333333 2.666667
  99  586    7 97.757143 1.242857
   1    0    7 0.000000 1.000000
  99  586    7 97.857143 1.142857
   1    0    7 0.000000 1.000000
 100  600    0 100.000000 0.000000
