   1    0    7 0.000000 1.000000
   1    0    6 0.000000 1.000000
   1    0    6 0.000000 1.000000
   2    2   11 0.309524 1.690476
   1    0    7 0.000000 1.000000
   3    4   15 0.619048 2.380952
   2    2    8 0.400000 1.600000
   2    2    8 0.400000 1.600000
   1    0    7 0.000000 1.000000
   1    0    6 0.000000 1.000000
   1    0    6 0.000000 1.000000
   1    0    6 0.000000 1.000000
   2    2    9 0.366667 1.633333
   2    2    8 0.400000 1.600000
   1    0    6 0.000000 1.000000
   2    2   10 0.333333 1.666667
   1    0    8 0.000000 1.000000
   1    0    6 0.000000 1.000000
   1    0    6 0.000000 1.000000
   6   14   19 2.454762 3.545238
   2    2   12 0.285714 1.714286
   2    2   10 0.333333 1.666667
   2    2    7 0.450000 1.550000
   3    2   17 0.309524 2.690476
   4   10   13 1.761905 2.238095
   1    0    7 0.000000 1.000000
   3    6   12 1.083333 1.916667
   3    6   13 0.952381 2.047619
   2    2   10 0.342857 1.657143
   3    2   14 0.400000 2.600000
   1    0    6 0.000000 1.000000
   1    0    6 0.000000 1.000000
   1    0    7 0.000000 1.000000
   2    2    9 0.366667 1.633333
   2    0   12 0.000000 2.000000
   1    0    5 0.000000 1.000000
   5   12   20 1.842857 3.157143
   2    2    9 0.366667 1.633333
   1    0    6 0.000000 1.000000
   1    0    6 0.000000 1.000000
   2    2   11 0.309524 1.690476
   1    0    5 0.000000 1.000000
   3    6   14 0.904762 2.095238
   3    6   12 1.019048 1.980952
   2    2   11 0.309524 1.690476
   2    2   11 0.309524 1.690476
   2    2   10 0.333333 1.666667
   1    0    7 0.000000 1.000000
   2    2   10 0.333333 1.666667
   1    0    6 0.000000 1.000000
   2    2   10 0.342857 1.657143
   4    6   17 1.052381 2.947619
   2    2   11 0.309524 1.690476
   4    8   16 1.328571 2.671429
   4    2   23 0.342857 3.657143
   5   14   16 2.395238 2.604762
   1    0    6 0.000000 1.000000
   2    2   10 0.333333 1.666667
   1    0    6 0.000000 1.000000
   2    2   11 0.309524 1.690476
   1    0    6 0.000000 1.000000
   1    0    6 0.000000 1.000000
   3    6   12 1.019048 1.980952
   6   16   19 2.876190 3.123810
   9   24   31 3.909524 5.090476
   3    6   11 1.085714 1.914286
   2    2   11 0.309524 1.690476
   3    2   18 0.333333 2.666667
   1    0    5 0.000000 1.000000
   5   12   15 2.200000 2.800000
   4    6   16 1.100000 2.900000
   4    6   19 0.952381 3.047619
   3    4   12 0.766667 2.233333
   1    0    6 0.000000 1.000000
   5   14   16 2.419048 2.580952
   2    0   14 0.000000 2.000000
   4    6   16 1.133333 2.866667
   2    2    8 0.400000 1.600000
   1    0    6 0.000000 1.000000
   1    0    6 0.000000 1.000000
   2    2   11 0.309524 1.690476
   5   10   20 1.761905 3.238095
   4    6   21 0.910714 3.089286
   1    0    6 0.000000 1.000000
   1    0    7 0.000000 1.000000
   5   10   19 1.838095 3.161905
   2    2    8 0.400000 1.600000
  11   20   48 3.257143 7.742857
   3    4   12 0.766667 2.233333
   1    0    6 0.000000 1.000000
   1    0    5 0.000000 1.000000
   1    0    6 0.000000 1.000000
   2    2    9 0.366667 1.633333
   4    2   22 0.342857 3.657143
   6   14   24 2.408333 3.591667
   5   12   20 1.904762 3.095238
   3    4   14 0.709524 2.290476
   4    4   21 0.652381 3.347619
   5   14   16 2.300000 2.700000
   2    0   14 0.000000 2.000000
   6   14   22 2.409524 3.590476
   2    2    9 0.366667 1.633333
   2    2   11 0.309524 1.690476
   1    0    6 0.000000 1.000000
   3    2   17 0.309524 2.690476
  10   28   30 4.861905 5.138095
   4   10   14 1.685714 2.314286
   2    2   10 0.342857 1.657143
   1    0    6 0.000000 1.000000
   3    4   14 0.666667 2.333333
   5    4   23 0.742857 4.257143
   5    6   24 0.985714 4.014286
   2    2   12 0.285714 1.714286
   2    2    8 0.400000 1.600000
   2    2   11 0.309524 1.690476
   2    2   12 0.285714 1.714286
   6    6   32 0.995238 5.004762
   4    6   19 0.952381 3.047619
   2    0   13 0.000000 2.000000
   6   12   24 2.128571 3.871429
   8   20   27 3.428571 4.571429
   6   10   25 1.661905 4.338095
   2    2   12 0.291667 1.708333
   1    0    6 0.000000 1.000000
   7   18   25 2.980952 4.019048
   1    0    6 0.000000 1.000000
   7   16   28 2.500000 4.500000
   3    4   12 0.766667 2.233333
   6   18   17 3.152381 2.847619
   5    8   20 1.419048 3.580952
  16   58   39 9.740476 6.259524
   1    0    5 0.000000 1.000000
   2    2    8 0.400000 1.600000
   3    2   15 0.366667 2.633333
   8   12   37 1.971429 6.028571
   3    4   11 0.800000 2.200000
   1    0    7 0.000000 1.000000
   1    0    6 0.000000 1.000000
   9   18   36 3.071429 5.928571
   3    4   15 0.642857 2.357143
   3    6   12 1.019048 1.980952
   4    8   16 1.352381 2.647619
   8   14   31 2.466667 5.533333
   8   24   26 3.951190 4.048810
   3    4   13 0.700000 2.300000
  11   38   30 6.233333 4.766667
   1    0    7 0.000000 1.000000
   7   16   27 2.557143 4.442857
   6   18   19 2.980952 3.019048
   3    2   17 0.309524 2.690476
  16   46   48 7.857143 8.142857
   1    0    6 0.000000 1.000000
   5   10   18 1.885714 3.114286
   3    2   17 0.342857 2.657143
   7   24   17 4.266667 2.733333
   1    0    5 0.000000 1.000000
   2    2   10 0.333333 1.666667
  11   36   32 6.028571 4.971429
   3    4   12 0.766667 2.233333
   1    0    6 0.000000 1.000000
   3    2   15 0.366667 2.633333
   3    2   16 0.342857 2.657143
   7   24   21 3.898810 3.101190
   6   18   18 3.104762 2.895238
  11   36   29 6.234524 4.765476
   3    4   15 0.642857 2.357143
  14   44   39 7.478571 6.521429
   7   20   23 3.257143 3.742857
   5    8   20 1.433333 3.566667
  11   34   32 5.709524 5.290476
   5   12   17 2.066667 2.933333
   1    0    5 0.000000 1.000000
   1    0    7 0.000000 1.000000
   5   14   17 2.383333 2.616667
   1    0    6 0.000000 1.000000
   2    2   10 0.333333 1.666667
  13   30   45 5.195238 7.804762
   7   24   20 4.014286 2.985714
   2    2    9 0.366667 1.633333
   5    6   22 1.066667 3.933333
   8   20   27 3.509524 4.490476
  16   64   30 10.947619 5.052381
  10   34   26 5.709524 4.290476
   1    0    6 0.000000 1.000000
  10   28   32 4.680952 5.319048
   9   30   27 4.809524 4.190476
   5    8   24 1.309524 3.690476
   3    0   19 0.000000 3.000000
   3    2   16 0.333333 2.666667
   5   14   17 2.323810 2.676190
   1    0    6 0.000000 1.000000
   5   12   17 2.071429 2.928571
  16   52   45 8.714286 7.285714
  13   42   36 7.139286 5.860714
   4    8   17 1.261905 2.738095
   3    2   18 0.309524 2.690476
   7   14   26 2.500000 4.500000
  12   46   27 7.754762 4.245238
  12   36   37 5.908333 6.091667
   6    8   32 1.304762 4.695238
   6    8   27 1.376190 4.623810
   2    2    9 0.366667 1.633333
   4    8   15 1.433333 2.566667
   1    0    6 0.000000 1.000000
   9   28   22 5.097619 3.902381
   5   12   20 1.909524 3.090476
  12   30   40 5.190476 6.809524
  18   64   46 10.633333 7.366667
   5   10   20 1.647619 3.352381
   7   20   22 3.371429 3.628571
   7   12   30 2.019048 4.980952
  18   70   37 11.947619 6.052381
  11   26   39 4.573810 6.426190
   2    0   12 0.000000 2.000000
   5    6   24 1.000000 4.000000
   1    0    6 0.000000 1.000000
   4    6   18 1.085714 2.914286
   5    8   22 1.385714 3.614286
   7   10   34 1.585714 5.414286
   8   12   34 2.133333 5.866667
  19   46   69 7.628571 11.371429
   6   18   19 3.038095 2.961905
   9   28   26 4.619048 4.380952
   4   10   12 1.861905 2.138095
  16   64   32 10.866667 5.133333
   7   14   27 2.385714 4.614286
   3    4   15 0.628571 2.371429
  12   30   39 5.209524 6.790476
   3    4   15 0.642857 2.357143
   6   10   28 1.614286 4.385714
   6    8   29 1.328571 4.671429
  15   52   35 8.895238 6.104762
  15   44   48 7.271429 7.728571
   9   30   27 4.780952 4.219048
   7   14   28 2.295238 4.704762
   2    2   10 0.333333 1.666667
  20   74   46 12.280952 7.719048
   5    6   22 1.076190 3.923810
   8   24   21 4.190476 3.809524
   6   12   25 2.004762 3.995238
   2    2   11 0.309524 1.690476
   5   10   20 1.647619 3.352381
   6   10   26 1.661905 4.338095
  15   38   53 6.295238 8.704762
  34  140   62 23.638095 10.361905
   7   20   21 3.461905 3.538095
   2    2    9 0.366667 1.633333
  17   62   41 10.371429 6.628571
   7   10   33 1.595238 5.404762
   2    2   10 0.333333 1.666667
   3    2   16 0.333333 2.666667
   2    2   11 0.309524 1.690476
   5   10   20 1.652381 3.347619
   6   12   25 1.976190 4.023810
   8   18   29 3.166667 4.833333
  36  146   75 24.026190 11.973810
   4    8   17 1.285714 2.714286
   2    2    9 0.366667 1.633333
  21   76   54 12.500000 8.500000
  12   26   39 4.771429 7.228571
   1    0    7 0.000000 1.000000
   5    6   23 1.042857 3.957143
   3    4   12 0.766667 2.233333
   2    2   10 0.333333 1.666667
  11   32   36 5.271429 5.728571
   9   16   33 2.966667 6.033333
  31  120   67 20.061905 10.938095
   9   20   33 3.476190 5.523810
  16   64   32 10.690476 5.309524
  14   38   46 6.523810 7.476190
   1    0    8 0.000000 1.000000
   5    6   23 1.033333 3.966667
   3    4   15 0.642857 2.357143
   1    0    7 0.000000 1.000000
  13   32   48 5.290476 7.709524
  10   18   42 3.009524 6.990476
  31  118   67 19.685714 11.314286
   2    0   13 0.000000 2.000000
  22   80   50 13.561905 8.438095
  10   30   28 5.195238 4.804762
   8   22   25 3.766667 4.233333
   4    2   25 0.309524 3.690476
  16   34   61 5.794048 10.205952
  11   14   56 2.338095 8.661905
  32  118   72 20.004762 11.995238
  21   76   49 12.947619 8.052381
   7   12   29 2.109524 4.890476
  10   26   34 4.309524 5.690476
   3    4   15 0.642857 2.357143
  13   26   54 4.270238 8.729762
   9   12   39 2.253571 6.746429
  36  156   62 25.747619 10.252381
  25   92   56 15.588095 9.411905
   6    6   28 1.066667 4.933333
   6   10   29 1.577381 4.422619
   5   14   16 2.385714 2.614286
  17   50   47 8.685714 8.314286
   3    0   19 0.000000 3.000000
  41  180   64 30.267857 10.732143
  20   60   65 9.771429 10.228571
  11   22   41 3.904762 7.095238
   3    2   19 0.267857 2.732143
   5   12   19 1.928571 3.071429
  19   60   54 10.152381 8.847619
   5   10   18 1.785714 3.214286
  27   92   76 14.823810 12.176190
  25   84   64 14.357143 10.642857
  12   32   41 5.366667 6.633333
   6   10   25 1.742857 4.257143
   6   18   16 3.166667 2.833333
  24   78   62 13.377381 10.622619
   6   14   23 2.233333 3.766667
  17   34   68 5.885714 11.114286
  24   70   76 11.533333 12.466667
  15   32   58 5.409524 9.590476
   9   28   26 4.900000 4.100000
   5   10   21 1.725000 3.275000
  25   78   71 13.276190 11.723810
   7    8   36 1.280952 5.719048
  20   52   70 8.666667 11.333333
  27   78   80 13.315476 13.684524
  13   36   43 6.019048 6.980952
   6   14   21 2.428571 3.571429
   2    0   13 0.000000 2.000000
  29   82   90 13.933333 15.066667
   2    2   11 0.309524 1.690476
  19   60   49 10.357143 8.642857
  30  100   85 16.505952 13.494048
  19   54   60 9.271429 9.728571
   1    0    7 0.000000 1.000000
  28   74   97 12.176190 15.823810
   3    4   13 0.700000 2.300000
  18   56   52 9.476190 8.523810
  27   96   65 16.065476 10.934524
  24   70   73 11.895238 12.104762
  28   76   96 12.388095 15.611905
   1    0    5 0.000000 1.000000
  15   48   41 8.001190 6.998810
  31  118   64 19.840476 11.159524
  25   76   76 12.728571 12.271429
  24   54   94 9.228571 14.771429
   1    0    6 0.000000 1.000000
  16   50   47 8.209524 7.790476
  24   70   73 11.844048 12.155952
  35  112   94 19.085714 15.914286
  24   76   66 12.695238 11.304762
   1    0    6 0.000000 1.000000
  13   34   44 5.742857 7.257143
  33  100   98 16.890476 16.109524
  29   78   98 13.086905 15.913095
  27   98   62 16.432143 10.567857
   3    4   16 0.595238 2.404762
   4    0   25 0.000000 4.000000
  29   92   76 15.671429 13.328571
  37  146   81 24.263095 12.736905
  24   84   58 14.271429 9.728571
   6   10   28 1.583333 4.416667
   6    6   28 1.133333 4.866667
  27   84   78 14.200000 12.800000
  37  138   86 22.963095 14.036905
  30  118   59 19.972619 10.027381
   2    0   13 0.000000 2.000000
  11   22   45 3.671429 7.328571
  25   80   67 13.576190 11.423810
  32  126   70 20.589286 11.410714
  26   92   62 15.552381 10.447619
  10   22   42 3.471429 6.528571
  23   62   71 10.507143 12.492857
  41  170   79 28.178571 12.821429
  31  104   78 17.685714 13.314286
  11   22   43 3.709524 7.290476
  15   30   63 4.861905 10.138095
  43  172   88 28.629762 14.370238
  26   62   94 10.428571 15.571429
  13   24   54 4.052381 8.947619
  23   62   76 10.595238 12.404762
  38  134   94 22.623810 15.376190
  23   64   77 10.510714 12.489286
  16   40   55 6.951587 9.048413
  24   68   78 11.286905 12.713095
  37  128   90 21.745238 15.254762
  27   88   70 15.088095 11.911905
  21   74   54 12.340476 8.659524
  19   42   69 7.178571 11.821429
  33  112   91 18.475000 14.525000
  30  100   78 17.166667 12.833333
  26  102   54 17.072619 8.927381
  21   68   60 11.390476 9.609524
  23   62   76 10.536905 12.463095
  31  108   81 18.009524 12.990476
  26  100   59 16.604762 9.395238
  15   36   53 6.114286 8.885714
  28   72   91 12.447619 15.552381
  39  146   89 24.490476 14.509524
  17   54   51 8.771429 8.228571
  10   16   41 3.000000 7.000000
  34  106   97 17.664286 16.335714
  27   94   67 15.815476 11.184524
  23   88   50 14.557143 8.442857
   8   12   37 1.961905 6.038095
  42  158   94 26.388095 15.611905
  29   88   83 14.923810 14.076190
  12   28   44 4.673810 7.326190
  12   24   49 3.985714 8.014286
  47  172  112 28.802381 18.197619
  34  128   82 21.219048 12.780952
  14   40   45 6.795238 7.204762
  10   10   53 1.560714 8.439286
  42  120  122 20.854762 21.145238
  26   78   73 13.261905 12.738095
  12   32   40 5.395238 6.604762
  16   28   68 4.814286 11.185714
  46  150  131 24.665476 21.334524
  24   84   59 14.184524 9.815476
   5    6   26 0.976190 4.023810
  17   46   57 7.585714 9.414286
  54  208  114 34.954762 19.045238
  22   72   59 12.079762 9.920238
   8   16   28 2.838095 5.161905
  17   46   57 7.768254 9.231746
  53  226   96 37.507143 15.492857
  29   92   75 15.904762 13.095238
   8   16   32 2.661905 5.338095
  13   18   55 3.354762 9.645238
  50  204  108 33.255952 16.744048
  36  144   68 24.311905 11.688095
   4   10   15 1.619048 2.380952
  18   44   67 7.295238 10.704762
  42  164   88 27.228571 14.771429
  34  144   59 24.067857 9.932143
   7   20   24 3.185714 3.814286
  19   62   53 10.364286 8.635714
  40  140   98 23.409524 16.590476
  30  116   67 19.304762 10.695238
   7   14   27 2.361905 4.638095
  19   48   70 7.982143 11.017857
  44  150  108 25.657143 18.342857
  38  134   91 22.766667 15.233333
  11   34   33 5.638095 5.361905
  15   32   58 5.433333 9.566667
  36  134   84 22.360714 13.639286
  38  144   83 24.104762 13.895238
  15   36   53 6.119048 8.880952
  15   34   59 5.661905 9.338095
  32  102   89 17.097619 14.902381
  26   82   73 13.771429 12.228571
  28  100   66 16.859524 11.140476
  10   20   42 3.370238 6.629762
  36  136   81 22.690476 13.309524
  23   68   72 11.395238 11.604762
  31   96   89 16.209524 14.790476
  18   64   45 10.777381 7.222619
  28   94   72 15.900000 12.100000
  21   66   60 11.234921 9.765079
  31  110   77 18.185714 12.814286
  13   42   39 6.828571 6.171429
  35  142   64 24.004762 10.995238
  16   42   51 7.342857 8.657143
  36  140   79 23.233333 12.766667
  17   48   52 8.271429 8.728571
  31  124   64 20.751190 10.248810
  24   84   64 13.971429 10.028571
  34  122   82 20.553571 13.446429
  12   32   40 5.421429 6.578571
  30  116   60 19.771429 10.228571
  20   56   67 9.257143 10.742857
  26   66   90 11.047619 14.952381
  23   86   53 14.304762 8.695238
  31  116   66 19.704762 11.295238
  18   44   62 7.621429 10.378571
  25   58   94 9.528571 15.471429
  26   78   73 13.575000 12.425000
  31  124   67 20.454762 10.545238
  24   58   81 9.976190 14.023810
  25   68   81 11.461905 13.538095
  26   88   76 14.239286 11.760714
  25   78   70 13.032143 11.967857
  33  124   72 20.938095 12.061905
  23   58   83 9.713095 13.286905
  20   68   53 11.371429 8.628571
  24   78   64 13.176190 10.823810
  28  102   68 17.033333 10.966667
  29   76   96 12.809524 16.190476
  20   48   68 8.209524 11.790476
  23   86   56 14.090476 8.909524
  17   30   72 5.064286 11.935714
  27   76   88 12.647619 14.352381
  14   36   49 6.019048 7.980952
  42  178   71 30.090476 11.909524
  17   38   69 6.388095 10.611905
  27   70   94 11.576190 15.423810
  13   30   46 5.091667 7.908333
  43  196   57 33.232143 9.767857
  27   76   82 13.038095 13.961905
  16   36   60 5.966667 10.033333
   9   16   39 2.666667 6.333333
  48  216   75 35.742857 12.257143
  17   36   66 6.030952 10.969048
  15   38   50 6.514286 8.485714
  16   46   51 7.723810 8.276190
  52  220   93 36.401190 15.598810
  14   24   60 4.080952 9.919048
  18   34   71 5.888095 12.111905
  18   54   54 9.023810 8.976190
  50  204   99 33.714286 16.285714
  23   62   76 10.473810 12.526190
  20   60   62 9.933333 10.066667
  24   76   71 12.829762 11.170238
  33  108   85 18.438095 14.561905
  33  114   77 19.816667 13.183333
  18   48   61 7.894048 10.105952
  16   36   60 6.100000 9.900000
  33  112   92 18.408333 14.591667
  28   98   71 16.546429 11.453571
  19   38   80 6.164286 12.835714
  14   26   58 4.380952 9.619048
  39  126  103 21.309524 17.690476
  33  122   77 20.347619 12.652381
  20   46   75 7.776190 12.223810
  16   36   62 5.914286 10.085714
  31   88   94 14.947619 16.052381
  36  142   78 23.498810 12.501190
  19   54   59 9.321429 9.678571
  15   32   54 5.585714 9.414286
  30   86   95 14.285714 15.714286
  30  122   58 20.464286 9.535714
  26   78   80 13.117857 12.882143
  15   28   62 4.728571 10.271429
  29   98   74 16.747619 12.252381
  37  170   51 28.528571 8.471429
  24   80   67 13.252381 10.747619
  11   28   38 4.785714 6.214286
  28  102   64 17.351190 10.648810
  34  134   75 22.244048 11.755952
  21   68   61 11.152381 9.847619
   9   24   29 4.190476 4.809524
  36  118   91 20.386905 15.613095
  44  184   82 30.752381 13.247619
  25   62   84 10.595238 14.404762
  12   42   32 6.891667 5.108333
  19   38   76 6.442857 12.557143
  41  156   86 26.519048 14.480952
  25   64   86 10.642857 14.357143
   9   24   32 4.041667 4.958333
  25   88   64 14.628571 10.371429
  48  210   79 35.072619 12.927381
  25   76   67 13.219048 11.780952
   9   32   24 5.352381 3.647619
  18   64   48 10.530952 7.469048
  39  148   86 24.761905 14.238095
  19   48   67 7.853571 11.146429
  10   34   26 5.740476 4.259524
  32  122   69 20.538095 11.461905
  49  186  108 30.895238 18.104762
   8    8   42 1.259524 6.740476
  10   32   28 5.428571 4.571429
  33  120   76 20.195238 12.804762
  50  206   92 34.647619 15.352381
   3    2   20 0.277778 2.722222
   7   12   24 2.433333 4.566667
  40  156   88 25.753571 14.246429
  48  196   92 32.801190 15.198810
   8   14   37 2.288095 5.711905
  44  176   85 29.673810 14.326190
  47  198   88 32.785714 14.214286
   4    6   19 0.938095 3.061905
  49  196   93 33.283333 15.716667
  43  188   73 31.341667 11.658333
   2    2   10 0.342857 1.657143
  55  256   71 43.126190 11.873810
  50  218   78 36.788095 13.211905
  50  226   78 37.448016 12.551984
  56  256   82 42.796429 13.203571
  44  180   82 30.614286 13.385714
  50  222   77 37.371429 12.628571
  50  224   77 37.625000 12.375000
  43  174   86 28.914286 14.085714
  57  254   86 42.540476 14.459524
  56  244   90 40.941667 15.058333
  44  176   90 29.153571 14.846429
  60  260   99 43.742857 16.257143
  40  142   99 23.689286 16.310714
  69  334   79 55.885714 13.114286
  31  108   79 17.804762 13.195238
  74  370   75 61.639286 12.360714
  26   80   75 13.386905 12.613095
  78  382   85 63.833333 14.166667
  22   48   85 8.080952 13.919048
  83  432   72 71.521429 11.478571
  17   24   72 4.395238 12.604762
  72  356   77 59.452381 12.547619
  28   90   77 15.261905 12.738095
  69  344   74 57.066667 11.933333
  31  108   74 18.335714 12.664286
  71  348   77 58.151190 12.848810
  29   98   77 16.366667 12.633333
  77  384   77 64.225000 12.775000
  23   62   77 10.491667 12.508333
  86  460   55 76.832143 9.167857
  14   30   55 4.933333 9.066667
  92  518   35 86.228571 5.771429
   8   12   35 2.133333 5.866667
  98  576   12 95.969048 2.030952
   2    0   12 0.000000 2.000000
  99  588    6 97.998810 1.001190
   1    0    6 0.000000 1.000000
 100  600    0 100.000000 0.000000
