   2    2    9 0.366667 1.633333
   3    6   13 0.952381 2.047619
   2    2   10 0.333333 1.666667
   1    0    7 0.000000 1.000000
   6   16   19 2.742857 3.257143
   1    0    8 0.000000 1.000000
   1    0    7 0.000000 1.000000
   2    2   10 0.333333 1.666667
   2    2    8 0.400000 1.600000
   1    0    6 0.000000 1.000000
   1    0    6 0.000000 1.000000
   1    0    6 0.000000 1.000000
   1    0    6 0.000000 1.000000
   1    0    6 0.000000 1.000000
   2    2    9 0.366667 1.633333
   1    0    6 0.000000 1.000000
   2    2   10 0.333333 1.666667
   1    0    5 0.000000 1.000000
   2    2   12 0.291667 1.708333
   1    0    6 0.000000 1.000000
   2    2    8 0.400000 1.600000
   1    0    6 0.000000 1.000000
   1    0    7 0.000000 1.000000
   1    0    6 0.000000 1.000000
   5   12   19 1.971429 3.028571
   3    6   10 1.133333 1.866667
   4   10   13 1.728571 2.271429
   6   18   19 2.980952 3.019048
   1    0    6 0.000000 1.000000
   3    6   13 0.952381 2.047619
   1    0    7 0.000000 1.000000
   1    0    6 0.000000 1.000000
   1    0    6 0.000000 1.000000
   1    0    6 0.000000 1.000000
   4    8   15 1.419048 2.580952
   3    4   13 0.733333 2.266667
   3    6   12 1.000000 2.000000
   4    4   22 0.619048 3.380952
   1    0    6 0.000000 1.000000
   2    2   10 0.342857 1.657143
   1    0    6 0.000000 1.000000
   1    0    6 0.000000 1.000000
   1    0    6 0.000000 1.000000
   1    0    7 0.000000 1.000000
   1    0    6 0.000000 1.000000
   2    2   11 0.309524 1.690476
   2    2    9 0.366667 1.633333
   1    0    6 0.000000 1.000000
   1    0    6 0.000000 1.000000
   1    0    6 0.000000 1.000000
   1    0    6 0.000000 1.000000
   1    0    6 0.000000 1.000000
   1    0    5 0.000000 1.000000
   1    0    6 0.000000 1.000000
   2    2    9 0.366667 1.633333
   7   18   24 3.186905 3.813095
   1    0    6 0.000000 1.000000
   3    6   11 1.066667 1.933333
  10   24   34 4.254762 5.745238
   1    0    6 0.000000 1.000000
   3    2   16 0.366667 2.633333
   2    2   12 0.285714 1.714286
   7   22   19 3.766667 3.233333
   1    0    5 0.000000 1.000000
   2    2   11 0.309524 1.690476
   1    0    6 0.000000 1.000000
   1    0    7 0.000000 1.000000
   3    4   14 0.709524 2.290476
   1    0    6 0.000000 1.000000
   1    0    7 0.000000 1.000000
   4    8   16 1.333333 2.666667
   6   12   22 2.185714 3.814286
   5   12   19 1.975000 3.025000
   1    0    6 0.000000 1.000000
   1    0    6 0.000000 1.000000
   1    0    5 0.000000 1.000000
   4    6   20 0.928571 3.071429
   2    0   11 0.000000 2.000000
   5   10   19 1.728571 3.271429
   7   12   31 1.938095 5.061905
   5   10   20 1.719048 3.280952
   7   22   20 3.723810 3.276190
   2    2    9 0.366667 1.633333
   3    4   15 0.685714 2.314286
   1    0    7 0.000000 1.000000
   1    0    6 0.000000 1.000000
   1    0    6 0.000000 1.000000
   5    6   28 0.910714 4.089286
   1    0    6 0.000000 1.000000
   3    4   13 0.700000 2.300000
   7   12   29 2.041667 4.958333
   1    0    6 0.000000 1.000000
   3    4   15 0.642857 2.357143
   2    0   12 0.000000 2.000000
   8   24   24 4.265476 3.734524
   2    0   13 0.000000 2.000000
   1    0    8 0.000000 1.000000
   2    2    8 0.400000 1.600000
   7   14   28 2.290476 4.709524
   1    0    6 0.000000 1.000000
   9   26   29 4.323810 4.676190
   3    2   14 0.366667 2.633333
   4    6   18 1.000000 3.000000
   1    0    5 0.000000 1.000000
   7   12   30 2.042857 4.957143
   2    2   10 0.333333 1.666667
   5    8   22 1.319048 3.680952
   7   10   31 1.795238 5.204762
   3    2   16 0.333333 2.666667
   2    2   11 0.309524 1.690476
   8   20   27 3.385714 4.614286
   6   16   19 2.766667 3.233333
   4    8   16 1.328571 2.671429
   8   12   34 2.176190 5.823810
   2    2   11 0.309524 1.690476
   8   24   25 4.019048 3.980952
  12   32   40 5.342857 6.657143
   1    0    5 0.000000 1.000000
   9   34   21 5.728571 3.271429
   4    4   20 0.676190 3.323810
  17   58   43 9.904762 7.095238
   1    0    7 0.000000 1.000000
   4    6   18 1.019048 2.980952
   2    2    8 0.400000 1.600000
   5   10   22 1.617857 3.382143
   1    0    6 0.000000 1.000000
   1    0    7 0.000000 1.000000
   4    6   18 0.985714 3.014286
   3    2   16 0.333333 2.666667
   9   24   31 3.961905 5.038095
   5    8   20 1.400000 3.600000
   5   12   17 2.061905 2.938095
   3    2   16 0.333333 2.666667
   9   22   33 3.638095 5.361905
  10   14   47 2.328571 7.671429
  11   30   35 5.157143 5.842857
   2    2   10 0.342857 1.657143
  22   66   66 11.010714 10.989286
   1    0    7 0.000000 1.000000
  16   48   46 8.235714 7.764286
   4    6   18 1.050000 2.950000
   5   12   17 2.038095 2.961905
   2    2   10 0.333333 1.666667
   9   28   29 4.538095 4.461905
   1    0    5 0.000000 1.000000
   2    2   11 0.309524 1.690476
  10   26   28 4.766667 5.233333
   6    8   32 1.208333 4.791667
  13   36   41 6.138095 6.861905
  10   32   32 5.242857 4.757143
   2    0   11 0.000000 2.000000
  11   24   40 4.152381 6.847619
  15   42   45 7.440476 7.559524
   7   14   28 2.390476 4.609524
   8   28   21 4.695238 3.304762
   4   10   15 1.614286 2.385714
  11   36   33 5.797619 5.202381
   1    0    5 0.000000 1.000000
   8   18   25 3.400000 4.600000
   5    8   24 1.261905 3.738095
   5    4   27 0.676190 4.323810
  10   16   40 2.761905 7.238095
   8   16   31 2.704762 5.295238
   8   16   30 2.828571 5.171429
  11   24   46 3.921429 7.078571
  12   24   51 3.885714 8.114286
   6    4   33 0.709524 5.290476
  10   34   26 5.657143 4.342857
   8   28   22 4.619048 3.380952
   8   16   31 2.785714 5.214286
   1    0    6 0.000000 1.000000
   4    2   22 0.366667 3.633333
   3    2   16 0.366667 2.633333
   4    4   22 0.619048 3.380952
   9   18   32 3.195238 5.804762
  18   54   56 8.786905 9.213095
  12   22   48 3.704762 8.295238
   6    6   30 1.009524 4.990476
   9   14   39 2.466667 6.533333
  12   34   39 5.760714 6.239286
   9   24   31 4.028571 4.971429
  11   38   29 6.384524 4.615476
   2    2   10 0.333333 1.666667
   1    0    6 0.000000 1.000000
   4    8   17 1.361905 2.638095
   6   10   23 1.766667 4.233333
  12   30   40 5.157143 6.842857
  17   48   57 7.776190 9.223810
  12   18   54 3.028571 8.971429
   5    6   25 1.019048 3.980952
   6    6   30 0.985714 5.014286
  13   30   48 4.985714 8.014286
   7   16   26 2.757143 4.242857
  17   66   35 11.071429 5.928571
   1    0    7 0.000000 1.000000
   4    8   18 1.344048 2.655952
   3    2   16 0.342857 2.657143
  14   42   40 7.333333 6.666667
  15   46   44 7.700000 7.300000
  12   28   46 4.647619 7.352381
   1    0    6 0.000000 1.000000
   7    6   38 0.904762 6.095238
  19   56   57 9.414286 9.585714
  10   24   35 3.971429 6.028571
  15   42   46 7.266667 7.733333
   4    4   19 0.709524 3.290476
   1    0    5 0.000000 1.000000
  10   24   40 3.761905 6.238095
  17   50   51 8.452381 8.547619
   9   20   38 3.196429 5.803571
   9   10   45 1.728571 7.271429
  25   68   76 11.676190 13.323810
  12   28   48 4.523810 7.476190
  13   32   42 5.590476 7.409524
   2    2    9 0.366667 1.633333
   1    0    6 0.000000 1.000000
   9   28   27 4.666667 4.333333
  14   28   59 4.640476 9.359524
  10   16   39 2.804762 7.195238
  10   18   43 3.051190 6.948810
  35  120   91 20.189286 14.810714
   8   14   34 2.428571 5.571429
  11   28   38 4.757143 6.242857
   1    0    5 0.000000 1.000000
   4    6   20 0.928571 3.071429
  21   74   49 12.614286 8.385714
  10   24   38 3.961905 6.038095
  13   22   55 3.714286 9.285714
  32  116   76 19.273810 12.726190
   4    6   18 1.009524 2.990476
  15   48   43 8.014286 6.985714
  26   92   58 15.952381 10.047619
   8   12   37 2.026190 5.973810
  10   18   41 3.176190 6.823810
  38  144   87 24.036905 13.963095
   4    6   17 1.066667 2.933333
  14   36   52 5.852381 8.147619
  23   92   48 15.323810 7.676190
   5    4   25 0.652381 4.347619
  12   34   39 5.500000 6.500000
  43  164   91 27.485714 15.514286
   5   12   18 2.023810 2.976190
  12   36   37 6.185714 5.814286
  27  108   54 18.394048 8.605952
   9   20   33 3.589286 5.410714
  14   34   47 5.871429 8.128571
  40  144   97 24.017857 15.982143
   4    6   18 1.000000 3.000000
   6    8   31 1.214286 4.785714
  24   78   62 13.395238 10.604762
  12   26   48 4.505952 7.494048
  14   34   46 5.895238 8.104762
  39  136  105 22.361905 16.638095
   4    6   18 1.000000 3.000000
   7   16   25 2.742857 4.257143
  32  118   70 20.100000 11.900000
  14   38   46 6.342857 7.657143
  13   42   35 7.223810 5.776190
  22   54   80 8.871429 13.128571
  15   62   30 10.242857 4.757143
   4    4   21 0.666667 3.333333
  21   70   65 11.008333 9.991667
  11   26   40 4.519048 6.480952
  19   70   44 11.642857 7.357143
  26   80   73 13.469048 12.530952
  19   66   45 11.261905 7.738095
   4    8   13 1.566667 2.433333
   7    6   35 1.066667 5.933333
  13   30   50 4.909524 8.090476
  21   80   47 13.492857 7.507143
  31  112   72 18.852381 12.147619
  26  110   46 18.528571 7.471429
   2    0   12 0.000000 2.000000
   6    6   31 0.976190 5.023810
   7   12   30 1.961905 5.038095
  20   68   50 11.702381 8.297619
  41  178   66 29.928571 11.071429
  26  106   53 17.497619 8.502381
   3    6   13 0.983333 2.016667
   5   10   22 1.566667 3.433333
  14   32   52 5.414286 8.585714
  46  202   72 34.083333 11.916667
  32  134   57 22.592857 9.407143
   2    2   10 0.333333 1.666667
  10   28   31 4.871429 5.128571
  14   42   46 6.903571 7.096429
  49  210   83 35.238095 13.761905
  25   80   68 13.619048 11.380952
   4    8   17 1.261905 2.738095
   9   26   27 4.423810 4.576190
  11   30   38 4.890476 6.109524
  48  202   87 33.823810 14.176190
  28   96   69 16.271429 11.728571
   4   10   15 1.619048 2.380952
  21   82   46 13.628571 7.371429
   6    8   29 1.376190 4.623810
  36  150   66 25.125000 10.875000
  33  128   66 21.804762 11.195238
   4    6   20 0.928571 3.071429
   8   12   33 2.109524 5.890476
  10   20   41 3.280952 6.719048
  41  182   66 30.252381 10.747619
  37  148   72 24.851190 12.148810
   5   12   18 2.028571 2.971429
   8   18   33 2.870238 5.129762
   8   14   32 2.485714 5.514286
  48  224   62 37.766667 10.233333
  31  134   53 22.296429 8.703571
   5   10   20 1.728571 3.271429
   5    6   27 0.928571 4.071429
  13   26   53 4.271429 8.728571
  38  158   69 26.469048 11.530952
  39  152   79 25.577381 13.422619
   3    4   13 0.733333 2.266667
   1    0    5 0.000000 1.000000
  22   52   77 8.827381 13.172619
  35  152   62 25.152381 9.847619
  39  138   97 23.042857 15.957143
   4    6   17 1.066667 2.933333
  30   90   91 15.047619 14.952381
  33  128   72 21.185714 11.814286
  33  102   94 17.269048 15.730952
   2    0   12 0.000000 2.000000
  47  188   90 31.776190 15.223810
  30  122   58 20.419048 9.580952
  21   48   82 7.723810 13.276190
   2    0   11 0.000000 2.000000
  58  254   93 42.595238 15.404762
  23   82   58 13.623810 9.376190
  17   30   72 5.190476 11.809524
   3    4   15 0.619048 2.380952
  62  284   91 47.026190 14.973810
  23   74   61 12.735714 10.264286
  12   24   47 4.133333 7.866667
   2    2   12 0.291667 1.708333
  59  286   70 47.469048 11.530952
  32  128   63 21.309524 10.690476
   7    8   31 1.466667 5.533333
   5   10   19 1.858333 3.141667
  63  308   70 51.445238 11.554762
  32  134   59 22.411905 9.588095
   7   16   25 2.847619 4.152381
  64  308   76 51.523810 12.476190
  29  116   59 19.528571 9.471429
  10   32   30 5.361905 4.638095
  61  290   75 48.607143 12.392857
  29  120   53 20.104762 8.895238
   3    6   12 1.000000 2.000000
  73  384   55 63.991667 9.008333
  24   98   45 16.316667 7.683333
   5   10   19 1.780952 3.219048
  70  350   74 57.904762 12.095238
  25   86   61 14.561905 10.438095
   5    6   24 1.066667 3.933333
  74  372   76 61.691667 12.308333
  21   58   64 10.138095 10.861905
   7   20   23 3.252381 3.747619
  75  366   82 61.260714 13.739286
  18   50   59 8.333333 9.666667
   7   10   33 1.709524 5.290476
  73  344   93 57.519048 15.480952
  20   50   70 8.427381 11.572619
   9   22   29 3.871429 5.128571
  68  314   95 52.427381 15.572619
  23   60   80 9.980952 13.019048
  11   34   31 5.680952 5.319048
  62  264  110 43.895238 18.104762
  27   80   81 13.558333 13.441667
   8   20   29 3.233333 4.766667
  53  206  110 34.538095 18.461905
  39  142   93 23.680952 15.319048
  10   26   32 4.528571 5.471429
  49  182  113 30.498810 18.501190
  41  158   89 26.540476 14.459524
  16   54   41 9.123810 6.876190
  50  182  122 30.192857 19.807143
  34  102   99 17.280952 16.719048
  15   58   32 9.795238 5.204762
  49  184  107 31.411905 17.588095
  36  120   99 19.928571 16.071429
  14   42   42 7.047619 6.952381
  50  192  108 32.060714 17.939286
  36  124   92 20.771429 15.228571
  15   52   36 8.778571 6.221429
  58  254   97 42.303571 15.696429
  27   70   91 11.842857 15.157143
  30  106   66 18.272619 11.727381
  38  154   78 25.561905 12.438095
  32  104   92 17.266667 14.733333
  29  100   72 17.000000 12.000000
  42  162   91 27.361905 14.638095
  29   76   99 12.850000 16.150000
  52  228   85 38.095238 13.904762
  35  114   92 19.219048 15.780952
  13   28   53 4.883333 8.116667
  57  272   73 45.275000 11.725000
  31  106   78 18.079762 12.920238
  12   30   41 5.028571 6.971429
  57  246   98 41.090476 15.909524
  30  102   76 17.233333 12.766667
  13   28   50 4.708333 8.291667
  62  278   91 46.729762 15.270238
  30  102   82 16.922619 13.077381
   8   18   29 3.042857 4.957143
  59  260   91 43.619048 15.380952
  32  116   78 19.361905 12.638095
   9   18   37 2.980952 6.019048
  69  334   81 55.619048 13.380952
  22   78   55 13.138095 8.861905
   9   16   36 2.804762 6.195238
  78  388   76 65.017857 12.982143
  15   36   57 5.802381 9.197619
   7   16   27 2.647619 4.352381
  91  504   43 83.966667 7.033333
   5    4   26 0.666667 4.333333
   4    4   19 0.700000 3.300000
  96  552   24 91.946429 4.053571
   2    0   11 0.000000 2.000000
   2    0   13 0.000000 2.000000
  94  538   27 89.688095 4.311905
   2    2   10 0.333333 1.666667
   4    6   17 1.066667 2.933333
  96  550   24 91.914286 4.085714
   2    2   11 0.309524 1.690476
   2    0   13 0.000000 2.000000
  99  588    6 98.016667 0.983333
   1    0    6 0.000000 1.000000
 100  600    0 100.000000 0.000000
