   2    2    8 0.400000 1.600000
   1    0    6 0.000000 1.000000
   1    0    6 0.000000 1.000000
   2    2   10 0.333333 1.666667
   3    4   14 0.652381 2.347619
   1    0    8 0.000000 1.000000
   1    0    6 0.000000 1.000000
   2    2    9 0.366667 1.633333
   1    0    5 0.000000 1.000000
   1    0    7 0.000000 1.000000
   1    0    6 0.000000 1.000000
   3    4   14 0.709524 2.290476
   2    2   10 0.333333 1.666667
   2    2   10 0.333333 1.666667
   4    6   16 1.233333 2.766667
   2    2    8 0.400000 1.600000
   1    0    5 0.000000 1.000000
   4    6   17 1.052381 2.947619
   1    0    7 0.000000 1.000000
   1    0    6 0.000000 1.000000
   3    4   13 0.700000 2.300000
   2    2    8 0.400000 1.600000
   1    0    6 0.000000 1.000000
   1    0    7 0.000000 1.000000
   2    2    9 0.366667 1.633333
   1    0    6 0.000000 1.000000
   1    0    7 0.000000 1.000000
   2    2   10 0.342857 1.657143
   2    2   11 0.309524 1.690476
   1    0    7 0.000000 1.000000
   1    0    7 0.000000 1.000000
   3    4   13 0.742857 2.257143
   1    0    5 0.000000 1.000000
   1    0    5 0.000000 1.000000
   2    2   11 0.309524 1.690476
   1    0    6 0.000000 1.000000
   1    0    6 0.000000 1.000000
   5   14   14 2.561905 2.438095
   1    0    6 0.000000 1.000000
   3    6   13 0.952381 2.047619
   2    2    9 0.366667 1.633333
   2    2   11 0.309524 1.690476
   2    2   10 0.333333 1.666667
   4    8   17 1.309524 2.690476
   1    0    8 0.000000 1.000000
   1    0    7 0.000000 1.000000
   4    4   20 0.666667 3.333333
   1    0    6 0.000000 1.000000
   1    0    7 0.000000 1.000000
   1    0    7 0.000000 1.000000
   1    0    6 0.000000 1.000000
   1    0    6 0.000000 1.000000
   2    2   10 0.333333 1.666667
   2    2   11 0.309524 1.690476
   1    0    6 0.000000 1.000000
   2    2   11 0.309524 1.690476
   1    0    6 0.000000 1.000000
   1    0    6 0.000000 1.000000
   1    0    7 0.000000 1.000000
   3    2   15 0.366667 2.633333
   4    8   16 1.333333 2.666667
   1    0    5 0.000000 1.000000
   1    0    7 0.000000 1.000000
   2    2    9 0.366667 1.633333
   2    2   10 0.333333 1.666667
   1    0    6 0.000000 1.000000
   1    0    6 0.000000 1.000000
   2    0   13 0.000000 2.000000
   5    8   21 1.409524 3.590476
   4    8   14 1.500000 2.500000
   1    0    6 0.000000 1.000000
   2    0   14 0.000000 2.000000
   1    0    6 0.000000 1.000000
   3    4   12 0.766667 2.233333
   6   14   21 2.485714 3.514286
   2    2    9 0.366667 1.633333
   3    6   11 1.066667 1.933333
   5   10   20 1.704762 3.295238
   1    0    7 0.000000 1.000000
   4    6   17 1.133333 2.866667
   2    2   11 0.309524 1.690476
   2    2   10 0.333333 1.666667
   4   10   16 1.583333 2.416667
   5   14   15 2.461905 2.538095
   2    2   10 0.333333 1.666667
   1    0    7 0.000000 1.000000
   4   10   16 1.635714 2.364286
  13   44   34 7.384524 5.615476
   2    2   10 0.342857 1.657143
   2    2    8 0.400000 1.600000
   1    0    6 0.000000 1.000000
   1    0    7 0.000000 1.000000
   1    0    7 0.000000 1.000000
   1    0    7 0.000000 1.000000
   3    4   14 0.666667 2.333333
   1    0    7 0.000000 1.000000
   4   10   14 1.695238 2.304762
   2    0   12 0.000000 2.000000
   6   18   20 2.919048 3.080952
   2    0   12 0.000000 2.000000
   4    4   21 0.642857 3.357143
   2    2    9 0.366667 1.633333
   1    0    6 0.000000 1.000000
   3    4   16 0.625000 2.375000
   5   16   12 3.057143 1.942857
   3    4   12 0.766667 2.233333
   2    0   12 0.000000 2.000000
   4    6   18 1.000000 3.000000
   3    2   17 0.309524 2.690476
   4   10   14 1.666667 2.333333
   1    0    5 0.000000 1.000000
   4    6   19 0.952381 3.047619
   1    0    5 0.000000 1.000000
   3    4   14 0.652381 2.347619
   7   22   18 3.866667 3.133333
   2    2    9 0.366667 1.633333
   1    0    7 0.000000 1.000000
   5   14   17 2.261905 2.738095
  15   46   46 7.628571 7.371429
   2    2   10 0.333333 1.666667
   9   30   23 5.114286 3.885714
   2    2   11 0.309524 1.690476
   2    2    8 0.400000 1.600000
   5   10   19 1.700000 3.300000
   2    2    9 0.366667 1.633333
  10   34   28 5.552381 4.447619
   3    2   16 0.333333 2.666667
   3    6   13 0.983333 2.016667
   1    0    7 0.000000 1.000000
   4    8   15 1.361905 2.638095
   1    0    7 0.000000 1.000000
   1    0    6 0.000000 1.000000
   2    2   10 0.333333 1.666667
   1    0    7 0.000000 1.000000
   2    0   13 0.000000 2.000000
   4    6   18 1.066667 2.933333
   5    6   24 1.009524 3.990476
   8   24   22 4.133333 3.866667
   1    0    7 0.000000 1.000000
   2    2    9 0.366667 1.633333
  20   66   52 11.307143 8.692857
   2    2   10 0.333333 1.666667
  13   42   37 7.142857 5.857143
   6   14   20 2.500000 3.500000
   4    6   19 0.961905 3.038095
   7   20   21 3.461905 3.538095
  13   40   36 6.861905 6.138095
   2    2   11 0.309524 1.690476
   2    2   10 0.333333 1.666667
   6   16   23 2.452381 3.547619
  13   38   39 6.419048 6.580952
   1    0    6 0.000000 1.000000
   1    0    6 0.000000 1.000000
   1    0    6 0.000000 1.000000
   2    2   10 0.342857 1.657143
   5   10   19 1.766667 3.233333
   2    2   11 0.325000 1.675000
   2    2    8 0.400000 1.600000
  13   40   38 6.719048 6.280952
   1    0    7 0.000000 1.000000
  19   80   34 13.338095 5.661905
   8   26   23 4.441667 3.558333
   2    2   10 0.342857 1.657143
   6   14   20 2.433333 3.566667
  23   86   51 14.600000 8.400000
   3    4   13 0.700000 2.300000
   4    4   20 0.676190 3.323810
   3    0   21 0.000000 3.000000
   2    0   12 0.000000 2.000000
   4    6   16 1.102381 2.897619
   1    0    6 0.000000 1.000000
   1    0    6 0.000000 1.000000
   4    4   21 0.691667 3.308333
  19   54   58 9.109524 9.890476
  19   68   48 11.316667 7.683333
  10   32   30 5.255952 4.744048
   1    0    6 0.000000 1.000000
   5    8   21 1.366667 3.633333
  24   86   61 14.238095 9.761905
   2    2   11 0.309524 1.690476
   2    0   11 0.000000 2.000000
   1    0    6 0.000000 1.000000
   1    0    7 0.000000 1.000000
   5   14   19 2.171429 2.828571
   1    0    7 0.000000 1.000000
   4    6   16 1.085714 2.914286
  20   68   48 11.654762 8.345238
  15   36   52 6.047619 8.952381
  16   56   42 9.304762 6.695238
   4   10   13 1.766667 2.233333
   4    4   17 0.842857 3.157143
  22   78   57 13.033333 8.966667
   3    4   15 0.685714 2.314286
   1    0    7 0.000000 1.000000
   2    2   10 0.342857 1.657143
   5    6   21 1.200000 3.800000
   2    2   11 0.309524 1.690476
   1    0    5 0.000000 1.000000
  24   66   83 10.938095 13.061905
  15   28   58 5.004762 9.995238
  21   74   52 12.450000 8.550000
   2    2   10 0.342857 1.657143
  25   92   56 15.621429 9.378571
   5   12   18 2.052381 2.947619
   2    2   11 0.309524 1.690476
   6    8   29 1.352381 4.647619
  18   56   56 9.071429 8.928571
   7    8   34 1.442857 5.557143
  35  134   72 22.955952 12.044048
   1    0    6 0.000000 1.000000
  24   82   62 13.851190 10.148810
   7   10   31 1.742857 5.257143
   4    4   23 0.619048 3.380952
   1    0    6 0.000000 1.000000
  21   58   65 9.802381 11.197619
   6    4   32 0.700000 5.300000
  36  140   77 23.329762 12.670238
  23   80   58 13.409524 9.590476
   9   22   33 3.719048 5.280952
   2    0   12 0.000000 2.000000
  20   56   66 9.328571 10.671429
   8   12   34 2.142857 5.857143
  38  142   85 23.730952 14.269048
  20   76   46 12.519048 7.480952
   9   24   31 3.957143 5.042857
  20   62   58 10.395238 9.604762
  10   24   37 3.917857 6.082143
  41  158   84 26.850000 14.150000
  16   48   49 7.985714 8.014286
   9   18   39 2.933333 6.066667
  16   50   50 8.145238 7.854762
   5    6   23 1.033333 3.966667
  54  212  105 35.880952 18.119048
  16   38   57 6.546429 9.453571
  10   26   33 4.571429 5.428571
  16   34   58 5.804762 10.195238
   5    8   25 1.245238 3.754762
  53  216  105 35.914286 17.085714
  17   36   66 6.119048 10.880952
   4    4   20 0.676190 3.323810
  18   44   67 7.207143 10.792857
  12   32   38 5.452381 6.547619
  49  200   93 33.402381 15.597619
  13   38   40 6.414286 6.585714
  21   68   56 11.433333 9.566667
   6    8   27 1.433333 4.566667
  60  276   87 45.866667 14.133333
  18   64   44 10.852381 7.147619
  25   92   60 15.376190 9.623810
   5    6   25 0.983333 4.016667
  52  210   99 35.198810 16.801190
  17   58   42 9.876190 7.123810
  21   62   64 10.404762 10.595238
   2    0   12 0.000000 2.000000
  60  270   92 44.725000 15.275000
  22   66   68 10.905952 11.094048
  21   68   58 11.426190 9.573810
   2    0   12 0.000000 2.000000
  55  230   98 38.704762 16.295238
  27   82   76 14.052381 12.947619
  10   18   43 3.023810 6.976190
   2    0   12 0.000000 2.000000
  61  264  105 43.766667 17.233333
  31  120   63 20.261905 10.738095
   9   24   30 4.104762 4.895238
   2    0   13 0.000000 2.000000
  58  264   86 43.822619 14.177381
  26   96   57 16.350000 9.650000
  10   20   42 3.285714 6.714286
   1    0    7 0.000000 1.000000
  63  304   74 50.616667 12.383333
  28   98   66 16.747619 11.252381
   9   28   27 4.757143 4.242857
  63  312   69 51.891667 11.108333
  37  160   66 26.722619 10.277381
  10   28   34 4.598810 5.401190
  53  242   70 41.092857 11.907143
  34  120   86 20.059524 13.940476
   8   18   32 2.997619 5.002381
  58  262   82 43.997619 14.002381
  44  170   93 28.439286 15.560714
  14   30   50 5.400000 8.600000
  42  182   75 29.914286 12.085714
  51  218   86 36.571429 14.428571
  13   30   47 5.103571 7.896429
  36  148   71 24.538095 11.461905
  55  236   95 39.580952 15.419048
   8   14   36 2.338095 5.661905
  37  146   73 24.770238 12.229762
  56  232  106 38.617857 17.382143
  11   24   40 4.180952 6.819048
  33  120   78 20.145238 12.854762
  57  242   93 41.132143 15.867857
   8   16   36 2.428571 5.571429
  35  144   69 23.921429 11.078571
  61  272   93 45.540476 15.459524
   6    6   31 1.000000 5.000000
  33  128   70 21.323810 11.676190
  59  284   70 47.502381 11.497619
   3    2   17 0.309524 2.690476
  38  168   59 28.104762 9.895238
  59  296   59 49.352381 9.647619
   2    0   11 0.000000 2.000000
  39  180   54 30.175000 8.825000
  68  336   68 56.445238 11.554762
   2    2   11 0.309524 1.690476
  30  116   67 19.247619 10.752381
  79  406   66 68.185714 10.814286
   2    2   10 0.342857 1.657143
  19   56   60 9.232143 9.767857
  76  376   72 63.567857 12.432143
   2    2   12 0.291667 1.708333
  22   70   68 11.466667 10.533333
  69  346   66 57.908333 11.091667
  31  122   66 20.214286 10.785714
  68  320   92 53.078571 14.921429
  32   96   92 16.440476 15.559524
  68  330   77 55.150000 12.850000
  32  116   77 19.223810 12.776190
  73  354   86 58.904762 14.095238
  27   74   86 12.454762 14.545238
  62  278   97 46.050000 15.950000
  38  128   97 21.590476 16.409524
  71  324   98 54.461905 16.538095
  29   80   98 13.396429 15.603571
  69  314  102 52.179762 16.820238
  31   82  102 13.857143 17.142857
  61  266  101 44.359524 16.640476
  39  132  101 22.132143 16.867857
  62  268   97 45.465476 16.534524
  38  138   97 22.860714 15.139286
  59  262   92 43.980952 15.019048
  41  154   92 25.847619 15.152381
  56  252   86 42.123810 13.876190
  44  176   86 29.823810 14.176190
  59  266   90 44.376190 14.623810
  41  154   90 26.001190 14.998810
  60  250  107 41.900000 18.100000
  40  136  107 22.448810 17.551190
  58  234  113 39.080952 18.919048
  42  140  113 23.236905 18.763095
  53  214  108 35.261905 17.738095
  47  170  108 28.973810 18.026190
  49  190  102 32.035714 16.964286
  51  206  102 34.384524 16.615476
  49  198   97 33.076190 15.923810
  51  208   97 34.913095 16.086905
  46  160  115 26.700000 19.300000
  54  210  115 34.973810 19.026190
  49  178  116 29.939286 19.060714
  51  190  116 31.852381 19.147619
  49  206   90 34.439286 14.560714
  51  214   90 36.080952 14.919048
  62  286   91 47.566667 14.433333
  38  132   91 22.489286 15.510714
  47  172  112 28.678571 18.321429
  53  204  112 34.554762 18.445238
  48  178  107 30.061905 17.938095
  52  208  107 34.392857 17.607143
  57  254   94 42.117460 14.882540
  43  158   94 26.819048 16.180952
  57  228  107 38.479762 18.520238
  43  158  107 25.997619 17.002381
  62  274   97 45.850000 16.150000
  38  132   97 22.282143 15.717857
  54  242   80 40.633333 13.366667
  46  198   80 33.207143 12.792857
  49  210   88 34.748810 14.251190
  51  214   88 36.039286 14.960714
  60  280   81 46.804762 13.195238
  40  158   81 26.628571 13.371429
  61  284   80 47.553571 13.446429
  39  156   80 26.028571 12.971429
  64  298   86 49.788095 14.211905
  36  130   86 21.815476 14.184524
  67  320   86 53.047222 13.952778
  33  108   86 18.195238 14.804762
  71  354   73 58.966667 12.033333
  29  100   73 16.920238 12.079762
  74  364   82 60.471429 13.528571
  26   72   82 12.290476 13.709524
  66  304   90 51.334524 14.665476
  34  116   90 19.134524 14.865476
  74  360   84 59.928571 14.071429
  26   72   84 12.066667 13.933333
  61  286   86 47.432143 13.567857
  39  142   86 24.366667 14.633333
  59  266   82 44.908333 14.091667
  41  170   82 27.728571 13.271429
  52  198  112 33.421429 18.578571
  48  178  112 29.880952 18.119048
  40  138  106 22.971429 17.028571
  60  250  106 42.154762 17.845238
  39  124  106 21.130952 17.869048
  61  264  106 43.994048 17.005952
  50  186  114 31.133333 18.866667
  50  186  114 31.036905 18.963095
  40  148   94 24.648810 15.351190
  60  264   94 44.463095 15.536905
  36  128   92 21.254365 14.745635
  64  288   92 48.626190 15.373810
  42  170   81 28.738095 13.261905
  58  268   81 44.742857 13.257143
  34  138   70 22.788095 11.211905
  66  322   70 54.267857 11.732143
  33  124   75 20.485714 12.514286
  67  326   75 54.526190 12.473810
  27   90   67 15.364286 11.635714
  73  376   67 62.382540 10.617460
  32  124   66 21.267857 10.732143
  68  344   66 57.420238 10.579762
  32  126   67 21.161905 10.838095
  68  340   67 57.019048 10.980952
  27   90   70 15.185714 11.814286
  73  370   70 61.560714 11.439286
  20   64   56 10.680952 9.319048
  80  424   56 70.792857 9.207143
  20   60   62 9.927381 10.072619
  80  416   62 69.713095 10.286905
  25   70   81 11.795238 13.204762
  75  368   81 61.570238 13.429762
  13   28   49 4.747619 8.252381
  87  474   49 78.952381 8.047619
   9   14   41 2.314286 6.685714
  91  504   41 84.128571 6.871429
   9   16   39 2.691667 6.308333
  91  506   39 84.517857 6.482143
  12   28   42 4.833333 7.166667
  88  488   42 81.364286 6.635714
   5   10   19 1.733333 3.266667
  95  552   19 91.900000 3.100000
   5    4   25 0.652381 4.347619
  95  546   25 90.990476 4.009524
   1    0    6 0.000000 1.000000
  99  588    6 98.000000 1.000000
   1    0    6 0.000000 1.000000
  99  588    6 97.980952 1.019048
   1    0    6 0.000000 1.000000
  99  588    6 97.990476 1.009524
   3    4   13 0.700000 2.300000
  97  570   13 95.002381 1.997619
   3    4   15 0.642857 2.357143
  97  566   15 94.419048 2.580952
   4    8   19 1.214286 2.785714
  96  554   19 92.680952 3.319048
   3    4   14 0.676190 2.323810
  97  568   14 94.790476 2.209524
   4    4   18 0.733333 3.266667
  96  560   18 93.195238 2.804762
   4    2   23 0.333333 3.666667
  96  552   23 92.088889 3.911111
 100  600    0 100.000000 0.000000
