   2    2    9 0.366667 1.633333
   1    0    6 0.000000 1.000000
   1    0    6 0.000000 1.000000
   1    0    5 0.000000 1.000000
   2    2   10 0.333333 1.666667
   1    0    7 0.000000 1.000000
   2    2    9 0.366667 1.633333
   2    2   11 0.309524 1.690476
   1    0    6 0.000000 1.000000
   1    0    8 0.000000 1.000000
   2    2   10 0.333333 1.666667
   1    0    6 0.000000 1.000000
   1    0    6 0.000000 1.000000
   4   10   15 1.647619 2.352381
   1    0    5 0.000000 1.000000
   5   12   18 2.047619 2.952381
   1    0    5 0.000000 1.000000
   1    0    7 0.000000 1.000000
   2    2    9 0.366667 1.633333
   1    0    6 0.000000 1.000000
   3    6   12 1.000000 2.000000
   2    2    9 0.366667 1.633333
   1    0    8 0.000000 1.000000
   2    0   13 0.000000 2.000000
   1    0    6 0.000000 1.000000
   2    2    9 0.366667 1.633333
   1    0    7 0.000000 1.000000
   1    0    7 0.000000 1.000000
   1    0    7 0.000000 1.000000
   1    0    5 0.000000 1.000000
   1    0    6 0.000000 1.000000
   2    2    9 0.366667 1.633333
   1    0    6 0.000000 1.000000
   2    2   11 0.309524 1.690476
   1    0    6 0.000000 1.000000
   1    0    8 0.000000 1.000000
   1    0    6 0.000000 1.000000
   2    2   11 0.309524 1.690476
   1    0    6 0.000000 1.000000
   1    0    6 0.000000 1.000000
   1    0    6 0.000000 1.000000
   1    0    6 0.000000 1.000000
   2    2    9 0.366667 1.633333
   2    2    9 0.366667 1.633333
   1    0    6 0.000000 1.000000
   7   22   18 3.900000 3.100000
   7   20   20 3.480952 3.519048
   1    0    7 0.000000 1.000000
   1    0    5 0.000000 1.000000
   3    4   12 0.766667 2.233333
   2    2   10 0.342857 1.657143
   1    0    7 0.000000 1.000000
   1    0    6 0.000000 1.000000
   1    0    6 0.000000 1.000000
   1    0    6 0.000000 1.000000
   1    0    7 0.000000 1.000000
   5   14   15 2.452381 2.547619
   1    0    7 0.000000 1.000000
   5   12   17 2.095238 2.904762
   1    0    6 0.000000 1.000000
   1    0    6 0.000000 1.000000
   1    0    5 0.000000 1.000000
   1    0    6 0.000000 1.000000
   5   12   17 2.152381 2.847619
   2    2   11 0.309524 1.690476
   1    0    6 0.000000 1.000000
   6   10   25 1.761905 4.238095
   1    0    6 0.000000 1.000000
   1    0    6 0.000000 1.000000
   2    2    8 0.400000 1.600000
   3    4   14 0.666667 2.333333
   2    2    8 0.400000 1.600000
   1    0    6 0.000000 1.000000
   1    0    6 0.000000 1.000000
   3    4   17 0.601190 2.398810
   2    2   11 0.309524 1.690476
   1    0    6 0.000000 1.000000
   1    0    6 0.000000 1.000000
   1    0    6 0.000000 1.000000
   4    6   18 1.000000 3.000000
   1    0    7 0.000000 1.000000
   1    0    5 0.000000 1.000000
   1    0    7 0.000000 1.000000
   2    2   10 0.342857 1.657143
   2    2    9 0.366667 1.633333
   3    2   15 0.333333 2.666667
   1    0    6 0.000000 1.000000
   3    4   12 0.766667 2.233333
   2    2   10 0.333333 1.666667
   3    4   12 0.766667 2.233333
   4   10   14 1.661905 2.338095
  10   32   30 5.290476 4.709524
   2    2   10 0.333333 1.666667
   1    0    8 0.000000 1.000000
   3    6   13 0.952381 2.047619
   1    0    7 0.000000 1.000000
   1    0    5 0.000000 1.000000
   1    0    7 0.000000 1.000000
   1    0    7 0.000000 1.000000
  11   40   27 6.752381 4.247619
   4    6   18 1.019048 2.980952
   4   10   12 1.833333 2.166667
   2    2   10 0.342857 1.657143
   7   20   19 3.600000 3.400000
   2    2   12 0.285714 1.714286
   2    0   13 0.000000 2.000000
   1    0    6 0.000000 1.000000
   5   10   21 1.590476 3.409524
   1    0    7 0.000000 1.000000
   1    0    6 0.000000 1.000000
   1    0    5 0.000000 1.000000
   2    2    8 0.400000 1.600000
   3    6   13 0.952381 2.047619
   3    4   12 0.750000 2.250000
   2    2   10 0.333333 1.666667
   3    4   11 0.800000 2.200000
   2    2   10 0.333333 1.666667
   6   14   22 2.385714 3.614286
   1    0    6 0.000000 1.000000
   3    4   16 0.625000 2.375000
   4   10   14 1.714286 2.285714
  19   72   46 11.815476 7.184524
   1    0    6 0.000000 1.000000
   1    0    6 0.000000 1.000000
   1    0    7 0.000000 1.000000
   3    2   14 0.366667 2.633333
   1    0    6 0.000000 1.000000
  15   46   46 7.447619 7.552381
   2    2   10 0.333333 1.666667
   6   10   28 1.557143 4.442857
   2    2   10 0.333333 1.666667
   2    2   11 0.309524 1.690476
   5   14   16 2.408333 2.591667
   6   14   22 2.295238 3.704762
   1    0    5 0.000000 1.000000
   2    2   10 0.333333 1.666667
   2    2   11 0.309524 1.690476
   2    0   13 0.000000 2.000000
   4    6   20 0.928571 3.071429
   1    0    7 0.000000 1.000000
   4    8   15 1.400000 2.600000
   1    0    6 0.000000 1.000000
   3    2   17 0.333333 2.666667
   5   10   19 1.752381 3.247619
   4    6   16 1.133333 2.866667
  22   70   62 11.885714 10.114286
   1    0    6 0.000000 1.000000
   1    0    5 0.000000 1.000000
   2    2   11 0.309524 1.690476
   2    2   11 0.309524 1.690476
  20   68   47 11.739286 8.260714
   7   22   20 3.723810 3.276190
   3    4   16 0.595238 2.404762
   3    6   14 0.916667 2.083333
   8   26   19 4.552381 3.447619
   1    0    6 0.000000 1.000000
   1    0    6 0.000000 1.000000
   1    0    6 0.000000 1.000000
   3    4   14 0.652381 2.347619
   9   32   23 5.535714 3.464286
   2    2   11 0.309524 1.690476
   2    2   12 0.285714 1.714286
   8   18   30 3.061905 4.938095
   3    6   11 1.066667 1.933333
  22   74   58 12.480952 9.519048
   2    2   10 0.342857 1.657143
   3    4   14 0.709524 2.290476
   1    0    6 0.000000 1.000000
   1    0    5 0.000000 1.000000
  20   66   51 11.339286 8.660714
   9   22   31 3.776190 5.223810
   3    4   14 0.676190 2.323810
   1    0    7 0.000000 1.000000
   9   30   24 5.070238 3.929762
   3    6   12 1.000000 2.000000
   6   12   22 2.091667 3.908333
   2    2    9 0.366667 1.633333
   7    8   36 1.285714 5.714286
   5    6   23 1.066667 3.933333
   4    8   18 1.261905 2.738095
  18   58   53 9.580952 8.419048
   5   10   19 1.661905 3.338095
   4    6   18 1.058333 2.941667
   1    0    5 0.000000 1.000000
  23   64   73 10.894048 12.105952
   8   20   30 3.128571 4.871429
   3    6   11 1.085714 1.914286
   2    2   10 0.342857 1.657143
   3    6   14 0.904762 2.095238
   7   18   22 3.133333 3.866667
   8   18   29 3.207143 4.792857
   4    2   20 0.400000 3.600000
   2    2   11 0.309524 1.690476
  21   76   52 12.740476 8.259524
   3    4   12 0.733333 2.266667
   8   20   25 3.633333 4.366667
   1    0    6 0.000000 1.000000
  30   82  102 13.644048 16.355952
   5   10   19 1.766667 3.233333
   1    0    6 0.000000 1.000000
   1    0    7 0.000000 1.000000
   7   12   35 1.815476 5.184524
  12   18   50 3.285714 8.714286
   5    6   24 1.042857 3.957143
  27  106   59 17.496429 9.503571
   4   10   12 1.866667 2.133333
   4    4   19 0.709524 3.290476
   3    4   15 0.642857 2.357143
  31   84  100 14.404762 16.595238
   7   16   26 2.804762 4.195238
   2    2    8 0.400000 1.600000
   6   14   21 2.300000 3.700000
  12   32   41 5.309524 6.690476
   3    6   12 1.019048 1.980952
  29   88   85 14.761905 14.238095
   1    0    5 0.000000 1.000000
   2    2   10 0.333333 1.666667
   5   14   16 2.419048 2.580952
  33  110   92 18.152381 14.847619
   9   26   28 4.500000 4.500000
   6   18   17 3.095238 2.904762
  15   46   44 7.723810 7.276190
   2    0   14 0.000000 2.000000
  24   68   78 11.485714 12.514286
   2    2   10 0.333333 1.666667
   9   30   22 5.147619 3.852381
  33  118   79 20.102381 12.897619
  20   52   68 8.888095 11.111905
  11   36   29 6.164286 4.835714
   4    4   21 0.619048 3.380952
   3    4   14 0.709524 2.290476
  28   76   93 12.567857 15.432143
   1    0    5 0.000000 1.000000
   9   30   26 4.833333 4.166667
  24   60   82 10.209524 13.790476
  12   20   53 3.457143 8.542857
  12   38   35 6.226190 5.773810
   2    2   11 0.309524 1.690476
  29   88   83 14.801190 14.198810
  10   34   26 5.580952 4.419048
  35  128   82 21.465476 13.534524
  10   12   49 1.952381 8.047619
  14   34   50 5.752381 8.247619
   1    0    6 0.000000 1.000000
  39  164   69 27.672619 11.327381
   7   12   28 2.242857 4.757143
  29  118   58 19.780952 9.219048
  14   22   61 3.676190 10.323810
  12   24   50 4.066667 7.933333
  41  168   78 28.064286 12.935714
  15   44   44 7.604762 7.395238
  18   52   57 8.590476 9.409524
  14   30   54 5.052381 8.947619
  11   14   46 2.635714 8.364286
  32  108   84 18.085714 13.914286
  18   60   50 9.989286 8.010714
  25   74   80 12.259524 12.740476
   9   12   46 1.857143 7.142857
  24   72   68 12.371429 11.628571
  24   74   71 12.252381 11.747619
  16   46   48 7.914286 8.085714
  27   78   85 13.223810 13.776190
   9   20   34 3.395238 5.604762
  20   58   65 9.609524 10.390476
  32  102   85 17.569048 14.430952
  11   26   40 4.433333 6.566667
  28  104   66 17.419048 10.580952
   6   10   28 1.584524 4.415476
  24   72   74 11.909524 12.090476
  24   72   67 12.471429 11.528571
  16   42   54 7.085714 8.914286
  30   98   83 16.347619 13.652381
   5    6   23 1.033333 3.966667
  24   78   64 13.261905 10.738095
  20   68   49 11.528571 8.471429
  23   78   63 13.047619 9.952381
  28  100   71 16.639286 11.360714
  10   36   21 6.409524 3.590476
  42  156   97 26.057143 15.942857
  10   32   25 5.500000 4.500000
  18   54   57 8.963095 9.036905
  20   48   74 7.935714 12.064286
   9   26   26 4.514286 4.485714
  41  152   98 25.176190 15.823810
  15   42   50 6.938095 8.061905
  19   54   53 9.304762 9.695238
  16   42   57 6.933333 9.066667
  13   38   40 6.333333 6.666667
  34  108   96 18.115476 15.884524
  18   60   49 10.004762 7.995238
  26  106   47 17.996429 8.003571
   9   16   40 2.638095 6.361905
  26   88   70 14.780952 11.219048
  31  108   78 18.300000 12.700000
  14   46   37 7.915476 6.084524
  25  100   48 16.759524 8.240476
   4   10   15 1.619048 2.380952
  19   44   73 7.473016 11.526984
  28   88   73 15.142857 12.857143
  18   64   45 10.660714 7.339286
  25   90   64 14.638095 10.361905
  10   36   23 5.985714 4.014286
   7   16   28 2.657143 4.342857
  34  114   84 19.561905 14.438095
  16   56   40 9.333333 6.666667
  31  110   82 18.135714 12.864286
  12   38   32 6.514286 5.485714
   5   10   20 1.661905 3.338095
  45  174   95 29.197619 15.802381
  16   54   39 9.192857 6.807143
  25   90   65 14.810714 10.189286
   9   24   29 4.000000 5.000000
   3    6   12 1.000000 2.000000
  57  252   90 42.405952 14.594048
  13   46   33 7.790476 5.209524
  20   64   55 10.723810 9.276190
   7   14   28 2.328571 4.671429
   4    8   15 1.419048 2.580952
  56  238   96 39.971429 16.028571
  16   60   35 10.157143 5.842857
  19   60   57 10.194048 8.805952
   5    6   25 1.052381 3.947619
   1    0    5 0.000000 1.000000
  54  220  101 36.995238 17.004762
  16   58   38 9.810714 6.189286
  25   90   59 15.180952 9.819048
   4    4   25 0.541667 3.458333
  61  252  112 42.257143 18.742857
  13   30   50 4.942857 8.057143
  22   62   69 10.479762 11.520238
   4    4   21 0.628571 3.371429
  62  268  100 45.279762 16.720238
   8   12   35 2.069048 5.930952
  25   86   68 14.047619 10.952381
   5    8   23 1.308333 3.691667
  65  266  117 44.825000 20.175000
  13   30   50 5.002381 7.997619
  16   30   67 4.976190 11.023810
   6   12   28 1.864286 4.135714
  72  346   89 57.870238 14.129762
  11   24   39 4.252381 6.747619
  14   30   53 5.061905 8.938095
   3    4   15 0.642857 2.357143
  70  340   79 56.966667 13.033333
   9   22   31 3.709524 5.290476
  16   48   50 8.071429 7.928571
   5    8   22 1.361905 3.638095
  73  362   83 59.576190 13.423810
   8   16   28 2.878571 5.121429
  15   40   49 6.886905 8.113095
   4    6   16 1.100000 2.900000
  72  346   86 57.702381 14.297619
   4    2   22 0.342857 3.657143
   9   24   31 4.000000 5.000000
  15   50   39 8.352381 6.647619
  76  372   78 62.702381 13.297619
   2    0   12 0.000000 2.000000
   7   16   28 2.654762 4.345238
  15   50   44 8.100000 6.900000
  86  460   56 76.852381 9.147619
   9   20   34 3.409524 5.590476
   5    8   22 1.376190 3.623810
  82  422   67 70.852381 11.147619
  12   30   44 4.952381 7.047619
   6   14   23 2.271429 3.728571
  75  392   56 65.619048 9.380952
  22   86   46 14.453571 7.546429
   3    4   16 0.595238 2.404762
  81  418   65 70.267857 10.732143
  18   52   57 8.663095 9.336905
   1    0    8 0.000000 1.000000
  79  394   79 65.657143 13.342857
  13   22   58 3.566667 9.433333
   8   26   21 4.495238 3.504762
  78  414   56 69.041667 8.958333
  13   42   35 7.185714 5.814286
   9   32   21 5.490476 3.509524
  69  334   84 55.330952 13.669048
  17   44   55 7.819048 9.180952
  14   54   29 9.128571 4.871429
  69  338   75 56.672619 12.327381
  15   40   49 6.814286 8.185714
  16   58   40 9.609524 6.390476
  77  400   59 67.150000 9.850000
   8   12   39 1.954762 6.045238
  15   58   32 9.900000 5.100000
  84  448   59 74.345238 9.654762
   6    6   30 1.076190 4.923810
  10   24   33 4.166667 5.833333
  79  410   64 68.341667 10.658333
   7   18   23 3.071429 3.928571
  14   38   47 6.409524 7.590476
  84  438   63 73.640476 10.359524
   6   18   19 3.050000 2.950000
  10   18   44 2.985714 7.014286
  88  482   45 80.519048 7.480952
   6   18   20 2.857143 3.142857
   6    8   27 1.419048 4.580952
  84  448   52 75.095238 8.904762
  10   34   27 5.552381 4.447619
   6   14   25 2.113095 3.886905
  85  470   44 78.010714 6.989286
  10   28   31 4.728571 5.271429
   5   14   13 2.666667 2.333333
  78  408   62 67.989286 10.010714
  15   48   39 8.361905 6.638095
   7   18   25 2.980952 4.019048
  75  380   72 63.114286 11.885714
  19   60   54 10.020238 8.979762
   6   14   20 2.466667 3.533333
  69  348   72 57.540476 11.459524
  27   98   58 16.857143 10.142857
   4   10   14 1.666667 2.333333
  80  412   66 69.084524 10.915476
  19   54   62 8.947619 10.052381
   1    0    6 0.000000 1.000000
  68  326   80 54.470238 13.529762
  32  114   80 18.930952 13.069048
  88  472   52 79.138095 8.861905
  12   24   52 3.807143 8.192857
  80  418   64 69.495238 10.504762
  20   54   64 9.150000 10.850000
  70  348   71 58.165476 11.834524
  30  110   71 18.485714 11.514286
  61  300   67 49.917857 11.082143
  39  166   67 27.823810 11.176190
  63  312   68 51.736905 11.263095
  37  152   68 25.800000 11.200000
  57  270   71 45.285714 11.714286
  43  188   71 31.290476 11.709524
  55  230  105 38.409524 16.590476
  45  160  105 27.266667 17.733333
  75  356   90 60.009524 14.990476
  25   64   90 10.604762 14.395238
  78  390   77 65.345238 12.654762
  22   56   77 9.425000 12.575000
  69  312   96 52.590476 16.409524
  31   96   96 15.845238 15.154762
  68  308  100 51.472619 16.527381
  32   92  100 15.603571 16.396429
  65  282  109 46.952381 18.047619
  35  100  109 17.136905 17.863095
  60  266   98 44.259127 15.740873
  40  138   98 23.551190 16.448810
  62  278   93 46.504762 15.495238
  38  136   93 22.814286 15.185714
  61  298   70 49.778571 11.221429
  39  162   70 27.257143 11.742857
  57  254   84 42.830952 14.169048
  43  178   84 29.469048 13.530952
  47  192   92 31.695238 15.304762
  53  224   92 37.398810 15.601190
  45  172  104 28.461905 16.538095
  55  220  104 37.052381 17.947619
  50  218   76 36.885714 13.114286
  50  230   76 38.122619 11.877381
  49  214   78 36.019048 12.980952
  51  230   78 38.523810 12.476190
  56  250   86 41.730952 14.269048
  44  178   86 29.813095 14.186905
  59  274   79 45.971429 13.028571
  41  168   79 27.966667 13.033333
  59  274   81 45.569048 13.430952
  41  164   81 27.423810 13.576190
  60  264   96 43.913095 16.086905
  40  144   96 24.208333 15.791667
  72  332   96 55.930952 16.069048
  28   76   96 12.596429 15.403571
  67  318   84 53.086905 13.913095
  33  114   84 19.233333 13.766667
  62  294   75 49.330952 12.669048
  38  156   75 25.786905 12.213095
  63  312   68 51.925000 11.075000
  37  152   68 25.692857 11.307143
  59  270   83 45.217857 13.782143
  41  164   83 27.286905 13.713095
  57  252   90 42.329762 14.670238
  43  168   90 28.245238 14.754762
  57  250   94 41.670238 15.329762
  43  162   94 27.228571 15.771429
  58  252   94 42.395238 15.604762
  42  160   94 26.851190 15.148810
  69  324   88 54.596429 14.403571
  31  100   88 16.589286 14.410714
  60  268   93 44.711905 15.288095
  40  146   93 24.467857 15.532143
  52  206  112 33.954762 18.045238
  48  170  112 29.042857 18.957143
  61  256  109 43.060714 17.939286
  39  126  109 21.138095 17.861905
  59  250  112 41.251190 17.748810
  41  126  112 21.559524 19.440476
  63  288   90 48.039286 14.960714
  37  132   90 22.200000 14.800000
  69  324   82 54.900000 14.100000
  31  112   82 18.119048 12.880952
  75  376   79 62.534127 12.465873
  25   66   79 11.500000 13.500000
  72  362   75 60.317857 11.682143
  28   88   75 15.230952 12.769048
  76  390   65 65.391667 10.608333
  24   80   65 13.357143 10.642857
  79  416   55 69.879762 9.120238
  21   74   55 12.353968 8.646032
  87  466   56 77.792857 9.207143
  13   22   56 3.857143 9.142857
  88  474   50 79.660714 8.339286
  12   26   50 4.159524 7.840476
  88  478   50 79.814286 8.185714
  12   22   50 3.880952 8.119048
  94  536   28 89.265476 4.734524
   6    8   28 1.319048 4.680952
  96  562   14 93.719048 2.280952
   4   10   14 1.695238 2.304762
  95  552   18 92.085714 2.914286
   5   12   18 1.975000 3.025000
  95  544   25 90.735714 4.264286
   5    6   25 0.976190 4.023810
  91  518   29 86.400000 4.600000
   9   24   29 4.123810 4.876190
  89  502   30 83.861905 5.138095
  11   38   30 6.285714 4.714286
  82  440   49 73.614286 8.385714
  18   62   49 10.009524 7.990476
  84  454   50 75.675000 8.325000
  16   46   50 7.727381 8.272619
  89  486   48 81.114286 7.885714
  11   18   48 3.039286 7.960714
  92  522   32 86.776190 5.223810
   8   14   32 2.485714 5.514286
  93  522   34 87.152381 5.847619
   7   10   34 1.635714 5.364286
  97  562   18 93.847619 3.152381
   3    2   18 0.309524 2.690476
  95  548   21 91.428571 3.571429
   5   10   21 1.616667 3.383333
  99  588    6 98.008333 0.991667
   1    0    6 0.000000 1.000000
 100  600    0 100.000000 0.000000
