   1    0    6 0.000000 1.000000
   1    0    7 0.000000 1.000000
   1    0    6 0.000000 1.000000
   2    2   10 0.333333 1.666667
   3    6   12 1.019048 1.980952
   2    2    9 0.366667 1.633333
   1    0    6 0.000000 1.000000
   1    0    6 0.000000 1.000000
   3    4   14 0.676190 2.323810
   3    2   16 0.366667 2.633333
   2    2   10 0.333333 1.666667
   1    0    7 0.000000 1.000000
   1    0    7 0.000000 1.000000
   1    0    6 0.000000 1.000000
   1    0    6 0.000000 1.000000
   2    2   10 0.333333 1.666667
   1    0    7 0.000000 1.000000
   3    4   16 0.619048 2.380952
   1    0    6 0.000000 1.000000
   1    0    6 0.000000 1.000000
   2    2   12 0.285714 1.714286
   1    0    6 0.000000 1.000000
   8   28   19 4.911905 3.088095
   4   10   13 1.766667 2.233333
   2    2    9 0.366667 1.633333
   2    2   10 0.333333 1.666667
   2    2   11 0.309524 1.690476
   2    2   11 0.309524 1.690476
   1    0    6 0.000000 1.000000
   1    0    7 0.000000 1.000000
   3    6   14 0.904762 2.095238
   5   12   15 2.200000 2.800000
   1    0    5 0.000000 1.000000
   1    0    5 0.000000 1.000000
   3    0   17 0.000000 3.000000
   2    2    8 0.400000 1.600000
   3    4   14 0.709524 2.290476
   1    0    7 0.000000 1.000000
   1    0    6 0.000000 1.000000
   1    0    7 0.000000 1.000000
   1    0    6 0.000000 1.000000
   1    0    6 0.000000 1.000000
   1    0    7 0.000000 1.000000
   4    6   17 1.158333 2.841667
   3    4   13 0.700000 2.300000
   1    0    6 0.000000 1.000000
   2    2    9 0.366667 1.633333
   1    0    6 0.000000 1.000000
   2    2   10 0.342857 1.657143
   4    4   19 0.700000 3.300000
   1    0    6 0.000000 1.000000
   1    0    6 0.000000 1.000000
   1    0    6 0.000000 1.000000
   2    0   11 0.000000 2.000000
   1    0    6 0.000000 1.000000
   3    4   12 0.733333 2.266667
   3    6   12 1.050000 1.950000
   9   24   32 3.876190 5.123810
   2    0   12 0.000000 2.000000
   1    0    7 0.000000 1.000000
   1    0    6 0.000000 1.000000
   2    2   10 0.333333 1.666667
   6   10   28 1.583333 4.416667
   2    2   10 0.342857 1.657143
   1    0    7 0.000000 1.000000
   7   12   28 2.176190 4.823810
   6   14   22 2.482540 3.517460
   4    8   17 1.285714 2.714286
   2    2    9 0.366667 1.633333
   4    8   18 1.261905 2.738095
   3    2   16 0.333333 2.666667
   4    8   14 1.428571 2.571429
   9   30   24 5.023810 3.976190
   1    0    6 0.000000 1.000000
   1    0    7 0.000000 1.000000
   4   10   13 1.761905 2.238095
   5    8   21 1.442857 3.557143
   2    2   11 0.309524 1.690476
   1    0    6 0.000000 1.000000
   1    0    6 0.000000 1.000000
   6   16   18 2.833333 3.166667
   1    0    6 0.000000 1.000000
   1    0    7 0.000000 1.000000
   1    0    6 0.000000 1.000000
   2    2   10 0.342857 1.657143
   1    0    6 0.000000 1.000000
   3    2   14 0.366667 2.633333
   2    2   10 0.342857 1.657143
   4    6   20 0.952381 3.047619
   8   24   24 4.104762 3.895238
   5    6   22 1.076190 3.923810
   1    0    7 0.000000 1.000000
   1    0    6 0.000000 1.000000
   1    0    7 0.000000 1.000000
   4   10   14 1.719048 2.280952
   3    6   13 0.952381 2.047619
   1    0    6 0.000000 1.000000
   8   16   35 2.576190 5.423810
  12   32   39 5.519048 6.480952
   4    6   16 1.100000 2.900000
   2    2   10 0.333333 1.666667
   1    0    7 0.000000 1.000000
   4    6   17 1.109524 2.890476
  16   60   34 10.188095 5.811905
   1    0    5 0.000000 1.000000
   6   18   18 3.052381 2.947619
   1    0    6 0.000000 1.000000
   1    0    6 0.000000 1.000000
   1    0    8 0.000000 1.000000
   4    8   15 1.400000 2.600000
   2    0   13 0.000000 2.000000
   3    6   13 0.952381 2.047619
   1    0    5 0.000000 1.000000
   6   18   18 2.991667 3.008333
   6   10   28 1.571429 4.428571
   4    4   20 0.691667 3.308333
   8   22   24 3.833333 4.166667
   4    8   17 1.328571 2.671429
   1    0    6 0.000000 1.000000
   1    0    7 0.000000 1.000000
   1    0    5 0.000000 1.000000
   2    2   11 0.309524 1.690476
   1    0    6 0.000000 1.000000
   9   18   37 3.028571 5.971429
  12   24   48 4.190476 7.809524
   3    4   13 0.700000 2.300000
   1    0    5 0.000000 1.000000
   6   18   18 3.000000 3.000000
  25   98   51 16.323810 8.676190
   2    0   13 0.000000 2.000000
   2    2   10 0.333333 1.666667
   1    0    6 0.000000 1.000000
   3    4   13 0.742857 2.257143
   1    0    6 0.000000 1.000000
   1    0    6 0.000000 1.000000
   1    0    7 0.000000 1.000000
   7   16   26 2.814286 4.185714
   8   16   28 2.861905 5.138095
  13   28   54 4.485714 8.514286
   8   20   27 3.519048 4.480952
   1    0    7 0.000000 1.000000
   1    0    6 0.000000 1.000000
   2    2    9 0.366667 1.633333
   2    2   10 0.342857 1.657143
  15   32   53 5.719048 9.280952
  19   44   71 7.214286 11.785714
   2    2   10 0.342857 1.657143
   3    2   16 0.333333 2.666667
  11   28   40 4.619048 6.380952
   2    0   13 0.000000 2.000000
   2    2   10 0.333333 1.666667
   2    2   11 0.309524 1.690476
   1    0    6 0.000000 1.000000
   1    0    6 0.000000 1.000000
  11   24   41 4.142857 6.857143
   7   18   25 2.947619 4.052381
   9   24   28 4.157143 4.842857
   5    6   24 1.042857 3.957143
   2    2    9 0.366667 1.633333
   1    0    8 0.000000 1.000000
   2    2   10 0.333333 1.666667
   2    2    9 0.366667 1.633333
  19   48   64 8.152381 10.847619
  14   32   56 5.214286 8.785714
   4    4   17 0.766667 3.233333
   1    0    6 0.000000 1.000000
   9   18   36 3.033333 5.966667
   4    4   21 0.652381 3.347619
   1    0    6 0.000000 1.000000
   7   22   21 3.671429 3.328571
   1    0    7 0.000000 1.000000
  18   40   64 6.933333 11.066667
   3    2   19 0.285714 2.714286
   8   22   27 3.595238 4.404762
   3    4   13 0.700000 2.300000
   1    0    6 0.000000 1.000000
   2    2   11 0.309524 1.690476
   1    0    7 0.000000 1.000000
   3    2   15 0.342857 2.657143
  16   34   64 5.573810 10.426190
   9   18   34 3.109524 5.890476
   7    8   36 1.259524 5.740476
  11   20   45 3.447619 7.552381
  12   32   38 5.466667 6.533333
   2    2    9 0.366667 1.633333
   3    2   18 0.325000 2.675000
   1    0    6 0.000000 1.000000
  15   34   56 5.747619 9.252381
   5    8   25 1.291667 3.708333
   5   12   16 2.195238 2.804762
   4    8   15 1.433333 2.566667
   5    8   20 1.466667 3.533333
   2    2   10 0.342857 1.657143
  10   14   45 2.490476 7.509524
  15   38   53 6.296429 8.703571
   8   24   24 4.100000 3.900000
  17   44   60 7.238095 9.761905
  10   22   40 3.519048 6.480952
   3    2   14 0.400000 2.600000
   1    0    6 0.000000 1.000000
  18   64   45 10.633333 7.366667
   9   32   23 5.447619 3.552381
   3    4   15 0.642857 2.357143
   3    2   16 0.333333 2.666667
   2    2   10 0.333333 1.666667
   4    8   14 1.469048 2.530952
  12   22   52 3.614286 8.385714
  12   26   43 4.466667 7.533333
   6   10   29 1.601190 4.398810
  18   42   67 7.090476 10.909524
   9   14   35 2.619048 6.380952
   4    8   17 1.280952 2.719048
  15   36   53 6.123810 8.876190
  10   34   26 5.766667 4.233333
   3    4   14 0.676190 2.323810
   1    0    6 0.000000 1.000000
   2    2   10 0.333333 1.666667
   5    8   20 1.435714 3.564286
   8   18   29 3.104762 4.895238
  10   20   44 3.195238 6.804762
   3    2   16 0.333333 2.666667
  25   62   88 10.494048 14.505952
  15   42   48 7.013095 7.986905
   3    0   18 0.000000 3.000000
  11   26   36 4.723810 6.276190
  11   30   39 4.894048 6.105952
   2    2    8 0.400000 1.600000
   2    2   10 0.333333 1.666667
   3    2   17 0.309524 2.690476
   5    4   27 0.619048 4.380952
  20   68   50 11.547619 8.452381
   5    8   24 1.269048 3.730952
  34  130   74 21.938095 12.061905
   7    8   35 1.291667 5.708333
   8   10   38 1.719048 6.280952
  19   72   44 12.042857 6.957143
   1    0    6 0.000000 1.000000
   3    4   13 0.733333 2.266667
   4    4   20 0.676190 3.323810
  11   24   42 4.170238 6.829762
   4    6   18 1.042857 2.957143
  40  150   89 25.109524 14.890476
  10   28   32 4.685714 5.314286
   7   16   25 2.916667 4.083333
  13   30   46 5.023810 7.976190
   2    2   10 0.333333 1.666667
   4    6   17 1.066667 2.933333
   5   10   20 1.709524 3.290476
  13   38   41 6.228571 6.771429
   4    4   21 0.642857 3.357143
  44  162  103 27.028571 16.971429
   8   22   27 3.547619 4.452381
   2    0   13 0.000000 2.000000
  17   54   51 8.776190 8.223810
   1    0    5 0.000000 1.000000
   3    2   17 0.309524 2.690476
   5   10   20 1.719048 3.280952
  13   42   40 6.771429 6.228571
   1    0    6 0.000000 1.000000
  45  162  101 27.778571 17.221429
  13   48   29 8.232143 4.767857
   5    4   26 0.725000 4.275000
  14   48   38 7.848810 6.151190
   6    8   26 1.500000 4.500000
   2    0   13 0.000000 2.000000
   2    2   10 0.333333 1.666667
  65  294   94 49.404762 15.595238
   6   16   21 2.704762 3.295238
   1    0    6 0.000000 1.000000
  13   34   44 5.447619 7.552381
   8   14   36 2.499206 5.500794
   3    4   14 0.676190 2.323810
  70  338   80 56.519048 13.480952
   5   12   18 2.071429 2.928571
  15   32   56 5.342857 9.657143
   4    4   20 0.666667 3.333333
   2    2   10 0.333333 1.666667
  76  382   74 63.810714 12.189286
   3    2   18 0.291667 2.708333
  12   36   41 5.860714 6.139286
   4    4   20 0.676190 3.323810
   5   10   19 1.785714 3.214286
  74  380   60 63.589286 10.410714
   5    6   24 1.042857 3.957143
   9   32   22 5.428571 3.571429
   4    6   20 0.904762 3.095238
   1    0    5 0.000000 1.000000
  83  454   44 75.742857 7.257143
   3    2   15 0.400000 2.600000
  10   36   24 6.133333 3.866667
   5   10   18 1.766667 3.233333
   1    0    6 0.000000 1.000000
  84  466   40 77.466667 6.533333
   9   16   36 2.914286 6.085714
   7   16   25 2.747619 4.252381
  84  456   51 75.883333 8.116667
  14   42   42 6.938095 7.061905
   8   24   27 3.828571 4.171429
  78  416   49 69.561905 8.438095
  21   70   54 11.976190 9.023810
   6    6   28 1.076190 4.923810
  73  370   72 61.409524 11.590476
  20   66   54 11.128571 8.871429
   6   12   27 1.945238 4.054762
  74  368   73 61.740476 12.259524
  18   44   62 7.495238 10.504762
  14   40   45 6.642857 7.357143
  68  316   93 52.683333 15.316667
  16   40   58 6.614286 9.385714
  10   22   40 3.523810 6.476190
  74  356   84 59.861905 14.138095
  15   32   55 5.590476 9.409524
  12   24   47 4.133333 7.866667
  73  352   90 58.504762 14.495238
  11   20   45 3.357143 7.642857
   9   16   39 2.711905 6.288095
  80  400   80 66.659524 13.340476
   4    8   16 1.333333 2.666667
   8   12   36 2.033333 5.966667
  88  476   52 79.459524 8.540476
   5   10   19 1.695238 3.304762
   8   18   30 3.200000 4.800000
  87  474   49 79.010714 7.989286
   6   14   25 2.300000 3.700000
   7   10   32 1.761905 5.238095
  87  466   53 77.992857 9.007143
   7   14   29 2.261905 4.738095
   9   20   32 3.442857 5.557143
  84  448   57 74.623810 9.376190
   5    8   21 1.400000 3.600000
   8   12   32 2.185714 5.814286
  87  476   51 78.964286 8.035714
   6   18   16 3.261905 2.738095
  16   42   55 6.957143 9.042857
  78  400   69 66.528571 11.471429
   5   10   19 1.695238 3.304762
  15   38   48 6.711905 8.288095
  80  418   67 69.150000 10.850000
   5    8   21 1.319048 3.680952
  22   64   66 10.816667 11.183333
  73  364   77 60.536905 12.463095
   3    6   11 1.066667 1.933333
  22   62   66 10.566667 11.433333
  75  382   73 63.165476 11.834524
   5   10   19 1.761905 3.238095
  23   72   65 12.214286 10.785714
  72  356   78 59.164286 12.835714
   4    8   19 1.278571 2.721429
  27  102   59 17.295238 9.704762
  69  336   76 56.342857 12.657143
   7   12   32 2.023810 4.976190
  25  104   48 17.426190 7.573810
  68  326   78 54.822619 13.177381
   3    0   19 0.000000 3.000000
  30  112   69 18.688095 11.311905
  67  320   80 53.596429 13.403571
   1    0    6 0.000000 1.000000
  40  150   94 24.757143 15.242857
  59  260   90 43.592857 15.407143
   2    2   10 0.333333 1.666667
  42  156   94 26.323810 15.676190
  56  246   92 40.847619 15.152381
   3    6   10 1.133333 1.866667
  46  186   90 31.259524 14.740476
  51  216   92 35.900000 15.100000
  30   88   94 14.608333 15.391667
  70  324   94 54.421429 15.578571
  40  140  101 23.372619 16.627381
  60  258  101 43.060714 16.939286
  43  164   97 27.670238 15.329762
  57  242   97 40.861905 16.138095
  46  202   73 33.880952 12.119048
  54  252   73 42.138095 11.861905
  33  100   92 17.285714 15.714286
  67  316   92 52.413095 14.586905
  36  120   97 20.005952 15.994048
  64  286   97 47.769048 16.230952
  39  122  109 20.572619 18.427381
  61  260  109 43.222619 17.777381
  45  166  103 27.750000 17.250000
  55  228  103 37.810714 17.189286
  42  144  107 24.297619 17.702381
  58  242  107 40.471429 17.528571
  49  188  107 31.552381 17.447619
  51  198  107 33.309524 17.690476
  49  192  100 32.297619 16.702381
  51  208  100 34.633333 16.366667
  50  192  106 32.388095 17.611905
  50  196  106 32.519048 17.480952
  48  192  100 31.757143 16.242857
  52  208  100 35.039286 16.960714
  59  256   96 42.861905 16.138095
  41  152   96 25.246429 15.753571
  70  328   94 54.611905 15.388095
  30   84   94 14.133333 15.866667
  69  332   82 55.307143 13.692857
  31  104   82 17.435714 13.564286
  74  348   93 58.677381 15.322619
  26   66   93 11.026190 14.973810
  80  426   53 71.358333 8.641667
  20   68   53 11.480952 8.519048
  87  482   40 80.372619 6.627381
  13   38   40 6.495238 6.504762
  83  456   47 75.732143 7.267857
  17   50   47 8.790476 8.209524
  80  424   59 70.559524 9.440476
  20   58   59 10.057143 9.942857
  91  506   40 84.360714 6.639286
   9   14   40 2.342857 6.657143
  97  564   17 94.204762 2.795238
   3    2   17 0.309524 2.690476
  98  578   10 96.419048 1.580952
   2    2   10 0.333333 1.666667
  97  568   13 94.647619 2.352381
   3    6   13 0.971429 2.028571
 100  600    0 100.000000 0.000000
