   1    0    6 0.000000 1.000000
   2    2    9 0.366667 1.633333
   1    0    6 0.000000 1.000000
   1    0    6 0.000000 1.000000
   1    0    6 0.000000 1.000000
   1    0    6 0.000000 1.000000
   2    2   10 0.333333 1.666667
   1    0    6 0.000000 1.000000
   2    2    9 0.366667 1.633333
   2    2   10 0.333333 1.666667
   5   14   16 2.447619 2.552381
   4   10   14 1.719048 2.280952
   1    0    7 0.000000 1.000000
   3    6   14 0.904762 2.095238
   1    0    6 0.000000 1.000000
   1    0    6 0.000000 1.000000
   5   14   17 2.285714 2.714286
   1    0    6 0.000000 1.000000
   1    0    6 0.000000 1.000000
   1    0    6 0.000000 1.000000
   2    2   11 0.309524 1.690476
   1    0    6 0.000000 1.000000
   1    0    6 0.000000 1.000000
   1    0    7 0.000000 1.000000
   5   14   17 2.257143 2.742857
   2    2    9 0.366667 1.633333
   3    4   11 0.800000 2.200000
   1    0    7 0.000000 1.000000
   1    0    6 0.000000 1.000000
   1    0    6 0.000000 1.000000
   2    2    9 0.366667 1.633333
   3    6   11 1.085714 1.914286
   1    0    6 0.000000 1.000000
   1    0    5 0.000000 1.000000
   1    0    8 0.000000 1.000000
   1    0    6 0.000000 1.000000
   1    0    5 0.000000 1.000000
   2    2   10 0.333333 1.666667
   1    0    6 0.000000 1.000000
   1    0    7 0.000000 1.000000
   2    2   10 0.333333 1.666667
   1    0    6 0.000000 1.000000
   3    4   13 0.700000 2.300000
   4   10   11 1.900000 2.100000
   1    0    6 0.000000 1.000000
   1    0    6 0.000000 1.000000
   1    0    5 0.000000 1.000000
   3    4   14 0.666667 2.333333
   1    0    6 0.000000 1.000000
   3    4   14 0.709524 2.290476
   1    0    6 0.000000 1.000000
   1    0    7 0.000000 1.000000
   1    0    8 0.000000 1.000000
   1    0    6 0.000000 1.000000
   5   10   22 1.571429 3.428571
   2    2    9 0.366667 1.633333
   3    4   16 0.595238 2.404762
   1    0    5 0.000000 1.000000
   2    2   10 0.333333 1.666667
   2    2    9 0.366667 1.633333
   2    2   10 0.342857 1.657143
   7   20   21 3.471429 3.528571
   3    6   12 1.000000 2.000000
   3    6   14 0.904762 2.095238
   2    2   11 0.309524 1.690476
   1    0    6 0.000000 1.000000
   7   16   26 2.719048 4.280952
   2    2    9 0.366667 1.633333
   4    8   14 1.433333 2.566667
   4    8   16 1.319048 2.680952
   6   14   18 2.638095 3.361905
   5   12   16 2.128571 2.871429
   1    0    8 0.000000 1.000000
   2    2    8 0.400000 1.600000
   4    8   18 1.238095 2.761905
  10   30   30 5.133333 4.866667
   1    0    6 0.000000 1.000000
   1    0    6 0.000000 1.000000
   1    0    6 0.000000 1.000000
   1    0    7 0.000000 1.000000
   2    2    9 0.366667 1.633333
   1    0    6 0.000000 1.000000
   2    2   10 0.342857 1.657143
   1    0    7 0.000000 1.000000
   4    8   17 1.275000 2.725000
   1    0    6 0.000000 1.000000
   2    0   14 0.000000 2.000000
   4    6   18 1.000000 3.000000
   7   12   31 1.960714 5.039286
   1    0    6 0.000000 1.000000
   3    6   11 1.066667 1.933333
   6   12   22 2.166667 3.833333
   2    2   10 0.333333 1.666667
   4    6   20 0.952381 3.047619
   6   18   18 3.090476 2.909524
   4    8   15 1.419048 2.580952
   1    0    6 0.000000 1.000000
   3    4   14 0.666667 2.333333
   1    0    5 0.000000 1.000000
  10   20   39 3.495238 6.504762
   1    0    6 0.000000 1.000000
   1    0    6 0.000000 1.000000
   7   20   20 3.538095 3.461905
   9   32   23 5.233333 3.766667
   3    6   10 1.133333 1.866667
   1    0    7 0.000000 1.000000
   8   20   30 3.252381 4.747619
   1    0    5 0.000000 1.000000
   2    2   10 0.333333 1.666667
   2    2   12 0.285714 1.714286
   1    0    7 0.000000 1.000000
   1    0    6 0.000000 1.000000
   3    4   13 0.700000 2.300000
   1    0    6 0.000000 1.000000
   4    6   17 1.085714 2.914286
   2    2   10 0.333333 1.666667
   2    2   12 0.285714 1.714286
   4    8   15 1.528571 2.471429
   6   14   25 2.136905 3.863095
   1    0    6 0.000000 1.000000
   3    4   14 0.666667 2.333333
  11   24   40 4.123810 6.876190
   8   24   24 4.030952 3.969048
   6   10   26 1.766667 4.233333
   5    8   22 1.376190 3.623810
   8   20   30 3.327381 4.672619
   1    0    6 0.000000 1.000000
  15   48   40 8.242857 6.757143
   1    0    6 0.000000 1.000000
   4   10   14 1.695238 2.304762
   2    2   10 0.333333 1.666667
   2    2   11 0.309524 1.690476
   2    2   11 0.309524 1.690476
   6   10   24 1.876190 4.123810
   2    2   11 0.309524 1.690476
   2    2   11 0.309524 1.690476
   1    0    7 0.000000 1.000000
   1    0    6 0.000000 1.000000
   3    2   16 0.366667 2.633333
   6   10   24 1.933333 4.066667
   2    2    9 0.366667 1.633333
   4    4   21 0.666667 3.333333
   4    4   19 0.652381 3.347619
   1    0    8 0.000000 1.000000
   6   12   22 2.185714 3.814286
   8   26   23 4.342857 3.657143
  14   42   40 7.180952 6.819048
   4    6   19 0.991667 3.008333
   4    6   16 1.133333 2.866667
   5    8   23 1.328571 3.671429
  11   34   31 5.733333 5.266667
   2    2    8 0.400000 1.600000
   2    2   12 0.285714 1.714286
   4    8   16 1.333333 2.666667
   1    0    6 0.000000 1.000000
   7   18   24 3.019048 3.980952
   2    2   10 0.333333 1.666667
   1    0    7 0.000000 1.000000
   4    8   17 1.285714 2.714286
   5    6   23 1.033333 3.966667
   4    6   20 0.928571 3.071429
   4    8   17 1.361905 2.638095
   4    6   18 1.019048 2.980952
   6   14   22 2.385714 3.614286
   2    2   10 0.333333 1.666667
   4    8   18 1.238095 2.761905
   4    6   20 0.952381 3.047619
  19   72   43 12.009524 6.990476
   6   12   24 2.019048 3.980952
   5   14   15 2.461905 2.538095
   2    2    9 0.366667 1.633333
   7   14   28 2.442857 4.557143
   3    2   15 0.366667 2.633333
   1    0    6 0.000000 1.000000
   2    2   11 0.309524 1.690476
  12   40   31 6.761905 5.238095
   1    0    6 0.000000 1.000000
   1    0    6 0.000000 1.000000
   4    2   21 0.366667 3.633333
  15   46   42 7.780952 7.219048
   2    0   13 0.000000 2.000000
   2    2   11 0.309524 1.690476
   7   20   22 3.361905 3.638095
   3    6   11 1.066667 1.933333
   4    2   24 0.309524 3.690476
   7   20   23 3.314286 3.685714
  10   28   33 4.542857 5.457143
   5    6   26 0.952381 4.047619
   1    0    7 0.000000 1.000000
   1    0    6 0.000000 1.000000
   9   16   37 2.738095 6.261905
   6   12   24 2.038095 3.961905
   1    0    7 0.000000 1.000000
   9   22   31 3.738095 5.261905
  11   26   38 4.466667 6.533333
   3    6   12 1.000000 2.000000
   2    0   11 0.000000 2.000000
   6    6   30 1.009524 4.990476
  13   34   44 5.695238 7.304762
   4    4   21 0.709524 3.290476
   1    0    5 0.000000 1.000000
   5    4   23 0.733333 4.266667
   2    2   10 0.333333 1.666667
   2    2    9 0.366667 1.633333
   5   12   17 2.141667 2.858333
   6   12   27 1.846429 4.153571
   1    0    7 0.000000 1.000000
   2    2   10 0.333333 1.666667
  10   20   41 3.309524 6.690476
   7   20   19 3.652381 3.347619
  12   36   37 5.950000 6.050000
   9   24   28 4.214286 4.785714
   2    0   13 0.000000 2.000000
   1    0    6 0.000000 1.000000
   7   18   26 2.927381 4.072619
  25   82   64 14.264286 10.735714
   4    4   20 0.676190 3.323810
   6   16   20 2.883333 3.116667
   1    0    8 0.000000 1.000000
   1    0    6 0.000000 1.000000
   4    8   17 1.285714 2.714286
  10   32   29 5.447619 4.552381
   1    0    6 0.000000 1.000000
  10   26   35 4.410714 5.589286
   8   20   28 3.300000 4.700000
  14   36   50 5.903571 8.096429
  13   38   40 6.271429 6.728571
   7   14   27 2.366667 4.633333
  14   22   62 3.738095 10.261905
   4    8   16 1.333333 2.666667
   9   26   24 4.647619 4.352381
   5   10   20 1.661905 3.338095
   1    0    7 0.000000 1.000000
   4    8   15 1.366667 2.633333
   9   26   28 4.366667 4.633333
   1    0    6 0.000000 1.000000
   5    6   25 0.976190 4.023810
  10   20   40 3.419048 6.580952
  16   48   49 8.090476 7.909524
  13   42   36 7.047619 5.952381
  20   74   48 12.452381 7.547619
  11   26   37 4.557143 6.442857
   2    2   11 0.309524 1.690476
   3    2   15 0.366667 2.633333
   5   10   19 1.752381 3.247619
   2    2   10 0.333333 1.666667
   5   14   16 2.408333 2.591667
   6   12   23 2.109524 3.890476
   4    6   18 1.009524 2.990476
   5    8   22 1.319048 3.680952
   7   10   34 1.719048 5.280952
  14   28   55 4.747619 9.252381
  10   18   45 2.972619 7.027381
  24   76   65 13.046429 10.953571
   9   16   37 2.842857 6.157143
   2    2   11 0.325000 1.675000
   3    4   13 0.685714 2.314286
   9   14   41 2.345238 6.654762
   6   16   18 2.804762 3.195238
   4    8   15 1.400000 2.600000
   6   16   21 2.647619 3.352381
   6   10   27 1.628571 4.371429
   7    8   35 1.319048 5.680952
   9   18   42 2.814286 6.185714
  11   22   44 3.671429 7.328571
   7   12   29 2.128571 4.871429
  23   76   60 13.042857 9.957143
  11   42   26 7.101190 3.898810
   2    0   12 0.000000 2.000000
   1    0    6 0.000000 1.000000
   7   12   25 2.200000 4.800000
   5   10   19 1.700000 3.300000
   1    0    8 0.000000 1.000000
   2    2    9 0.366667 1.633333
   5    8   22 1.400000 3.600000
  10   20   41 3.309524 6.690476
   6    8   29 1.328571 4.671429
  16   48   47 7.928571 8.071429
   7   18   24 3.090476 3.909524
  38  154   72 25.913095 12.086905
   3    2   16 0.342857 2.657143
   1    0    7 0.000000 1.000000
   6   12   24 1.923810 4.076190
   7   14   25 2.538095 4.461905
   1    0    6 0.000000 1.000000
   6   10   27 1.595238 4.404762
  11   28   39 4.635714 6.364286
   7   12   30 2.004762 4.995238
  14   40   46 6.717857 7.282143
   8   28   21 4.751190 3.248810
  40  164   72 27.714286 12.285714
   3    4   15 0.628571 2.371429
   1    0    7 0.000000 1.000000
   2    2   10 0.333333 1.666667
   6   12   25 1.875000 4.125000
   7   12   28 2.166667 4.833333
  14   42   43 7.033333 6.966667
  14   36   45 6.190476 7.809524
  11   26   43 4.361905 6.638095
   5   12   16 2.166667 2.833333
  35  134   75 22.510714 12.489286
   7   12   31 1.933333 5.066667
   1    0    8 0.000000 1.000000
   8   24   26 3.904762 4.095238
  12   32   41 5.280952 6.719048
   8   16   31 2.661905 5.338095
   9   16   37 2.666667 6.333333
   7   14   29 2.257143 4.742857
   8   20   29 3.252381 4.747619
  43  188   67 31.741667 11.258333
   5    6   24 1.009524 3.990476
  10   24   32 4.233333 5.766667
  14   42   40 7.145238 6.854762
  10   18   44 2.942857 7.057143
   3    2   16 0.366667 2.633333
   5   10   21 1.595238 3.404762
  12   34   36 5.957143 6.042857
  42  188   69 30.877381 11.122619
   4    6   18 1.085714 2.914286
  13   40   40 6.551190 6.448810
  11   34   32 5.766667 5.233333
   3    2   17 0.342857 2.657143
   5   10   21 1.719048 3.280952
   5   12   16 2.161905 2.838095
  14   32   51 5.492857 8.507143
  45  194   74 32.682143 12.317857
   4    4   21 0.642857 3.357143
  12   38   36 6.171429 5.828571
   8   20   29 3.200000 4.800000
   5    6   21 1.166667 3.833333
   3    6   11 1.066667 1.933333
   8   22   26 3.719048 4.280952
  14   40   45 6.700000 7.300000
  47  212   71 35.480952 11.519048
   3    4   13 0.742857 2.257143
  14   52   33 8.523810 5.476190
   4    6   19 1.000000 3.000000
   6   10   23 1.866667 4.133333
   7   18   24 3.090476 3.909524
  12   40   32 6.788095 5.211905
   9   14   38 2.433333 6.566667
  46  198   80 32.901190 13.098810
   2    2   11 0.309524 1.690476
   7   12   29 1.966667 5.033333
   6   14   21 2.461905 3.538095
   4    6   17 1.066667 2.933333
   7   16   24 2.733333 4.266667
  14   38   44 6.489286 7.510714
   5    4   30 0.601190 4.398810
  55  232  101 38.748810 16.251190
   2    2   10 0.333333 1.666667
   2    0   13 0.000000 2.000000
   5    6   23 1.000000 4.000000
   8   20   29 3.304762 4.695238
   4    4   22 0.592857 3.407143
  14   38   47 6.507143 7.492857
   1    0    5 0.000000 1.000000
  65  286  100 48.421429 16.578571
   1    0    7 0.000000 1.000000
   1    0    5 0.000000 1.000000
   9   28   24 4.880952 4.119048
   5    8   22 1.333333 3.666667
   6   12   24 2.071429 3.928571
  11   26   37 4.347619 6.652381
   1    0    5 0.000000 1.000000
  67  314   95 51.991667 15.008333
   2    0   12 0.000000 2.000000
   3    0   22 0.000000 3.000000
   1    0    6 0.000000 1.000000
   3    4   15 0.642857 2.357143
   7    8   32 1.376190 5.623810
   2    2   11 0.309524 1.690476
  82  408   80 68.354762 13.645238
   1    0    7 0.000000 1.000000
   3    6   13 0.952381 2.047619
   2    2   10 0.333333 1.666667
   3    2   16 0.333333 2.666667
   4   10   11 1.933333 2.066667
  87  482   41 80.375000 6.625000
   1    0    5 0.000000 1.000000
   2    2   11 0.309524 1.690476
   4    4   20 0.676190 3.323810
   8   24   25 3.961905 4.038095
  85  470   39 78.529762 6.470238
   2    2   10 0.333333 1.666667
   1    0    6 0.000000 1.000000
   2    2    8 0.400000 1.600000
   7   22   19 3.838095 3.161905
  88  496   35 82.483333 5.516667
   1    0    7 0.000000 1.000000
  14   48   37 8.083333 5.916667
  85  478   30 80.097619 4.902381
   2    2    9 0.366667 1.633333
   7   18   24 2.928571 4.071429
  91  524   23 87.200000 3.800000
   7   18   24 3.033333 3.966667
  93  534   24 88.942857 4.057143
   2    2    9 0.366667 1.633333
  98  580    9 96.579762 1.420238
   4    6   18 1.042857 2.957143
  96  558   18 93.036905 2.963095
   6   16   19 2.678571 3.321429
  94  546   19 90.894048 3.105952
   4    6   17 1.033333 2.966667
  96  560   17 93.247619 2.752381
   3    2   16 0.333333 2.666667
  97  566   16 94.428571 2.571429
   8   20   28 3.383333 4.616667
  92  524   28 87.359524 4.640476
   5    6   23 1.142857 3.857143
  95  548   23 91.260714 3.739286
   5    8   21 1.400000 3.600000
  95  550   21 91.542857 3.457143
   4    6   18 1.019048 2.980952
  96  558   18 93.026190 2.973810
   6    6   28 1.133333 4.866667
  94  538   28 89.570238 4.429762
   7   16   25 2.863095 4.136905
  93  534   25 88.938095 4.061905
  11   30   38 5.095238 5.904762
  89  494   38 82.671429 6.328571
  15   42   48 6.938095 8.061905
  85  462   48 76.976190 8.023810
  27  106   57 17.701190 9.298810
  73  380   57 63.566667 9.433333
  26  104   55 17.328571 8.671429
  74  386   55 64.755952 9.244048
  20   76   43 12.757143 7.242857
  80  438   43 72.995238 7.004762
  19   74   43 12.322619 6.677381
  81  440   43 73.659524 7.340476
  21   90   40 14.761905 6.238095
  79  430   40 72.152381 6.847619
  17   64   38 10.923810 6.076190
  83  460   38 76.880952 6.119048
  11   30   38 4.838095 6.161905
  89  494   38 82.452381 6.547619
  11   34   28 6.025000 4.975000
  89  510   28 84.742857 4.257143
   7   16   25 2.752381 4.247619
  93  534   25 88.904762 4.095238
   6    8   26 1.566667 4.433333
  94  540   26 89.900000 4.100000
   4   10   16 1.611905 2.388095
  96  558   16 93.230952 2.769048
   7   12   30 2.066667 4.933333
  93  528   30 88.052381 4.947619
   5    8   21 1.466667 3.533333
  95  550   21 91.601190 3.398810
   9   16   41 2.834524 6.165476
  91  502   41 84.066667 6.933333
  10   30   31 5.042857 4.957143
  90  508   31 84.704762 5.295238
  10   24   35 4.141667 5.858333
  90  506   35 84.479762 5.520238
  12   32   39 5.452381 6.547619
  88  490   39 81.533333 6.466667
   3    6   13 0.952381 2.047619
  97  568   13 94.771429 2.228571
   3    6   12 1.000000 2.000000
  97  570   12 95.119048 1.880952
   2    2   11 0.309524 1.690476
  98  576   11 96.047619 1.952381
   3    6   13 0.952381 2.047619
  97  568   13 94.847619 2.152381
 100  600    0 100.000000 0.000000
