   1    0    5 0.000000 1.000000
   1    0    6 0.000000 1.000000
   3    4   15 0.642857 2.357143
   1    0    6 0.000000 1.000000
   3    6   11 1.085714 1.914286
   4   10   14 1.714286 2.285714
   2    2   10 0.333333 1.666667
   1    0    6 0.000000 1.000000
   2    2   10 0.342857 1.657143
   2    2   12 0.291667 1.708333
   2    2   10 0.333333 1.666667
   1    0    6 0.000000 1.000000
   2    2   11 0.309524 1.690476
   4   10   13 1.900000 2.100000
   1    0    7 0.000000 1.000000
   1    0    7 0.000000 1.000000
   3    4   13 0.726190 2.273810
   2    2    9 0.366667 1.633333
   1    0    6 0.000000 1.000000
   2    2   10 0.333333 1.666667
   1    0    6 0.000000 1.000000
   1    0    5 0.000000 1.000000
   2    2    8 0.400000 1.600000
   1    0    6 0.000000 1.000000
   1    0    6 0.000000 1.000000
   1    0    6 0.000000 1.000000
   2    2    9 0.366667 1.633333
   1    0    6 0.000000 1.000000
   2    2    9 0.366667 1.633333
   1    0    6 0.000000 1.000000
   4   10   12 1.833333 2.166667
   1    0    6 0.000000 1.000000
   2    2   12 0.285714 1.714286
   1    0    7 0.000000 1.000000
   2    0   11 0.000000 2.000000
   6   18   17 3.100000 2.900000
   2    2   10 0.333333 1.666667
   1    0    6 0.000000 1.000000
   1    0    5 0.000000 1.000000
   2    2    9 0.366667 1.633333
   2    2   12 0.285714 1.714286
   2    2   11 0.309524 1.690476
   4    6   19 0.952381 3.047619
   1    0    6 0.000000 1.000000
   1    0    6 0.000000 1.000000
   1    0    6 0.000000 1.000000
   1    0    6 0.000000 1.000000
   1    0    7 0.000000 1.000000
   1    0    6 0.000000 1.000000
   1    0    6 0.000000 1.000000
   4    8   16 1.328571 2.671429
   1    0    6 0.000000 1.000000
   2    2   10 0.333333 1.666667
   3    4   15 0.619048 2.380952
   1    0    7 0.000000 1.000000
   2    2   10 0.333333 1.666667
   1    0    6 0.000000 1.000000
   2    0   13 0.000000 2.000000
   4    6   16 1.066667 2.933333
   3    6   11 1.066667 1.933333
   4    6   19 1.019048 2.980952
   1    0    5 0.000000 1.000000
   8   20   26 3.421429 4.578571
   2    2   11 0.309524 1.690476
   6   18   17 3.216667 2.783333
   2    2   10 0.333333 1.666667
   1    0    6 0.000000 1.000000
   1    0    6 0.000000 1.000000
   4    4   22 0.619048 3.380952
   1    0    7 0.000000 1.000000
  12   40   31 6.852381 5.147619
   1    0    6 0.000000 1.000000
   4    6   18 1.000000 3.000000
   2    2   10 0.333333 1.666667
   4    6   21 0.910714 3.089286
   1    0    6 0.000000 1.000000
   4    6   17 1.033333 2.966667
   2    2   12 0.285714 1.714286
   1    0    7 0.000000 1.000000
   4    8   16 1.328571 2.671429
   2    2   11 0.309524 1.690476
   2    2    9 0.366667 1.633333
   1    0    6 0.000000 1.000000
   1    0    5 0.000000 1.000000
   1    0    6 0.000000 1.000000
  11   26   37 4.580952 6.419048
   1    0    7 0.000000 1.000000
   2    2   11 0.309524 1.690476
   2    2    9 0.366667 1.633333
   1    0    6 0.000000 1.000000
   5    6   23 1.033333 3.966667
   2    2    8 0.400000 1.600000
   2    2   11 0.309524 1.690476
   4    6   17 1.066667 2.933333
  11   28   38 4.776190 6.223810
   1    0    7 0.000000 1.000000
   6   12   24 2.038095 3.961905
   1    0    7 0.000000 1.000000
   2    2   10 0.333333 1.666667
   1    0    5 0.000000 1.000000
  14   44   38 7.452381 6.547619
  10   34   27 5.690476 4.309524
   1    0    6 0.000000 1.000000
   2    2   10 0.342857 1.657143
   3    6   10 1.185714 1.814286
   5    8   22 1.285714 3.714286
   4    8   15 1.400000 2.600000
   3    4   14 0.666667 2.333333
   1    0    6 0.000000 1.000000
   3    4   14 0.666667 2.333333
   2    2   11 0.309524 1.690476
   1    0    7 0.000000 1.000000
   8    8   43 1.265079 6.734921
   2    2   10 0.333333 1.666667
   3    2   16 0.333333 2.666667
   2    0   13 0.000000 2.000000
   3    4   15 0.642857 2.357143
   4    4   22 0.619048 3.380952
   1    0    7 0.000000 1.000000
   6   12   24 2.014286 3.985714
   1    0    6 0.000000 1.000000
  17   48   51 8.228571 8.771429
   3    4   13 0.700000 2.300000
   9   24   31 3.964286 5.035714
   5   14   16 2.333333 2.666667
   1    0    7 0.000000 1.000000
  15   48   40 8.204762 6.795238
  12   46   23 7.971429 4.028571
   2    0   12 0.000000 2.000000
   1    0    7 0.000000 1.000000
   3    2   16 0.366667 2.633333
   1    0    7 0.000000 1.000000
   8   16   32 2.771429 5.228571
   1    0    6 0.000000 1.000000
   2    2   11 0.309524 1.690476
   1    0    5 0.000000 1.000000
   3    2   17 0.309524 2.690476
   1    0    6 0.000000 1.000000
   1    0    6 0.000000 1.000000
   2    0   13 0.000000 2.000000
   1    0    6 0.000000 1.000000
   8   20   28 3.328571 4.671429
   2    2   10 0.333333 1.666667
  15   42   47 7.114286 7.885714
   2    2    9 0.366667 1.633333
  12   34   38 5.676190 6.323810
   7   12   30 2.009524 4.990476
  24   78   64 13.185714 10.814286
   7   16   26 2.600000 4.400000
   2    0   12 0.000000 2.000000
   2    2   11 0.309524 1.690476
   6   12   26 2.004762 3.995238
   5   12   16 2.161905 2.838095
   1    0    7 0.000000 1.000000
   3    4   15 0.658333 2.341667
   2    0   14 0.000000 2.000000
   1    0    6 0.000000 1.000000
   8   16   32 2.690476 5.309524
  23   86   50 14.630952 8.369048
   1    0    6 0.000000 1.000000
  14   42   40 7.147619 6.852381
   7   16   23 2.900000 4.100000
  24   70   76 11.625397 12.374603
   6    6   33 0.935714 5.064286
   1    0    6 0.000000 1.000000
   3    2   16 0.333333 2.666667
   8   18   30 3.180952 4.819048
   1    0    6 0.000000 1.000000
   1    0    6 0.000000 1.000000
   7   16   25 2.795238 4.204762
   3    4   16 0.619048 2.380952
   3    2   19 0.285714 2.714286
  22   84   48 14.125000 7.875000
   1    0    6 0.000000 1.000000
  14   34   45 5.990476 8.009524
  11   44   22 7.523810 3.476190
  14   28   56 4.714286 9.285714
   4    2   24 0.285714 3.714286
   1    0    5 0.000000 1.000000
   3    6   11 1.085714 1.914286
  15   50   41 8.469048 6.530952
   2    2   10 0.333333 1.666667
   5    8   23 1.295238 3.704762
   1    0    6 0.000000 1.000000
   5    6   22 1.109524 3.890476
  31  134   53 22.376190 8.623810
  13   34   43 5.735714 7.264286
  12   38   32 6.538095 5.461905
   4    6   17 1.033333 2.966667
   6   14   25 2.119048 3.880952
  11   40   26 6.642857 4.357143
  11   30   37 4.928571 6.071429
   1    0    6 0.000000 1.000000
   2    0   13 0.000000 2.000000
   5    6   24 0.985714 4.014286
  40  162   76 27.151190 12.848810
   9   18   37 2.957143 6.042857
  13   46   32 7.761905 5.238095
   2    0   12 0.000000 2.000000
   3    4   15 0.642857 2.357143
  11   38   28 6.471429 4.528571
  13   30   46 5.028571 7.971429
   2    2   11 0.309524 1.690476
   1    0    6 0.000000 1.000000
  11   30   36 5.085714 5.914286
  33  106   89 17.976190 15.023810
   5   10   21 1.614286 3.385714
  21   80   47 13.417857 7.582143
   5    8   22 1.376190 3.623810
   1    0    6 0.000000 1.000000
   8   24   23 4.142857 3.857143
  15   46   46 7.523810 7.476190
   2    2   10 0.342857 1.657143
   6   10   29 1.571429 4.428571
  35  128   84 21.458333 13.541667
   9   18   33 3.200000 5.800000
  19   72   41 12.185714 6.814286
   7   18   23 3.133333 3.866667
   2    2    9 0.366667 1.633333
  11   42   23 7.200000 3.800000
   9   20   36 3.185714 5.814286
   4    4   22 0.642857 3.357143
  31   98   85 16.642857 14.357143
   3    2   17 0.333333 2.666667
  30  106   75 17.652381 12.347619
  13   38   37 6.661905 6.338095
   1    0    6 0.000000 1.000000
   9   22   34 3.529762 5.470238
   9   20   34 3.361905 5.638095
   3    2   17 0.333333 2.666667
  27   58  103 9.719048 17.280952
   5    4   29 0.595238 4.404762
  36  134   79 22.904762 13.095238
  10   22   35 3.819048 6.180952
   1    0    6 0.000000 1.000000
   6   12   24 2.052381 3.947619
  12   30   45 4.961905 7.038095
   6   10   23 1.802381 4.197619
  24   68   77 11.304762 12.695238
   3    2   15 0.333333 2.666667
  39  156   78 26.092063 12.907937
  10   22   40 3.557143 6.442857
   1    0    7 0.000000 1.000000
   5   10   20 1.666667 3.333333
  12   30   42 4.985714 7.014286
   3    2   17 0.333333 2.666667
  31  108   76 18.201190 12.798810
   6    8   26 1.442857 4.557143
  25   80   74 13.004762 11.995238
  13   38   39 6.428571 6.571429
   2    2   10 0.333333 1.666667
   8   16   31 2.761905 5.238095
  12   28   45 4.738095 7.261905
   2    2    9 0.366667 1.633333
  29  100   72 16.900000 12.100000
   4    2   21 0.366667 3.633333
  19   52   66 8.541667 10.458333
  13   36   43 5.917857 7.082143
   4   10   12 1.828571 2.171429
  10   24   36 3.995238 6.004762
  19   74   41 12.442857 6.557143
   4    6   19 0.971429 3.028571
  39  148   84 24.771429 14.228571
   2    2   10 0.333333 1.666667
  10   26   36 4.142857 5.857143
   8   12   35 2.109524 5.890476
   2    0   13 0.000000 2.000000
   9   26   26 4.528571 4.471429
  26  108   49 17.961905 8.038095
   4    4   22 0.642857 3.357143
  46  182   91 30.875000 15.125000
   3    2   18 0.309524 2.690476
   6    8   27 1.376190 4.623810
   5    6   21 1.133333 3.866667
   1    0    6 0.000000 1.000000
   3    4   13 0.700000 2.300000
  32  132   64 21.979762 10.020238
   3    2   17 0.309524 2.690476
  42  158   97 26.080952 15.919048
   3    2   15 0.400000 2.600000
   7    8   34 1.433333 5.566667
   3    2   14 0.416667 2.583333
   2    2   11 0.309524 1.690476
  40  160   78 26.767857 13.232143
   7    8   35 1.352381 5.647619
  27   66   97 11.066667 15.933333
   1    0    6 0.000000 1.000000
  10   18   44 2.984524 7.015476
   5   12   18 2.000000 3.000000
  50  202   94 34.083333 15.916667
   4    2   22 0.366667 3.633333
  21   50   75 8.409524 12.590476
  11   18   46 3.225000 7.775000
   6   20   17 3.385714 2.614286
  58  258   92 42.959524 15.040476
   3    4   14 0.652381 2.347619
  14   16   69 2.657143 11.342857
  18   52   61 8.338095 9.661905
   9   28   25 4.711905 4.288095
  56  240   91 40.530952 15.469048
  12   42   29 7.030952 4.969048
  16   28   66 4.761905 11.238095
  14   32   53 5.361905 8.638095
   5   10   23 1.553571 3.446429
  53  224   93 37.554762 15.445238
   7   20   21 3.428571 3.571429
  19   50   65 8.444048 10.555952
  14   20   65 3.400000 10.600000
   3    2   18 0.285714 2.714286
  57  250   89 42.109524 14.890476
   8   20   30 3.310714 4.689286
  24   58   81 10.114286 13.885714
   8   16   34 2.623810 5.376190
   3    6   12 1.019048 1.980952
  57  246   97 41.215476 15.784524
   8   10   37 1.761905 6.238095
  28   90   74 15.254762 12.745238
   7   14   29 2.280952 4.719048
   7   22   21 3.604762 3.395238
  50  232   71 38.819048 11.180952
   4    4   22 0.583333 3.416667
  32  120   72 20.077381 11.922619
  12   20   47 3.628571 8.371429
   4    6   19 1.019048 2.980952
  48  210   80 34.880952 13.119048
   6   10   28 1.638095 4.361905
  29   98   71 16.704762 12.295238
  16   48   48 8.022619 7.977381
   1    0    6 0.000000 1.000000
  48  204   87 34.107143 13.892857
   4    2   24 0.333333 3.666667
  29   90   86 15.234524 13.765476
  10   22   40 3.600000 6.400000
  57  232  104 39.309524 17.690476
   1    0    6 0.000000 1.000000
  31  100   83 17.286905 13.713095
  22   70   59 12.142857 9.857143
  46  200   82 33.075000 12.925000
  16   48   46 8.138095 7.861905
  28  110   54 18.514286 9.485714
  56  274   68 45.520238 10.479762
  26   90   67 15.194048 10.805952
  24   82   62 13.871429 10.128571
  50  216   83 36.419048 13.580952
  25   74   77 12.490476 12.509524
  27   84   73 14.463095 12.536905
  48  206   86 34.166667 13.833333
  28   82   85 13.816667 14.183333
  26   82   74 13.604762 12.395238
  46  188   89 31.404762 14.595238
  31  124   59 21.107143 9.892857
  32  118   80 19.409524 12.590476
  37  148   71 24.795238 12.204762
  36  140   76 23.242857 12.757143
  25   80   70 13.390476 11.609524
  39  150   84 24.960714 14.039286
  37  132   90 22.117857 14.882143
  31   96   87 16.282143 14.717857
  32  104   91 17.416667 14.583333
  33  118   79 19.700000 13.300000
  28   80   88 13.523810 14.476190
  39  128  107 21.578571 17.421429
  39  124  113 20.409524 18.590476
  23   68   72 11.413095 11.586905
  38  112  111 19.303571 18.696429
  36  128   90 21.283333 14.716667
  24   68   74 11.377381 12.622619
  40  124  116 20.829762 19.170238
  36  144   73 24.019048 11.980952
  21   40   88 6.615476 14.384524
  43  154  101 26.023810 16.976190
  42  160   92 26.873810 15.126190
  21   54   71 9.052381 11.947619
  37  120  103 19.992857 17.007143
  39  160   76 26.786905 12.213095
  21   64   64 10.630952 10.369048
  40  134  102 22.842857 17.157143
  43  194   66 32.107143 10.892857
  22   58   72 10.002381 11.997619
  35  120   90 20.019048 14.980952
  60  284   77 47.466667 12.533333
  15   28   62 4.595238 10.404762
  25   70   79 12.050000 12.950000
  60  282   77 47.151190 12.848810
  22   76   54 12.885714 9.114286
  18   38   73 6.314286 11.685714
  57  270   71 45.138095 11.861905
  25   86   66 14.238095 10.761905
  18   50   57 8.457143 9.542857
  47  224   56 37.590476 9.409524
  32  118   76 19.807143 12.192857
  21   50   76 8.664286 12.335714
  42  196   55 33.014286 8.985714
  39  150   79 25.428571 13.571429
  19   46   74 7.309524 11.690476
  38  170   56 28.408333 9.591667
  37  140   84 23.295238 13.704762
  25   88   62 14.928571 10.071429
  38  156   71 26.280952 11.719048
  41  160   84 26.995238 14.004762
  21   72   57 11.800000 9.200000
  44  196   68 32.769048 11.230952
  33  116   83 19.419048 13.580952
  23   82   55 13.864286 9.135714
  44  182   80 30.428571 13.571429
  29   80   97 13.138095 15.861905
  27   96   65 15.996429 11.003571
  37  134   85 22.800000 14.200000
  26   76   87 12.357143 13.642857
  37  136   82 23.192857 13.807143
  41  140  107 23.438095 17.561905
  25   70   75 11.966667 13.033333
  34   98  110 16.334524 17.665476
  32  110   88 18.023810 13.976190
  22   60   73 10.038095 11.961905
  46  176   93 29.870238 16.129762
  22   62   71 10.400000 11.600000
  28   94   69 16.214286 11.785714
  50  214   90 35.567460 14.432540
  24   68   78 11.285714 12.714286
  21   54   71 9.142857 11.857143
  55  230   99 38.548810 16.451190
  30   98   80 16.560714 13.439286
  17   54   47 9.114286 7.885714
  53  244   77 40.390476 12.609524
  22   62   74 10.160714 11.839286
  20   74   45 12.466667 7.533333
  58  278   67 46.600000 11.400000
  10   12   49 2.026190 7.973810
  16   50   43 8.521429 7.478571
  74  382   64 63.595238 10.404762
  11   14   50 2.433333 8.566667
  19   64   50 10.704762 8.295238
  70  360   62 59.947619 10.052381
   6    4   33 0.625000 5.375000
  15   42   48 7.042857 7.957143
  79  410   63 68.466667 10.533333
   7   16   26 2.828571 4.171429
  15   46   50 7.214286 7.785714
  78  392   70 65.852381 12.147619
   5    8   23 1.261905 3.738095
  10   14   51 2.172619 7.827381
  85  440   64 73.876190 11.123810
   7   10   32 1.719048 5.280952
  14   42   38 7.409524 6.590476
  79  410   68 68.154762 10.845238
   4    6   17 1.066667 2.933333
  10   22   36 3.757143 6.242857
  86  466   53 77.370238 8.629762
   5    6   25 0.961905 4.038095
   9   16   39 2.638095 6.361905
  86  456   58 76.327381 9.672619
   8   16   31 2.804762 5.195238
   5    6   25 0.961905 4.038095
  87  474   48 79.092857 7.907143
   4    6   17 1.066667 2.933333
   8   16   33 2.685714 5.314286
  88  484   44 80.665476 7.334524
   3    4   13 0.733333 2.266667
   7   12   29 2.033333 4.966667
  90  500   42 83.246429 6.753571
   4    4   22 0.619048 3.380952
   7   14   30 2.190476 4.809524
  89  478   52 80.075000 8.925000
  10   28   31 4.785714 5.214286
   6   10   28 1.580952 4.419048
  84  444   59 74.164286 9.835714
   5    8   21 1.458333 3.541667
  10   20   39 3.445238 6.554762
  85  460   52 76.471429 8.528571
   5    8   21 1.442857 3.557143
  14   34   53 5.609524 8.390476
  81  426   58 71.277381 9.722619
   5    8   23 1.361905 3.638095
  10   22   42 3.469048 6.530952
  85  448   57 75.246429 9.753571
  17   56   47 9.447619 7.552381
  83  450   47 75.278571 7.721429
  17   50   52 8.439286 8.560714
  83  446   52 74.338095 8.661905
  21   68   57 11.461905 9.538095
  79  418   57 69.594048 9.405952
  24   72   72 12.052381 11.947619
  76  384   72 64.097619 11.902381
  33  132   63 22.459524 10.540476
  67  342   63 56.735714 10.264286
  45  194   73 32.813095 12.186905
  55  260   73 43.236905 11.763095
  52  228   83 38.191667 13.808333
  48  206   83 34.323810 13.676190
  52  224   85 37.623810 14.376190
  48  206   85 34.507143 13.492857
  55  244   86 40.701190 14.298810
  45  184   86 30.834524 14.165476
  57  252   93 41.696429 15.303571
  43  162   93 27.423810 15.576190
  59  260  100 43.097619 15.902381
  41  140  100 23.947619 17.052381
  56  246   90 41.033333 14.966667
  44  174   90 29.347619 14.652381
  52  224   89 37.307143 14.692857
  48  198   89 33.261905 14.738095
  55  216  115 36.004762 18.995238
  45  154  115 25.845238 19.154762
  51  200  104 33.750000 17.250000
  49  192  104 32.161905 16.838095
  55  222  110 36.794048 18.205952
  45  158  110 26.613095 18.386905
  61  264  104 44.065476 16.934524
  39  128  104 21.703571 17.296429
  55  222  113 37.027381 17.972619
  45  152  113 25.895238 19.104762
  47  166  112 28.210714 18.789286
  53  210  112 34.975000 18.025000
  45  184   87 30.832143 14.167857
  55  242   87 40.507143 14.492857
  45  192   83 31.733333 13.266667
  55  242   83 40.892857 14.107143
  41  160   83 27.114286 13.885714
  59  274   83 45.571429 13.428571
  35  140   73 23.317857 11.682143
  65  314   73 52.590476 12.409524
  39  138   91 23.333333 15.666667
  61  280   91 46.288095 14.711905
  33  128   71 21.661905 11.338095
  67  330   71 55.315476 11.684524
  23   74   64 12.509524 10.490476
  77  398   64 66.516667 10.483333
  17   32   71 5.302381 11.697619
  83  426   71 71.248810 11.751190
  14   36   51 5.914286 8.085714
  86  462   51 77.409524 8.590476
  18   50   58 8.395238 9.604762
  82  434   58 72.403571 9.596429
  23   70   73 11.442857 11.557143
  77  384   73 64.508333 12.491667
  20   50   68 8.520238 11.479762
  80  414   68 68.794048 11.205952
  24   68   81 11.071429 12.928571
  76  370   81 62.114286 13.885714
  19   42   77 6.884524 12.115476
  81  404   77 67.892857 13.107143
  18   40   68 6.815476 11.184524
  82  424   68 70.684524 11.315476
  12   20   53 3.328571 8.671429
  88  474   53 79.161905 8.838095
   8    6   42 1.009524 6.990476
  92  510   42 84.940476 7.059524
   3    2   18 0.285714 2.714286
  97  562   18 93.942857 3.057143
   3    2   14 0.366667 2.633333
  97  570   14 94.760714 2.239286
 100  600    0 100.000000 0.000000
