   7   20   25 3.159524 3.840476
   3    6   11 1.066667 1.933333
   1    0    6 0.000000 1.000000
   2    2   10 0.333333 1.666667
   2    2   10 0.342857 1.657143
   2    2   12 0.285714 1.714286
   1    0    6 0.000000 1.000000
   2    2    8 0.400000 1.600000
   1    0    6 0.000000 1.000000
   3    6   10 1.185714 1.814286
   5   14   16 2.414286 2.585714
   3    4   13 0.733333 2.266667
   1    0    6 0.000000 1.000000
   1    0    5 0.000000 1.000000
   1    0    6 0.000000 1.000000
   1    0    6 0.000000 1.000000
   1    0    7 0.000000 1.000000
   1    0    6 0.000000 1.000000
   3    4   16 0.619048 2.380952
   2    2   11 0.309524 1.690476
   1    0    6 0.000000 1.000000
   1    0    5 0.000000 1.000000
   1    0    5 0.000000 1.000000
   1    0    7 0.000000 1.000000
   1    0    6 0.000000 1.000000
   1    0    6 0.000000 1.000000
   3    6   10 1.133333 1.866667
   2    2    9 0.366667 1.633333
   1    0    6 0.000000 1.000000
   1    0    7 0.000000 1.000000
   1    0    7 0.000000 1.000000
   1    0    7 0.000000 1.000000
   4    8   13 1.500000 2.500000
   3    0   19 0.000000 3.000000
   2    2   10 0.333333 1.666667
   2    2    9 0.366667 1.633333
   1    0    6 0.000000 1.000000
   1    0    5 0.000000 1.000000
   2    0   14 0.000000 2.000000
   1    0    8 0.000000 1.000000
   1    0    7 0.000000 1.000000
   1    0    6 0.000000 1.000000
   1    0    6 0.000000 1.000000
   1    0    6 0.000000 1.000000
   1    0    6 0.000000 1.000000
   2    2   11 0.309524 1.690476
   2    2    9 0.366667 1.633333
   4   10   14 1.685714 2.314286
   1    0    6 0.000000 1.000000
   3    6   12 1.019048 1.980952
   1    0    7 0.000000 1.000000
   5   14   13 2.600000 2.400000
   3    4   14 0.652381 2.347619
   4    2   25 0.285714 3.714286
   1    0    6 0.000000 1.000000
   2    2   11 0.309524 1.690476
   2    2   10 0.342857 1.657143
   2    0   12 0.000000 2.000000
   1    0    7 0.000000 1.000000
   2    2   10 0.333333 1.666667
   7   16   26 2.733333 4.266667
   4    6   20 0.904762 3.095238
   4    4   20 0.666667 3.333333
   3    6   11 1.085714 1.914286
   1    0    6 0.000000 1.000000
   4    6   18 1.042857 2.957143
   3    4   13 0.700000 2.300000
   2    2   12 0.291667 1.708333
   1    0    7 0.000000 1.000000
   4    8   15 1.419048 2.580952
   3    4   15 0.642857 2.357143
   3    2   16 0.342857 2.657143
   2    2   10 0.342857 1.657143
   4    8   14 1.466667 2.533333
   1    0    6 0.000000 1.000000
   1    0    5 0.000000 1.000000
   4    4   19 0.709524 3.290476
   3    4   15 0.658333 2.341667
   5   10   18 1.909524 3.090476
   1    0    6 0.000000 1.000000
  10   34   23 5.923810 4.076190
   3    6   13 0.952381 2.047619
   1    0    7 0.000000 1.000000
   7   20   20 3.452381 3.547619
   2    2   10 0.333333 1.666667
   3    4   14 0.666667 2.333333
   2    0   12 0.000000 2.000000
   3    4   13 0.700000 2.300000
   3    6   11 1.066667 1.933333
   1    0    7 0.000000 1.000000
   5   14   17 2.257143 2.742857
   5    8   26 1.190476 3.809524
   4   10   15 1.595238 2.404762
   1    0    5 0.000000 1.000000
   6   16   17 2.933333 3.066667
   4    4   22 0.634524 3.365476
   4    6   18 1.000000 3.000000
   3    2   14 0.400000 2.600000
   1    0    6 0.000000 1.000000
   5   12   18 1.971429 3.028571
   5    8   21 1.366667 3.633333
   3    2   15 0.333333 2.666667
   7   22   20 3.802381 3.197619
   2    2   10 0.333333 1.666667
   2    2   10 0.333333 1.666667
   7   18   24 2.976190 4.023810
  13   36   41 6.119048 6.880952
   1    0    6 0.000000 1.000000
  10   30   32 4.998810 5.001190
   3    4   14 0.652381 2.347619
   6   12   23 2.100000 3.900000
   5   12   17 2.095238 2.904762
   1    0    6 0.000000 1.000000
   2    0   12 0.000000 2.000000
   4    4   18 0.759524 3.240476
   9   30   25 4.976190 4.023810
   1    0    6 0.000000 1.000000
   3    4   12 0.766667 2.233333
   6   16   21 2.777381 3.222619
   1    0    6 0.000000 1.000000
   2    2   11 0.309524 1.690476
   2    2   13 0.267857 1.732143
   8   14   29 2.633333 5.366667
   6   16   22 2.523810 3.476190
   1    0    6 0.000000 1.000000
   1    0    7 0.000000 1.000000
  10   22   38 3.685714 6.314286
  13   24   54 3.991667 9.008333
  11   30   41 4.721429 6.278571
   8   18   27 3.166667 4.833333
   4    8   15 1.366667 2.633333
  10   38   24 6.290476 3.709524
   2    2   10 0.333333 1.666667
   1    0    5 0.000000 1.000000
   2    2   11 0.309524 1.690476
   8   26   21 4.433333 3.566667
   1    0    6 0.000000 1.000000
   6   10   29 1.575000 4.425000
   1    0    7 0.000000 1.000000
   3    4   14 0.666667 2.333333
   8   16   36 2.500000 5.500000
   6    8   26 1.466667 4.533333
   1    0    6 0.000000 1.000000
   7   20   22 3.271429 3.728571
  14   34   48 5.861905 8.138095
  13   38   40 6.333333 6.666667
  13   46   28 7.990476 5.009524
   1    0    6 0.000000 1.000000
  11   38   27 6.414286 4.585714
   1    0    6 0.000000 1.000000
   1    0    6 0.000000 1.000000
  13   48   29 8.095238 4.904762
   3    6   12 1.019048 1.980952
   9   26   32 4.190476 4.809524
   2    2   10 0.333333 1.666667
   4    2   23 0.291667 3.708333
  10   22   39 3.642857 6.357143
   7   14   26 2.395238 4.604762
  11   32   31 5.719048 5.280952
   9   18   39 2.933333 6.066667
  18   50   56 8.580952 9.419048
   1    0    7 0.000000 1.000000
   8   18   30 2.966667 5.033333
   4    6   18 0.985714 3.014286
   2    2   10 0.342857 1.657143
  22   88   45 14.708333 7.291667
   7   14   26 2.495238 4.504762
   1    0    5 0.000000 1.000000
   5    6   25 1.042857 3.957143
  14   44   43 7.100000 6.900000
   6   16   18 2.833333 3.166667
  13   24   57 3.982143 9.017857
  17   48   50 8.335714 8.664286
  14   50   33 8.573810 5.426190
   3    4   14 0.709524 2.290476
   1    0    6 0.000000 1.000000
  12   32   43 5.410714 6.589286
   7   20   20 3.461905 3.538095
   3    4   11 0.816667 2.183333
   7   22   19 3.861905 3.138095
  16   48   49 7.947619 8.052381
   4    4   20 0.709524 3.290476
  18   48   61 8.080952 9.919048
  15   46   46 7.619048 7.380952
  15   56   32 9.533333 5.466667
   1    0    6 0.000000 1.000000
   2    2   10 0.333333 1.666667
  13   48   32 7.971429 5.028571
   4    8   17 1.285714 2.714286
   1    0    6 0.000000 1.000000
   4    6   19 1.000000 3.000000
  26  100   55 16.988095 9.011905
   2    2    8 0.400000 1.600000
  18   52   59 8.566667 9.433333
  14   48   34 8.290476 5.709524
  17   60   43 10.064286 6.935714
  19   80   36 13.370238 5.629762
   3    4   13 0.700000 2.300000
   1    0    5 0.000000 1.000000
   4   10   13 1.733333 2.266667
  28  108   58 18.155952 9.844048
  16   52   47 8.550000 7.450000
  12   32   39 5.376190 6.623810
  10   24   38 3.880952 6.119048
  21   84   40 14.342857 6.657143
   1    0    7 0.000000 1.000000
   3    6   12 1.019048 1.980952
   6   16   19 2.733333 3.266667
  18   60   48 10.000000 8.000000
  19   56   57 9.442857 9.557143
  22   78   55 12.976190 9.023810
  14   44   40 7.319048 6.680952
  20   78   42 13.157143 6.842857
   2    2   13 0.267857 1.732143
   6   16   21 2.509524 3.490476
  14   42   42 6.947619 7.052381
  15   42   42 7.658333 7.341667
  29  120   56 19.971429 9.028571
  15   38   51 6.576190 8.423810
  29  110   64 18.447619 10.552381
  11   40   25 6.804762 4.195238
   9   24   33 3.757143 5.242857
   6   12   25 1.990476 4.009524
  30  116   62 19.435714 10.564286
  15   52   41 8.471429 6.528571
  25   94   55 15.802381 9.197619
  12   34   39 5.595238 6.404762
   6   12   23 1.961905 4.038095
  14   42   39 7.276190 6.723810
  28  102   67 17.097619 10.902381
  13   36   43 6.147619 6.852381
  21   70   55 11.671429 9.328571
  13   30   51 4.904762 8.095238
   5   12   18 2.052381 2.947619
  17   52   47 9.072619 7.927381
  31  122   64 20.376190 10.623810
  12   30   40 5.052381 6.947619
  22   70   65 11.665476 10.334524
  17   62   38 10.484524 6.515476
   9   28   26 4.647619 4.352381
  14   40   47 6.557143 7.442857
  26  104   50 17.570238 8.429762
  17   56   46 9.545238 7.454762
  27   90   65 15.592857 11.407143
  11   30   37 4.852381 6.147619
   7   10   32 1.652381 5.347619
  10   20   43 3.323810 6.676190
  28  102   69 17.045238 10.954762
  18   52   57 8.775000 9.225000
  36  150   66 25.160714 10.839286
  10   32   27 5.523810 4.476190
  11   30   39 4.761905 6.238095
   3    2   17 0.366667 2.633333
  22   78   50 13.478571 8.521429
  24   80   65 13.185714 10.814286
  37  124   97 21.009524 15.990476
  17   70   32 11.751190 5.248810
   9   24   28 4.371429 4.628571
   5    6   25 1.034524 3.965476
   8   10   39 1.671429 6.328571
  21   80   47 13.314286 7.685714
  41  170   74 28.561905 12.438095
   8   18   32 2.909524 5.090476
  12   36   34 6.009524 5.990476
   6   10   28 1.595238 4.404762
  12   32   39 5.448810 6.551190
  17   54   54 8.850000 8.150000
  49  186  104 31.522619 17.477381
   5    6   25 0.971429 4.028571
  14   50   34 8.500000 5.500000
   2    2   10 0.333333 1.666667
  13   24   51 4.176190 8.823810
  16   54   41 9.133333 6.866667
  45  176   90 29.869048 15.130952
   6   16   22 2.633333 3.366667
  14   40   43 6.800000 7.200000
   5   12   18 2.000000 3.000000
  14   32   56 5.186905 8.813095
  17   46   56 7.628571 9.371429
  47  176  101 30.022619 16.977381
   2    0   12 0.000000 2.000000
  13   32   47 5.346429 7.653571
   3    0   20 0.000000 3.000000
  18   54   56 9.066667 8.933333
  13   42   36 7.057143 5.942857
  44  210   60 34.604762 9.395238
   3    4   15 0.619048 2.380952
  15   58   32 9.800000 5.200000
   2    2    8 0.400000 1.600000
  23   84   49 14.485714 8.514286
  20   78   44 12.885714 7.114286
  49  238   54 39.978571 9.021429
   4    6   19 0.976190 3.023810
  12   30   41 5.061905 6.938095
  15   42   48 6.985714 8.014286
  18   50   56 8.595238 9.404762
  62  300   75 49.846429 12.153571
  11   26   36 4.571429 6.428571
   9   24   33 3.895238 5.104762
  13   34   46 5.711905 7.288095
  68  328   79 54.950000 13.050000
  12   36   34 6.233333 5.766667
   7   12   31 1.995238 5.004762
  12   28   44 4.690476 7.309524
  65  310   80 51.650000 13.350000
  15   40   51 6.704762 8.295238
   8   18   29 3.138095 4.861905
   6    4   31 0.700000 5.300000
  62  286   87 47.789286 14.210714
  18   44   63 7.438095 10.561905
  14   48   37 8.050000 5.950000
   3    4   14 0.666667 2.333333
  62  288   84 48.014286 13.985714
  19   52   62 8.714286 10.285714
  16   56   40 9.461905 6.538095
  64  298   83 49.990476 14.009524
  28   96   74 16.128571 11.871429
   8   18   31 2.923810 5.076190
  69  340   71 56.928571 12.071429
  22   66   68 11.171429 10.828571
   9   28   27 4.573810 4.426190
  57  272   73 44.960714 12.039286
  35  130   78 21.934524 13.065476
   8   18   29 3.061905 4.938095
  69  350   68 58.036905 10.963095
  29  102   68 17.651190 11.348810
   2    0   12 0.000000 2.000000
  66  332   58 55.800000 10.200000
  32  128   69 21.207143 10.792857
   2    2   11 0.309524 1.690476
  74  402   41 67.059524 6.940476
  25  106   45 17.657143 7.342857
   1    0    6 0.000000 1.000000
  80  436   45 72.528571 7.471429
  20   74   45 12.314286 7.685714
  61  304   64 50.685714 10.314286
  39  168   64 28.261905 10.738095
  60  290   71 48.376190 11.623810
  40  168   71 28.138095 11.861905
  66  330   69 54.847619 11.152381
  34  132   69 22.126190 11.873810
  75  384   68 63.996032 11.003968
  25   80   68 13.628571 11.371429
  71  358   67 59.798810 11.201190
  29  108   67 17.957143 11.042857
  79  422   52 70.490476 8.509524
  21   74   52 12.361905 8.638095
  80  436   47 72.466667 7.533333
  20   70   47 12.047619 7.952381
  79  422   51 70.556746 8.443254
  21   76   51 12.650000 8.350000
  85  458   54 76.185714 8.814286
  15   34   54 5.794048 9.205952
  80  414   65 69.032143 10.967857
  20   56   65 9.421429 10.578571
  75  394   58 65.442857 9.557143
  25   90   58 15.185714 9.814286
  69  350   66 58.183333 10.816667
  31  118   66 19.947619 11.052381
  76  394   61 65.790476 10.209524
  24   84   61 14.057143 9.942857
  81  414   68 69.309524 11.690476
  19   50   68 8.166667 10.833333
  79  422   54 70.035714 8.964286
  21   70   54 11.850000 9.150000
  81  428   57 71.414286 9.585714
  19   58   57 9.566667 9.433333
  86  466   50 77.677381 8.322619
  14   34   50 5.529762 8.470238
  85  448   59 74.976190 10.023810
  15   34   59 5.492857 9.507143
  84  446   58 74.490476 9.509524
  16   38   58 6.380952 9.619048
  87  468   56 77.980952 9.019048
  13   20   56 3.542857 9.457143
  80  414   68 69.025000 10.975000
  20   50   68 8.500000 11.500000
  82  434   55 72.641667 9.358333
  18   56   55 9.048810 8.951190
  90  508   33 84.711905 5.288095
  10   26   33 4.554762 5.445238
  85  460   51 76.822619 8.177381
  15   38   51 6.542857 8.457143
  82  450   40 75.347619 6.652381
  18   70   40 11.501190 6.498810
  88  486   39 81.159524 6.840476
  12   36   39 5.939286 6.060714
  86  476   37 79.628571 6.371429
  14   50   37 8.246429 5.753571
  91  516   30 86.166667 4.833333
   9   24   30 4.023810 4.976190
  91  514   31 85.914286 5.085714
   9   24   31 4.057143 4.942857
  97  566   15 94.471429 2.528571
   3    4   15 0.619048 2.380952
 100  600    0 100.000000 0.000000
