   1    0    6 0.000000 1.000000
   2    2    9 0.366667 1.633333
   1    0    6 0.000000 1.000000
   1    0    6 0.000000 1.000000
   5   12   19 1.928571 3.071429
   1    0    6 0.000000 1.000000
   1    0    7 0.000000 1.000000
   1    0    5 0.000000 1.000000
   2    2   11 0.325000 1.675000
   3    6   11 1.085714 1.914286
   3    4   12 0.733333 2.266667
   2    2    8 0.400000 1.600000
   1    0    5 0.000000 1.000000
   1    0    7 0.000000 1.000000
   4   10   15 1.735714 2.264286
   1    0    6 0.000000 1.000000
   5    8   19 1.483333 3.516667
   1    0    6 0.000000 1.000000
   1    0    6 0.000000 1.000000
   1    0    7 0.000000 1.000000
   1    0    7 0.000000 1.000000
   2    2   11 0.309524 1.690476
   1    0    5 0.000000 1.000000
   1    0    6 0.000000 1.000000
   1    0    7 0.000000 1.000000
   4    6   14 1.200000 2.800000
   1    0    6 0.000000 1.000000
   1    0    6 0.000000 1.000000
   1    0    6 0.000000 1.000000
   1    0    5 0.000000 1.000000
   1    0    7 0.000000 1.000000
   1    0    6 0.000000 1.000000
   2    2   12 0.285714 1.714286
   1    0    5 0.000000 1.000000
   2    2   11 0.309524 1.690476
   1    0    6 0.000000 1.000000
   1    0    6 0.000000 1.000000
   3    6   11 1.066667 1.933333
   2    0   11 0.000000 2.000000
   1    0    6 0.000000 1.000000
   1    0    7 0.000000 1.000000
   8   26   23 4.285714 3.714286
   1    0    7 0.000000 1.000000
   1    0    7 0.000000 1.000000
   1    0    9 0.000000 1.000000
   3    6   11 1.119048 1.880952
   2    2   11 0.309524 1.690476
   4    6   17 1.076190 2.923810
   3    4   15 0.685714 2.314286
   1    0    6 0.000000 1.000000
   1    0    6 0.000000 1.000000
   4    8   15 1.395238 2.604762
   2    2   10 0.333333 1.666667
   1    0    7 0.000000 1.000000
   4    4   18 0.733333 3.266667
   4    8   16 1.371429 2.628571
   2    2   11 0.309524 1.690476
   4    6   20 0.904762 3.095238
   1    0    6 0.000000 1.000000
   2    2   10 0.333333 1.666667
   2    2    9 0.366667 1.633333
   2    0   12 0.000000 2.000000
   2    2   10 0.333333 1.666667
   2    2    9 0.366667 1.633333
   5   12   15 2.150000 2.850000
   2    2   11 0.309524 1.690476
   4    8   17 1.304762 2.695238
   4    6   19 0.976190 3.023810
   3    4   15 0.642857 2.357143
   6   10   24 1.785714 4.214286
   1    0    7 0.000000 1.000000
   1    0    6 0.000000 1.000000
   5    6   22 1.033333 3.966667
   1    0    7 0.000000 1.000000
   2    0   12 0.000000 2.000000
   1    0    6 0.000000 1.000000
   1    0    6 0.000000 1.000000
   7   18   24 3.038095 3.961905
   4   10   13 1.761905 2.238095
   1    0    6 0.000000 1.000000
   1    0    6 0.000000 1.000000
   4    8   16 1.371429 2.628571
   3    4   15 0.658333 2.341667
   2    0   13 0.000000 2.000000
   5   14   18 2.238095 2.761905
   3    4   15 0.619048 2.380952
   2    2    9 0.366667 1.633333
   2    2   11 0.309524 1.690476
   3    4   11 0.800000 2.200000
   2    2   11 0.309524 1.690476
   1    0    6 0.000000 1.000000
   4    6   18 0.985714 3.014286
   4    4   18 0.766667 3.233333
   5   14   16 2.385714 2.614286
   3    6   11 1.066667 1.933333
   2    2    9 0.366667 1.633333
   2    2   13 0.267857 1.732143
   1    0    7 0.000000 1.000000
   7   20   21 3.459524 3.540476
   2    2    8 0.416667 1.583333
   4    8   16 1.314286 2.685714
   3    4   15 0.642857 2.357143
   2    0   12 0.000000 2.000000
   1    0    6 0.000000 1.000000
   1    0    6 0.000000 1.000000
   3    2   18 0.285714 2.714286
   6   16   22 2.571429 3.428571
  10   26   32 4.500000 5.500000
   1    0    7 0.000000 1.000000
   5    8   22 1.338095 3.661905
  13   46   28 7.895238 5.104762
   1    0    7 0.000000 1.000000
   2    2    9 0.366667 1.633333
   3    2   17 0.342857 2.657143
   2    0   12 0.000000 2.000000
   2    2   10 0.333333 1.666667
   4    8   16 1.409524 2.590476
   1    0    7 0.000000 1.000000
   1    0    7 0.000000 1.000000
   4    6   18 1.019048 2.980952
   1    0    6 0.000000 1.000000
   3    2   18 0.309524 2.690476
   4    4   23 0.619048 3.380952
  10   32   28 5.309524 4.690476
   3    4   15 0.642857 2.357143
   9   20   32 3.519048 5.480952
   5   10   17 1.933333 3.066667
   3    6   14 0.916667 2.083333
   1    0    7 0.000000 1.000000
   1    0    7 0.000000 1.000000
   4    6   17 1.109524 2.890476
   2    0   11 0.000000 2.000000
  12   24   46 4.142857 7.857143
   3    4   15 0.642857 2.357143
   4    4   19 0.709524 3.290476
  10   32   27 5.490476 4.509524
   2    2   10 0.342857 1.657143
   7   16   25 2.814286 4.185714
   1    0    7 0.000000 1.000000
   7   16   24 2.766667 4.233333
   3    2   15 0.366667 2.633333
   5    6   27 1.019048 3.980952
   7   18   24 3.052381 3.947619
   4    4   22 0.628571 3.371429
  12   40   30 6.973810 5.026190
   5   10   23 1.500000 3.500000
   6    6   31 1.001190 4.998810
   4    8   19 1.226190 2.773810
   4   10   13 1.766667 2.233333
   2    2    9 0.366667 1.633333
   6   14   22 2.333333 3.666667
   2    2    8 0.400000 1.600000
   5    2   29 0.309524 4.690476
   6   16   20 2.757143 3.242857
   3    2   16 0.309524 2.690476
  10   24   34 4.119048 5.880952
   3    4   14 0.666667 2.333333
   8   24   21 4.300000 3.700000
   3    6   13 0.983333 2.016667
   5    8   21 1.385714 3.614286
   5   12   19 1.952381 3.047619
  10   26   33 4.466667 5.533333
  16   44   54 7.204762 8.795238
   5    8   22 1.319048 3.680952
  13   30   47 5.114286 7.885714
   5   10   18 1.876190 3.123810
   9   26   27 4.552381 4.447619
   1    0    7 0.000000 1.000000
   4    6   18 1.042857 2.957143
   1    0    7 0.000000 1.000000
   3    2   16 0.333333 2.666667
   2    0   11 0.000000 2.000000
   4    6   17 1.076190 2.923810
   6    8   32 1.247619 4.752381
   6    8   27 1.366667 4.633333
  10   30   31 5.011905 4.988095
   1    0    6 0.000000 1.000000
   4    6   17 1.109524 2.890476
   8   22   26 3.755952 4.244048
  12   32   40 5.352381 6.647619
   3    0   20 0.000000 3.000000
  10   24   34 4.119048 5.880952
   6   14   23 2.257143 3.742857
  15   52   36 8.886905 6.113095
   2    0   12 0.000000 2.000000
   1    0    6 0.000000 1.000000
   9   20   33 3.557143 5.442857
   2    0   11 0.000000 2.000000
   2    2   10 0.333333 1.666667
   2    0   15 0.000000 2.000000
   3    2   16 0.333333 2.666667
  19   78   37 13.052381 5.947619
   6    8   27 1.409524 4.590476
   4    4   20 0.676190 3.323810
  11   30   34 5.147619 5.852381
   3    2   14 0.400000 2.600000
   6    6   30 1.042857 4.957143
  11   40   24 6.816667 4.183333
  13   36   45 5.757143 7.242857
   1    0    7 0.000000 1.000000
   1    0    7 0.000000 1.000000
   5    6   27 0.904762 4.095238
   5    6   24 0.985714 4.014286
   3    2   17 0.342857 2.657143
   8   16   27 2.900000 5.100000
   7   10   32 1.695238 5.304762
  14   52   32 8.663095 5.336905
   8   22   28 3.585714 4.414286
   5    8   24 1.238095 3.761905
   5    8   22 1.376190 3.623810
   2    2   10 0.342857 1.657143
   5    4   25 0.733333 4.266667
  11   32   33 5.385714 5.614286
  18   60   47 10.085714 7.914286
   2    0   11 0.000000 2.000000
   3    4   15 0.642857 2.357143
   4    4   19 0.709524 3.290476
  16   52   41 8.928571 7.071429
   5    6   20 1.183333 3.816667
  20   80   46 13.127381 6.872619
   4    6   21 0.916667 3.083333
   4    2   22 0.342857 3.657143
   5    8   21 1.366667 3.633333
   1    0    5 0.000000 1.000000
   8   18   28 3.195238 4.804762
  15   58   33 9.576190 5.423810
  25   88   69 14.425000 10.575000
   1    0    6 0.000000 1.000000
   3    2   17 0.309524 2.690476
   3    2   17 0.309524 2.690476
  17   46   50 7.986905 9.013095
   7   12   28 2.133333 4.866667
  11   30   38 4.847619 6.152381
   7   18   23 3.095238 3.904762
   6   18   18 3.000000 3.000000
   2    2   10 0.333333 1.666667
  15   44   45 7.433333 7.566667
  31  110   76 18.325000 12.675000
   9   24   29 4.152381 4.847619
  12   24   47 4.185714 7.814286
   5    8   23 1.280952 3.719048
  13   32   49 5.133333 7.866667
   5   14   17 2.371429 2.628571
  19   80   32 13.690476 5.309524
  20   58   58 10.080952 9.919048
  26   84   68 14.473810 11.526190
   9   18   38 3.035714 5.964286
   8   20   33 3.088095 4.911905
   1    0    7 0.000000 1.000000
  12   28   45 4.680952 7.319048
   7   18   22 3.152381 3.847619
  26  116   42 19.267857 6.732143
  15   44   45 7.410714 7.589286
  23   86   53 14.278571 8.721429
  11   30   35 5.095238 5.904762
   6   14   21 2.366667 3.633333
  12   26   48 4.166667 7.833333
  14   44   38 7.571429 6.428571
  28  114   52 19.382143 8.617857
  11   30   38 4.930952 6.069048
  15   46   50 7.327381 7.672619
  14   46   37 7.807143 6.192857
  10   22   35 3.942857 6.057143
   8   18   30 2.985714 5.014286
  14   44   39 7.650000 6.350000
  23   90   45 15.326190 7.673810
   4    2   23 0.309524 3.690476
  18   44   63 7.633333 10.366667
  22   90   44 15.053571 6.946429
  10   18   46 2.857143 7.142857
   9   20   32 3.433333 5.566667
  12   34   39 5.623810 6.376190
  19   70   43 11.757143 7.242857
   8   12   33 2.166667 5.833333
  17   36   69 5.954762 11.045238
  15   50   41 8.334524 6.665476
  20   54   65 8.991667 11.008333
   9   14   40 2.390476 6.609524
  11   26   39 4.504762 6.495238
  21   92   35 15.485714 5.514286
  11   30   37 5.119048 5.880952
  13   32   50 5.217857 7.782143
  16   62   32 10.604762 5.395238
  17   38   61 6.486905 10.513095
  11   34   32 5.590476 5.409524
   5    4   28 0.619048 4.380952
  35  160   46 26.990476 8.009524
   5    2   28 0.366667 4.633333
  14   34   49 5.814286 8.185714
  29  124   51 20.739683 8.260317
   9   18   39 2.876190 6.123810
   3    6   11 1.066667 1.933333
   4    4   19 0.685714 3.314286
  32  132   57 22.388095 9.611905
   1    0    6 0.000000 1.000000
  14   30   56 5.019048 8.980952
  33  150   48 25.100000 7.900000
  12   24   49 3.990476 8.009524
   4    8   17 1.309524 2.690476
   1    0    6 0.000000 1.000000
  37  156   66 26.138095 10.861905
   2    2   10 0.333333 1.666667
  17   46   56 7.752381 9.247619
  30  130   48 21.800000 8.200000
  10   18   44 2.940476 7.059524
   3    0   18 0.000000 3.000000
  47  208   74 34.900000 12.100000
   4    6   16 1.066667 2.933333
  13   20   58 3.466667 9.533333
  23   84   53 14.400000 8.600000
  11   14   56 2.257143 8.742857
   2    2    9 0.366667 1.633333
  39  154   79 25.961905 13.038095
   2    0   12 0.000000 2.000000
  10   16   44 2.647619 7.352381
  27   92   72 15.200000 11.800000
  19   52   61 8.880952 10.119048
   3    4   14 0.709524 2.290476
  42  168   86 27.909524 14.090476
   1    0    6 0.000000 1.000000
  12   34   39 5.738095 6.261905
  27   76   84 12.861905 14.138095
  14   30   53 5.152381 8.847619
   4    6   18 1.042857 2.957143
  38  138   88 23.233333 14.766667
  10   26   37 4.119048 5.880952
  28   88   77 14.838095 13.161905
  16   36   62 6.050000 9.950000
   8   24   24 4.125000 3.875000
  34  124   83 20.585714 13.414286
  14   54   28 9.280952 4.719048
  22   62   69 10.452381 11.547619
  12   24   48 3.885714 8.114286
  18   64   44 10.625000 7.375000
  25   74   78 12.191667 12.808333
   8   22   25 3.842857 4.157143
  33  112   89 18.480952 14.519048
  23   66   68 11.242857 11.757143
  11   20   46 3.404762 7.595238
  17   34   68 5.727381 11.272619
  12   38   30 6.695238 5.304762
  35  116   92 19.646429 15.353571
  29  112   66 18.398810 10.601190
   7    8   36 1.261905 5.738095
  18   42   60 7.409524 10.590476
  17   70   32 11.652381 5.347619
  28   92   77 15.484524 12.515476
  27  104   61 17.242857 9.757143
  10   26   36 4.261905 5.738095
  14   28   55 4.719048 9.280952
  24   96   49 16.070238 7.929762
  31  118   70 19.479762 11.520238
  27  102   59 17.142857 9.857143
   4    4   19 0.733333 3.266667
  12   20   53 3.400000 8.600000
  26   88   68 14.786905 11.213095
  34  124   77 20.957143 13.042857
  22   60   72 9.971429 12.028571
   6   10   28 1.595238 4.404762
  19   40   72 6.977381 12.022619
  22   58   74 9.814286 12.185714
  34  120   83 20.319048 13.680952
  24   78   70 12.953571 11.046429
   1    0    5 0.000000 1.000000
  19   48   62 8.347619 10.652381
  16   26   73 4.276190 11.723810
  39  148   89 24.561905 14.438095
  26   86   68 14.709524 11.290476
  17   30   73 4.961905 12.038095
  12   28   45 4.657143 7.342857
  39  168   68 27.850000 11.150000
  32  128   60 21.609524 10.390476
  26   86   70 14.452381 11.547619
  15   40   48 6.761905 8.238095
  38  144   83 24.055556 13.944444
  21   70   59 11.533333 9.466667
  32  122   69 20.530952 11.469048
  20   70   47 11.978571 8.021429
  34  134   74 22.121429 11.878571
  14   44   40 7.455952 6.544048
  34  138   65 23.280952 10.719048
  25   94   56 15.704762 9.295238
  26   70   88 11.690476 14.309524
  15   36   53 6.019048 8.980952
  32  118   78 19.576190 12.423810
  20   62   55 10.600000 9.400000
  34  116   85 19.382143 14.617857
  14   24   62 3.922619 10.077381
  23   72   69 11.814286 11.185714
  23   60   76 10.297619 12.702381
  37  116  104 19.495238 17.504762
  17   30   73 4.847619 12.152381
  29   96   70 16.461905 12.538095
  19   42   76 6.851190 12.148810
  32  104   92 17.115476 14.884524
  20   42   78 7.223810 12.776190
  30   90   89 14.961905 15.038095
  13   24   52 4.128571 8.871429
  35  130   85 21.352381 13.647619
  22   50   80 8.547619 13.452381
  41  162   81 27.651190 13.348810
   8   16   36 2.657143 5.342857
  35  132   75 22.477381 12.522619
  16   28   70 4.677381 11.322619
  44  166   97 27.909524 16.090476
   2    0   13 0.000000 2.000000
  40  158   79 26.734524 13.265476
  14   32   55 5.341667 8.658333
  41  146   98 24.585714 16.414286
   1    0    6 0.000000 1.000000
  38  148   84 24.629762 13.370238
  20   54   64 9.197619 10.802381
  32  114   85 18.805952 13.194048
  45  186   82 31.038095 13.961905
  23   60   73 10.590476 12.409524
  32   94   97 15.709524 16.290476
  49  196  102 32.384524 16.615476
  19   48   63 8.388095 10.611905
  34   92  108 15.527381 18.472619
  56  232  108 38.355952 17.644048
  10   16   44 2.633333 7.366667
  25   56   95 9.503571 15.496429
  70  324   95 54.119048 15.880952
   5    4   26 0.709524 4.290476
  15   24   66 4.033333 10.966667
  80  400   80 66.764286 13.235714
   5    8   22 1.333333 3.666667
  15   32   55 5.504762 9.495238
  80  410   72 68.205952 11.794048
   5   10   21 1.619048 3.380952
  13   34   47 5.571429 7.428571
  82  422   67 70.738095 11.261905
   5   10   20 1.704762 3.295238
  19   64   50 10.794048 8.205952
  80  428   53 71.385714 8.614286
   1    0    5 0.000000 1.000000
  15   50   42 8.267857 6.732143
  83  450   47 75.126190 7.873810
   2    2    9 0.366667 1.633333
  28   98   65 16.815476 11.184524
  70  354   70 58.720238 11.279762
   2    0   13 0.000000 2.000000
  42  160   93 26.830952 15.169048
  58  254   93 42.634524 15.365476
  42  166   87 27.945238 14.054762
  58  260   87 43.576190 14.423810
  54  246   77 41.004762 12.995238
  46  200   77 33.423810 12.576190
  54  224   96 37.892857 16.107143
  46  184   96 30.428571 15.571429
  48  198   87 33.357143 14.642857
  52  228   87 37.908333 14.091667
  58  286   64 47.800000 10.200000
  42  186   64 31.352381 10.647619
  59  274   80 45.700000 13.300000
  41  166   80 27.625000 13.375000
  54  224  102 37.128571 16.871429
  46  172  102 28.859524 17.140476
  50  186  113 31.128571 18.871429
  50  188  113 31.655952 18.344048
  35   98  111 16.523810 18.476190
  65  280  111 47.117857 17.882143
  13   20   63 3.166667 9.833333
  87  454   63 76.258333 10.741667
  17   40   63 6.702381 10.297619
  83  434   63 72.480952 10.519048
  16   38   55 6.552381 9.447619
  84  452   55 75.146429 8.853571
  18   50   59 8.439286 9.560714
  82  432   59 72.292857 9.707143
  21   54   76 9.057143 11.942857
  79  394   76 66.234524 12.765476
  19   56   60 9.166667 9.833333
  81  424   60 70.833333 10.166667
  12   20   51 3.447619 8.552381
  88  478   51 79.680952 8.319048
   9   14   41 2.384524 6.615476
  91  504   41 84.304762 6.695238
   6    4   34 0.652381 5.347619
  94  528   34 88.223810 5.776190
   8   14   31 2.519048 5.480952
  92  524   31 87.128571 4.871429
   6    4   34 0.642857 5.357143
  94  528   34 88.465476 5.534524
   2    0   12 0.000000 2.000000
  98  576   12 96.070238 1.929762
   1    0    7 0.000000 1.000000
  99  586    7 97.790476 1.209524
   1    0    6 0.000000 1.000000
  99  588    6 97.990476 1.009524
 100  600    0 100.000000 0.000000
