   1    0    6 0.000000 1.000000
   1    0    7 0.000000 1.000000
   2    2   12 0.291667 1.708333
   1    0    6 0.000000 1.000000
   2    2   10 0.342857 1.657143
   3    4   13 0.700000 2.300000
   1    0    6 0.000000 1.000000
   3    6   11 1.066667 1.933333
   1    0    6 0.000000 1.000000
   2    2    9 0.366667 1.633333
   1    0    6 0.000000 1.000000
   1    0    6 0.000000 1.000000
   2    2   10 0.333333 1.666667
   1    0    7 0.000000 1.000000
   1    0    5 0.000000 1.000000
   1    0    6 0.000000 1.000000
   2    2   10 0.333333 1.666667
   1    0    7 0.000000 1.000000
   1    0    7 0.000000 1.000000
   1    0    5 0.000000 1.000000
   2    2    9 0.366667 1.633333
   2    2   10 0.333333 1.666667
   1    0    5 0.000000 1.000000
   2    2    9 0.366667 1.633333
   1    0    7 0.000000 1.000000
   4   10   14 1.695238 2.304762
   1    0    7 0.000000 1.000000
   1    0    7 0.000000 1.000000
   2    2   10 0.342857 1.657143
   3    4   11 0.816667 2.183333
   1    0    5 0.000000 1.000000
   3    6   11 1.066667 1.933333
   4    8   15 1.395238 2.604762
   2    2   11 0.309524 1.690476
   2    2   13 0.267857 1.732143
   2    2    9 0.366667 1.633333
   1    0    7 0.000000 1.000000
   1    0    6 0.000000 1.000000
   1    0    6 0.000000 1.000000
   1    0    7 0.000000 1.000000
   2    2   10 0.333333 1.666667
   1    0    6 0.000000 1.000000
   1    0    6 0.000000 1.000000
   1    0    6 0.000000 1.000000
   1    0    6 0.000000 1.000000
   1    0    6 0.000000 1.000000
   1    0    6 0.000000 1.000000
   2    2   10 0.333333 1.666667
   1    0    7 0.000000 1.000000
   1    0    6 0.000000 1.000000
   2    2    9 0.366667 1.633333
   3    6   13 0.971429 2.028571
   1    0    6 0.000000 1.000000
   1    0    6 0.000000 1.000000
   1    0    6 0.000000 1.000000
   4   10   15 1.595238 2.404762
   3    4   12 0.766667 2.233333
   3    4   14 0.666667 2.333333
   3    4   13 0.700000 2.300000
   1    0    7 0.000000 1.000000
   1    0    6 0.000000 1.000000
   2    0   11 0.000000 2.000000
   3    4   12 0.766667 2.233333
   1    0    7 0.000000 1.000000
   2    2   10 0.333333 1.666667
   6   18   16 3.195238 2.804762
   5   14   15 2.400000 2.600000
   1    0    7 0.000000 1.000000
   4   10   14 1.661905 2.338095
   1    0    6 0.000000 1.000000
   6   18   18 3.192857 2.807143
   1    0    7 0.000000 1.000000
   1    0    5 0.000000 1.000000
   2    2   11 0.309524 1.690476
   1    0    7 0.000000 1.000000
   2    0   15 0.000000 2.000000
   9   30   22 5.161905 3.838095
   3    4   14 0.666667 2.333333
   7   14   25 2.576190 4.423810
   1    0    7 0.000000 1.000000
   2    2    9 0.366667 1.633333
   1    0    5 0.000000 1.000000
   1    0    5 0.000000 1.000000
   4   10   14 1.719048 2.280952
   1    0    7 0.000000 1.000000
   5   14   14 2.500000 2.500000
   2    2   10 0.333333 1.666667
   1    0    8 0.000000 1.000000
   1    0    6 0.000000 1.000000
   3    4   15 0.642857 2.357143
   8   26   23 4.407143 3.592857
   1    0    6 0.000000 1.000000
   4   10   14 1.666667 2.333333
   2    2   11 0.309524 1.690476
   2    0   14 0.000000 2.000000
   2    2    9 0.366667 1.633333
   1    0    7 0.000000 1.000000
   3    4   13 0.742857 2.257143
   2    2    9 0.366667 1.633333
   5    8   21 1.385714 3.614286
   1    0    7 0.000000 1.000000
   2    2    9 0.366667 1.633333
   3    6   13 0.952381 2.047619
   5   10   20 1.814286 3.185714
   6   18   19 3.038095 2.961905
   3    4   15 0.642857 2.357143
   4    4   21 0.628571 3.371429
   1    0    6 0.000000 1.000000
   2    2   10 0.333333 1.666667
   2    0   11 0.000000 2.000000
   2    0   10 0.000000 2.000000
   2    0   13 0.000000 2.000000
  11   30   36 4.938095 6.061905
   1    0    6 0.000000 1.000000
   4    6   18 1.028571 2.971429
   3    6   14 0.916667 2.083333
   2    2    8 0.400000 1.600000
   2    2    9 0.366667 1.633333
   7   20   21 3.447619 3.552381
   1    0    7 0.000000 1.000000
   2    2   11 0.309524 1.690476
   1    0    5 0.000000 1.000000
   1    0    6 0.000000 1.000000
   3    4   15 0.616667 2.383333
   7   18   21 3.147619 3.852381
   7   18   25 3.045238 3.954762
   4   10   15 1.595238 2.404762
   1    0    8 0.000000 1.000000
   2    2   11 0.309524 1.690476
   4    4   23 0.595238 3.404762
   3    2   14 0.416667 2.583333
   3    6   11 1.066667 1.933333
  12   42   29 7.180952 4.819048
   3    4   13 0.742857 2.257143
   7   16   25 2.852381 4.147619
   2    2   10 0.333333 1.666667
   1    0    7 0.000000 1.000000
  12   40   31 6.921429 5.078571
   2    0   14 0.000000 2.000000
   8   16   34 2.742857 5.257143
   2    2   11 0.309524 1.690476
   1    0    5 0.000000 1.000000
   1    0    6 0.000000 1.000000
   2    2   10 0.342857 1.657143
   7   14   27 2.357143 4.642857
   5    8   22 1.319048 3.680952
   1    0    7 0.000000 1.000000
   2    2   10 0.342857 1.657143
  13   36   39 6.233333 6.766667
   6   10   27 1.604762 4.395238
   1    0    6 0.000000 1.000000
   2    2   10 0.333333 1.666667
   2    2   10 0.342857 1.657143
   6   16   18 2.866667 3.133333
  16   50   44 8.519048 7.480952
   6   14   23 2.385714 3.614286
   8   20   29 3.200000 4.800000
   2    2    9 0.366667 1.633333
   7   12   30 2.042857 4.957143
   2    0   13 0.000000 2.000000
  10   24   36 4.052381 5.947619
   5    8   23 1.328571 3.671429
   1    0    6 0.000000 1.000000
  12   32   37 5.680952 6.319048
   4    4   21 0.642857 3.357143
   1    0    7 0.000000 1.000000
  12   42   30 6.914286 5.085714
   4    6   20 0.935714 3.064286
   1    0    6 0.000000 1.000000
   1    0    6 0.000000 1.000000
  12   42   30 7.076190 4.923810
  10   14   44 2.475000 7.525000
   5   12   18 2.095238 2.904762
  15   34   58 5.483333 9.516667
   9   26   26 4.542857 4.457143
   5    2   32 0.309524 4.690476
   4    4   20 0.666667 3.333333
  12   26   43 4.528571 7.471429
   4    4   20 0.685714 3.314286
   1    0    7 0.000000 1.000000
   9   24   33 3.742857 5.257143
  12   36   33 6.328571 5.671429
   6   18   19 2.966667 3.033333
  17   50   49 8.680952 8.319048
  13   36   40 6.314286 6.685714
   7   16   26 2.752381 4.247619
   7   10   36 1.642857 5.357143
   8   20   27 3.428571 4.571429
   4    4   17 0.766667 3.233333
   3    0   20 0.000000 3.000000
  13   34   47 5.664286 7.335714
   1    0    7 0.000000 1.000000
  12   36   35 6.188095 5.811905
   9   20   33 3.342857 5.657143
   5   10   19 1.695238 3.304762
   8    8   41 1.285714 6.714286
  14   32   50 5.423810 8.576190
   2    2   10 0.333333 1.666667
  14   32   52 5.371429 8.628571
   9   20   34 3.319048 5.680952
   4    8   16 1.341667 2.658333
  13   24   53 4.175000 8.825000
   4    6   18 1.000000 3.000000
  12   38   35 6.414286 5.585714
  15   42   50 7.080952 7.919048
   6   14   23 2.333333 3.666667
  14   22   54 4.085714 9.914286
  10   24   38 3.928571 6.071429
   9   14   42 2.242857 6.757143
  18   66   42 11.090476 6.909524
   5    8   25 1.214286 3.785714
  10   24   37 4.107143 5.892857
   4    8   17 1.285714 2.714286
  13   36   42 6.085714 6.914286
  11   32   32 5.519048 5.480952
   6    6   31 1.134524 4.865476
  21   66   61 11.007143 9.992857
   4    2   22 0.366667 3.633333
   8   12   36 2.009524 5.990476
   5    8   22 1.352381 3.647619
   6   12   22 2.204762 3.795238
   7   18   25 3.173810 3.826190
  11   32   35 5.380952 5.619048
  19   62   50 10.580952 8.419048
  13   40   38 6.838095 6.161905
   4    4   20 0.733333 3.266667
  16   44   52 7.482143 8.517857
   1    0    6 0.000000 1.000000
   5    2   28 0.366667 4.633333
   5   14   15 2.404762 2.595238
  10   22   38 3.786905 6.213095
  12   40   32 6.788095 5.211905
  15   54   34 9.257143 5.742857
  16   46   52 7.652381 8.347619
  16   44   53 7.304762 8.695238
   2    2   10 0.333333 1.666667
   8   12   37 2.063095 5.936905
   1    0    7 0.000000 1.000000
   6    8   29 1.328571 4.671429
   5   12   20 1.909524 3.090476
  14   48   36 8.066667 5.933333
   8   18   28 3.250000 4.750000
  27  108   54 18.176190 8.823810
  14   28   54 4.852381 9.147619
  15   32   57 5.640476 9.359524
   7   12   31 1.995238 5.004762
   5    4   26 0.666667 4.333333
   3    6   10 1.133333 1.866667
  13   32   47 5.419048 7.580952
  10   14   45 2.461905 7.538095
  11   22   45 3.685714 7.314286
  36  152   65 25.376190 10.623810
  11   16   50 2.757143 8.242857
   4    2   21 0.366667 3.633333
  10   18   43 2.923810 7.076190
   4    4   21 0.628571 3.371429
   2    2    8 0.400000 1.600000
  11   26   41 4.616667 6.383333
   9   12   40 2.066667 6.933333
  13   24   53 4.123810 8.876190
  38  132  103 21.757143 16.242857
  11   20   42 3.695238 7.304762
   2    2    9 0.366667 1.633333
  17   42   63 6.927381 10.072619
   1    0    6 0.000000 1.000000
   5   14   15 2.495238 2.504762
  10   26   38 4.142857 5.857143
   4    4   19 0.685714 3.314286
  19   62   54 10.447619 8.552381
  38  126   94 21.536905 16.463095
   4    4   20 0.709524 3.290476
   2    2   11 0.309524 1.690476
  27  102   59 17.189286 9.810714
   1    0    6 0.000000 1.000000
   7   20   21 3.404762 3.595238
   9   18   36 3.047619 5.952381
   3    2   14 0.400000 2.600000
  13   40   39 6.671429 6.328571
  34  122   84 20.310714 13.689286
   2    0   12 0.000000 2.000000
   4   10   15 1.595238 2.404762
  22   88   46 14.552381 7.447619
   4   10   14 1.661905 2.338095
   8   16   31 2.700000 5.300000
  10   26   32 4.438095 5.561905
   4    6   18 1.019048 2.980952
  10   20   38 3.447619 6.552381
  38  148   83 24.764286 13.235714
   1    0    6 0.000000 1.000000
   3    2   16 0.333333 2.666667
  23   78   65 12.738095 10.261905
   4    8   16 1.385714 2.614286
   3    0   20 0.000000 3.000000
  12   36   32 6.240476 5.759524
   2    0   11 0.000000 2.000000
  18   54   54 9.195238 8.804762
  35  104  105 17.638095 17.361905
   3    2   15 0.366667 2.633333
  14   20   65 3.257143 10.742857
   6   14   24 2.214286 3.785714
   7   18   25 3.033333 3.966667
  15   42   45 7.171429 7.828571
  19   56   54 9.590476 9.409524
  36  128   90 21.371429 14.628571
   3    4   15 0.628571 2.371429
  10   16   45 2.642857 7.357143
   2    2   11 0.309524 1.690476
   8   22   28 3.622619 4.377381
  13   36   40 6.166667 6.833333
  17   40   65 6.727381 10.272619
  45  180   89 30.104762 14.895238
   5    8   18 1.566667 3.433333
  10   20   44 3.286905 6.713095
   1    0    5 0.000000 1.000000
   3    2   16 0.342857 2.657143
  11   30   32 5.347619 5.652381
  18   42   67 6.985714 11.014286
  57  250   92 41.767857 15.232143
  11   26   41 4.355952 6.644048
  11   18   48 3.119048 7.880952
  21   58   67 9.928571 11.071429
  57  246   96 41.336905 15.663095
   9   12   41 2.076190 6.923810
   8   16   32 2.742857 5.257143
  19   52   62 8.723810 10.276190
  64  300   85 50.258333 13.741667
  10   18   40 3.076190 6.923810
   6   10   28 1.647619 4.352381
  22   72   63 12.027381 9.972619
  62  280   89 46.852381 15.147619
   3    2   16 0.333333 2.666667
   7   14   27 2.419048 4.580952
  23   84   54 14.214286 8.785714
  67  324   79 54.050000 12.950000
   4    4   19 0.766667 3.233333
  14   44   38 7.590476 6.409524
  27  102   59 17.209524 9.790476
  55  240   94 39.640476 15.359524
   3    2   18 0.291667 2.708333
  14   36   47 6.295238 7.704762
  26   86   66 14.604762 11.395238
  57  238  107 39.663095 17.336905
  17   44   57 7.338095 9.661905
  19   48   67 8.004762 10.995238
  64  280  104 46.845238 17.154762
   9   14   39 2.404762 6.595238
  27   86   77 14.305952 12.694048
  64  278  106 46.459524 17.540476
  14   36   44 6.200000 7.800000
  23   58   81 9.685714 13.314286
  63  268  113 44.547619 18.452381
  13   40   37 6.833333 6.166667
  27   82   81 13.742857 13.257143
  60  262   98 43.838095 16.161905
  13   44   35 7.361905 5.638095
  27   94   66 15.747619 11.252381
  60  274   87 45.539286 14.460714
  11   36   30 6.166667 4.833333
  36  132   86 22.160714 13.839286
  53  224   92 37.457143 15.542857
   8   16   33 2.710714 5.289286
  39  158   80 26.119048 12.880952
  53  220   93 37.154762 15.845238
   9   28   26 4.741667 4.258333
  42  184   70 30.846429 11.153571
  49  212   80 35.464286 13.535714
   7   18   24 3.133333 3.866667
  32  126   65 21.195238 10.804762
  61  282   85 47.102381 13.897619
  16   56   40 9.254762 6.745238
  28  110   64 18.114286 9.885714
  56  242   88 40.885714 15.114286
  13   36   43 5.966667 7.033333
  22   72   61 12.023810 9.976190
  65  296   92 49.489286 15.510714
  13   42   36 7.161905 5.838095
  22   56   74 9.457143 12.542857
  65  302   90 50.117857 14.882143
  18   60   50 9.861905 8.138095
  27  100   65 16.566667 10.433333
  55  252   73 42.472619 12.527381
  21   78   48 13.059524 7.940476
  20   54   64 9.219048 10.780952
  59  272   84 45.061905 13.938095
  33  122   78 20.180952 12.819048
  18   52   55 8.888095 9.111905
  49  200   93 33.642857 15.357143
  27   92   64 15.766667 11.233333
  24   70   77 11.523810 12.476190
  49  200   97 33.085714 15.914286
  28   94   68 16.123810 11.876190
  28   86   83 14.315476 13.684524
  44  184   85 30.270238 13.729762
  26   80   74 13.567857 12.432143
  31  100   90 16.711905 14.288095
  43  152  104 25.685714 17.314286
  24   78   65 13.252381 10.747619
  32  110   86 18.242857 13.757143
  44  172   89 29.003571 14.996429
  16   48   49 7.966667 8.033333
  32   92   99 15.497619 16.502381
  52  202  110 34.095238 17.904762
  18   52   56 8.728571 9.271429
  28   90   81 15.044048 12.955952
  54  216  105 36.347619 17.652381
  19   70   46 11.742857 7.257143
  29   98   77 16.385714 12.614286
  52  218   91 36.582143 15.417857
  22   66   62 11.280952 10.719048
  33  108   92 17.892857 15.107143
  45  166  106 27.901190 17.098810
  26   96   64 16.047619 9.952381
  35  116   90 19.807143 15.192857
  39  132  102 22.067857 16.932143
  34  132   72 22.180952 11.819048
  28   82   90 13.540476 14.459524
  38  120  104 20.514286 17.485714
  40  158   83 26.248810 13.751190
  31  102   81 17.583333 13.416667
  29   88   88 14.734524 14.265476
  30   94   89 15.419048 14.580952
  40  136   98 23.172619 16.827381
  30   84   99 13.676190 16.323810
  26   82   71 14.119048 11.880952
  45  178   92 29.969048 15.030952
  29   76  101 12.490476 16.509524
  25   62   82 10.800000 14.200000
  46  178   98 29.652381 16.347619
  29   88   92 14.376190 14.623810
  31  102   83 17.290476 13.709524
  38  148   82 24.834524 13.165476
  31  116   69 19.728571 11.271429
  30  108   75 17.960714 12.039286
  33  120   75 20.304762 12.695238
  37  148   74 24.986905 12.013095
  27   94   69 15.580952 11.419048
  31  114   71 19.088095 11.911905
  42  182   70 30.594048 11.405952
  24   72   73 12.138095 11.861905
  29  100   75 16.766667 12.233333
  47  206   74 34.734524 12.265476
  18   50   59 8.253571 9.746429
  34  116   90 19.480952 14.519048
  48  192   93 32.359524 15.640476
  12   18   53 3.085714 8.914286
  47  200   82 33.454762 13.545238
  41  156   91 26.052381 14.947619
  11   30   34 5.014286 5.985714
  49  184  113 30.505952 18.494048
  40  114  125 19.166667 20.833333
  20   66   49 11.571429 8.428571
  43  142  118 23.308333 19.691667
  37  112  113 18.629762 18.370238
  18   56   52 9.383333 8.616667
  42  162   86 27.466667 14.533333
  40  150   94 24.965476 15.034524
  24   74   68 12.604762 11.395238
  42  148  102 24.747619 17.252381
  34  110   98 18.360317 15.639683
  11    8   56 1.376190 9.623810
  40  130  115 21.485714 18.514286
  49  184  107 31.085714 17.914286
  17   40   60 6.842857 10.157143
  45  176   92 29.704762 15.295238
  38  126  106 21.048810 16.951190
  24   68   77 11.583333 12.416667
  35  124   84 20.709524 14.290476
  41  146  101 24.382143 16.617857
  26   72   82 12.209524 13.790476
  32  120   72 20.208333 11.791667
  42  146  108 24.219048 17.780952
  30   86   89 14.788095 15.211905
  33  122   81 20.084524 12.915476
  37  136   86 22.866667 14.133333
  32   96   96 15.895238 16.104762
  38  144   84 24.016667 13.983333
  30   94   86 15.782540 14.217460
  23   70   71 11.516667 11.483333
  39  148   84 24.857143 14.142857
  38  150   77 25.100000 12.900000
  24   66   81 10.823810 13.176190
  43  162   92 27.361905 15.638095
  33  118   81 19.560714 13.439286
  30   96   83 16.217857 13.782143
  39  146   91 24.338095 14.661905
  31   96   88 16.095238 14.904762
  35  104  103 17.652381 17.347619
  39  138   99 23.054762 15.945238
  26   76   80 12.701190 13.298810
  41  142  100 24.050000 16.950000
  31   94   98 15.466667 15.533333
  28   96   70 16.180952 11.819048
  47  204   77 34.222619 12.777381
  22   82   52 13.445238 8.554762
  31  122   63 20.385714 10.614286
  45  186   85 30.830952 14.169048
  16   54   41 9.038095 6.961905
  39  152   82 25.363095 13.636905
  46  196   84 32.739286 13.260714
  20   70   48 11.885714 8.114286
  34  118   84 19.882143 14.117857
  50  216   85 35.992857 14.007143
  26   94   61 15.895238 10.104762
  24   68   76 11.457143 12.542857
  42  184   72 30.509524 11.490476
  36  154   57 26.119048 9.880952
  22   78   55 13.189286 8.810714
  49  200   99 33.061111 15.938889
  35  124   81 20.997619 14.002381
  16   52   44 8.776190 7.223810
  51  202  100 34.065476 16.934524
  30   94   87 15.519048 14.480952
  19   62   55 10.276190 8.723810
  62  280   89 47.184524 14.815476
  21   60   69 10.101190 10.898810
  17   52   50 8.742857 8.257143
  78  390   80 65.059524 12.940476
   8   10   38 1.709524 6.290476
  14   30   52 5.180952 8.819048
  81  410   77 68.488095 12.511905
  10   18   42 3.052381 6.947619
   9   16   37 2.776190 6.223810
  87  468   51 78.482143 8.517857
   8   18   30 3.069048 4.930952
   5    4   29 0.666667 4.333333
  79  426   47 71.194048 7.805952
  10   28   32 4.776190 5.223810
  11   32   35 5.366667 5.633333
  72  378   55 62.942857 9.057143
  10   30   28 5.152381 4.847619
  18   62   47 10.307143 7.692857
  76  382   71 64.073810 11.926190
   8   22   29 3.734524 4.265476
  16   50   46 8.342857 7.657143
  80  420   62 70.090476 9.909524
   2    0   12 0.000000 2.000000
  18   56   50 9.760714 8.239286
  81  416   71 69.576190 11.423810
   6   12   23 2.066667 3.933333
  13   30   48 5.047619 7.952381
  87  464   56 77.638095 9.361905
   3    6   13 0.952381 2.047619
  10   18   43 3.028571 6.971429
  92  518   33 86.527381 5.472619
   8   16   33 2.642857 5.357143
  97  566   16 94.423810 2.576190
   3    2   16 0.333333 2.666667
  98  580    9 96.595238 1.404762
   2    2    9 0.366667 1.633333
  97  570   13 94.970238 2.029762
   3    4   13 0.733333 2.266667
  91  524   26 86.952381 4.047619
   9   24   26 4.266667 4.733333
  86  476   39 79.452381 6.547619
  14   46   39 7.644048 6.355952
  92  532   21 88.644048 3.355952
   8   26   21 4.447619 3.552381
  97  568   15 94.627381 2.372619
   3    2   15 0.366667 2.633333
  98  574   13 95.771429 2.228571
   2    0   13 0.000000 2.000000
  98  578   10 96.371429 1.628571
   2    2   10 0.342857 1.657143
  97  564   16 94.285714 2.714286
   3    4   16 0.595238 2.404762
  96  558   18 93.066667 2.933333
   4    6   18 1.042857 2.957143
  98  576   12 95.980952 2.019048
   2    0   12 0.000000 2.000000
 100  600    0 100.000000 0.000000
