   2    2   11 0.309524 1.690476
   1    0    7 0.000000 1.000000
   1    0    6 0.000000 1.000000
   3    6   12 1.000000 2.000000
   1    0    6 0.000000 1.000000
   2    2   10 0.342857 1.657143
   1    0    7 0.000000 1.000000
   4    8   17 1.285714 2.714286
   1    0    5 0.000000 1.000000
   2    2   11 0.309524 1.690476
   2    2   13 0.267857 1.732143
   3    6   11 1.066667 1.933333
   1    0    6 0.000000 1.000000
   5   14   14 2.533333 2.466667
   1    0    7 0.000000 1.000000
   2    2   11 0.309524 1.690476
   4   10   13 1.766667 2.233333
   3    4   13 0.700000 2.300000
   1    0    6 0.000000 1.000000
   1    0    5 0.000000 1.000000
   1    0    7 0.000000 1.000000
   2    0   13 0.000000 2.000000
   2    2    7 0.450000 1.550000
   1    0    7 0.000000 1.000000
   1    0    6 0.000000 1.000000
   1    0    7 0.000000 1.000000
   2    2   11 0.309524 1.690476
   2    2    8 0.400000 1.600000
   3    6   12 1.050000 1.950000
   1    0    6 0.000000 1.000000
   1    0    7 0.000000 1.000000
   1    0    7 0.000000 1.000000
   8   28   19 4.804762 3.195238
   1    0    6 0.000000 1.000000
   1    0    7 0.000000 1.000000
   1    0    6 0.000000 1.000000
   1    0    7 0.000000 1.000000
   1    0    6 0.000000 1.000000
   1    0    5 0.000000 1.000000
   1    0    6 0.000000 1.000000
   2    2    9 0.366667 1.633333
   1    0    6 0.000000 1.000000
   2    2    9 0.366667 1.633333
   1    0    7 0.000000 1.000000
   3    6   12 1.019048 1.980952
   2    2   10 0.333333 1.666667
   4   10   14 1.714286 2.285714
   4    4   18 0.733333 3.266667
   1    0    7 0.000000 1.000000
   1    0    6 0.000000 1.000000
   1    0    5 0.000000 1.000000
   4    8   14 1.550000 2.450000
   3    4   13 0.700000 2.300000
   6   14   20 2.500000 3.500000
   1    0    5 0.000000 1.000000
   1    0    5 0.000000 1.000000
   4    8   16 1.333333 2.666667
   1    0    6 0.000000 1.000000
   7   16   28 2.717857 4.282143
   1    0    7 0.000000 1.000000
   1    0    7 0.000000 1.000000
   8   20   26 3.433333 4.566667
   9   24   31 4.040476 4.959524
   1    0    6 0.000000 1.000000
   2    2   10 0.333333 1.666667
   4    2   22 0.333333 3.666667
   1    0    6 0.000000 1.000000
   1    0    7 0.000000 1.000000
   2    0   13 0.000000 2.000000
   1    0    6 0.000000 1.000000
   1    0    7 0.000000 1.000000
   5   14   18 2.166667 2.833333
   5   12   14 2.271429 2.728571
   6   12   23 2.028571 3.971429
   2    0   13 0.000000 2.000000
   1    0    6 0.000000 1.000000
   7   14   27 2.414286 4.585714
   3    4   15 0.642857 2.357143
   2    2   10 0.333333 1.666667
   2    0   12 0.000000 2.000000
   4    8   17 1.285714 2.714286
   1    0    6 0.000000 1.000000
   7   22   20 3.750000 3.250000
   6   14   22 2.352381 3.647619
   2    2   12 0.285714 1.714286
   3    6   10 1.133333 1.866667
   1    0    6 0.000000 1.000000
   5   14   14 2.471429 2.528571
   1    0    6 0.000000 1.000000
   9   24   31 3.923810 5.076190
   8   16   31 2.695238 5.304762
   1    0    6 0.000000 1.000000
   3    2   19 0.285714 2.714286
   2    2   10 0.342857 1.657143
   1    0    5 0.000000 1.000000
   3    2   17 0.333333 2.666667
   1    0    5 0.000000 1.000000
   5   14   16 2.328571 2.671429
   4    8   16 1.333333 2.666667
   4    8   18 1.214286 2.785714
   1    0    7 0.000000 1.000000
   9   24   30 3.919048 5.080952
   8   20   28 3.266667 4.733333
   1    0    6 0.000000 1.000000
   3    6   11 1.066667 1.933333
  12   40   30 6.778571 5.221429
   1    0    6 0.000000 1.000000
   6   18   18 3.033333 2.966667
   7   14   28 2.319048 4.680952
   3    4   16 0.595238 2.404762
   2    0   12 0.000000 2.000000
   9   24   31 3.933333 5.066667
   3    6   14 0.916667 2.083333
  22   92   37 15.785714 6.214286
   6   12   25 1.995238 4.004762
   3    2   16 0.309524 2.690476
   1    0    6 0.000000 1.000000
   1    0    6 0.000000 1.000000
   3    4   12 0.766667 2.233333
   1    0    6 0.000000 1.000000
   3    2   15 0.400000 2.600000
   5   12   18 1.995238 3.004762
   6    6   31 0.976190 5.023810
   6    8   27 1.366667 4.633333
   3    6   10 1.133333 1.866667
  12   32   40 5.308333 6.691667
   4    8   18 1.261905 2.738095
  11   24   41 4.077381 6.922619
   2    0   12 0.000000 2.000000
   6   12   26 1.880952 4.119048
   5   12   16 2.128571 2.871429
  21   82   44 13.814286 7.185714
   3    2   17 0.342857 2.657143
   8   28   20 4.785714 3.214286
   2    2   10 0.342857 1.657143
   4    8   15 1.400000 2.600000
   2    0   11 0.000000 2.000000
  14   40   43 6.688095 7.311905
   3    0   19 0.000000 3.000000
   4   10   15 1.595238 2.404762
   4    6   20 0.928571 3.071429
   4    6   17 1.066667 2.933333
   7   12   30 2.038095 4.961905
  12   38   35 6.450000 5.550000
   4    4   21 0.642857 3.357143
   8   22   26 3.723810 4.276190
  18   60   51 9.864286 8.135714
   4    6   18 1.019048 2.980952
  14   58   26 9.900000 4.100000
   6   18   15 3.300000 2.700000
   2    2   12 0.291667 1.708333
   8   16   33 2.557143 5.442857
   3    2   15 0.366667 2.633333
   2    0   13 0.000000 2.000000
   7   16   25 2.723810 4.276190
   2    2   11 0.309524 1.690476
  10   24   31 4.338095 5.661905
  18   76   30 13.000000 5.000000
   3    2   16 0.333333 2.666667
  12   28   46 4.747619 7.252381
  12   28   41 4.766667 7.233333
   1    0    6 0.000000 1.000000
  26  102   55 16.886905 9.113095
   3    6   12 1.000000 2.000000
   8   20   28 3.466667 4.533333
   1    0    6 0.000000 1.000000
   5    8   23 1.261905 3.738095
  11   18   49 3.044048 7.955952
  14   48   36 8.185714 5.814286
   5    6   24 1.052381 3.947619
  15   44   46 7.403571 7.596429
  14   40   43 6.714286 7.285714
   3    6   11 1.066667 1.933333
  18   66   43 10.833333 7.166667
   9   20   34 3.538095 5.461905
   2    2   11 0.309524 1.690476
   3    2   15 0.400000 2.600000
  17   40   63 6.666667 10.333333
  18   66   44 10.785714 7.214286
   6   10   27 1.651190 4.348810
  14   36   47 6.128571 7.871429
  22   66   68 11.028571 10.971429
   3    4   13 0.742857 2.257143
   5    6   26 0.928571 4.071429
   8   10   41 1.619048 6.380952
   1    0    7 0.000000 1.000000
   2    0   12 0.000000 2.000000
  21   48   69 8.504762 12.495238
  17   64   39 10.661905 6.338095
   5    8   22 1.395238 3.604762
   8   10   39 1.704762 6.295238
  19   56   58 9.380952 9.619048
   2    2    9 0.366667 1.633333
   3    0   18 0.000000 3.000000
  15   48   38 8.438095 6.561905
   3    6   12 1.000000 2.000000
   2    2   10 0.333333 1.666667
  26   86   73 14.252381 11.747619
  18   66   43 11.104762 6.895238
   2    2    9 0.366667 1.633333
   5   10   24 1.500000 3.500000
  27  102   61 17.057143 9.942857
   3    6   12 1.000000 2.000000
  12   28   41 4.866667 7.133333
   1    0    7 0.000000 1.000000
  32  104   85 17.685714 14.314286
  16   44   55 7.271429 8.728571
  22   86   46 14.434524 7.565476
  10   32   25 5.700000 4.300000
  12   28   45 4.826190 7.173810
  40  164   75 27.458333 12.541667
  20   60   59 10.090476 9.909524
  22   74   61 12.133333 9.866667
  14   46   36 7.885714 6.114286
  10   26   37 4.242857 5.757143
  34  136   65 22.822619 11.177381
  24   62   80 10.728571 13.271429
  21   62   64 10.631746 10.368254
  16   52   47 8.580952 7.419048
   5   10   18 1.876190 3.123810
  34  124   81 20.659524 13.340476
  21   70   53 12.097619 8.902381
  22   86   47 14.285714 7.714286
  18   68   40 11.480952 6.519048
   7   22   20 3.814286 3.185714
  32  128   66 21.390476 10.609524
  13   30   52 4.866667 8.133333
  28   96   73 16.119048 11.880952
  21   76   49 12.847619 8.152381
   6   16   21 2.680952 3.319048
  32  110   77 18.666667 13.333333
   8   12   40 1.953571 6.046429
  21   64   63 10.690476 10.309524
  27   94   62 16.323810 10.676190
   5    8   24 1.344048 3.655952
  39  144   89 24.128571 14.871429
  16   30   68 5.086905 10.913095
  21   60   63 10.234524 10.765476
  21   72   55 11.909524 9.090476
   4    4   21 0.666667 3.333333
  38  140   87 23.621429 14.378571
  15   26   61 4.561905 10.438095
  36  136   78 22.864286 13.135714
  22   82   52 13.765476 8.234524
  10   26   34 4.557143 5.442857
  17   32   73 5.147619 11.852381
  14   30   55 5.028571 8.971429
  52  204  100 34.829762 17.170238
  14   36   50 5.823810 8.176190
   9   12   43 1.971429 7.028571
  11   24   46 4.000000 7.000000
   8   10   38 1.711905 6.288095
  58  250   95 42.066667 15.933333
  13   34   43 5.719048 7.280952
  12   24   49 4.090476 7.909524
   9   14   43 2.328571 6.671429
   9    8   42 1.516667 7.483333
  53  256   67 42.467857 10.532143
  20   70   49 11.995238 8.004762
   6   12   28 1.863095 4.136905
  12   30   38 5.304762 6.695238
  11   16   55 2.576190 8.423810
  52  252   64 41.827381 10.172619
  16   46   44 8.028571 7.971429
   4    4   21 0.642857 3.357143
  17   40   58 6.933333 10.066667
  17   32   68 5.422619 11.577381
  51  240   67 40.083333 10.916667
  12   26   50 4.209524 7.790476
   5   10   21 1.619048 3.380952
  15   34   52 5.890476 9.109524
  12   14   61 2.176190 9.823810
  65  324   64 54.353571 10.646429
  11   30   35 5.057143 5.942857
   2    2    9 0.366667 1.633333
  10   28   33 4.633333 5.366667
  11   30   36 4.933333 6.066667
  64  328   57 54.591667 9.408333
  11   32   35 5.346032 5.653968
   2    2    9 0.366667 1.633333
  12   40   31 6.802381 5.197619
  12   28   48 4.452381 7.547619
  63  324   53 54.257143 8.742857
   7   14   28 2.319048 4.680952
   3    6   11 1.066667 1.933333
  15   50   38 8.690476 6.309524
  18   56   52 9.459524 8.540476
  57  282   60 47.028571 9.971429
   7    8   33 1.352381 5.647619
   4    4   19 0.666667 3.333333
  14   54   32 8.919048 5.080952
  16   48   48 8.114286 7.885714
  62  302   68 50.710714 11.289286
   5    4   29 0.601190 4.398810
   4    6   17 1.000000 3.000000
  13   42   36 6.971429 6.028571
  11   22   43 3.828571 7.171429
  65  304   84 51.029762 13.970238
   4    4   24 0.625000 3.375000
   4    8   17 1.304762 2.695238
  16   46   48 7.880952 8.119048
   6    6   30 1.009524 4.990476
  56  254   83 42.523810 13.476190
  13   34   43 5.700000 7.300000
   4    4   19 0.700000 3.300000
  21   82   45 13.742857 7.257143
   1    0    6 0.000000 1.000000
  68  326   87 54.038095 13.961905
   7    8   34 1.328571 5.671429
   5   10   17 1.816667 3.183333
  19   70   42 11.904762 7.095238
   1    0    6 0.000000 1.000000
  70  320   99 53.465476 16.534524
   5    4   27 0.642857 4.357143
   9   28   27 4.657143 4.342857
  15   42   47 7.058333 7.941667
  73  340   98 56.754762 16.245238
   2    0   10 0.000000 2.000000
   9   22   29 3.900000 5.100000
  16   36   65 5.666667 10.333333
  71  326   96 54.833333 16.166667
   2    2    9 0.366667 1.633333
   5    8   25 1.214286 3.785714
  22   62   72 10.482143 11.517857
  76  374   86 61.963095 14.036905
   3    6   12 1.019048 1.980952
   3    2   14 0.366667 2.633333
  18   38   68 6.379762 11.620238
  77  374   87 62.526190 14.473810
   2    2   10 0.342857 1.657143
  21   48   79 7.942857 13.057143
  81  414   74 68.871429 12.128571
   2    2    9 0.366667 1.633333
  17   32   69 5.435714 11.564286
  92  500   47 84.157143 7.842857
   8    6   47 0.928571 7.071429
  94  528   35 88.148810 5.851190
   6    2   35 0.309524 5.690476
  89  494   42 82.361905 6.638095
  11   22   42 3.902381 7.097619
  91  498   46 83.332143 7.667857
   9   10   46 1.709524 7.290476
  99  588    6 98.023810 0.976190
   1    0    6 0.000000 1.000000
  98  580    9 96.619048 1.380952
   2    2    9 0.366667 1.633333
 100  600    0 100.000000 0.000000
