   2    2    8 0.400000 1.600000
   2    2    9 0.366667 1.633333
   1    0    7 0.000000 1.000000
   1    0    7 0.000000 1.000000
   1    0    8 0.000000 1.000000
   2    2   10 0.333333 1.666667
   1    0    6 0.000000 1.000000
   1    0    7 0.000000 1.000000
   2    2    9 0.366667 1.633333
   2    2   10 0.342857 1.657143
   1    0    6 0.000000 1.000000
   3    6   13 0.983333 2.016667
   2    2    8 0.400000 1.600000
   1    0    5 0.000000 1.000000
   2    2   10 0.342857 1.657143
   1    0    6 0.000000 1.000000
   1    0    7 0.000000 1.000000
   3    2   19 0.285714 2.714286
   2    2   10 0.333333 1.666667
   2    2   11 0.309524 1.690476
   4    8   15 1.419048 2.580952
   2    2    8 0.400000 1.600000
   1    0    6 0.000000 1.000000
   3    6   13 0.952381 2.047619
   1    0    6 0.000000 1.000000
   1    0    6 0.000000 1.000000
   2    2   11 0.309524 1.690476
   1    0    6 0.000000 1.000000
   3    6   11 1.066667 1.933333
   1    0    6 0.000000 1.000000
   4   10   15 1.595238 2.404762
   1    0    7 0.000000 1.000000
   1    0    6 0.000000 1.000000
   3    6   10 1.133333 1.866667
   1    0    5 0.000000 1.000000
   1    0    7 0.000000 1.000000
   2    2   10 0.333333 1.666667
   2    2    9 0.366667 1.633333
   2    2    8 0.400000 1.600000
   2    2   11 0.309524 1.690476
   2    0   14 0.000000 2.000000
   2    2    9 0.366667 1.633333
   3    6   11 1.085714 1.914286
   1    0    7 0.000000 1.000000
   4   10   13 1.864286 2.135714
   1    0    6 0.000000 1.000000
   1    0    5 0.000000 1.000000
   1    0    6 0.000000 1.000000
   1    0    5 0.000000 1.000000
   2    0   12 0.000000 2.000000
   1    0    7 0.000000 1.000000
   1    0    7 0.000000 1.000000
   2    2    8 0.400000 1.600000
   1    0    6 0.000000 1.000000
   3    4   16 0.595238 2.404762
   2    2   10 0.333333 1.666667
   1    0    6 0.000000 1.000000
   6   16   17 2.895238 3.104762
   1    0    6 0.000000 1.000000
   2    2   12 0.291667 1.708333
   1    0    7 0.000000 1.000000
   4    6   17 1.076190 2.923810
   1    0    6 0.000000 1.000000
   3    4   13 0.742857 2.257143
   3    2   17 0.333333 2.666667
   2    2   11 0.309524 1.690476
   1    0    5 0.000000 1.000000
   4   10   14 1.708333 2.291667
   1    0    5 0.000000 1.000000
   1    0    7 0.000000 1.000000
   1    0    6 0.000000 1.000000
   4    8   17 1.338095 2.661905
   1    0    5 0.000000 1.000000
   8   18   28 3.242857 4.757143
   2    2   13 0.267857 1.732143
   8   22   27 3.750000 4.250000
   4   10   13 1.761905 2.238095
   3    6   12 1.000000 2.000000
   5   10   20 1.719048 3.280952
   1    0    7 0.000000 1.000000
   4   10   12 1.828571 2.171429
   5    6   23 1.076190 3.923810
   3    6   13 0.952381 2.047619
   4   10   14 1.666667 2.333333
   1    0    6 0.000000 1.000000
   3    6   11 1.066667 1.933333
   1    0    6 0.000000 1.000000
   1    0    6 0.000000 1.000000
   2    2   10 0.342857 1.657143
   2    2   11 0.309524 1.690476
   3    2   16 0.333333 2.666667
   3    2   17 0.309524 2.690476
   1    0    6 0.000000 1.000000
  10   34   24 5.904762 4.095238
   2    2   11 0.309524 1.690476
   2    2   10 0.333333 1.666667
   2    2    8 0.400000 1.600000
   4    6   17 1.066667 2.933333
   2    2   10 0.333333 1.666667
   2    2   11 0.309524 1.690476
   3    4   16 0.583333 2.416667
   3    4   15 0.619048 2.380952
   5   12   18 2.028571 2.971429
   1    0    7 0.000000 1.000000
   2    2   10 0.342857 1.657143
   9   26   28 4.542857 4.457143
   1    0    6 0.000000 1.000000
   7    6   34 1.019048 5.980952
   6   12   25 1.904762 4.095238
   1    0    7 0.000000 1.000000
   3    2   16 0.366667 2.633333
   4    8   15 1.400000 2.600000
   7   22   17 3.933333 3.066667
   4    6   19 0.916667 3.083333
   3    4   16 0.583333 2.416667
   9   28   26 4.723810 4.276190
   4    8   14 1.411905 2.588095
   2    2   11 0.309524 1.690476
   2    0   13 0.000000 2.000000
   4    8   17 1.285714 2.714286
   6   14   21 2.423810 3.576190
   3    4   15 0.642857 2.357143
   3    6   10 1.133333 1.866667
   2    0   13 0.000000 2.000000
   4    4   19 0.766667 3.233333
   1    0    6 0.000000 1.000000
   5   12   19 1.976190 3.023810
   5   10   22 1.547619 3.452381
  14   42   43 7.100000 6.900000
   2    2    8 0.400000 1.600000
   6    6   32 0.952381 5.047619
   3    4   13 0.700000 2.300000
   1    0    5 0.000000 1.000000
   3    4   14 0.666667 2.333333
   6   12   22 2.128571 3.871429
   6   16   19 2.842857 3.157143
   5   12   20 1.900000 3.100000
  16   52   44 8.700000 7.300000
   1    0    6 0.000000 1.000000
   2    2   10 0.333333 1.666667
   2    0   12 0.000000 2.000000
  10   18   40 3.071429 6.928571
   5   10   21 1.695238 3.304762
   5   12   18 2.095238 2.904762
   3    6   12 1.019048 1.980952
   3    4   14 0.666667 2.333333
   3    4   14 0.709524 2.290476
   1    0    6 0.000000 1.000000
   2    2    9 0.366667 1.633333
   1    0    6 0.000000 1.000000
  15   40   54 6.557143 8.442857
  10   14   45 2.391667 7.608333
   3    4   16 0.592857 2.407143
   1    0    6 0.000000 1.000000
   4    6   16 1.133333 2.866667
   5   12   17 2.095238 2.904762
   8   22   26 3.633333 4.366667
  17   46   55 7.922619 9.077381
   2    2   11 0.309524 1.690476
   2    2   10 0.333333 1.666667
  10   22   34 3.866667 6.133333
   2    2   11 0.309524 1.690476
   1    0    7 0.000000 1.000000
   4    6   18 1.019048 2.980952
   6    8   27 1.400000 4.600000
   1    0    6 0.000000 1.000000
   2    2   10 0.333333 1.666667
   3    6   11 1.066667 1.933333
  17   54   44 9.466667 7.533333
  12   34   41 5.647619 6.352381
   3    4   13 0.733333 2.266667
   7   22   22 3.633333 3.366667
   7   22   21 3.647619 3.352381
   8   14   38 2.130952 5.869048
  14   36   46 6.223810 7.776190
   3    6   13 0.952381 2.047619
  11   36   28 6.321429 4.678571
   1    0    6 0.000000 1.000000
   6   16   19 2.714286 3.285714
   6   10   24 1.785714 4.214286
   1    0    6 0.000000 1.000000
   4    6   17 1.066667 2.933333
  21   76   51 12.661905 8.338095
  12   30   41 5.076190 6.923810
   1    0    6 0.000000 1.000000
   8   16   32 2.695238 5.304762
   8   22   29 3.641667 4.358333
   7   12   31 1.971429 5.028571
  11   34   32 5.709524 5.290476
   3    4   16 0.595238 2.404762
   9   20   32 3.495238 5.504762
   1    0    8 0.000000 1.000000
   4    4   18 0.733333 3.266667
  10   26   32 4.380952 5.619048
   3    4   14 0.666667 2.333333
   3    2   17 0.333333 2.666667
  25   92   56 15.528571 9.471429
  10   34   25 5.780952 4.219048
   2    2   12 0.291667 1.708333
   6   10   27 1.642857 4.357143
   5    6   24 1.033333 3.966667
   4    4   20 0.733333 3.266667
  13   42   39 6.819048 6.180952
   5   14   16 2.333333 2.666667
  17   60   40 10.209524 6.790476
   1    0    6 0.000000 1.000000
   5   12   17 2.095238 2.904762
   5    8   21 1.400000 3.600000
   4    4   21 0.642857 3.357143
   1    0    6 0.000000 1.000000
  30  124   55 21.032143 8.967857
   7   14   28 2.333333 4.666667
   1    0    6 0.000000 1.000000
   8   24   22 4.245238 3.754762
   2    0   13 0.000000 2.000000
   4    8   15 1.366667 2.633333
  13   48   34 7.808333 5.191667
   2    2   12 0.285714 1.714286
  13   40   38 6.792857 6.207143
   2    0   12 0.000000 2.000000
   7   12   33 1.846429 5.153571
   8   14   33 2.542857 5.457143
  28  110   59 18.336905 9.663095
   3    2   16 0.333333 2.666667
   4    6   20 0.952381 3.047619
   7   24   17 4.142857 2.857143
   3    2   16 0.333333 2.666667
   2    2   10 0.333333 1.666667
  21   80   41 13.750000 7.250000
   2    2   11 0.309524 1.690476
  11   26   43 4.261905 6.738095
   3    2   17 0.333333 2.666667
  10   20   37 3.595238 6.404762
  12   32   39 5.444048 6.555952
  29  104   71 17.376190 11.623810
   1    0    7 0.000000 1.000000
   7   20   22 3.290476 3.709524
   4   10   12 1.885714 2.114286
   3    2   18 0.366667 2.633333
   2    2    9 0.366667 1.633333
  15   38   51 6.361905 8.638095
   3    6   12 1.019048 1.980952
  10   26   31 4.476190 5.523810
   7   18   27 2.809524 4.190476
   9   20   32 3.500000 5.500000
  12   34   40 5.538095 6.461905
  29  108   65 18.266667 10.733333
   8   24   25 3.961905 4.038095
   4    6   17 1.052381 2.947619
   3    4   13 0.700000 2.300000
   2    2   11 0.309524 1.690476
  11   28   40 4.559524 6.440476
   5   10   19 1.733333 3.266667
   8   20   27 3.461905 4.538095
   7   22   20 3.638095 3.361905
  12   26   45 4.476190 7.523810
  17   48   53 8.066667 8.933333
  31  106   83 17.729762 13.270238
   1    0    6 0.000000 1.000000
   1    0    6 0.000000 1.000000
   7   22   21 3.642857 3.357143
   1    0    5 0.000000 1.000000
  10   18   41 3.248810 6.751190
   5   14   17 2.233333 2.766667
  14   50   32 8.571429 5.428571
   9   22   35 3.570238 5.429762
  13   38   39 6.466667 6.533333
  19   40   80 6.545238 12.454762
  27   74   83 12.600000 14.400000
   2    2    9 0.366667 1.633333
   1    0    6 0.000000 1.000000
   4    8   17 1.392857 2.607143
   1    0    7 0.000000 1.000000
   8   10   37 1.704762 6.295238
   2    2    9 0.366667 1.633333
  17   62   42 10.290476 6.709524
  10   22   36 3.814286 6.185714
  22   82   50 13.733333 8.266667
  11   12   51 2.142857 8.857143
  21   50   76 8.311905 12.688095
   1    0    8 0.000000 1.000000
   1    0    6 0.000000 1.000000
   2    0   12 0.000000 2.000000
   5   10   22 1.590476 3.409524
   9   14   39 2.385714 6.614286
   1    0    6 0.000000 1.000000
  19   66   50 10.804762 8.195238
   7   16   25 2.719048 4.280952
  36  134   79 22.689286 13.310714
   5   10   22 1.614286 3.385714
  18   38   68 6.433333 11.566667
   2    2   10 0.333333 1.666667
   6   16   21 2.619048 3.380952
   5    2   29 0.366667 4.633333
   2    2   10 0.333333 1.666667
  25   90   59 15.052381 9.947619
   4   10   14 1.714286 2.285714
  30   96   89 15.730952 14.269048
   8   18   27 3.204762 4.795238
  15   36   57 5.714286 9.285714
   1    0    6 0.000000 1.000000
   5    6   23 1.019048 3.980952
   8   12   34 2.047619 5.952381
   4   10   13 1.864286 2.135714
  29  108   66 18.104762 10.895238
   5   12   17 2.100000 2.900000
  30  104   77 17.547619 12.452381
   6   14   23 2.304762 3.695238
  15   46   45 7.491667 7.508333
   1    0    7 0.000000 1.000000
   9   26   26 4.535714 4.464286
   5   14   15 2.400000 2.600000
  34  134   67 22.457143 11.542857
   3    6   12 1.000000 2.000000
  22   82   51 13.733333 8.266667
   6   12   25 1.928571 4.071429
  17   46   59 7.597619 9.402381
   2    2   10 0.333333 1.666667
  16   60   34 10.300000 5.700000
  32  116   79 19.391667 12.608333
  17   60   39 10.085714 6.914286
   5   10   20 1.661905 3.338095
  21   62   65 10.223810 10.776190
   2    2   10 0.342857 1.657143
  23   84   53 14.128571 8.871429
  23   62   73 10.597619 12.402381
  21   74   55 12.214286 8.785714
   8   16   29 2.885714 5.114286
  26   92   65 15.354762 10.645238
   2    2   11 0.309524 1.690476
  20   76   45 12.671429 7.328571
  28  102   65 17.319048 10.680952
  18   60   50 9.909524 8.090476
   8   24   25 4.090476 3.909524
  25   94   56 15.758333 9.241667
   3    2   16 0.333333 2.666667
  18   62   44 10.542857 7.457143
  34  138   68 23.022222 10.977778
  14   42   42 7.090476 6.909524
   9   30   24 5.047619 3.952381
  22   70   57 12.128571 9.871429
   3    4   14 0.709524 2.290476
  18   68   43 11.304762 6.695238
  20   58   61 9.642857 10.357143
  15   36   53 6.204762 8.795238
  16   54   44 8.929762 7.070238
  23   80   57 13.552381 9.447619
   8   20   29 3.390476 4.609524
  18   68   40 11.284524 6.715476
  32  116   82 19.110714 12.889286
  11   16   49 2.785714 8.214286
  12   28   45 4.685714 7.314286
  14   36   42 6.373810 7.626190
  11   22   43 3.704762 7.295238
  20   60   61 10.008333 9.991667
  33  136   62 22.860714 10.139286
   7    6   39 0.961905 6.038095
  10   24   34 4.125000 5.875000
  20   72   47 12.076190 7.923810
  11   30   33 5.244048 5.755952
  19   60   57 9.961905 9.038095
  28   94   74 15.920238 12.079762
   9   18   36 2.990476 6.009524
  12   34   35 5.840476 6.159524
  29  108   64 18.171429 10.828571
  10   28   32 4.690476 5.309524
  12   20   57 3.214286 8.785714
  35  136   81 22.546429 12.453571
   9    8   38 1.633333 7.366667
  14   40   44 6.695238 7.304762
  31   98   91 16.114286 14.885714
   5    4   26 0.700000 4.300000
   6    8   26 1.433333 4.566667
  37  148   72 24.908333 12.091667
  10   10   49 1.742857 8.257143
  18   54   51 9.261905 8.738095
  29   92   84 15.496429 13.503571
   3    4   15 0.685714 2.314286
   3    2   19 0.285714 2.714286
  45  212   59 35.696429 9.303571
   8   10   38 1.666667 6.333333
  16   42   54 7.052381 8.947619
  25   70   79 11.866667 13.133333
   2    2   10 0.333333 1.666667
   4   10   14 1.666667 2.333333
  52  248   71 41.155952 10.844048
   8   10   35 1.752381 6.247619
   7   10   31 1.769048 5.230952
  30   90   87 15.252381 14.747619
   3    6   12 1.000000 2.000000
  55  260   67 43.667857 11.332143
   6   10   26 1.685714 4.314286
   4    6   21 0.952381 3.047619
  30  124   57 20.536905 9.463095
   5   12   17 2.033333 2.966667
  51  234   75 38.853571 12.146429
   5    6   23 1.100000 3.900000
   9   22   31 3.728571 5.271429
  33  144   56 23.700000 9.300000
   2    2    7 0.450000 1.550000
  49  206   86 35.055952 13.944048
  10   28   33 4.789286 5.210714
   4    6   18 1.019048 2.980952
  36  152   66 25.282143 10.717857
   1    0    5 0.000000 1.000000
  54  252   73 42.090476 11.909524
  18   64   44 10.764286 7.235714
   3    6   12 1.000000 2.000000
  23   72   65 12.278571 10.721429
   2    0   12 0.000000 2.000000
  52  218   94 36.280952 15.719048
   7   16   28 2.584524 4.415476
   5   12   17 2.085714 2.914286
  31   94   90 15.847619 15.152381
   5   10   21 1.619048 3.380952
  51  206   97 34.733333 16.266667
   8   18   26 3.257143 4.742857
   3    6   14 0.904762 2.095238
  32  108   90 17.634524 14.365476
   6   14   21 2.414286 3.585714
  46  176  101 29.338095 16.661905
   5    6   25 0.904762 4.095238
   8   26   24 4.238095 3.761905
  39  142   88 24.114286 14.885714
   2    2   10 0.342857 1.657143
  62  286   84 47.884524 14.115476
   4    4   22 0.619048 3.380952
   5    8   22 1.352381 3.647619
  26   78   79 12.919048 13.080952
   3    6   11 1.085714 1.914286
  66  322   75 53.985714 12.014286
   2    0   13 0.000000 2.000000
   7   24   18 4.095238 2.904762
  25   82   66 13.995238 11.004762
  62  306   69 51.036905 10.963095
   1    0    7 0.000000 1.000000
   9   24   31 3.995238 5.004762
  28   94   69 16.196429 11.803571
  62  296   76 49.403571 12.596429
   1    0    5 0.000000 1.000000
   9   20   34 3.333333 5.666667
  28  102   67 17.172619 10.827381
  54  244   80 40.790476 13.209524
  15   54   36 8.976190 6.023810
  31  124   62 20.876190 10.123810
  58  272   75 45.351190 12.648810
  15   46   41 7.919048 7.080952
  27  104   62 17.128571 9.871429
  59  264   88 44.414286 14.585714
   5    8   28 1.107143 3.892857
  36  132   80 22.523810 13.476190
  62  286   90 47.839286 14.160714
   5   12   17 2.061905 2.938095
  33  122   73 20.716667 12.283333
  65  302   83 51.014286 13.985714
   4    2   24 0.309524 3.690476
  31  130   59 21.785714 9.214286
  55  246   84 41.258333 13.741667
   1    0    7 0.000000 1.000000
  44  180   83 30.267857 13.732143
  59  278   76 46.361905 12.638095
  41  170   76 28.338095 12.661905
  47  202   80 33.776190 13.223810
  53  238   80 39.747222 13.252778
  51  230   75 38.608730 12.391270
  49  220   75 36.590476 12.409524
  65  312   77 52.463095 12.536905
  35  134   77 22.319048 12.680952
  69  348   68 57.976190 11.023810
  31  116   68 19.670238 11.329762
  68  328   75 55.185714 12.814286
  32  122   75 20.390476 11.609524
  62  292   79 48.917857 13.082143
  38  150   79 25.295238 12.704762
  49  214   81 35.755952 13.244048
  51  224   81 37.552381 13.447619
  57  242   92 41.053571 15.946429
  43  174   92 28.591667 14.408333
  42  142  113 23.596429 18.403571
  58  232  113 38.963095 19.036905
  41  152   97 25.333333 15.666667
  59  254   97 42.835714 16.164286
  33   88  110 14.950000 18.050000
  67  292  110 49.094048 17.905952
  36  112  103 18.704762 17.295238
  64  282  103 47.111905 16.888095
  23   60   80 10.035714 12.964286
  77  380   80 63.744048 13.255952
  21   52   73 8.814286 12.185714
  79  402   73 67.092857 11.907143
  15   48   46 7.838095 7.161905
  85  460   46 77.039286 7.960714
  15   50   41 8.290476 6.709524
  85  468   41 78.071429 6.928571
  14   48   35 8.047619 5.952381
  86  482   35 80.255952 5.744048
  15   54   33 9.238095 5.761905
  85  480   33 79.814286 5.185714
  20   62   54 10.809524 9.190476
  80  430   54 71.409524 8.590476
  15   48   41 7.995238 7.004762
  85  470   41 78.244048 6.755952
   8   12   39 1.904762 6.095238
  92  510   39 85.347619 6.652381
  10   28   32 4.880952 5.119048
  90  508   32 84.757143 5.242857
   8   14   35 2.290476 5.709524
  92  516   35 85.982143 6.017857
  10   26   33 4.395238 5.604762
  90  508   33 84.571429 5.428571
  13   38   41 6.247619 6.752381
  87  480   41 79.878571 7.121429
  15   42   47 7.176190 7.823810
  85  464   47 77.315873 7.684127
  16   50   49 8.313095 7.686905
  84  452   49 75.695238 8.304762
  16   44   54 7.207143 8.792857
  84  448   54 75.035714 8.964286
   6    8   27 1.319048 4.680952
  94  538   27 89.530952 4.469048
   6    8   27 1.419048 4.580952
  94  538   27 89.622619 4.377381
  11   24   43 4.057143 6.942857
  89  490   43 81.890476 7.109524
  12   30   43 5.033333 6.966667
  88  484   43 80.870238 7.129762
  11   22   46 3.600000 7.400000
  89  486   46 81.134524 7.865476
  18   56   50 9.633333 8.366667
  82  444   50 73.985714 8.014286
  18   56   53 9.295238 8.704762
  82  438   53 73.094048 8.905952
   8   16   35 2.583333 5.416667
  92  514   35 85.957143 6.042857
   9   20   33 3.338095 5.661905
  91  514   33 85.457143 5.542857
  16   62   35 10.409524 5.590476
  84  468   35 78.104762 5.895238
  21   84   41 14.104762 6.895238
  79  434   41 72.397619 6.602381
  33  146   55 24.166667 8.833333
  67  344   55 57.432143 9.567857
  27   94   65 16.090476 10.909524
  73  376   65 62.604762 10.395238
  19   62   57 10.326190 8.673810
  81  424   57 71.207143 9.792857
  20   56   60 9.633333 10.366667
  80  424   60 70.594048 9.405952
  19   46   69 7.629762 11.370238
  81  416   69 69.619048 11.380952
  22   68   68 11.203571 10.796429
  78  396   68 66.571429 11.428571
  17   42   61 7.066667 9.933333
  83  436   61 73.039286 9.960714
  13   24   59 3.795238 9.204762
  87  458   59 76.877381 10.122619
   7   10   29 1.866667 5.133333
  93  532   29 88.402381 4.597619
  12   26   46 4.319048 7.680952
  88  482   46 80.230952 7.769048
   3    2   15 0.366667 2.633333
  97  568   15 94.551190 2.448810
   1    0    7 0.000000 1.000000
  99  586    7 97.889286 1.110714
   1    0    6 0.000000 1.000000
  99  588    6 97.990476 1.009524
 100  600    0 100.000000 0.000000
