   3    6   13 0.971429 2.028571
   4    8   14 1.466667 2.533333
   4   10   14 1.719048 2.280952
   2    2   10 0.333333 1.666667
   1    0    7 0.000000 1.000000
   1    0    6 0.000000 1.000000
   4    6   18 1.000000 3.000000
   2    2    9 0.366667 1.633333
   1    0    6 0.000000 1.000000
   2    2    9 0.366667 1.633333
   1    0    6 0.000000 1.000000
   1    0    6 0.000000 1.000000
   1    0    6 0.000000 1.000000
   5   12   17 2.171429 2.828571
   3    6   13 0.952381 2.047619
   4   10   14 1.661905 2.338095
   1    0    6 0.000000 1.000000
   1    0    5 0.000000 1.000000
   2    0   11 0.000000 2.000000
   5    8   21 1.419048 3.580952
   2    2   10 0.333333 1.666667
   5   12   18 1.971429 3.028571
   1    0    5 0.000000 1.000000
   1    0    6 0.000000 1.000000
   3    6   13 0.952381 2.047619
   4    8   15 1.400000 2.600000
   3    2   16 0.400000 2.600000
   1    0    7 0.000000 1.000000
   1    0    7 0.000000 1.000000
   2    2   11 0.309524 1.690476
   1    0    6 0.000000 1.000000
   1    0    6 0.000000 1.000000
   1    0    7 0.000000 1.000000
   2    2    9 0.366667 1.633333
   1    0    7 0.000000 1.000000
   1    0    7 0.000000 1.000000
   2    2   10 0.333333 1.666667
   1    0    7 0.000000 1.000000
   2    2   10 0.333333 1.666667
   5   14   15 2.404762 2.595238
   2    2   10 0.333333 1.666667
   1    0    7 0.000000 1.000000
   1    0    6 0.000000 1.000000
   1    0    6 0.000000 1.000000
   3    6   12 1.000000 2.000000
   1    0    5 0.000000 1.000000
   1    0    8 0.000000 1.000000
   2    0   11 0.000000 2.000000
   1    0    6 0.000000 1.000000
  14   46   38 7.657143 6.342857
   1    0    6 0.000000 1.000000
   1    0    6 0.000000 1.000000
   4   10   14 1.666667 2.333333
   2    2    9 0.366667 1.633333
   2    2   10 0.333333 1.666667
   6   14   22 2.323810 3.676190
   1    0    7 0.000000 1.000000
   5   14   16 2.395238 2.604762
   1    0    6 0.000000 1.000000
   3    4   13 0.733333 2.266667
   3    2   17 0.366667 2.633333
   3    2   15 0.366667 2.633333
   4   10   14 1.695238 2.304762
   3    6   11 1.085714 1.914286
   1    0    7 0.000000 1.000000
   1    0    6 0.000000 1.000000
   5   14   16 2.300000 2.700000
   3    4   12 0.766667 2.233333
   3    6   11 1.066667 1.933333
   3    6   11 1.066667 1.933333
   4    4   22 0.595238 3.404762
  12   28   47 4.566667 7.433333
   6   10   22 1.892857 4.107143
   3    4   17 0.601190 2.398810
   1    0    6 0.000000 1.000000
   2    2    9 0.366667 1.633333
   1    0    7 0.000000 1.000000
   1    0    7 0.000000 1.000000
   2    2   10 0.333333 1.666667
  17   60   41 10.195238 6.804762
   1    0    6 0.000000 1.000000
   7   18   22 3.195238 3.804762
   1    0    6 0.000000 1.000000
   3    4   15 0.642857 2.357143
   7   16   28 2.523810 4.476190
   8   24   24 4.109524 3.890476
   1    0    6 0.000000 1.000000
   4    8   15 1.361905 2.638095
   1    0    6 0.000000 1.000000
   3    4   15 0.628571 2.371429
   4   10   16 1.571429 2.428571
   2    2    8 0.400000 1.600000
   1    0    6 0.000000 1.000000
   3    2   15 0.400000 2.600000
   1    0    5 0.000000 1.000000
   3    6   13 0.952381 2.047619
   1    0    8 0.000000 1.000000
   4   10   14 1.695238 2.304762
  10   14   45 2.470238 7.529762
   8   14   34 2.371429 5.628571
   6   10   24 1.800000 4.200000
   1    0    7 0.000000 1.000000
   1    0    7 0.000000 1.000000
   2    2    9 0.366667 1.633333
  10   36   26 5.857143 4.142857
   2    2   11 0.309524 1.690476
   4    6   15 1.166667 2.833333
   2    2   11 0.309524 1.690476
   2    2   10 0.342857 1.657143
   9   26   29 4.371429 4.628571
   8   24   23 4.090476 3.909524
   2    2    8 0.400000 1.600000
   4    8   17 1.361905 2.638095
   1    0    7 0.000000 1.000000
   1    0    6 0.000000 1.000000
   1    0    7 0.000000 1.000000
   7   20   22 3.323810 3.676190
   2    2   10 0.342857 1.657143
   8   18   32 2.946429 5.053571
  16   40   52 7.045238 8.954762
  13   34   44 5.858333 7.141667
   3    4   16 0.583333 2.416667
   3    6   11 1.066667 1.933333
   4   10   16 1.571429 2.428571
   9   24   30 4.055952 4.944048
   3    6   14 0.904762 2.095238
   2    0   12 0.000000 2.000000
   1    0    6 0.000000 1.000000
   3    4   14 0.666667 2.333333
  13   46   33 7.747619 5.252381
   9   26   27 4.376190 4.623810
  11   32   31 5.676190 5.323810
   1    0    6 0.000000 1.000000
   1    0    5 0.000000 1.000000
   2    2    9 0.366667 1.633333
   3    2   15 0.366667 2.633333
   1    0    6 0.000000 1.000000
   8   18   29 3.109524 4.890476
  15   42   50 6.980952 8.019048
  12   36   36 6.080952 5.919048
   1    0    6 0.000000 1.000000
   1    0    7 0.000000 1.000000
   3    2   17 0.309524 2.690476
  11   18   42 3.319048 7.680952
   5    8   26 1.261905 3.738095
   1    0    6 0.000000 1.000000
  25  102   45 17.261905 7.738095
  11   28   36 4.838095 6.161905
   5   10   21 1.651190 3.348810
   1    0    6 0.000000 1.000000
   5    6   25 1.150000 3.850000
   2    0   12 0.000000 2.000000
  21   70   59 11.785714 9.214286
   7   14   31 2.178571 4.821429
   1    0    5 0.000000 1.000000
   2    0   11 0.000000 2.000000
   5   10   21 1.642857 3.357143
  10   18   42 3.066667 6.933333
   2    0   13 0.000000 2.000000
  21   68   57 11.542857 9.457143
  18   50   59 8.419048 9.580952
   7   14   31 2.203571 4.796429
   1    0    6 0.000000 1.000000
   4   10   15 1.619048 2.380952
   2    2    7 0.450000 1.550000
  21   48   76 8.058333 12.941667
   7   16   25 2.747619 4.252381
   2    0   12 0.000000 2.000000
   9   26   28 4.464286 4.535714
  14   34   49 5.904762 8.095238
   1    0    7 0.000000 1.000000
  23   72   65 12.196429 10.803571
  23   78   58 13.233333 9.766667
   2    0   12 0.000000 2.000000
   4    4   22 0.616667 3.383333
   1    0    6 0.000000 1.000000
  18   46   63 7.666667 10.333333
   5    8   22 1.319048 3.680952
   6    8   28 1.385714 4.614286
  20   70   52 11.695238 8.304762
   2    0   11 0.000000 2.000000
  15   30   62 4.814286 10.185714
  25   94   56 15.926190 9.073810
   3    0   19 0.000000 3.000000
   1    0    5 0.000000 1.000000
  25   78   67 13.520238 11.479762
   3    2   18 0.291667 2.708333
   8   12   36 1.980952 6.019048
  25   92   54 15.757143 9.242857
   3    2   18 0.291667 2.708333
  12   20   53 3.411111 8.588889
  26  100   59 16.647619 9.352381
   4    4   21 0.619048 3.380952
   3    6   11 1.085714 1.914286
  18   48   58 8.050000 9.950000
   1    0    6 0.000000 1.000000
  13   32   45 5.461905 7.538095
  19   50   63 8.480952 10.519048
   2    2   10 0.333333 1.666667
  15   50   41 8.423810 6.576190
  26   88   70 14.838095 11.161905
   2    2    9 0.366667 1.633333
  23   58   80 9.680952 13.319048
  10   22   38 3.695238 6.304762
  18   50   64 8.185714 9.814286
  14   40   44 6.690476 7.309524
  35  118   88 20.009524 14.990476
   3    4   13 0.700000 2.300000
  20   44   75 7.428571 12.571429
  14   26   56 4.504762 9.495238
  15   44   47 7.404762 7.595238
  14   44   43 7.233333 6.766667
  30   84   93 14.280952 15.719048
   1    0    6 0.000000 1.000000
  26   70   87 11.816667 14.183333
   7   10   33 1.738095 5.261905
  12   20   52 3.290476 8.709524
  13   42   35 7.090476 5.909524
  38  128  102 21.482143 16.517857
  30   96   82 16.304762 13.695238
   4    8   17 1.309524 2.690476
  12   22   49 3.823810 8.176190
   6   14   22 2.438095 3.561905
  46  172  101 29.022619 16.977381
  32   94  101 15.759524 16.240476
   2    2   11 0.309524 1.690476
  17   54   47 9.138095 7.861905
   6    8   28 1.395238 4.604762
  36  110  105 18.595238 17.404762
  39  128  107 21.490476 17.509524
   4    6   21 0.952381 3.047619
  25   96   53 16.105952 8.894048
   5    8   22 1.295238 3.704762
  41  124  119 21.125000 19.875000
  25   66   85 10.965476 14.034524
  13   46   35 7.552381 5.447619
  30  120   56 20.526190 9.473810
   7   18   22 3.071429 3.928571
  35  124   90 20.561905 14.438095
  15   22   67 3.786905 11.213095
   8   16   33 2.509524 5.490476
  43  194   65 32.354762 10.645238
   4    6   20 0.928571 3.071429
  26   72   85 11.929762 14.070238
  19   46   63 8.233333 10.766667
   3    2   17 0.309524 2.690476
  54  242   78 40.871429 13.128571
   3    2   17 0.333333 2.666667
  24   62   82 10.629762 13.370238
  16   40   58 6.632143 9.367857
   3    2   15 0.366667 2.633333
  53  242   78 40.184524 12.815476
   2    0   13 0.000000 2.000000
  25   64   79 11.261905 13.738095
  17   52   55 8.638095 8.361905
   3    2   17 0.333333 2.666667
  61  288   78 48.064286 12.935714
   1    0    7 0.000000 1.000000
  27   80   78 13.826190 13.173810
   8   12   38 1.938095 6.061905
   3    4   14 0.666667 2.333333
  53  220   95 36.928571 16.071429
   3    4   14 0.666667 2.333333
  32  100   95 16.595238 15.404762
   9   16   38 2.719048 6.280952
   2    2   10 0.333333 1.666667
  52  222   87 37.217857 14.782143
   2    0   12 0.000000 2.000000
  42  176   80 29.021429 12.978571
   2    0   11 0.000000 2.000000
  41  166   81 27.790476 13.209524
  57  256   84 43.094048 13.905952
   2    0   13 0.000000 2.000000
  42  174   80 29.100000 12.900000
  57  256   85 42.884524 14.115476
   1    0    5 0.000000 1.000000
  35  126   82 21.047619 13.952381
  65  310   82 51.665476 13.334524
  31   92  101 14.961905 16.038095
  69  306  101 51.728571 17.271429
  48  190   97 31.839286 16.160714
  52  216   97 36.016667 15.983333
  42  166   88 27.650000 14.350000
  58  258   88 43.500000 14.500000
  46  190   87 31.966667 14.033333
  54  236   87 39.757143 14.242857
  53  238   76 40.166667 12.833333
  47  210   76 34.733333 12.266667
  48  212   82 34.919048 13.080952
  52  224   82 37.971429 14.028571
  48  218   74 36.221429 11.778571
  52  234   74 39.375000 12.625000
  46  198   76 33.263095 12.736905
  54  250   76 41.554762 12.445238
  48  208   76 35.198810 12.801190
  52  240   76 39.898810 12.101190
  40  160   80 26.736905 13.263095
  60  280   80 47.001190 12.998810
  39  158   82 26.232143 12.767857
  61  278   82 47.057143 13.942857
  47  186   97 31.223810 15.776190
  53  220   97 36.672619 16.327381
  46  206   72 34.239683 11.760317
  54  250   72 41.907143 12.092857
  43  178   82 29.642857 13.357143
  57  258   82 43.490476 13.509524
  46  196   82 32.559524 13.440476
  54  240   82 40.157143 13.842857
  35  132   77 22.041667 12.958333
  65  314   77 52.344444 12.655556
  37  138   84 23.295238 13.704762
  63  294   84 49.146429 13.853571
  49  214   75 36.147619 12.852381
  51  236   75 39.214286 11.785714
  49  208   86 34.752381 14.247619
  51  220   86 36.804762 14.195238
  52  250   65 41.590476 10.409524
  48  220   65 37.060714 10.939286
  49  218   78 36.376190 12.623810
  51  226   78 38.016667 12.983333
  61  290   74 48.528571 12.471429
  39  162   74 26.945238 12.054762
  52  234   81 38.695238 13.304762
  48  204   81 34.438095 13.561905
  41  170   77 28.213095 12.786905
  59  276   77 45.997619 13.002381
  40  158   81 26.602381 13.397619
  60  280   81 46.536905 13.463095
  28  104   71 16.982143 11.017857
  72  354   71 59.585714 12.414286
  31  108   76 18.157143 12.842857
  69  340   76 56.525000 12.475000
  27  104   60 17.109524 9.890476
  73  376   60 62.858333 10.141667
  35  140   71 23.496429 11.503571
  65  318   71 53.204762 11.795238
  38  146   78 24.842857 13.157143
  62  298   78 49.667857 12.332143
  38  152   73 25.761905 12.238095
  62  302   73 50.227381 11.772619
  41  156   91 25.933333 15.066667
  59  262   91 44.038095 14.961905
  41  148   96 25.009524 15.990476
  59  260   96 43.039286 15.960714
  39  130  104 21.782540 17.217460
  61  262  104 43.944048 17.055952
  37  126  104 20.642857 16.357143
  63  266  104 44.971429 18.028571
  28   90   79 14.966667 13.033333
  72  352   79 58.866667 13.133333
  33  106   91 17.898810 15.101190
  67  312   91 52.204762 14.795238
  33  106   93 17.692857 15.307143
  67  308   93 51.486905 15.513095
  35  120   91 20.182143 14.817857
  65  298   91 50.011905 14.988095
  53  212  104 35.786905 17.213095
  47  180  104 30.054762 16.945238
  68  326   80 54.752381 13.247619
  32  114   80 19.090476 12.909524
  57  268   83 44.100000 12.900000
  43  166   83 28.492857 14.507143
  73  360   78 60.190476 12.809524
  27   84   78 14.009524 12.990476
  69  346   71 57.526190 11.473810
  31  112   71 19.195238 11.804762
  59  274   79 45.996429 13.003571
  41  168   79 28.275000 12.725000
  56  260   73 43.573810 12.426190
  44  194   73 32.208333 11.791667
  56  254   79 42.508333 13.491667
  44  188   79 31.284921 12.715079
  62  300   71 50.171429 11.828571
  38  158   71 26.290476 11.709524
  63  304   71 51.169048 11.830952
  37  154   71 25.636905 11.363095
  68  322   87 53.733333 14.266667
  32  104   87 17.690476 14.309524
  66  314   82 52.338095 13.661905
  34  122   82 20.482143 13.517857
  67  290  108 48.884524 18.115476
  33   94  108 15.879762 17.120238
  72  344   91 57.134524 14.865476
  28   74   91 12.619048 15.380952
  78  384   80 64.519048 13.480952
  22   56   80 9.136905 12.863095
  78  408   63 67.928571 10.071429
  22   66   63 11.176190 10.823810
  82  420   70 70.352381 11.647619
  18   40   70 6.700000 11.300000
  82  432   64 71.853571 10.146429
  18   40   64 6.961905 11.038095
  85  452   64 75.033333 9.966667
  15   20   64 3.657143 11.342857
  83  436   64 72.671429 10.328571
  17   36   64 6.190476 10.809524
  88  472   55 78.766667 9.233333
  12   18   55 2.923810 9.076190
  92  524   31 87.180952 4.819048
   8   14   31 2.461905 5.538095
  95  544   26 90.809524 4.190476
   5    4   26 0.676190 4.323810
  93  528   31 88.065476 4.934524
   7   10   31 1.778571 5.221429
  88  476   51 79.489286 8.510714
  12   22   51 3.872619 8.127381
  87  470   51 78.600000 8.400000
  13   28   51 4.680952 8.319048
  79  416   58 69.276190 9.723810
  21   68   58 11.447619 9.552381
  77  404   61 67.409524 9.590476
  23   74   61 12.666667 10.333333
  84  438   65 73.020238 10.979762
  16   32   65 5.395238 10.604762
  82  434   58 72.445238 9.554762
  18   50   58 8.523810 9.476190
  85  464   48 77.200000 7.800000
  15   40   48 6.923810 8.076190
  78  396   74 66.060714 11.939286
  22   56   74 9.642857 12.357143
  82  430   59 71.890476 10.109524
  18   52   59 8.480952 9.519048
  87  476   45 79.490476 7.509524
  13   34   45 5.590476 7.409524
  87  476   48 79.180952 7.819048
  13   28   48 4.771429 8.228571
  93  516   39 86.489286 6.510714
   7    6   39 0.934524 6.065476
  93  528   32 87.823810 5.176190
   7    8   32 1.433333 5.566667
  90  506   36 84.209524 5.790476
  10   22   36 3.800000 6.200000
  94  534   29 89.147619 4.852381
   6    8   29 1.352381 4.647619
  97  564   18 94.033333 2.966667
   3    0   18 0.000000 3.000000
  97  566   16 94.409524 2.590476
   3    2   16 0.333333 2.666667
  97  562   18 93.892857 3.107143
   3    2   18 0.325000 2.675000
  97  572   12 95.061905 1.938095
   3    4   12 0.766667 2.233333
  94  542   23 90.251190 3.748810
   6   12   23 2.152381 3.847619
 100  600    0 100.000000 0.000000
