   2    2   10 0.342857 1.657143
   1    0    7 0.000000 1.000000
   2    2   11 0.325000 1.675000
   2    2    9 0.366667 1.633333
   2    2    9 0.392857 1.607143
   1    0    6 0.000000 1.000000
   2    2   10 0.333333 1.666667
   3    4   14 0.709524 2.290476
   4    6   16 1.100000 2.900000
   1    0    7 0.000000 1.000000
   1    0    6 0.000000 1.000000
   4    8   17 1.285714 2.714286
   2    2   11 0.309524 1.690476
   3    4   15 0.642857 2.357143
   1    0    6 0.000000 1.000000
   2    2    9 0.366667 1.633333
   1    0    7 0.000000 1.000000
   1    0    6 0.000000 1.000000
   1    0    6 0.000000 1.000000
   4    8   16 1.328571 2.671429
   1    0    8 0.000000 1.000000
   3    4   12 0.733333 2.266667
   3    4   14 0.676190 2.323810
   4    6   19 0.961905 3.038095
   2    2    9 0.366667 1.633333
   2    2   10 0.342857 1.657143
   1    0    7 0.000000 1.000000
   1    0    6 0.000000 1.000000
   2    2    9 0.366667 1.633333
   1    0    7 0.000000 1.000000
   1    0    6 0.000000 1.000000
   1    0    7 0.000000 1.000000
   1    0    6 0.000000 1.000000
   1    0    6 0.000000 1.000000
   1    0    6 0.000000 1.000000
   3    4   13 0.733333 2.266667
   1    0    7 0.000000 1.000000
   2    2   10 0.333333 1.666667
   1    0    6 0.000000 1.000000
   1    0    7 0.000000 1.000000
   3    6   11 1.085714 1.914286
   2    2    9 0.366667 1.633333
   4    8   15 1.452381 2.547619
   2    2    8 0.400000 1.600000
   4    8   16 1.350000 2.650000
   5   14   17 2.257143 2.742857
   2    2    8 0.400000 1.600000
   1    0    7 0.000000 1.000000
   1    0    5 0.000000 1.000000
   1    0    6 0.000000 1.000000
   1    0    6 0.000000 1.000000
   1    0    7 0.000000 1.000000
   2    2   11 0.309524 1.690476
   2    2    8 0.400000 1.600000
   1    0    6 0.000000 1.000000
   1    0    5 0.000000 1.000000
   3    4   14 0.676190 2.323810
   3    4   15 0.619048 2.380952
   7   16   25 2.741667 4.258333
   1    0    7 0.000000 1.000000
   3    2   17 0.333333 2.666667
   3    4   12 0.733333 2.266667
   1    0    6 0.000000 1.000000
   4    6   17 1.109524 2.890476
   2    2    9 0.366667 1.633333
   3    6   11 1.066667 1.933333
   3    2   16 0.333333 2.666667
   1    0    6 0.000000 1.000000
   1    0    8 0.000000 1.000000
   5    6   24 1.009524 3.990476
   1    0    7 0.000000 1.000000
   3    4   16 0.595238 2.404762
   1    0    5 0.000000 1.000000
   2    2   11 0.309524 1.690476
   5   14   16 2.414286 2.585714
   1    0    6 0.000000 1.000000
   2    2   10 0.342857 1.657143
   9   22   30 3.800000 5.200000
   2    2    9 0.366667 1.633333
   3    4   13 0.700000 2.300000
   5   10   19 1.833333 3.166667
   1    0    6 0.000000 1.000000
   1    0    5 0.000000 1.000000
   2    2   12 0.285714 1.714286
   1    0    8 0.000000 1.000000
   8   20   26 3.461905 4.538095
   5   14   18 2.190476 2.809524
   1    0    7 0.000000 1.000000
   1    0    7 0.000000 1.000000
   4    6   18 0.985714 3.014286
   1    0    7 0.000000 1.000000
   6   12   24 2.071429 3.928571
   2    2    9 0.366667 1.633333
   5   10   19 1.733333 3.266667
   1    0    6 0.000000 1.000000
   1    0    6 0.000000 1.000000
   4    4   20 0.685714 3.314286
   2    2    9 0.366667 1.633333
   1    0    5 0.000000 1.000000
   7   12   30 2.161905 4.838095
   2    2   11 0.309524 1.690476
   4   10   13 1.766667 2.233333
   4    8   16 1.416667 2.583333
   2    2   11 0.309524 1.690476
  18   60   49 10.104762 7.895238
   3    0   19 0.000000 3.000000
   2    2    8 0.400000 1.600000
  10   28   34 4.823810 5.176190
   2    0   11 0.000000 2.000000
   4    8   16 1.333333 2.666667
   9   22   31 3.647619 5.352381
   3    4   16 0.595238 2.404762
   1    0    6 0.000000 1.000000
   2    2   10 0.342857 1.657143
   4    4   18 0.766667 3.233333
   1    0    7 0.000000 1.000000
   3    0   18 0.000000 3.000000
   1    0    6 0.000000 1.000000
  14   46   39 7.714286 6.285714
   1    0    8 0.000000 1.000000
   3    4   14 0.709524 2.290476
   1    0    6 0.000000 1.000000
   1    0    6 0.000000 1.000000
   4    6   19 0.938095 3.061905
   2    0   12 0.000000 2.000000
  19   56   54 9.676190 9.323810
   6   10   26 1.709524 4.290476
   2    2   10 0.333333 1.666667
  25   96   56 15.980952 9.019048
   4    8   15 1.400000 2.600000
   4    8   19 1.190476 2.809524
   2    2    9 0.366667 1.633333
   2    2    9 0.366667 1.633333
   1    0    5 0.000000 1.000000
   4    4   18 0.766667 3.233333
   2    2    9 0.366667 1.633333
   6   10   25 1.742857 4.257143
  20   80   39 13.741667 6.258333
   3    6   12 1.019048 1.980952
  10   26   35 4.409524 5.590476
   2    2    9 0.366667 1.633333
  15   46   44 7.597619 7.402381
   4    4   22 0.619048 3.380952
  24   98   50 16.194048 7.805952
   4    8   14 1.500000 2.500000
   4    8   15 1.385714 2.614286
   2    0   14 0.000000 2.000000
   3    2   15 0.342857 2.657143
   1    0    5 0.000000 1.000000
   5    4   27 0.642857 4.357143
   8   22   25 3.761905 4.238095
   2    2   10 0.333333 1.666667
  14   36   48 6.170238 7.829762
   3    6   12 1.019048 1.980952
   6    8   28 1.350000 4.650000
   2    2   11 0.309524 1.690476
  49  230   63 38.648810 10.351190
   1    0    7 0.000000 1.000000
   6   18   19 2.928571 3.071429
   5    8   22 1.400000 3.600000
   1    0    7 0.000000 1.000000
   5    6   25 1.042857 3.957143
   1    0    7 0.000000 1.000000
  20   58   61 9.879762 10.120238
   7   16   24 2.833333 4.166667
  13   30   48 5.055952 7.944048
   3    4   14 0.709524 2.290476
  33  130   68 21.671429 11.328571
   1    0    5 0.000000 1.000000
  11   22   45 3.666667 7.333333
   3    4   14 0.666667 2.333333
   3    0   18 0.000000 3.000000
  38  142   85 23.723810 14.276190
   3    4   13 0.700000 2.300000
  12   18   52 3.161905 8.838095
   1    0    6 0.000000 1.000000
  27   98   70 15.988095 11.011905
   3    4   13 0.700000 2.300000
  10   26   33 4.480952 5.519048
   1    0    6 0.000000 1.000000
  10   24   37 3.988889 6.011111
  34  108   95 18.195238 15.804762
   3    6   12 1.000000 2.000000
  15   50   39 8.559524 6.440476
  26   74   83 12.577381 13.422619
   2    0   13 0.000000 2.000000
   9   16   37 2.819048 6.180952
  11   22   45 3.652381 7.347619
  34  104   96 17.642857 16.357143
   3    4   17 0.571429 2.428571
  21   76   51 12.661905 8.338095
  25   78   70 13.204762 11.795238
   6    8   29 1.271429 4.728571
   5    2   28 0.333333 4.666667
  32  112   81 18.786905 13.213095
   3    6   12 1.019048 1.980952
  30  122   58 20.519048 9.480952
  24   88   55 14.861905 9.138095
   6   10   26 1.695238 4.304762
   5   10   20 1.695238 3.304762
  28   84   83 14.095238 13.904762
  10   28   32 4.809524 5.190476
  28  106   60 17.776190 10.223810
  20   64   57 10.595238 9.404762
   9   20   36 3.257143 5.742857
   8   22   25 3.733333 4.266667
  23   58   77 9.895238 13.104762
   4    8   18 1.214286 2.785714
  31  128   57 21.526190 9.473810
  22   60   75 10.061905 11.938095
  12   20   52 3.363095 8.636905
  11   34   34 5.671429 5.328571
  29   90   83 14.990476 14.009524
   2    2   10 0.342857 1.657143
  25   88   61 15.078571 9.921429
  17   30   73 4.994048 12.005952
  16   48   47 8.204762 7.795238
  20   58   59 9.800000 10.200000
  27   74   88 12.295238 14.704762
   4   10   14 1.661905 2.338095
  25   88   64 14.547619 10.452381
  13   26   54 4.314286 8.685714
  11   16   49 2.747619 8.252381
  20   54   65 9.060714 10.939286
  36  126   88 21.292857 14.707143
  18   48   65 7.723810 10.276190
  20   58   60 9.847619 10.152381
   6    8   28 1.352381 4.647619
  16   40   61 6.538095 9.461905
  42  166   83 28.126190 13.873810
  25   76   72 12.833333 12.166667
  13   30   49 4.942857 8.057143
   4    6   17 1.033333 2.966667
   8   12   33 2.166667 5.833333
  36  138   79 23.104762 12.895238
  41  174   73 29.223810 11.776190
   8   20   29 3.409524 4.590476
   7   14   28 2.338095 4.661905
   8   12   39 2.019048 5.980952
  38  136   88 22.866667 15.133333
  41  166   82 27.603571 13.396429
   8   24   25 3.895238 4.104762
   5    6   22 1.066667 3.933333
   6    8   28 1.352381 4.647619
  44  172   95 28.735714 15.264286
  36  128   85 21.519048 14.480952
  11   32   33 5.328571 5.671429
   3    2   17 0.309524 2.690476
   5    6   24 1.058333 3.941667
  41  178   71 29.573810 11.426190
  40  156   83 26.125000 13.875000
   9   18   33 3.133333 5.866667
   5   10   21 1.647619 3.352381
   7   14   29 2.261905 4.738095
  42  172   80 28.698810 13.301190
  46  184   90 30.828571 15.171429
   3    6   13 0.952381 2.047619
   2    2   10 0.333333 1.666667
   8   14   32 2.400000 5.600000
  48  194   96 32.295238 15.704762
  40  148   92 24.590476 15.409524
   4   10   14 1.661905 2.338095
  21   64   57 10.945238 10.054762
  41  152  100 25.025000 15.975000
  32   96   95 16.004762 15.995238
   6   14   22 2.323810 3.676190
  26   84   73 14.211905 11.788095
  45  170   95 29.007143 15.992857
  24   66   79 10.890476 13.109524
   5    8   25 1.214286 3.785714
  19   52   64 8.611905 10.388095
  56  262   77 43.813095 12.186905
  19   52   60 8.833333 10.166667
   6   14   19 2.566667 3.433333
  14   30   53 5.261905 8.738095
  65  298   90 50.173810 14.826190
  12   30   45 4.814286 7.185714
   9   20   34 3.376190 5.623810
   4    2   22 0.342857 3.657143
  80  404   77 67.392857 12.607143
  11   18   46 3.152381 7.847619
   5    4   27 0.709524 4.290476
   8   18   27 3.285714 4.714286
  77  374   88 62.366667 14.633333
   9   12   45 1.952381 7.047619
   6   12   24 2.100000 3.900000
   6    6   31 0.952381 5.047619
  80  388   88 65.083333 14.916667
   9   14   42 2.261905 6.738095
   5   10   21 1.619048 3.380952
   2    0   13 0.000000 2.000000
  83  438   57 73.257143 9.742857
   7   20   23 3.295238 3.704762
   8   28   21 4.680952 3.319048
   1    0    6 0.000000 1.000000
  80  408   66 68.628571 11.371429
  10   32   30 5.104762 4.895238
   9   26   32 4.191667 4.808333
   4    4   21 0.685714 3.314286
  70  332   90 55.242857 14.757143
  13   44   35 7.266667 5.733333
  13   36   38 6.397619 6.602381
   4   10   15 1.641667 2.358333
  73  346   88 57.980952 15.019048
  13   34   48 5.400000 7.600000
  10   26   33 4.400000 5.600000
   8   26   23 4.261905 3.738095
  65  294   97 48.969048 16.030952
  16   42   54 7.152381 8.847619
  11   32   32 5.423810 5.576190
   3    6   13 0.983333 2.016667
  56  242   96 40.391667 15.608333
  17   42   58 7.033333 9.966667
  24   98   45 16.470238 7.529762
   8   26   21 4.471429 3.528571
  56  248   87 41.615476 14.384524
  16   44   53 7.423810 8.576190
  20   78   43 13.052381 6.947619
   9   24   29 4.019048 4.980952
  62  284   85 47.671429 14.328571
  15   40   48 6.802381 8.197619
  14   50   40 8.017857 5.982143
   5    8   22 1.333333 3.666667
  57  244   94 41.326190 15.673810
  15   30   65 4.886905 10.113095
  23   82   55 13.752381 9.247619
   7   10   31 1.809524 5.190476
  48  182  104 30.813095 17.186905
  12   18   58 2.925000 9.075000
  33  116   81 19.688095 13.311905
  52  224   87 37.590476 14.409524
  16   38   61 6.242857 9.757143
  32  104   86 17.742857 14.257143
  43  182   76 30.635714 12.364286
  11   14   56 2.386905 8.613095
  46  190   82 32.182143 13.817857
  47  198   87 32.711905 14.288095
  11   12   57 1.964286 9.035714
  42  148   98 25.060714 16.939286
  52  218   93 36.664286 15.335714
   4    0   26 0.000000 4.000000
  44  166   97 27.770238 16.229762
  58  260   91 43.360714 14.639286
  42  158   91 26.709524 15.290476
  58  262   84 43.952381 14.047619
  42  170   84 28.391667 13.608333
  62  292   80 48.997619 13.002381
  38  148   80 24.900000 13.100000
  54  230   96 38.141667 15.858333
  46  178   96 30.014286 15.985714
  51  210  101 34.676190 16.323810
  49  188  101 31.861905 17.138095
  50  202   94 34.108333 15.891667
  50  210   94 34.548413 15.451587
  41  144  105 23.938095 17.061905
  59  246  105 41.622619 17.377381
  28   76   95 12.428571 15.571429
  72  334   95 56.077381 15.922619
  22   46   86 7.933333 14.066667
  78  382   86 64.000000 14.000000
  25   58   90 9.977381 15.022619
  75  362   90 60.234524 14.765476
  26   88   70 14.822619 11.177381
  74  372   70 62.182143 11.817857
  29   96   84 15.660714 13.339286
  71  336   84 56.723810 14.276190
  38  130   98 22.044048 15.955952
  62  274   98 45.560714 16.439286
  34  106   93 18.098810 15.901190
  66  308   93 51.033333 14.966667
  37  128   95 21.788095 15.211905
  63  282   95 47.135714 15.864286
  42  158   99 26.022222 15.977778
  58  244   99 41.078571 16.921429
  53  210  100 35.519048 17.480952
  47  190  100 31.016667 15.983333
  45  180   92 30.117857 14.882143
  55  236   92 39.730952 15.269048
  40  150   86 25.411905 14.588095
  60  278   86 46.235714 13.764286
  34  136   66 22.852381 11.147619
  66  332   66 55.383333 10.616667
  38  166   65 27.583333 10.416667
  62  304   65 50.897619 11.102381
  31  130   56 21.533333 9.466667
  69  358   56 59.586905 9.413095
  22   78   58 12.680952 9.319048
  78  406   58 68.095238 9.904762
  16   40   56 6.680952 9.319048
  84  448   56 74.723810 9.276190
  12   32   38 5.471429 6.528571
  88  492   38 81.751190 6.248810
  15   44   47 7.342857 7.657143
  85  462   47 77.104762 7.895238
  17   54   47 9.114286 7.885714
  83  452   47 75.366667 7.633333
   8   12   35 2.119048 5.880952
  92  518   35 86.397619 5.602381
  10   32   29 5.304762 4.695238
  90  510   29 85.027381 4.972619
   7   14   30 2.286905 4.713095
  93  526   30 87.917857 5.082143
   7   12   28 2.142857 4.857143
  93  532   28 88.492857 4.507143
   5   10   22 1.523810 3.476190
  95  546   22 91.170238 3.829762
   3    0   17 0.000000 3.000000
  97  566   17 94.233333 2.766667
   4    4   22 0.619048 3.380952
  96  552   22 92.236905 3.763095
   1    0    5 0.000000 1.000000
  99  590    5 98.232143 0.767857
   7   18   24 3.000000 4.000000
  93  534   24 89.038095 3.961905
  11   34   31 5.857143 5.142857
  89  504   31 83.742857 5.257143
   8   26   22 4.480952 3.519048
  92  530   22 88.466667 3.533333
   4    8   16 1.376190 2.623810
  96  560   16 93.328571 2.671429
   4   10   14 1.666667 2.333333
  96  562   14 93.695238 2.304762
   7   16   28 2.602381 4.397619
  93  528   28 88.257143 4.742857
   4    6   19 0.904762 3.095238
  96  556   19 92.719048 3.280952
   6    8   29 1.319048 4.680952
  94  534   29 89.052381 4.947619
   5    6   26 0.928571 4.071429
  95  542   26 90.638095 4.361905
 100  600    0 100.000000 0.000000
