   1    0    6 0.000000 1.000000
   4   10   15 1.619048 2.380952
   1    0    7 0.000000 1.000000
   5   14   16 2.361905 2.638095
   1    0    7 0.000000 1.000000
   2    2    8 0.400000 1.600000
   1    0    7 0.000000 1.000000
   2    2    9 0.366667 1.633333
   2    2   12 0.285714 1.714286
   1    0    7 0.000000 1.000000
   1    0    6 0.000000 1.000000
   2    2    9 0.366667 1.633333
   3    4   13 0.733333 2.266667
   1    0    8 0.000000 1.000000
   1    0    6 0.000000 1.000000
   1    0    5 0.000000 1.000000
   2    2   11 0.309524 1.690476
   2    2    9 0.366667 1.633333
   1    0    7 0.000000 1.000000
   1    0    6 0.000000 1.000000
   1    0    6 0.000000 1.000000
   1    0    7 0.000000 1.000000
   1    0    6 0.000000 1.000000
   2    0   12 0.000000 2.000000
   1    0    6 0.000000 1.000000
   1    0    6 0.000000 1.000000
   1    0    6 0.000000 1.000000
   5   14   14 2.500000 2.500000
   1    0    7 0.000000 1.000000
   1    0    6 0.000000 1.000000
   1    0    6 0.000000 1.000000
   3    4   16 0.595238 2.404762
   3    6   10 1.185714 1.814286
   3    4   14 0.676190 2.323810
   1    0    6 0.000000 1.000000
   1    0    5 0.000000 1.000000
   1    0    6 0.000000 1.000000
   1    0    6 0.000000 1.000000
   1    0    5 0.000000 1.000000
   6   14   24 2.209524 3.790476
   4    6   19 1.019048 2.980952
   5   14   13 2.645238 2.354762
   1    0    6 0.000000 1.000000
   1    0    6 0.000000 1.000000
   1    0    7 0.000000 1.000000
   6   16   20 2.714286 3.285714
   1    0    6 0.000000 1.000000
   2    2    8 0.400000 1.600000
   1    0    6 0.000000 1.000000
   2    2   10 0.342857 1.657143
   2    2    9 0.366667 1.633333
   1    0    6 0.000000 1.000000
   1    0    6 0.000000 1.000000
   1    0    6 0.000000 1.000000
   1    0    6 0.000000 1.000000
   5   14   18 2.278571 2.721429
   1    0    5 0.000000 1.000000
   1    0    6 0.000000 1.000000
   1    0    7 0.000000 1.000000
   1    0    7 0.000000 1.000000
   2    0   12 0.000000 2.000000
   3    6   12 1.019048 1.980952
   3    4   15 0.642857 2.357143
   4    2   24 0.285714 3.714286
   2    2   11 0.309524 1.690476
   2    2   10 0.333333 1.666667
   3    6   12 1.019048 1.980952
   1    0    6 0.000000 1.000000
   2    2   10 0.333333 1.666667
   2    2   10 0.333333 1.666667
   1    0    6 0.000000 1.000000
   5   12   19 1.952381 3.047619
   5    8   22 1.352381 3.647619
   1    0    6 0.000000 1.000000
   2    2    8 0.400000 1.600000
   2    2   12 0.285714 1.714286
   1    0    6 0.000000 1.000000
   7   16   26 2.690476 4.309524
   9   22   29 3.891667 5.108333
   1    0    6 0.000000 1.000000
   3    2   15 0.366667 2.633333
   1    0    6 0.000000 1.000000
   6   16   18 2.900000 3.100000
   9   20   34 3.371429 5.628571
   3    4   16 0.625000 2.375000
   2    2    8 0.400000 1.600000
   3    4   12 0.766667 2.233333
   4    8   14 1.433333 2.566667
   1    0    8 0.000000 1.000000
   2    2    8 0.400000 1.600000
   1    0    5 0.000000 1.000000
   1    0    6 0.000000 1.000000
   2    2   11 0.309524 1.690476
   1    0    6 0.000000 1.000000
   5    6   19 1.200000 3.800000
   3    6   13 0.952381 2.047619
   1    0    6 0.000000 1.000000
   5   14   16 2.328571 2.671429
   4    8   18 1.238095 2.761905
   1    0    6 0.000000 1.000000
   9   22   31 3.719048 5.280952
   5    4   26 0.676190 4.323810
   3    4   12 0.733333 2.266667
   1    0    8 0.000000 1.000000
   4    6   18 1.009524 2.990476
   8   18   31 2.976190 5.023810
  16   58   39 9.700000 6.300000
   2    0   13 0.000000 2.000000
   3    2   18 0.285714 2.714286
   5   14   15 2.466667 2.533333
   7   20   21 3.528571 3.471429
   4    6   18 1.000000 3.000000
   1    0    7 0.000000 1.000000
   2    0   12 0.000000 2.000000
   3    2   16 0.333333 2.666667
   1    0    7 0.000000 1.000000
   3    4   14 0.666667 2.333333
   1    0    7 0.000000 1.000000
   7   12   31 1.976190 5.023810
   4    6   16 1.142857 2.857143
   3    6   14 1.007937 1.992063
   2    2   10 0.342857 1.657143
   4    8   15 1.433333 2.566667
  15   44   44 7.666667 7.333333
   7   16   27 2.633333 4.366667
   2    2   12 0.291667 1.708333
   3    2   15 0.333333 2.666667
   5   14   15 2.404762 2.595238
  21   78   48 13.076190 7.923810
   1    0    7 0.000000 1.000000
   3    6   13 0.952381 2.047619
   3    6   13 0.971429 2.028571
   6   18   18 3.085714 2.914286
   8   16   29 2.833333 5.166667
   2    2   10 0.333333 1.666667
   4    4   20 0.676190 3.323810
   6   18   16 3.204762 2.795238
   5   12   17 2.085714 2.914286
   3    6   12 1.000000 2.000000
   3    4   14 0.676190 2.323810
   6   12   25 1.938095 4.061905
  18   58   53 9.515476 8.484524
   1    0    6 0.000000 1.000000
   3    4   14 0.666667 2.333333
   2    0   12 0.000000 2.000000
   5    8   24 1.238095 3.761905
  17   58   40 9.971429 7.028571
   1    0    6 0.000000 1.000000
   4    6   20 0.928571 3.071429
   1    0    6 0.000000 1.000000
  11   32   33 5.323810 5.676190
   4   10   14 1.666667 2.333333
   6   12   24 2.047619 3.952381
   5    6   24 1.052381 3.947619
  12   46   26 7.742857 4.257143
   3    6   13 0.952381 2.047619
   6   16   21 2.642857 3.357143
  16   48   51 7.878571 8.121429
   3    4   14 0.652381 2.347619
   2    0   12 0.000000 2.000000
  17   50   53 8.414286 8.585714
   1    0    5 0.000000 1.000000
   5   14   14 2.528571 2.471429
  13   50   26 8.542857 4.457143
  12   44   26 7.666667 4.333333
   5   10   21 1.661905 3.338095
   3    0   18 0.000000 3.000000
   9   22   33 3.623810 5.376190
   3    6   12 1.000000 2.000000
  10   36   25 5.914286 4.085714
  21   68   57 11.623810 9.376190
   3    2   16 0.333333 2.666667
   5    6   23 1.033333 3.966667
   4    6   18 0.971429 3.028571
   6   18   17 3.133333 2.866667
  17   60   42 10.153571 6.846429
  16   58   38 9.627381 6.372619
   3    2   17 0.342857 2.657143
   8   12   38 1.866667 6.133333
   9   28   26 4.666667 4.333333
   5   10   19 1.752381 3.247619
  19   68   47 11.328571 7.671429
   4    4   20 0.709524 3.290476
   5    8   20 1.433333 3.566667
   5    6   23 1.033333 3.966667
  20   74   46 12.495238 7.504762
  21   76   52 12.603571 8.396429
   4    8   15 1.442857 2.557143
   5    6   24 1.009524 3.990476
   2    2   12 0.285714 1.714286
   7   18   23 3.200000 3.800000
  26  102   52 17.410714 8.589286
   4    6   16 1.066667 2.933333
   2    0   11 0.000000 2.000000
   3    2   18 0.309524 2.690476
  24   82   67 13.415476 10.584524
  14   34   47 5.680952 8.319048
  13   50   28 8.480952 4.519048
   6   10   25 1.785714 4.214286
   1    0    7 0.000000 1.000000
   9   14   38 2.452381 6.547619
  40  162   76 27.327381 12.672619
   4    8   16 1.385714 2.614286
   2    0   10 0.000000 2.000000
   6   14   23 2.285714 3.714286
   7    8   38 1.263095 5.736905
  11   32   34 5.370238 5.629762
  14   54   31 8.961905 5.038095
   4    2   23 0.309524 3.690476
  11   24   41 4.191667 6.808333
  43  190   70 31.763095 11.236905
   3    2   19 0.285714 2.714286
   3    2   14 0.400000 2.600000
   7   22   17 3.933333 3.066667
   4    4   21 0.642857 3.357143
  12   40   31 6.814286 5.185714
  13   46   32 7.747619 5.252381
   1    0    7 0.000000 1.000000
   8   10   36 1.828571 6.171429
  48  204   83 34.242857 13.757143
   2    2   10 0.333333 1.666667
  10   36   26 5.880952 4.119048
   5    8   23 1.285714 3.714286
   9   26   30 4.190476 4.809524
  17   54   45 9.347619 7.652381
   3    6   14 0.904762 2.095238
  34  134   68 22.639286 11.360714
  10   36   24 6.173810 3.826190
  15   52   38 8.780952 6.219048
   1    0    6 0.000000 1.000000
  16   64   34 10.634524 5.365476
  21   82   42 13.871429 7.128571
   5   14   14 2.500000 2.500000
  28  104   65 17.366667 10.633333
  11   38   28 6.380952 4.619048
  13   32   46 5.514286 7.485714
   1    0    6 0.000000 1.000000
  20   76   46 12.652381 7.347619
  22   78   53 13.309524 8.690476
   4    4   20 0.666667 3.333333
  28  108   60 18.142857 9.857143
  18   70   39 11.628571 6.371429
  19   66   49 11.023810 7.976190
  15   40   52 6.566667 8.433333
  16   50   42 8.723810 7.276190
   3    2   14 0.400000 2.600000
  41  180   69 29.885714 11.114286
  10   24   36 3.975000 6.025000
  26   98   58 16.566667 9.433333
   6    8   29 1.261905 4.738095
  14   36   46 6.071429 7.928571
   2    2   11 0.309524 1.690476
  40  164   76 27.419048 12.580952
   9   24   28 4.266667 4.733333
  22   76   56 12.747619 9.252381
   5    4   27 0.619048 4.380952
  22   64   68 10.854762 11.145238
  35  128   83 21.476190 13.523810
  15   46   41 7.938095 7.061905
  26  104   52 17.371429 8.628571
   5    6   25 0.971429 4.028571
  19   52   63 8.819048 10.180952
  31  100   84 16.966667 14.033333
  14   40   44 6.590476 7.409524
  26  102   53 17.219048 8.780952
   5    6   21 1.133333 3.866667
  24   52   98 8.436905 15.563095
  15   46   45 7.638095 7.361905
  23   76   62 12.757143 10.242857
  26   88   68 15.001190 10.998810
   3    4   16 0.595238 2.404762
  33   86  109 14.571429 18.428571
  14   40   48 6.690476 7.309524
  31  128   59 21.447619 9.552381
  21   68   61 11.066667 9.933333
   1    0    7 0.000000 1.000000
  33   94   95 16.180952 16.819048
  17   40   62 6.780952 10.219048
  30  100   80 16.926984 13.073016
  23   84   54 14.433333 8.566667
   1    0    6 0.000000 1.000000
  29   76   98 12.733333 16.266667
  17   46   54 7.847619 9.152381
  24   72   77 11.811905 12.188095
  20   62   57 10.607143 9.392857
  39  132  100 22.128571 16.871429
  14   38   49 6.333333 7.666667
  22   66   75 10.404762 11.595238
  25   80   65 13.861905 11.138095
  39  128   99 21.761905 17.238095
   9   16   38 2.600000 6.400000
  11   30   40 4.808333 6.191667
  44  174   90 29.166667 14.833333
  36  122   90 20.766667 15.233333
  15   30   59 5.136905 9.863095
  11   30   38 4.907143 6.092857
  36  142   78 23.590476 12.409524
  38  144   79 24.316667 13.683333
  18   40   70 6.685714 11.314286
   6    8   30 1.261905 4.738095
  62  268  103 44.894048 17.105952
  14   32   49 5.557143 8.442857
  25   74   77 12.569048 12.430952
   5    6   23 1.033333 3.966667
  49  186  106 31.225000 17.775000
  21   70   58 11.677381 9.322619
  31  116   73 19.336905 11.663095
   6    6   32 0.976190 5.023810
  41  138  106 23.047619 17.952381
  22   68   61 11.442857 10.557143
  29  100   73 16.735714 12.264286
   3    0   21 0.000000 3.000000
  43  140  117 23.429762 19.570238
  25   90   59 15.200000 9.800000
  37  144   79 24.089286 12.910714
   7   10   30 1.752381 5.247619
  34  108   99 18.107143 15.892857
  22   66   64 11.134524 10.865476
  37  142   79 24.095238 12.904762
   4    6   18 0.971429 3.028571
  37  116  103 19.628571 17.371429
  22   58   78 9.566667 12.433333
  26   78   73 13.428571 12.571429
   3    2   17 0.333333 2.666667
  37  142   82 23.523810 13.476190
  34  120   86 20.085714 13.914286
  39  156   73 26.735714 12.264286
   1    0    8 0.000000 1.000000
  32  122   76 20.065476 11.934524
  28   84   81 14.395238 13.604762
  38  144   84 24.078571 13.921429
  34  112   91 18.932143 15.067857
  28   74   95 12.283333 15.716667
  39  150   85 25.214286 13.785714
  27   90   71 15.190476 11.809524
  34  112   92 19.033333 14.966667
  28   90   80 15.034127 12.965873
  36  124   89 20.976190 15.023810
  36  120   97 20.057143 15.942857
  25   68   79 11.552381 13.447619
  28   84   92 13.633333 14.366667
  47  182   95 30.875000 16.125000
  35  114   92 19.460714 15.539286
  23   58   85 9.438095 13.561905
  42  158   93 26.654762 15.345238
  34  112   93 18.663095 15.336905
  22   64   68 10.742857 11.257143
  44  178   85 29.913095 14.086905
  25   64   87 10.842857 14.157143
  20   50   66 8.823810 11.176190
  55  250   83 41.404762 13.595238
  29   84   94 13.828571 15.171429
  29   80   89 13.892063 15.107937
  42  182   71 30.214286 11.785714
  24   64   77 10.929762 13.070238
  37  124   96 21.176190 15.823810
  39  170   69 28.308333 10.691667
  12   14   59 2.304762 9.695238
  39  152   86 25.126190 13.873810
  49  214   75 36.032143 12.967857
  11   24   42 3.947619 7.052381
  48  202   81 34.196429 13.803571
  41  184   67 30.478571 10.521429
  12   22   47 3.958333 8.041667
  51  202  105 33.838095 17.161905
  37  144   80 23.927381 13.072619
  11   26   39 4.357143 6.642857
  53  242   78 40.266667 12.733333
  36  142   73 23.820238 12.179762
  13   28   46 4.861905 8.138095
  52  220   94 36.508333 15.491667
  35  116   96 19.326190 15.673810
  14   24   60 3.976190 10.023810
  49  184  114 30.609524 18.390476
  37  110  108 18.704762 18.295238
  13   26   56 4.217857 8.782143
  46  166  104 28.457143 17.542857
  41  142  106 23.471429 17.528571
  15   34   55 5.904762 9.095238
  46  158  116 26.550000 19.450000
  39  116  121 19.477381 19.522619
  22   72   59 12.244048 9.755952
  45  182   87 30.609524 14.390476
  33   98  102 16.371429 16.628571
  24   70   74 11.895238 12.104762
  47  182   98 30.452381 16.547619
  29   92   84 15.316667 13.683333
  28  110   58 18.592857 9.407143
  53  224   91 37.733333 15.266667
  19   52   65 8.576190 10.423810
  23   76   64 12.620238 10.379762
  63  296   80 49.728571 13.271429
  14   50   34 8.538095 5.461905
  14   32   52 5.473810 8.526190
  67  328   75 54.579762 12.420238
  19   70   43 11.785714 7.214286
  17   52   52 8.600000 8.400000
  57  256   83 43.073810 13.926190
  26  100   57 16.775000 9.225000
  11   24   43 3.842857 7.157143
  61  280   86 46.657143 14.342857
  28  102   65 17.271429 10.728571
   6   12   24 2.000000 4.000000
  75  378   71 63.265476 11.734524
  19   54   61 8.976190 10.023810
   7   16   27 2.633333 4.366667
  78  394   73 65.842857 12.157143
  15   40   50 6.882143 8.117857
   9   26   25 4.671429 4.328571
  78  416   55 68.971429 9.028571
  13   38   40 6.471429 6.528571
  12   32   39 5.380952 6.619048
  84  450   56 74.947619 9.052381
   4    2   21 0.342857 3.657143
  15   36   50 6.333333 8.666667
  77  400   65 66.485714 10.514286
   8   26   23 4.333333 3.666667
  14   36   45 6.295238 7.704762
  80  424   60 70.250000 9.750000
   6   16   19 2.714286 3.285714
  13   32   47 5.390476 7.609524
  87  474   47 79.114286 7.885714
  14   36   48 6.014286 7.985714
  86  468   48 77.860714 8.139286
  12   28   44 4.709524 7.290476
  88  484   44 80.728571 7.271429
   8   14   36 2.304762 5.695238
  92  514   36 85.804762 6.195238
  18   52   60 8.482143 9.517857
  82  428   60 71.623810 10.376190
  26   90   68 15.016667 10.983333
  74  374   68 63.025000 10.975000
  28   98   70 16.442857 11.557143
  72  362   70 60.602381 11.397619
  35  130   84 21.430952 13.569048
  65  302   84 50.563095 14.436905
  30   98   81 16.585714 13.414286
  70  340   81 56.609524 13.390476
  24   80   64 13.554762 10.445238
  76  392   64 65.505952 10.494048
  17   36   68 5.857143 11.142857
  83  428   68 71.363095 11.636905
  14   38   45 6.419048 7.580952
  86  472   45 78.646429 7.353571
  17   46   51 8.071429 8.928571
  83  452   51 74.932143 8.067857
  19   62   53 10.338095 8.661905
  81  432   53 72.289286 8.710714
  19   62   51 10.600000 8.400000
  81  436   51 72.640476 8.359524
  18   54   54 8.980952 9.019048
  82  438   54 73.123810 8.876190
  21   66   61 10.827381 10.172619
  79  412   61 68.819048 10.180952
  20   72   46 12.252381 7.747619
  80  436   46 72.736905 7.263095
  34  150   51 25.363095 8.636905
  66  348   51 57.727381 8.272619
  31  128   59 21.378571 9.621429
  69  354   59 59.088095 9.911905
  31  124   64 20.561905 10.438095
  69  348   64 58.225000 10.775000
  22   64   69 10.776190 11.223810
  78  398   69 66.603571 11.396429
  38  146   81 24.661905 13.338095
  62  292   81 48.633333 13.366667
  35  124   84 20.930952 14.069048
  65  308   84 51.225000 13.775000
  37  150   73 24.852381 12.147619
  63  304   73 50.764286 12.235714
  34  112   93 18.578571 15.421429
  66  302   93 50.633333 15.366667
  50  190  114 31.608333 18.391667
  50  182  114 30.688095 19.311905
  52  214   94 36.148810 15.851190
  48  198   94 32.719048 15.280952
  51  228   81 37.858333 13.141667
  49  210   81 35.171429 13.828571
  46  188   92 31.009524 14.990476
  54  228   92 38.573810 15.426190
  46  180   98 30.021429 15.978571
  54  224   98 37.400000 16.600000
  44  178   87 29.695238 14.304762
  56  248   87 41.596429 14.403571
  39  152   82 25.352381 13.647619
  61  284   82 47.507143 13.492857
  41  172   75 28.865476 12.134524
  59  278   75 46.569048 12.430952
  48  192   92 32.464286 15.535714
  52  224   92 37.123810 14.876190
  52  226   88 37.676190 14.323810
  48  198   88 33.416667 14.583333
  57  244  101 40.916667 16.083333
  43  154  101 26.119048 16.880952
  54  244   80 40.692857 13.307143
  46  196   80 32.834524 13.165476
  52  228   84 38.114286 13.885714
  48  204   84 34.084524 13.915476
  47  188   92 31.492857 15.507143
  53  228   92 37.844048 15.155952
  42  146  115 23.834524 18.165476
  58  224  115 38.230952 19.769048
  50  198   99 33.277381 16.722619
  50  204   99 34.003571 15.996429
  47  178  106 29.857143 17.142857
  53  210  106 35.507143 17.492857
  60  264   91 44.514286 15.485714
  40  154   91 25.201190 14.798810
  43  174   83 29.261905 13.738095
  57  260   83 43.495238 13.504762
  46  200   74 33.661905 12.338095
  54  252   74 42.027381 11.972619
  41  174   71 29.333333 11.666667
  59  284   71 47.438095 11.561905
  44  180   77 30.573810 13.426190
  56  266   77 43.763095 12.236905
  46  182   87 30.892857 15.107143
  54  244   87 40.295238 13.704762
  61  292   74 48.866667 12.133333
  39  160   74 26.892857 12.107143
  55  232   98 38.657143 16.342857
  45  172   98 28.927381 16.072619
  50  188  116 31.264286 18.735714
  50  180  116 30.625000 19.375000
  67  300  103 50.028571 16.971429
  33   94  103 16.047619 16.952381
  56  232  107 38.607143 17.392857
  44  154  107 26.216667 17.783333
  69  332   87 55.020238 13.979762
  31   94   87 16.190476 14.809524
  57  250   88 42.195238 14.804762
  43  174   88 28.945238 14.054762
  59  264   91 44.327381 14.672619
  41  154   91 26.176190 14.823810
  63  314   65 52.427381 10.572619
  37  156   65 26.369048 10.630952
  64  318   66 53.347619 10.652381
  36  150   66 25.328571 10.671429
  56  258   80 42.900000 13.100000
  44  182   80 30.546429 13.453571
  49  214   81 35.700000 13.300000
  51  224   81 37.554762 13.445238
  63  312   67 52.091667 10.908333
  37  154   67 25.716667 11.283333
  57  250   91 41.802381 15.197619
  43  168   91 28.173810 14.826190
  50  198  102 33.238095 16.761905
  50  198  102 33.141667 16.858333
  40  126  111 21.300000 18.700000
  60  252  111 41.971429 18.028571
  48  194   96 32.404762 15.595238
  52  214   96 35.973810 16.026190
  41  160   88 26.602381 14.397619
  59  264   88 44.433333 14.566667
  46  180   97 30.086905 15.913095
  54  226   97 37.716667 16.283333
  45  166  105 27.691667 17.308333
  55  224  105 37.427381 17.572619
  38  128   99 21.300000 16.700000
  62  274   99 45.879762 16.120238
  40  130  111 21.702381 18.297619
  60  248  111 41.547619 18.452381
  35  118   95 19.411905 15.588095
  65  292   95 48.890476 16.109524
  35  132   81 21.882143 13.117857
  65  306   81 51.132143 13.867857
  42  176   78 29.566667 12.433333
  58  268   78 45.200000 12.800000
  27   86   74 14.715476 12.284524
  73  366   74 61.363095 11.636905
  37  126   93 21.466667 15.533333
  63  288   93 48.028571 14.971429
  39  138   94 23.530952 15.469048
  61  274   94 45.635714 15.364286
  32   88  102 14.990476 17.009524
  68  308  102 51.553571 16.446429
  30   96   89 15.946429 14.053571
  70  326   89 55.104762 14.895238
  35  118   90 19.892857 15.107143
  65  302   90 50.113095 14.886905
  40  142   95 24.077381 15.922619
  60  268   95 44.490476 15.509524
  41  142  106 23.897619 17.102381
  59  246  106 41.411905 17.588095
  37  120  100 20.290476 16.709524
  63  280  100 46.947619 16.052381
  54  230   93 38.509524 15.490476
  46  184   93 30.810714 15.189286
  48  190  101 31.507143 16.492857
  52  208  101 35.141667 16.858333
  39  130  106 21.780952 17.219048
  61  258  106 43.172619 17.827381
  42  150  101 25.147619 16.852381
  58  248  101 41.409524 16.590476
  42  132  117 22.601190 19.398810
  58  234  117 39.102381 18.897619
  41  142  101 24.079762 16.920238
  59  256  101 42.652381 16.347619
  43  176   84 29.515476 13.484524
  57  256   84 43.152381 13.847619
  59  276   75 46.290476 12.709524
  41  174   75 28.795238 12.204762
  59  288   65 48.130952 10.869048
  41  182   65 30.269048 10.730952
  49  198   96 33.103571 15.896429
  51  210   96 34.961905 16.038095
  45  182   89 30.359524 14.640476
  55  240   89 39.917857 15.082143
  45  190   78 31.916667 13.083333
  55  254   78 42.204762 12.795238
  44  196   70 32.515476 11.484524
  56  264   70 44.094048 11.905952
  58  270   76 45.027381 12.972619
  42  178   76 29.354762 12.645238
  58  292   59 48.425000 9.575000
  42  190   59 32.047619 9.952381
  54  252   71 42.297619 11.702381
  46  206   71 34.423810 11.576190
  66  312   83 52.147619 13.852381
  34  122   83 20.350000 13.650000
  64  300   86 50.083333 13.916667
  36  128   86 21.727381 14.272619
  59  254  103 42.375000 16.625000
  41  140  103 23.544048 17.455952
  69  326   83 54.914286 14.085714
  31  108   83 17.851190 13.148810
  78  374   87 63.011905 14.988095
  22   52   87 8.305952 13.694048
  73  356   86 59.247619 13.752381
  27   72   86 12.323810 14.676190
  71  342   77 57.517857 13.482143
  29  104   77 16.905952 12.094048
  75  388   60 64.926190 10.073810
  25   92   60 15.323810 9.676190
  74  388   57 64.585714 9.414286
  26   98   57 16.447619 9.552381
  78  408   58 68.357143 9.642857
  22   76   58 12.619048 9.380952
  83  440   55 73.714286 9.285714
  17   50   55 8.401587 8.598413
  89  498   39 82.663095 6.336905
  11   24   39 4.180952 6.819048
  79  412   65 68.594048 10.405952
  21   58   65 10.000000 11.000000
  76  384   74 63.885714 12.114286
  24   68   74 11.419048 12.580952
  73  354   81 59.300000 13.700000
  27   84   81 13.848810 13.151190
  73  368   71 61.114286 11.885714
  27   90   71 14.928571 12.071429
  65  326   65 54.266667 10.733333
  35  144   65 24.183333 10.816667
  55  268   63 44.716667 10.283333
  45  206   63 34.363095 10.636905
  59  286   64 47.941667 11.058333
  41  186   64 30.861905 10.138095
  62  302   70 50.478571 11.521429
  38  158   70 26.309524 11.690476
  68  342   69 56.872619 11.127381
  32  120   69 20.269048 11.730952
  70  348   70 58.204762 11.795238
  30  112   70 18.741667 11.258333
  68  350   59 58.253571 9.746429
  32  132   59 22.114286 9.885714
  74  384   59 64.128571 9.871429
  26   98   59 16.238095 9.761905
  72  368   62 61.738095 10.261905
  28  108   62 18.035714 9.964286
  80  420   57 70.340476 9.659524
  20   66   57 10.917857 9.082143
  85  470   41 78.442857 6.557143
  15   48   41 8.076190 6.923810
  84  470   35 78.205952 5.794048
  16   60   35 10.071429 5.928571
  94  542   22 90.435714 3.564286
   6   14   22 2.371429 3.628571
  98  578   10 96.347619 1.652381
   2    2   10 0.333333 1.666667
  99  590    5 98.261905 0.738095
   1    0    5 0.000000 1.000000
 100  600    0 100.000000 0.000000
