   1    0    7 0.000000 1.000000
   1    0    6 0.000000 1.000000
   1    0    7 0.000000 1.000000
   2    2    9 0.366667 1.633333
   2    2    9 0.366667 1.633333
   1    0    7 0.000000 1.000000
   1    0    6 0.000000 1.000000
   1    0    6 0.000000 1.000000
   2    2    9 0.366667 1.633333
   1    0    8 0.000000 1.000000
   1    0    6 0.000000 1.000000
   1    0    7 0.000000 1.000000
   1    0    5 0.000000 1.000000
   2    2    8 0.400000 1.600000
   6   18   19 2.985714 3.014286
   2    2    9 0.366667 1.633333
   1    0    6 0.000000 1.000000
   1    0    6 0.000000 1.000000
   2    2   10 0.333333 1.666667
   1    0    6 0.000000 1.000000
   3    6   12 1.019048 1.980952
   1    0    7 0.000000 1.000000
   1    0    6 0.000000 1.000000
   1    0    7 0.000000 1.000000
   1    0    6 0.000000 1.000000
   1    0    6 0.000000 1.000000
   3    4   13 0.733333 2.266667
   1    0    7 0.000000 1.000000
   1    0    6 0.000000 1.000000
   1    0    6 0.000000 1.000000
   1    0    5 0.000000 1.000000
   1    0    6 0.000000 1.000000
   3    6   13 0.952381 2.047619
   1    0    7 0.000000 1.000000
   2    2    9 0.366667 1.633333
   1    0    6 0.000000 1.000000
   2    2   10 0.342857 1.657143
   1    0    6 0.000000 1.000000
   1    0    5 0.000000 1.000000
   2    2   10 0.333333 1.666667
   2    2   10 0.333333 1.666667
   2    2   11 0.309524 1.690476
   4   10   14 1.719048 2.280952
   1    0    5 0.000000 1.000000
   1    0    6 0.000000 1.000000
   2    2   11 0.309524 1.690476
   2    2    9 0.366667 1.633333
   8   24   22 4.290476 3.709524
   1    0    6 0.000000 1.000000
   5   10   19 1.730952 3.269048
   1    0    6 0.000000 1.000000
   1    0    7 0.000000 1.000000
   1    0    8 0.000000 1.000000
   1    0    7 0.000000 1.000000
   1    0    6 0.000000 1.000000
   3    4   13 0.700000 2.300000
   2    2    9 0.366667 1.633333
   2    2   10 0.333333 1.666667
   2    2    8 0.400000 1.600000
   4    8   14 1.466667 2.533333
   1    0    6 0.000000 1.000000
  10   30   28 5.180952 4.819048
   6   20   17 3.357143 2.642857
   4   10   14 1.685714 2.314286
   2    2   10 0.342857 1.657143
   2    2   10 0.333333 1.666667
   1    0    6 0.000000 1.000000
   3    4   14 0.666667 2.333333
   4    8   15 1.395238 2.604762
   3    4   15 0.642857 2.357143
   7   20   24 3.257143 3.742857
   4   10   15 1.595238 2.404762
   1    0    7 0.000000 1.000000
   4    8   17 1.361905 2.638095
   1    0    6 0.000000 1.000000
   6   16   18 2.804762 3.195238
   1    0    6 0.000000 1.000000
   2    2   10 0.333333 1.666667
   1    0    6 0.000000 1.000000
  13   48   32 7.945238 5.054762
   3    4   14 0.709524 2.290476
   4    8   16 1.328571 2.671429
   1    0    6 0.000000 1.000000
   2    2   10 0.342857 1.657143
   1    0    6 0.000000 1.000000
   7   18   24 3.000000 4.000000
   3    4   15 0.642857 2.357143
   1    0    7 0.000000 1.000000
   7   18   22 3.100000 3.900000
   4    4   20 0.652381 3.347619
   9   30   26 4.980952 4.019048
   1    0    6 0.000000 1.000000
   5    8   22 1.352381 3.647619
   1    0    5 0.000000 1.000000
   7   16   29 2.552381 4.447619
   5    8   20 1.433333 3.566667
   4    8   15 1.400000 2.600000
   1    0    6 0.000000 1.000000
   5   10   22 1.590476 3.409524
   1    0    6 0.000000 1.000000
  24   96   47 16.261905 7.738095
   3    2   16 0.333333 2.666667
   5    6   24 1.042857 3.957143
   1    0    6 0.000000 1.000000
   4    8   16 1.328571 2.671429
   1    0    7 0.000000 1.000000
   8   12   33 2.176190 5.823810
   1    0    5 0.000000 1.000000
   4    6   19 1.019048 2.980952
   3    2   16 0.333333 2.666667
   5    8   23 1.304762 3.695238
  11   38   29 6.314286 4.685714
   1    0    6 0.000000 1.000000
   2    2   12 0.285714 1.714286
   1    0    6 0.000000 1.000000
   7   14   27 2.366667 4.633333
   2    2   10 0.333333 1.666667
  10   36   21 6.335714 3.664286
  15   42   43 7.416667 7.583333
   1    0    5 0.000000 1.000000
  14   40   49 6.498810 7.501190
   4    4   18 0.733333 3.266667
   3    4   14 0.666667 2.333333
   4    8   14 1.500000 2.500000
   1    0    7 0.000000 1.000000
  11   24   46 3.809524 7.190476
   3    4   13 0.700000 2.300000
   8   18   26 3.216667 4.783333
   7   10   28 1.833333 5.166667
  13   42   36 7.014286 5.985714
   2    0   13 0.000000 2.000000
  12   22   54 3.561905 8.438095
   1    0    6 0.000000 1.000000
   4    8   19 1.214286 2.785714
  13   34   39 6.033333 6.966667
  15   48   42 8.123810 6.876190
   1    0    6 0.000000 1.000000
   1    0    6 0.000000 1.000000
   2    2   10 0.342857 1.657143
   2    2   11 0.309524 1.690476
  16   46   55 7.323810 8.676190
   1    0    6 0.000000 1.000000
  18   68   39 11.528571 6.471429
   9   20   32 3.430952 5.569048
  11   40   25 6.776190 4.223810
   2    2   10 0.333333 1.666667
  10   20   44 3.258333 6.741667
   3    6   11 1.066667 1.933333
   3    6   13 0.971429 2.028571
   7   10   32 1.719048 5.280952
  19   60   52 10.290476 8.709524
   1    0    7 0.000000 1.000000
  16   58   39 9.747619 6.252381
   2    2    9 0.366667 1.633333
  17   60   45 9.888095 7.111905
   6    8   28 1.319048 4.680952
   4    8   19 1.190476 2.809524
   2    2   12 0.285714 1.714286
  10   18   37 3.319048 6.680952
   1    0    5 0.000000 1.000000
   4    2   25 0.267857 3.732143
  23   78   59 13.210714 9.789286
   2    2   11 0.309524 1.690476
  29  106   64 18.000000 11.000000
   4    8   16 1.333333 2.666667
  15   46   48 7.480952 7.519048
   4    2   23 0.309524 3.690476
   6   10   24 1.833333 4.166667
   1    0    6 0.000000 1.000000
  12   26   43 4.671429 7.328571
   4   10   12 1.833333 2.166667
   2    2    9 0.366667 1.633333
  14   40   48 6.378571 7.621429
   1    0    5 0.000000 1.000000
  37  150   72 25.169048 11.830952
   4   10   12 1.828571 2.171429
   9   12   33 2.483333 6.516667
   3    2   18 0.309524 2.690476
   6    8   26 1.428571 4.571429
   3    4   14 0.652381 2.347619
   7   12   33 1.880952 5.119048
   9   26   30 4.419048 4.580952
  12   22   53 3.620238 8.379762
   2    2   11 0.309524 1.690476
  45  208   64 34.566667 10.433333
   7   18   23 3.038095 3.961905
  12   30   38 5.190476 6.809524
   2    0   12 0.000000 2.000000
   5   10   21 1.595238 3.404762
   6    8   30 1.301190 4.698810
   7   12   29 2.191667 4.808333
   6   16   21 2.566667 3.433333
  14   32   53 5.347619 8.652381
   2    2   11 0.309524 1.690476
  39  180   54 29.994048 9.005952
   5    8   22 1.477381 3.522619
   3    0   19 0.000000 3.000000
   3    0   20 0.000000 3.000000
   4    4   17 0.766667 3.233333
   3    2   15 0.333333 2.666667
   7   12   31 1.995238 5.004762
  18   60   47 10.288095 7.711905
  17   48   53 8.123810 8.876190
  40  174   68 29.073016 10.926984
   5    8   23 1.361905 3.638095
   4    4   18 0.733333 3.266667
   3    2   15 0.366667 2.633333
   1    0    6 0.000000 1.000000
   3    2   17 0.309524 2.690476
   9   20   32 3.466667 5.533333
  20   76   45 12.595238 7.404762
  14   34   57 5.285714 8.714286
  41  170   71 28.871429 12.128571
   3    6   13 0.983333 2.016667
   1    0    6 0.000000 1.000000
   3    6   12 1.000000 2.000000
  10   14   44 2.328571 7.671429
  24   86   55 14.776190 9.223810
  12   18   57 3.035714 8.964286
  47  200   83 33.485714 13.514286
   1    0    7 0.000000 1.000000
   2    2   10 0.342857 1.657143
   5    8   22 1.376190 3.623810
   9   12   42 2.052381 6.947619
  22   60   67 10.466667 11.533333
  15   24   67 4.104762 10.895238
  46  184   95 30.633333 15.366667
   1    0    7 0.000000 1.000000
   2    2    8 0.400000 1.600000
   1    0    7 0.000000 1.000000
   9   18   39 3.057143 5.942857
  22   68   63 11.476190 10.523810
  11   24   44 3.852381 7.147619
  54  230   90 39.033333 14.966667
   5   14   15 2.485714 2.514286
   2    2   11 0.309524 1.690476
   7   10   33 1.642857 5.357143
  26  106   54 17.473810 8.526190
   2    2   11 0.309524 1.690476
  58  268   74 45.395238 12.604762
   1    0    6 0.000000 1.000000
   4    8   16 1.376190 2.623810
   7   10   33 1.586905 5.413095
  20   56   65 9.310714 10.689286
  68  314   92 52.905952 15.094048
   1    0    7 0.000000 1.000000
   3    6   13 0.952381 2.047619
   7   14   26 2.480952 4.519048
  19   44   72 7.190476 11.809524
  70  316  102 52.891667 17.108333
   3    6   12 1.000000 2.000000
   3    4   15 0.642857 2.357143
   3    4   15 0.619048 2.380952
  19   38   74 6.573810 12.426190
  72  342   90 56.934127 15.065873
   4    8   15 1.385714 2.614286
   2    2   13 0.267857 1.732143
   1    0    6 0.000000 1.000000
  14   34   55 5.558333 8.441667
  79  394   73 66.419048 12.580952
   4    4   19 0.709524 3.290476
   2    2   10 0.333333 1.666667
   1    0    7 0.000000 1.000000
   9   12   45 1.959524 7.040476
  84  434   67 72.772619 11.227381
   4    6   19 0.971429 3.028571
   4    4   19 0.709524 3.290476
  11   30   34 5.219048 5.780952
  81  416   72 69.345238 11.654762
   2    0   13 0.000000 2.000000
   3    4   16 0.595238 2.404762
   8   16   33 2.661905 5.338095
  87  456   62 76.306746 10.693254
   3    4   11 0.783333 2.216667
   3    2   19 0.309524 2.690476
  94  538   26 89.782143 4.217857
   5   14   13 2.566667 2.433333
   4    6   19 0.983333 3.016667
  91  516   32 85.788095 5.211905
   2    0   13 0.000000 2.000000
   3    4   13 0.733333 2.266667
  95  546   24 91.023810 3.976190
   5    8   21 1.371429 3.628571
   2    2   10 0.333333 1.666667
  93  528   31 87.904762 5.095238
   5   10   24 1.500000 3.500000
  95  542   24 90.578571 4.421429
   4    6   19 1.019048 2.980952
  96  556   19 92.876190 3.123810
   3    2   16 0.366667 2.633333
  97  566   16 94.333333 2.666667
   1    0    7 0.000000 1.000000
  99  586    7 97.814286 1.185714
 100  600    0 100.000000 0.000000
