   1    0    7 0.000000 1.000000
   1    0    7 0.000000 1.000000
   1    0    7 0.000000 1.000000
   2    0   11 0.000000 2.000000
   1    0    7 0.000000 1.000000
   1    0    6 0.000000 1.000000
   1    0    5 0.000000 1.000000
   1    0    7 0.000000 1.000000
   4    8   13 1.500000 2.500000
   2    2    9 0.366667 1.633333
   1    0    7 0.000000 1.000000
   2    2   11 0.309524 1.690476
   1    0    6 0.000000 1.000000
   1    0    6 0.000000 1.000000
   1    0    5 0.000000 1.000000
   1    0    6 0.000000 1.000000
   1    0    7 0.000000 1.000000
   1    0    7 0.000000 1.000000
   3    6   12 1.019048 1.980952
   3    6   12 1.019048 1.980952
   1    0    6 0.000000 1.000000
   1    0    8 0.000000 1.000000
   1    0    6 0.000000 1.000000
   3    6   13 0.952381 2.047619
   2    2    9 0.366667 1.633333
   1    0    6 0.000000 1.000000
   1    0    6 0.000000 1.000000
   3    4   13 0.733333 2.266667
   2    2    8 0.400000 1.600000
   7   22   20 3.747619 3.252381
   1    0    7 0.000000 1.000000
   1    0    7 0.000000 1.000000
   2    2   10 0.342857 1.657143
   1    0    5 0.000000 1.000000
   1    0    6 0.000000 1.000000
   1    0    6 0.000000 1.000000
   1    0    6 0.000000 1.000000
   1    0    6 0.000000 1.000000
   1    0    6 0.000000 1.000000
   3    4   12 0.733333 2.266667
   1    0    8 0.000000 1.000000
   2    2   10 0.342857 1.657143
   1    0    7 0.000000 1.000000
   1    0    7 0.000000 1.000000
   2    2   11 0.309524 1.690476
   3    4   14 0.666667 2.333333
   2    2   10 0.342857 1.657143
   3    4   10 0.916667 2.083333
   1    0    6 0.000000 1.000000
   1    0    6 0.000000 1.000000
   1    0    5 0.000000 1.000000
   3    4   15 0.619048 2.380952
   2    2   10 0.342857 1.657143
   1    0    6 0.000000 1.000000
   4   10   13 1.766667 2.233333
   1    0    6 0.000000 1.000000
   3    4   13 0.700000 2.300000
   1    0    6 0.000000 1.000000
   1    0    7 0.000000 1.000000
   1    0    6 0.000000 1.000000
   1    0    6 0.000000 1.000000
   1    0    6 0.000000 1.000000
   6   16   19 2.800000 3.200000
   1    0    6 0.000000 1.000000
   1    0    7 0.000000 1.000000
   1    0    6 0.000000 1.000000
   1    0    7 0.000000 1.000000
   1    0    5 0.000000 1.000000
   2    2   12 0.285714 1.714286
   4    8   16 1.376190 2.623810
   1    0    6 0.000000 1.000000
   1    0    6 0.000000 1.000000
   3    4   12 0.766667 2.233333
   2    2   11 0.309524 1.690476
   5    6   24 1.033333 3.966667
   1    0    6 0.000000 1.000000
   1    0    6 0.000000 1.000000
   2    2   10 0.333333 1.666667
   2    2   10 0.333333 1.666667
   3    6   12 1.019048 1.980952
   3    4   13 0.733333 2.266667
   3    4   14 0.666667 2.333333
   1    0    6 0.000000 1.000000
   2    2   11 0.309524 1.690476
  10   30   28 5.216667 4.783333
   1    0    6 0.000000 1.000000
   1    0    7 0.000000 1.000000
   4    8   15 1.395238 2.604762
   1    0    7 0.000000 1.000000
   1    0    6 0.000000 1.000000
   1    0    7 0.000000 1.000000
   1    0    5 0.000000 1.000000
   1    0    6 0.000000 1.000000
   1    0    7 0.000000 1.000000
   2    2   10 0.333333 1.666667
   2    2   11 0.309524 1.690476
   1    0    7 0.000000 1.000000
   1    0    5 0.000000 1.000000
   3    2   16 0.333333 2.666667
   1    0    7 0.000000 1.000000
   1    0    7 0.000000 1.000000
   4    4   19 0.700000 3.300000
   2    2    9 0.366667 1.633333
   2    2    9 0.366667 1.633333
   3    6   10 1.133333 1.866667
   2    0   14 0.000000 2.000000
   1    0    7 0.000000 1.000000
   2    2    9 0.366667 1.633333
   1    0    6 0.000000 1.000000
   1    0    5 0.000000 1.000000
   1    0    6 0.000000 1.000000
   5   14   15 2.452381 2.547619
   3    6   12 1.019048 1.980952
   2    2   11 0.309524 1.690476
  15   60   29 10.166667 4.833333
   1    0    6 0.000000 1.000000
   1    0    9 0.000000 1.000000
   3    0   19 0.000000 3.000000
  11   34   30 5.895238 5.104762
   1    0    7 0.000000 1.000000
   2    0   11 0.000000 2.000000
   3    4   15 0.619048 2.380952
   2    0   12 0.000000 2.000000
   2    2   10 0.342857 1.657143
   1    0    6 0.000000 1.000000
   8   20   30 3.232143 4.767857
   2    2   10 0.342857 1.657143
   5    8   23 1.285714 3.714286
   1    0    7 0.000000 1.000000
   2    2   11 0.309524 1.690476
   1    0    6 0.000000 1.000000
   2    2    8 0.400000 1.600000
   1    0    6 0.000000 1.000000
   1    0    6 0.000000 1.000000
   1    0    6 0.000000 1.000000
   7   16   25 2.795238 4.204762
   1    0    6 0.000000 1.000000
  11   38   26 6.585714 4.414286
   4    6   16 1.133333 2.866667
   5   10   21 1.702381 3.297619
   1    0    6 0.000000 1.000000
   2    2    9 0.366667 1.633333
  20   74   43 12.647619 7.352381
   4   10   13 1.761905 2.238095
   2    2   10 0.333333 1.666667
   6    8   26 1.442857 4.557143
   1    0    7 0.000000 1.000000
   6   12   24 1.957143 4.042857
   6   12   24 2.071429 3.928571
   1    0    6 0.000000 1.000000
   5    4   27 0.700000 4.300000
   4    4   20 0.676190 3.323810
   1    0    7 0.000000 1.000000
   2    2   11 0.309524 1.690476
   2    0   10 0.000000 2.000000
   3    4   13 0.700000 2.300000
   1    0    6 0.000000 1.000000
   7   22   20 3.680952 3.319048
   5   14   18 2.166667 2.833333
  14   44   42 7.203571 6.796429
   2    0   13 0.000000 2.000000
   1    0    5 0.000000 1.000000
  23   90   46 15.289286 7.710714
   4   10   16 1.547619 2.452381
   7   22   20 3.661905 3.338095
  10   22   36 3.828571 6.171429
   2    2   11 0.325000 1.675000
   6   12   26 1.952381 4.047619
   2    2   11 0.309524 1.690476
   1    0    6 0.000000 1.000000
   4    6   17 1.085714 2.914286
   1    0    7 0.000000 1.000000
   2    0   13 0.000000 2.000000
   8   26   21 4.438095 3.561905
   7   14   30 2.276190 4.723810
   7   16   24 2.800000 4.200000
  12   32   40 5.371429 6.628571
   3    2   15 0.333333 2.666667
   2    2    9 0.366667 1.633333
  19   60   58 9.826190 9.173810
   2    2    9 0.366667 1.633333
   7   14   26 2.400000 4.600000
   9   16   38 2.819048 6.180952
   7   22   20 3.790476 3.209524
   9   26   28 4.385714 4.614286
   9   30   26 5.013095 3.986905
   1    0    6 0.000000 1.000000
   3    4   14 0.666667 2.333333
   1    0    5 0.000000 1.000000
   6   14   21 2.414286 3.585714
   7   20   24 3.300000 3.700000
   3    4   15 0.619048 2.380952
  14   36   45 6.214286 7.785714
   1    0    6 0.000000 1.000000
   1    0    6 0.000000 1.000000
  17   48   54 7.985714 9.014286
  11   34   33 5.794048 5.205952
   2    0   12 0.000000 2.000000
   8   22   24 3.838095 4.161905
   9   28   25 4.723810 4.276190
   8   26   21 4.414286 3.585714
   2    2   10 0.333333 1.666667
   2    2   10 0.342857 1.657143
   5    8   24 1.261905 3.738095
  10   30   31 4.923810 5.076190
  10   28   32 4.723810 5.276190
  14   46   38 7.857143 6.142857
   1    0    6 0.000000 1.000000
   2    2   12 0.285714 1.714286
  15   44   49 7.113095 7.886905
  11   34   31 5.733333 5.266667
   7   22   18 3.879762 3.120238
   7   10   30 1.785714 5.214286
  14   50   33 8.585714 5.414286
   9   32   23 5.332143 3.667857
   1    0    6 0.000000 1.000000
   5    6   28 0.910714 4.089286
   6   14   21 2.419048 3.580952
  13   34   42 5.795238 7.204762
  10   28   31 4.728571 5.271429
   4    6   17 1.066667 2.933333
  17   42   58 7.057143 9.942857
   4    2   24 0.309524 3.690476
   6   14   25 2.263095 3.736905
   8   12   36 2.028571 5.971429
  15   52   38 8.821429 6.178571
  13   38   39 6.428571 6.571429
   2    2    9 0.366667 1.633333
   3    2   15 0.366667 2.633333
  18   64   45 10.834524 7.165476
  10   22   38 3.845238 6.154762
   3    6   13 0.952381 2.047619
  18   50   60 8.280952 9.719048
  10   30   30 5.071429 4.928571
   6   12   24 2.000000 4.000000
  23   94   43 15.869048 7.130952
  11   36   29 6.090476 4.909524
  10   16   43 2.685714 7.314286
   2    2    9 0.366667 1.633333
  10   32   26 5.504762 4.495238
   7   16   29 2.438095 4.561905
  17   46   60 7.590476 9.409524
  13   46   31 7.704762 5.295238
   4    6   20 0.952381 3.047619
  19   60   55 10.064286 8.935714
   8   22   26 3.804762 4.195238
   8   14   33 2.452381 5.547619
   4    6   18 1.000000 3.000000
  15   44   43 7.542857 7.457143
  12   34   36 5.980952 6.019048
  17   44   62 7.133333 9.866667
   8   10   36 1.719048 6.280952
  11   32   35 5.361905 5.638095
  17   42   57 7.266667 9.733333
   8   22   25 3.723810 4.276190
  11   32   34 5.378571 5.621429
   3    2   16 0.342857 2.657143
  11   26   43 4.138095 6.861905
  14   28   54 4.776190 9.223810
  16   26   68 4.438095 11.561905
   6    8   27 1.352381 4.647619
   6   10   25 1.742857 4.257143
  16   44   50 7.347619 8.652381
  21   82   49 13.423810 7.576190
  10   30   30 5.133333 4.866667
   5    8   21 1.385714 3.614286
   5   10   21 1.595238 3.404762
  15   26   65 4.250000 10.750000
  13   34   44 5.725000 7.275000
   9   24   32 3.945238 5.054762
   6    8   29 1.371429 4.628571
  18   56   51 9.469048 8.530952
  11   22   43 3.822619 7.177381
  14   46   39 7.623810 6.376190
   6    8   26 1.452381 4.547619
   4    8   14 1.433333 2.566667
  19   52   64 8.661905 10.338095
  18   50   64 8.256746 9.743254
  14   46   37 7.914286 6.085714
   4    8   17 1.388889 2.611111
  20   70   50 11.814286 8.185714
   7   12   27 2.183333 4.816667
   7   12   29 2.150000 4.850000
   4    4   22 0.595238 3.404762
   2    2    9 0.366667 1.633333
  24   60   81 10.197619 13.802381
  12   28   43 4.709524 7.290476
  19   66   47 11.357143 7.642857
   6   10   25 1.828571 4.171429
  30  110   73 18.338095 11.661905
   3    2   17 0.309524 2.690476
   5    4   21 0.850000 4.150000
   7   20   20 3.447619 3.552381
   3    4   16 0.619048 2.380952
  15   26   68 4.191667 10.808333
  15   24   64 4.195238 10.804762
  16   52   43 8.871429 7.128571
   7   14   28 2.371429 4.628571
  32  112   79 18.757143 13.242857
   2    2    9 0.366667 1.633333
   5    8   26 1.220238 3.779762
   7   16   26 2.666667 4.333333
   8   22   27 3.704762 4.295238
   8   12   36 2.019048 5.980952
   9   10   45 1.695238 7.304762
  18   58   50 9.790476 8.209524
   3    4   16 0.625000 2.375000
  35  110   98 18.610714 16.389286
   4   10   13 1.733333 2.266667
  11   26   38 4.561905 6.438095
   8   20   29 3.438095 4.561905
  12   22   51 3.666667 8.333333
   5    2   27 0.366667 4.633333
  12   32   36 5.609524 6.390476
   4    8   17 1.285714 2.714286
  20   62   62 10.309524 9.690476
   4    6   18 1.028571 2.971429
  12   44   28 7.314286 4.685714
  13   32   48 5.285714 7.714286
  30  104   74 17.661905 12.338095
   4    4   19 0.766667 3.233333
  14   34   50 5.738095 8.261905
   7   18   21 3.300000 3.700000
  19   54   59 9.228571 9.771429
   3    2   17 0.333333 2.666667
  13   42   37 7.075000 5.925000
  12   36   36 6.021429 5.978571
  28   98   73 16.450000 11.550000
   6   10   29 1.620238 4.379762
  27   82   77 13.945238 13.054762
   4    4   20 0.676190 3.323810
  15   36   57 5.909524 9.090476
   2    0   12 0.000000 2.000000
   9   24   31 3.971429 5.028571
   9   22   34 3.584524 5.415476
  28   80   82 13.819048 14.180952
   3    2   16 0.333333 2.666667
  43  154  103 25.992857 17.007143
   2    2   10 0.333333 1.666667
   4    2   25 0.309524 3.690476
   1    0    5 0.000000 1.000000
   6    6   28 1.042857 4.957143
  15   34   57 5.619048 9.380952
  26   80   76 13.463095 12.536905
   8   20   28 3.352381 4.647619
  43  150  110 24.961905 18.038095
   4    6   22 0.916667 3.083333
   7    8   33 1.500000 5.500000
  18   46   60 7.876190 10.123810
  20   60   57 10.309524 9.690476
   7   20   26 3.142857 3.857143
  48  198   86 33.509524 14.490476
   1    0    6 0.000000 1.000000
   4    2   22 0.333333 3.666667
  24   92   52 15.338095 8.661905
  16   44   52 7.671429 8.328571
   6   12   26 1.992857 4.007143
  58  254   91 42.809524 15.190476
   4    8   15 1.428571 2.571429
   3    2   17 0.342857 2.657143
  20   70   48 11.909524 8.090476
   9   16   41 2.600000 6.400000
   1    0    5 0.000000 1.000000
  67  320   85 53.102381 13.897619
   4    8   16 1.333333 2.666667
   1    0    5 0.000000 1.000000
  23   68   67 11.614286 11.385714
   4    2   24 0.309524 3.690476
   1    0    7 0.000000 1.000000
  77  394   67 65.915476 11.084524
   5    8   21 1.419048 3.580952
  14   28   58 4.596429 9.403571
   3    4   13 0.733333 2.266667
   1    0    6 0.000000 1.000000
  73  376   65 62.525000 10.475000
   9   20   30 3.642857 5.357143
  10   22   37 3.828571 6.171429
   7   18   26 2.942857 4.057143
   1    0    7 0.000000 1.000000
  80  396   80 66.419048 13.580952
   9   14   40 2.461905 6.538095
   6    8   31 1.244048 4.755952
   4    2   22 0.342857 3.657143
   2    2   11 0.309524 1.690476
  78  390   79 65.171429 12.828571
  14   38   43 6.638095 7.361905
   5   10   20 1.828571 3.171429
   1    0    7 0.000000 1.000000
   1    0    5 0.000000 1.000000
  80  410   72 68.436905 11.563095
  12   26   44 4.392857 7.607143
   7   20   23 3.314286 3.685714
  78  412   55 68.870238 9.129762
  18   70   39 11.876190 6.123810
   4    8   16 1.333333 2.666667
  82  436   54 72.802381 9.197619
  17   56   49 9.325000 7.675000
   1    0    5 0.000000 1.000000
  85  456   52 76.279762 8.720238
  13   38   42 6.228571 6.771429
   2    2   10 0.333333 1.666667
  93  526   32 87.614286 5.385714
   7   10   32 1.628571 5.371429
  93  532   26 88.657143 4.342857
   7   16   26 2.600000 4.400000
  92  530   23 88.217857 3.782143
   8   24   23 4.133333 3.866667
  92  524   27 87.448810 4.551190
   8   22   27 3.623810 4.376190
  97  566   16 94.361905 2.638095
   3    2   16 0.366667 2.633333
  96  556   18 92.814286 3.185714
   4    8   18 1.214286 2.785714
  95  550   20 91.709524 3.290476
   5   10   20 1.661905 3.338095
  94  540   23 90.123810 3.876190
   6   14   23 2.390476 3.609524
  95  548   21 91.544048 3.455952
   5   10   21 1.595238 3.404762
  96  554   21 92.461905 3.538095
   4    4   21 0.642857 3.357143
  99  586    7 97.778571 1.221429
   1    0    7 0.000000 1.000000
  99  586    7 97.847619 1.152381
   1    0    7 0.000000 1.000000
 100  600    0 100.000000 0.000000
