   1    0    8 0.000000 1.000000
   2    2   11 0.309524 1.690476
   1    0    5 0.000000 1.000000
   3    6   10 1.133333 1.866667
   1    0    7 0.000000 1.000000
   1    0    6 0.000000 1.000000
   1    0    6 0.000000 1.000000
   1    0    6 0.000000 1.000000
   3    6   13 1.022222 1.977778
   1    0    6 0.000000 1.000000
   1    0    7 0.000000 1.000000
   4   10   12 1.969048 2.030952
   2    2   10 0.333333 1.666667
   3    6   12 1.019048 1.980952
   5   12   19 2.000000 3.000000
   4    6   18 0.985714 3.014286
   1    0    7 0.000000 1.000000
   2    2   10 0.333333 1.666667
   2    2    9 0.366667 1.633333
   2    2   10 0.342857 1.657143
   1    0    6 0.000000 1.000000
   1    0    5 0.000000 1.000000
   1    0    6 0.000000 1.000000
   1    0    6 0.000000 1.000000
   1    0    6 0.000000 1.000000
   1    0    6 0.000000 1.000000
   2    2   10 0.333333 1.666667
   1    0    6 0.000000 1.000000
   1    0    5 0.000000 1.000000
   1    0    6 0.000000 1.000000
   1    0    7 0.000000 1.000000
   1    0    5 0.000000 1.000000
   1    0    6 0.000000 1.000000
   2    2    9 0.366667 1.633333
   1    0    5 0.000000 1.000000
   2    2   11 0.309524 1.690476
   1    0    6 0.000000 1.000000
   1    0    6 0.000000 1.000000
   1    0    7 0.000000 1.000000
   2    2    9 0.366667 1.633333
   1    0    6 0.000000 1.000000
   2    2    9 0.366667 1.633333
   1    0    6 0.000000 1.000000
   1    0    7 0.000000 1.000000
   1    0    6 0.000000 1.000000
   1    0    5 0.000000 1.000000
   1    0    7 0.000000 1.000000
   2    2   12 0.291667 1.708333
   2    2   10 0.342857 1.657143
   1    0    6 0.000000 1.000000
   1    0    6 0.000000 1.000000
   4    8   18 1.250000 2.750000
   4   10   15 1.614286 2.385714
   1    0    7 0.000000 1.000000
   1    0    6 0.000000 1.000000
   2    2    8 0.400000 1.600000
   1    0    7 0.000000 1.000000
   1    0    5 0.000000 1.000000
   2    2   10 0.333333 1.666667
   1    0    5 0.000000 1.000000
   4    8   14 1.466667 2.533333
   3    4   11 0.816667 2.183333
   2    2   10 0.333333 1.666667
   1    0    6 0.000000 1.000000
   3    4   14 0.709524 2.290476
   3    4   13 0.685714 2.314286
   1    0    7 0.000000 1.000000
   1    0    7 0.000000 1.000000
   1    0    6 0.000000 1.000000
   8   26   22 4.391667 3.608333
   7   22   18 3.859524 3.140476
   8   22   25 3.801190 4.198810
   7   18   28 2.847619 4.152381
   3    4   11 0.800000 2.200000
   1    0    6 0.000000 1.000000
   1    0    7 0.000000 1.000000
   8   26   21 4.323810 3.676190
   1    0    7 0.000000 1.000000
   1    0    6 0.000000 1.000000
   1    0    7 0.000000 1.000000
   2    2   10 0.333333 1.666667
   1    0    7 0.000000 1.000000
   1    0    7 0.000000 1.000000
   3    4   13 0.733333 2.266667
   1    0    6 0.000000 1.000000
   2    2   10 0.333333 1.666667
   1    0    6 0.000000 1.000000
   2    2   11 0.309524 1.690476
   3    4   14 0.666667 2.333333
   3    4   13 0.700000 2.300000
   2    0   12 0.000000 2.000000
   2    0   12 0.000000 2.000000
   1    0    6 0.000000 1.000000
   1    0    6 0.000000 1.000000
   1    0    6 0.000000 1.000000
   1    0    6 0.000000 1.000000
   5    8   21 1.400000 3.600000
   1    0    7 0.000000 1.000000
   1    0    6 0.000000 1.000000
   2    2   11 0.309524 1.690476
   2    2    9 0.366667 1.633333
   1    0    7 0.000000 1.000000
   3    6   11 1.066667 1.933333
   1    0    5 0.000000 1.000000
   3    6   11 1.066667 1.933333
   4    8   16 1.385714 2.614286
   3    6   11 1.066667 1.933333
   2    2    9 0.366667 1.633333
   2    2    9 0.366667 1.633333
   7   12   29 2.019048 4.980952
  10   30   28 5.278571 4.721429
   3    4   15 0.628571 2.371429
   7   16   25 2.778571 4.221429
   3    4   15 0.642857 2.357143
   1    0    7 0.000000 1.000000
  14   54   32 8.927381 5.072619
   1    0    7 0.000000 1.000000
   1    0    7 0.000000 1.000000
   4   10   14 1.685714 2.314286
   1    0    7 0.000000 1.000000
   3    4   14 0.676190 2.323810
   1    0    5 0.000000 1.000000
   5   10   20 1.695238 3.304762
   5   12   17 2.066667 2.933333
   1    0    7 0.000000 1.000000
   4    6   18 1.019048 2.980952
   1    0    7 0.000000 1.000000
   5   12   19 1.952381 3.047619
   1    0    6 0.000000 1.000000
   2    2   11 0.309524 1.690476
   1    0    6 0.000000 1.000000
   1    0    6 0.000000 1.000000
   3    4   14 0.666667 2.333333
   1    0    8 0.000000 1.000000
   6   14   23 2.280952 3.719048
   4    4   20 0.733333 3.266667
   5   10   20 1.666667 3.333333
   2    2   10 0.333333 1.666667
   7   18   24 3.183333 3.816667
   2    2    9 0.366667 1.633333
  14   42   40 7.152381 6.847619
   8   12   38 1.963095 6.036905
  16   58   38 9.700000 6.300000
   1    0    6 0.000000 1.000000
   2    2   10 0.333333 1.666667
   7   12   26 2.266667 4.733333
   3    2   15 0.366667 2.633333
   6   14   24 2.364286 3.635714
   4    8   16 1.333333 2.666667
   4    4   21 0.642857 3.357143
   3    6   11 1.066667 1.933333
   2    2   11 0.309524 1.690476
   3    4   16 0.667857 2.332143
   2    2   10 0.333333 1.666667
   2    2   11 0.309524 1.690476
   6   14   23 2.338095 3.661905
   3    4   15 0.619048 2.380952
   1    0    7 0.000000 1.000000
   7   16   25 2.600000 4.400000
   2    2   10 0.333333 1.666667
  18   68   42 11.276190 6.723810
   5    4   24 0.742857 4.257143
  16   52   43 8.914286 7.085714
   1    0    7 0.000000 1.000000
   6   10   25 1.733333 4.266667
   1    0    6 0.000000 1.000000
   4    8   15 1.442857 2.557143
   7   14   25 2.533333 4.466667
  10   24   37 4.007143 5.992857
   5   10   20 1.628571 3.371429
   1    0    5 0.000000 1.000000
   1    0    6 0.000000 1.000000
   4    6   18 1.042857 2.957143
  10   26   30 4.666667 5.333333
   5   10   20 1.864286 3.135714
   5   12   17 2.038095 2.961905
   3    4   16 0.595238 2.404762
  10   34   25 5.777381 4.222619
   3    4   16 0.595238 2.404762
  12   36   34 6.233333 5.766667
   4    6   17 1.109524 2.890476
  24   90   54 15.119048 8.880952
   4    6   20 0.971429 3.028571
   2    2   11 0.309524 1.690476
   2    2   10 0.333333 1.666667
   4    8   16 1.328571 2.671429
   6   14   24 2.302381 3.697619
   1    0    6 0.000000 1.000000
   8   16   32 2.719048 5.280952
  15   58   29 9.976190 5.023810
   4    4   20 0.676190 3.323810
   2    2   11 0.309524 1.690476
   4    6   18 1.000000 3.000000
   7   16   27 2.657143 4.342857
   3    2   16 0.342857 2.657143
  11   30   38 4.938095 6.061905
   2    2    9 0.366667 1.633333
  23   78   59 13.142857 9.857143
   6   10   26 1.776190 4.223810
   2    2   11 0.309524 1.690476
   1    0    6 0.000000 1.000000
   3    4   14 0.666667 2.333333
   8   20   27 3.466667 4.533333
   1    0    7 0.000000 1.000000
   6   10   24 1.766667 4.233333
  17   58   44 9.642857 7.357143
   3    2   17 0.309524 2.690476
   3    0   18 0.000000 3.000000
   6   10   25 1.752381 4.247619
   7   10   34 1.595238 5.404762
  14   40   42 6.854762 7.145238
  30  114   67 19.177381 10.822619
   5   10   20 1.685714 3.314286
   9   24   31 3.857143 5.142857
  12   38   33 6.600000 5.400000
  12   30   40 5.114286 6.885714
   1    0    8 0.000000 1.000000
   2    2    9 0.366667 1.633333
  13   38   44 6.157143 6.842857
   1    0    6 0.000000 1.000000
  12   34   39 5.638095 6.361905
  33  132   64 22.466667 10.533333
   7   22   19 3.875000 3.125000
   7   14   28 2.233333 4.766667
  10   20   41 3.263095 6.736905
  19   60   54 10.014286 8.985714
   1    0    6 0.000000 1.000000
   1    0    5 0.000000 1.000000
   8   22   27 3.728571 4.271429
   3    6   13 0.952381 2.047619
  13   36   42 6.190476 6.809524
  36  152   64 25.428571 10.571429
   6   16   19 2.785714 3.214286
   3    2   15 0.366667 2.633333
  13   42   36 7.085714 5.914286
  21   64   62 10.642857 10.357143
   4    8   14 1.428571 2.571429
   4    8   15 1.452381 2.547619
   5   12   17 2.033333 2.966667
   8   24   26 3.809524 4.190476
  43  194   68 32.135714 10.864286
   2    2    8 0.400000 1.600000
   5   14   17 2.285714 2.714286
  15   34   58 5.676190 9.323810
   9   26   27 4.466667 4.533333
   5   14   15 2.519048 2.480952
   9   28   26 4.676190 4.323810
  11   34   34 5.792857 5.207143
  46  188   85 31.613095 14.386905
   5   10   20 1.685714 3.314286
  16   42   54 6.942857 9.057143
   3    2   15 0.366667 2.633333
  18   72   35 12.090476 5.909524
   5   10   21 1.595238 3.404762
  15   50   40 8.528571 6.471429
  38  160   69 26.576190 11.423810
   5    6   26 0.967857 4.032143
  18   46   60 7.871429 10.128571
  18   70   40 11.466667 6.533333
   6   20   16 3.535714 2.464286
  24   86   57 14.590476 9.409524
  29  106   67 17.892857 11.107143
   5   10   16 1.933333 3.066667
  20   58   57 10.057143 9.942857
  16   50   48 8.178571 7.821429
  13   44   33 7.490476 5.509524
  28  108   64 17.953968 10.046032
  18   66   46 10.880952 7.119048
   7   20   26 3.066667 3.933333
  23   56   81 9.667857 13.332143
  20   66   55 10.995238 9.004762
   8   26   24 4.228571 3.771429
  18   54   56 9.167857 8.832143
  24   66   70 11.692857 12.307143
  13   46   30 7.761905 5.238095
  31   98   87 16.333333 14.666667
  15   46   47 7.609524 7.390476
   1    0    5 0.000000 1.000000
  25   80   71 13.252381 11.747619
  15   36   54 5.947619 9.052381
  15   54   37 9.066667 5.933333
  30   84   94 14.385714 15.614286
  12   28   42 4.719048 7.280952
  26   86   69 14.261905 11.738095
  17   48   58 7.738095 9.261905
  12   30   41 5.165476 6.834524
  33  126   74 21.233333 11.766667
  15   36   51 6.301190 8.698810
  22   68   63 11.685714 10.314286
  18   46   65 7.803571 10.196429
  14   48   37 8.015476 5.984524
  20   70   49 11.988095 8.011905
  20   60   59 9.923810 10.076190
  25   84   65 14.169048 10.830952
  21   72   56 11.966667 9.033333
   7   14   27 2.438095 4.561905
  20   78   40 13.190476 6.809524
  29  102   76 16.769048 12.230952
  29  114   61 18.900000 10.100000
  15   50   38 8.471429 6.528571
   1    0    6 0.000000 1.000000
  16   50   47 8.295238 7.704762
  26   66   88 11.085714 14.914286
  36  158   58 26.780952 9.219048
  21   66   61 11.066667 9.933333
   4    6   18 1.000000 3.000000
  10   16   43 2.752381 7.247619
  38  120  107 20.214286 17.785714
  36  162   53 27.185714 8.814286
  12   18   57 2.830952 9.169048
   2    2   11 0.309524 1.690476
  10   22   42 3.629762 6.370238
  47  180  102 30.258333 16.741667
  34  154   47 25.980952 8.019048
   7    6   34 1.109524 5.890476
   7   22   19 3.833333 3.166667
  12   26   46 4.596429 7.403571
  35  128   82 21.563095 13.436905
  38  164   64 27.404762 10.595238
   8   26   23 4.347619 3.652381
   3    6   13 0.952381 2.047619
  13   34   42 5.857143 7.142857
  40  150   86 25.209524 14.790476
  33  136   66 22.427381 10.572619
  11   36   31 5.876190 5.123810
   1    0    7 0.000000 1.000000
  10   18   39 3.083333 6.916667
  47  194   93 32.115476 14.884524
  31  112   71 19.047619 11.952381
  11   34   32 5.757143 5.242857
   1    0    6 0.000000 1.000000
  16   44   49 7.861905 8.138095
  45  184   90 30.609524 14.390476
  30  104   75 17.690476 12.309524
   8   22   26 3.609524 4.390476
   1    0    7 0.000000 1.000000
  13   40   43 6.415476 6.584524
  38  150   79 24.989286 13.010714
  39  150   77 25.595238 13.404762
   9   26   28 4.421429 4.578571
   8   10   37 1.742857 6.257143
  30  118   64 19.595238 10.404762
  56  272   65 45.470238 10.529762
   6    8   26 1.402381 4.597619
   8   20   27 3.535714 4.464286
  27  104   59 17.422619 9.577381
  58  296   53 49.480952 8.519048
   7   18   23 3.061905 3.938095
   5    6   26 0.916667 4.083333
  28   96   70 16.142857 11.857143
  59  288   66 48.158333 10.841667
   8   22   26 3.954762 4.045238
   4    4   16 0.816667 3.183333
  24   86   60 14.189683 9.810317
  64  314   70 52.373810 11.626190
   8   26   24 4.166667 3.833333
   3    6   11 1.066667 1.933333
  24   84   62 13.909524 10.090476
  70  336   82 56.369048 13.630952
   3    6   13 0.952381 2.047619
   1    0    8 0.000000 1.000000
  28   94   74 15.947619 12.052381
  69  324   88 54.376190 14.623810
   2    2   10 0.342857 1.657143
   1    0    6 0.000000 1.000000
  39  140   90 23.867857 15.132143
  58  252   99 41.865476 16.134524
   2    0   13 0.000000 2.000000
  42  166   86 27.965476 14.034524
  56  250   87 41.929762 14.070238
   2    2    9 0.366667 1.633333
  38  152   79 25.352381 12.647619
  62  290   79 48.700000 13.300000
  32  142   50 23.850000 8.150000
  68  358   50 59.864286 8.135714
  39  170   63 28.776190 10.223810
  61  304   63 50.661905 10.338095
  42  184   68 30.600000 11.400000
  58  280   68 46.636905 11.363095
  29   98   74 16.433333 12.566667
  71  354   74 58.908333 12.091667
  44  190   74 31.923810 12.076190
  56  262   74 43.895238 12.104762
  47  186   97 31.314286 15.685714
  53  220   97 37.016667 15.983333
  42  154   97 25.814286 16.185714
  58  252   97 42.053571 15.946429
  42  138  118 22.980952 19.019048
  58  226  118 37.992857 20.007143
  39  146   88 24.432143 14.567857
  61  278   88 46.496429 14.503571
  29   90   80 15.304762 13.695238
  71  350   80 58.228571 12.771429
  22   48   82 8.273810 13.726190
  78  388   82 64.863095 13.136905
   9   14   37 2.533333 6.466667
  91  512   37 85.194048 5.805952
   9   12   43 2.028571 6.971429
  91  502   43 83.919048 7.080952
  14   28   56 4.770238 9.229762
  86  460   56 76.666667 9.333333
  17   38   63 6.371429 10.628571
  83  436   63 72.419048 10.580952
  18   48   58 8.328571 9.671429
  82  436   58 72.432143 9.567857
  13   32   46 5.359524 7.640476
  87  476   46 79.325000 7.675000
  10   28   33 4.590476 5.409524
  90  506   33 84.361905 5.638095
   6   10   27 1.695238 4.304762
  94  536   27 89.451190 4.548810
   5   12   19 1.980952 3.019048
  95  550   19 91.738095 3.261905
   6   16   21 2.729762 3.270238
  94  542   21 90.473810 3.526190
  14   44   35 7.790476 6.209524
  86  486   35 80.669048 5.330952
   9   20   35 3.276190 5.723810
  91  510   35 85.161905 5.838095
  15   48   42 8.114286 6.885714
  85  468   42 78.088095 6.911905
  10   22   39 3.619048 6.380952
  90  500   39 83.309524 6.690476
   6    4   35 0.628571 5.371429
  94  526   35 88.085714 5.914286
  13   36   41 6.023810 6.976190
  87  482   41 80.221429 6.778571
  17   64   39 10.695238 6.304762
  83  458   39 76.571429 6.428571
  10   24   36 4.025000 5.975000
  90  504   36 84.080952 5.919048
  11   26   41 4.338095 6.661905
  89  492   41 82.209524 6.790476
   8   14   35 2.316667 5.683333
  92  516   35 86.133333 5.866667
   6    8   29 1.409524 4.590476
  94  534   29 89.223810 4.776190
   9   24   30 3.989286 5.010714
  91  516   30 85.983333 5.016667
  12   40   30 6.900000 5.100000
  88  500   30 83.200000 4.800000
   5   10   18 1.800000 3.200000
  95  554   18 92.171429 2.828571
   9   22   30 3.964286 5.035714
  91  518   30 86.157143 4.842857
   3    2   17 0.309524 2.690476
  97  564   17 94.160714 2.839286
   5    6   25 0.976190 4.023810
  95  544   25 90.896429 4.103571
   4    4   23 0.601190 3.398810
  96  550   23 92.095238 3.904762
   4    6   17 1.033333 2.966667
  96  560   17 93.180952 2.819048
   6   16   20 2.757143 3.242857
  94  544   20 90.676190 3.323810
   5    8   24 1.214286 3.785714
  95  544   24 90.938095 4.061905
   6   10   26 1.695238 4.304762
  94  538   26 89.779762 4.220238
   2    2   12 0.285714 1.714286
  98  574   12 95.857143 2.142857
 100  600    0 100.000000 0.000000
