   3    4   15 0.642857 2.357143
   2    2    9 0.366667 1.633333
   3    4   12 0.766667 2.233333
   1    0    7 0.000000 1.000000
   1    0    7 0.000000 1.000000
   1    0    6 0.000000 1.000000
   1    0    6 0.000000 1.000000
   3    4   15 0.642857 2.357143
   1    0    5 0.000000 1.000000
   3    6   12 1.019048 1.980952
   1    0    6 0.000000 1.000000
   1    0    7 0.000000 1.000000
   1    0    7 0.000000 1.000000
   1    0    6 0.000000 1.000000
   4   10   15 1.660714 2.339286
   1    0    5 0.000000 1.000000
   2    2   11 0.309524 1.690476
   1    0    6 0.000000 1.000000
   2    2    9 0.366667 1.633333
   1    0    5 0.000000 1.000000
   5   14   14 2.602381 2.397619
   4    6   17 1.066667 2.933333
   1    0    8 0.000000 1.000000
   1    0    6 0.000000 1.000000
   1    0    7 0.000000 1.000000
   1    0    6 0.000000 1.000000
   2    2    9 0.366667 1.633333
   1    0    7 0.000000 1.000000
   1    0    6 0.000000 1.000000
   1    0    7 0.000000 1.000000
   3    6   11 1.085714 1.914286
   2    2    9 0.366667 1.633333
   1    0    7 0.000000 1.000000
   3    2   18 0.325000 2.675000
   2    2   11 0.309524 1.690476
   1    0    6 0.000000 1.000000
   1    0    6 0.000000 1.000000
   2    2   10 0.333333 1.666667
   1    0    6 0.000000 1.000000
   2    2    9 0.366667 1.633333
   1    0    5 0.000000 1.000000
   1    0    5 0.000000 1.000000
   2    2   11 0.309524 1.690476
   3    4   14 0.652381 2.347619
   1    0    7 0.000000 1.000000
   2    2   10 0.333333 1.666667
   1    0    7 0.000000 1.000000
   2    2   10 0.333333 1.666667
   1    0    6 0.000000 1.000000
   3    4   14 0.666667 2.333333
   1    0    5 0.000000 1.000000
   1    0    5 0.000000 1.000000
   1    0    6 0.000000 1.000000
   1    0    7 0.000000 1.000000
   5   12   17 2.095238 2.904762
   1    0    6 0.000000 1.000000
   2    2    8 0.400000 1.600000
   1    0    6 0.000000 1.000000
   1    0    6 0.000000 1.000000
   3    4   15 0.619048 2.380952
   2    2   10 0.333333 1.666667
   1    0    8 0.000000 1.000000
   2    2   10 0.333333 1.666667
   2    2    9 0.366667 1.633333
   2    2   10 0.342857 1.657143
   3    4   13 0.742857 2.257143
   3    4   13 0.700000 2.300000
   5   10   21 1.642857 3.357143
   3    6   12 1.000000 2.000000
   2    2   10 0.333333 1.666667
   2    2   10 0.333333 1.666667
   1    0    6 0.000000 1.000000
   3    4   16 0.619048 2.380952
   3    4   15 0.642857 2.357143
   4    6   17 1.109524 2.890476
   1    0    6 0.000000 1.000000
   2    2   10 0.333333 1.666667
   1    0    5 0.000000 1.000000
   1    0    7 0.000000 1.000000
   2    2   11 0.309524 1.690476
   1    0    7 0.000000 1.000000
   2    2   10 0.333333 1.666667
   5    8   20 1.519048 3.480952
   2    2   10 0.342857 1.657143
   4   10   14 1.661905 2.338095
   1    0    6 0.000000 1.000000
   4   10   15 1.678571 2.321429
   6   14   21 2.400000 3.600000
   3    4   13 0.700000 2.300000
   2    2   10 0.333333 1.666667
   3    4   14 0.666667 2.333333
   4    8   15 1.450000 2.550000
   1    0    5 0.000000 1.000000
   2    2   10 0.342857 1.657143
   7   20   21 3.461905 3.538095
   1    0    7 0.000000 1.000000
   3    4   14 0.652381 2.347619
   1    0    6 0.000000 1.000000
   4    4   20 0.666667 3.333333
   1    0    5 0.000000 1.000000
   2    2   11 0.309524 1.690476
   7   22   19 3.738095 3.261905
   1    0    7 0.000000 1.000000
   1    0    6 0.000000 1.000000
   3    6   13 0.952381 2.047619
   3    4   14 0.666667 2.333333
   3    6   11 1.066667 1.933333
   1    0    7 0.000000 1.000000
   4    8   15 1.419048 2.580952
   3    2   16 0.366667 2.633333
   5   10   22 1.622222 3.377778
   2    2    9 0.366667 1.633333
   3    2   18 0.285714 2.714286
   2    2   12 0.291667 1.708333
   1    0    6 0.000000 1.000000
   3    2   16 0.366667 2.633333
   7   20   19 3.650000 3.350000
   5   10   20 1.666667 3.333333
  11   36   30 5.971429 5.028571
   2    2   10 0.333333 1.666667
   1    0    6 0.000000 1.000000
   2    2    9 0.366667 1.633333
   4    6   17 1.033333 2.966667
  10   30   30 5.076190 4.923810
   1    0    6 0.000000 1.000000
   7   14   28 2.376190 4.623810
   1    0    5 0.000000 1.000000
   6   12   25 1.947619 4.052381
   2    2   10 0.333333 1.666667
  11   28   39 4.533333 6.466667
   1    0    6 0.000000 1.000000
   2    2   10 0.342857 1.657143
   1    0    6 0.000000 1.000000
   5   14   14 2.500000 2.500000
   1    0    7 0.000000 1.000000
   2    2   10 0.333333 1.666667
   7   12   30 2.019048 4.980952
   7   18   25 2.947619 4.052381
   2    2    8 0.400000 1.600000
   3    6   14 0.904762 2.095238
   7   18   23 3.095238 3.904762
   1    0    5 0.000000 1.000000
   7   16   27 2.617857 4.382143
   2    2    9 0.366667 1.633333
   2    2    9 0.366667 1.633333
   5   14   18 2.166667 2.833333
  19   60   56 9.933333 9.066667
   2    2    8 0.400000 1.600000
   4    4   20 0.642857 3.357143
   6   12   25 1.976190 4.023810
   1    0    7 0.000000 1.000000
  28  102   64 17.380952 10.619048
   2    2   12 0.285714 1.714286
   7   22   22 3.504762 3.495238
   5    6   24 1.000000 4.000000
   1    0    6 0.000000 1.000000
   3    4   14 0.652381 2.347619
   8   20   27 3.623810 4.376190
   8   24   24 4.038095 3.961905
   2    2   10 0.333333 1.666667
   6    8   25 1.466667 4.533333
   1    0    8 0.000000 1.000000
   4    6   19 0.952381 3.047619
  14   22   58 3.901190 10.098810
   1    0    7 0.000000 1.000000
   3    2   16 0.342857 2.657143
   4    4   18 0.742857 3.257143
  30   98   79 16.867857 13.132143
   7   20   23 3.383333 3.616667
  12   34   41 5.569048 6.430952
   3    6   12 1.019048 1.980952
  16   56   42 9.238095 6.761905
   2    0   13 0.000000 2.000000
   2    2   10 0.333333 1.666667
   5   14   15 2.519048 2.480952
   4    6   19 1.067857 2.932143
   5    8   22 1.433333 3.566667
   7    4   37 0.783333 6.216667
   3    2   15 0.416667 2.583333
   4    4   19 0.709524 3.290476
  42  160   93 26.873413 15.126587
   8   20   28 3.395238 4.604762
   9   22   33 3.723810 5.276190
   2    2   10 0.333333 1.666667
  14   40   41 6.833333 7.166667
   2    0   13 0.000000 2.000000
   1    0    5 0.000000 1.000000
   5   14   16 2.419048 2.580952
   8   18   30 3.033333 4.966667
   2    0   12 0.000000 2.000000
   3    2   18 0.325000 2.675000
  39  148   90 24.623810 14.376190
   9   26   26 4.504762 4.495238
   8   16   32 2.838095 5.161905
   1    0    6 0.000000 1.000000
  18   66   42 11.121429 6.878571
   1    0    7 0.000000 1.000000
   1    0    6 0.000000 1.000000
   5   12   16 2.133333 2.866667
  15   50   39 8.571429 6.428571
   2    2    9 0.366667 1.633333
   1    0    7 0.000000 1.000000
  35  126   85 21.247619 13.752381
   6   14   22 2.375000 3.625000
   3    0   20 0.000000 3.000000
   2    2   10 0.333333 1.666667
  21   78   46 13.283333 7.716667
   3    4   12 0.766667 2.233333
   3    2   17 0.325000 2.675000
  20   58   63 9.769048 10.230952
   4    8   15 1.419048 2.580952
   3    4   14 0.725000 2.275000
  24   84   61 14.180952 9.819048
   3    6   13 0.983333 2.016667
   2    0   12 0.000000 2.000000
   2    2   11 0.309524 1.690476
  21   72   54 12.142857 8.857143
  11   30   33 5.308333 5.691667
   5    4   26 0.676190 4.323810
  25   72   79 12.082143 12.917857
   4    8   15 1.433333 2.566667
   3    6   12 1.019048 1.980952
  26   74   80 12.583333 13.416667
   2    2    9 0.366667 1.633333
   5    8   21 1.552381 3.447619
   1    0    7 0.000000 1.000000
  11   24   44 3.923810 7.076190
   9   20   35 3.351190 5.648810
   9   14   42 2.320238 6.679762
  29   90   83 14.980952 14.019048
   5   12   17 2.095238 2.904762
   3    6   12 1.000000 2.000000
  28  100   66 16.882143 11.117857
   3    4   14 0.676190 2.323810
  11   22   40 4.028571 6.971429
   1    0    6 0.000000 1.000000
  11   34   32 5.771429 5.228571
   6    4   34 0.642857 5.357143
   9   16   38 2.842857 6.157143
  25   82   73 13.409524 11.590476
   6   14   21 2.438095 3.561905
  34  124   81 20.570238 13.429762
   3    2   17 0.333333 2.666667
   6   10   25 1.766667 4.233333
   4    8   17 1.285714 2.714286
  10   32   30 5.266667 4.733333
   4    2   21 0.400000 3.600000
   7   22   20 3.652381 3.347619
  27  100   60 16.891667 10.108333
   5   10   19 1.733333 3.266667
  30  106   73 17.785317 12.214683
   1    0    5 0.000000 1.000000
   3    6   14 0.904762 2.095238
   8   16   31 2.723810 5.276190
   4    2   22 0.333333 3.666667
  15   56   33 9.404762 5.595238
  30  112   67 18.842857 11.157143
   9   20   37 3.152381 5.847619
  38  132  101 21.476190 16.523810
   3    6   11 1.085714 1.914286
   6   12   23 2.104762 3.895238
   7    6   32 1.166667 5.833333
  10   28   33 4.595238 5.404762
  28   82   84 13.680952 14.319048
   8   14   36 2.214286 5.785714
  36  118   98 19.728571 16.271429
   3    2   16 0.342857 2.657143
   7   14   27 2.371429 4.628571
   9   16   38 2.695238 6.304762
   4    4   20 0.676190 3.323810
  33  102   97 17.066667 15.933333
   8   12   36 2.019048 5.980952
  36  138   78 23.109524 12.890476
  21   84   39 14.240476 6.759524
   4    4   26 0.553571 3.446429
   1    0    7 0.000000 1.000000
  29   86   84 14.714286 14.285714
   9   24   30 4.095238 4.904762
  49  216   73 36.483333 12.516667
  18   66   43 11.052381 6.947619
   7   16   23 2.833333 4.166667
   1    0    6 0.000000 1.000000
  23   48   96 7.798810 15.201190
   2    2   11 0.309524 1.690476
  49  194  100 32.470238 16.529762
  14   52   31 8.901190 5.098810
   6    6   31 0.977381 5.022619
   6   16   18 2.804762 3.195238
  21   52   78 8.683333 12.316667
   4    4   18 0.766667 3.233333
  52  216   96 36.147619 15.852381
  16   58   41 9.547619 6.452381
   4    6   19 1.000000 3.000000
   5    8   22 1.338095 3.661905
  19   40   70 6.909524 12.090476
   4   10   14 1.771429 2.228571
  57  208  125 35.304762 21.695238
   8   22   25 3.809524 4.190476
   5    8   25 1.238095 3.761905
   2    2   11 0.309524 1.690476
  17   28   81 4.438095 12.561905
  11   36   29 6.235714 4.764286
  55  218  111 36.405952 18.594048
   7   14   27 2.328571 4.671429
   5    6   24 1.042857 3.957143
  22   44   87 7.419048 14.580952
  11   40   29 6.520238 4.479762
  52  214   97 36.121429 15.878571
   6    6   32 0.976190 5.023810
  10   20   39 3.514286 6.485714
  27  100   64 16.708333 10.291667
   5   12   16 2.133333 2.866667
  52  224   84 37.800000 14.200000
   9   20   35 3.330952 5.669048
   8   16   34 2.566667 5.433333
  26   86   72 14.217857 11.782143
   5   10   19 1.752381 3.247619
  58  262   82 44.060714 13.939286
   6   12   26 1.957143 4.042857
   5    8   20 1.466667 3.533333
  26   88   72 14.410714 11.589286
   5    8   22 1.333333 3.666667
  61  280   85 46.884524 14.115476
  10   28   31 4.854762 5.145238
   5    8   21 1.385714 3.614286
  22   70   65 11.590476 10.409524
   2    2   10 0.333333 1.666667
  57  264   80 43.991667 13.008333
  12   32   42 5.276190 6.723810
   4    6   16 1.133333 2.866667
  23   66   70 11.180952 11.819048
   4   10   14 1.661905 2.338095
  62  292   79 48.914286 13.085714
  14   42   43 6.976190 7.023810
   1    0    7 0.000000 1.000000
  22   76   56 12.917857 9.082143
   1    0    5 0.000000 1.000000
  63  302   77 50.311905 12.688095
  16   56   40 9.533333 6.466667
  19   62   52 10.409524 8.590476
   2    2    9 0.366667 1.633333
  66  318   83 52.547619 13.452381
  24   92   49 15.555952 8.444048
  10   20   38 3.471429 6.528571
  65  306   89 50.627381 14.372619
  26   92   61 15.528571 10.471429
   9   14   38 2.419048 6.580952
  49  190  104 31.661905 17.338095
  37  134   88 22.500000 14.500000
  14   36   48 6.047619 7.952381
  46  170  107 28.347619 17.652381
  38  160   71 26.536905 11.463095
  16   30   62 5.273810 10.726190
  44  180   86 29.923810 14.076190
  34  134   67 22.633333 11.366667
  22   76   57 12.671429 9.328571
  54  230   91 38.819048 15.180952
  25   82   69 13.877381 11.122619
  21   60   68 9.950000 11.050000
  48  230   58 38.298810 9.701190
  31  126   58 21.363095 9.636905
  21   72   56 12.038095 8.961905
  42  178   72 29.933333 12.066667
  32  124   69 20.596429 11.403571
  26  100   57 16.747619 9.252381
  46  198   71 33.645238 12.354762
  27  100   64 16.604762 10.395238
  27  102   65 16.891667 10.108333
  48  208   79 34.802381 13.197619
  26   92   66 15.247619 10.752381
  26   94   61 15.861905 10.138095
  52  224   90 37.433333 14.566667
  26   76   75 12.942857 13.057143
  22   62   73 10.250000 11.750000
  52  212  100 35.457143 16.542857
  22   54   77 9.241667 12.758333
  26   72   85 12.100000 13.900000
  59  262   92 44.057143 14.942857
  27   94   70 15.619048 11.380952
  14   38   44 6.657143 7.342857
  58  256   94 42.571429 15.428571
  29   96   80 15.852381 13.147619
  13   24   50 4.233333 8.766667
  58  248   94 42.107143 15.892857
  31  110   79 18.290476 12.709524
  11   30   39 4.846429 6.153571
  53  226   94 37.789286 15.210714
  40  154   83 26.216667 13.783333
   7   14   29 2.247619 4.752381
  56  246   89 41.207143 14.792857
  43  174   86 29.136905 13.863095
   1    0    5 0.000000 1.000000
  48  206   85 34.152381 13.847619
  52  224   85 37.583333 14.416667
  56  254   80 42.513095 13.486905
  44  186   80 30.900000 13.100000
  45  194   81 31.957143 13.042857
  55  244   81 41.155952 13.844048
  46  192   87 32.034524 13.965476
  54  234   87 39.319048 14.680952
  36  116   97 19.533333 16.466667
  64  290   97 48.044048 15.955952
  44  178   86 29.679762 14.320238
  56  250   86 41.855952 14.144048
  41  150   93 25.280952 15.719048
  59  264   93 43.814286 15.185714
  52  228   85 38.032143 13.967857
  48  202   85 33.766667 14.233333
  64  314   72 52.212698 11.787302
  36  142   72 24.109524 11.890476
  66  348   54 57.675000 8.325000
  34  144   54 24.688095 9.311905
  64  310   76 51.904762 12.095238
  36  138   76 23.185714 12.814286
  55  258   72 42.995238 12.004762
  45  198   72 33.138095 11.861905
  49  212   84 35.102381 13.897619
  51  220   84 36.892857 14.107143
  45  188   82 31.426190 13.573810
  55  248   82 41.276190 13.723810
  34  104   99 17.485714 16.514286
  66  298   99 49.520238 16.479762
  32   88  104 14.916667 17.083333
  68  304  104 50.745238 17.254762
  23   54   83 9.348810 13.651190
  77  380   83 63.438095 13.561905
  27   74   89 12.508333 14.491667
  73  348   89 58.282143 14.717857
  43  156  100 26.400000 16.600000
  57  244  100 40.723810 16.276190
  49  184  112 30.900000 18.100000
  51  192  112 32.366667 18.633333
  44  170   95 28.628571 15.371429
  56  240   95 40.545238 15.454762
  47  190   93 31.609524 15.390476
  53  224   93 37.464286 15.535714
  57  262   81 43.979762 13.020238
  43  176   81 29.733333 13.266667
  57  232  107 39.269048 17.730952
  43  154  107 25.791667 17.208333
  64  308   78 51.371429 12.628571
  36  136   78 22.857143 13.142857
  61  266   96 44.810714 16.189286
  39  142   96 23.452381 15.547619
  52  224   92 37.260714 14.739286
  48  192   92 32.590476 15.409524
  48  204   86 34.015476 13.984524
  52  224   86 37.653571 14.346429
  54  234   85 39.292857 14.707143
  46  196   85 32.335714 13.664286
  42  184   71 30.789286 11.210714
  58  274   71 46.051190 11.948810
  33  106   92 17.470238 15.529762
  67  310   92 51.765476 15.234524
  33   96  100 16.295238 16.704762
  67  304  100 50.690476 16.309524
  34  110   94 18.366667 15.633333
  66  302   94 50.465476 15.534524
  31  104   82 17.427381 13.572619
  69  332   82 55.490476 13.509524
  44  160  106 26.723810 17.276190
  56  228  106 38.353571 17.646429
  45  156  114 26.066667 18.933333
  55  216  114 36.204762 18.795238
  49  194   99 32.695238 16.304762
  51  208   99 34.719048 16.280952
  52  204  108 33.904762 18.095238
  48  180  108 30.246429 17.753571
  52  176  128 30.133333 21.866667
  48  168  128 27.925000 20.075000
  58  230  111 39.025000 18.975000
  42  148  111 24.319048 17.680952
  45  168  102 28.223810 16.776190
  55  228  102 38.115476 16.884524
  35  110  102 18.542857 16.457143
  65  286  102 48.004762 16.995238
  25   66   84 11.238095 13.761905
  75  366   84 61.334524 13.665476
  20   52   68 8.852381 11.147619
  80  412   68 68.911905 11.088095
  16   28   68 4.833333 11.166667
  84  436   68 72.665476 11.334524
  13   26   50 4.579762 8.420238
  87  474   50 78.907143 8.092857
   7    8   35 1.338095 5.661905
  93  522   35 87.172619 5.827381
   5   10   21 1.797619 3.202381
  95  548   21 91.427381 3.572619
   2    2   10 0.333333 1.666667
  98  578   10 96.346429 1.653571
 100  600    0 100.000000 0.000000
