   1    0    7 0.000000 1.000000
   1    0    7 0.000000 1.000000
   1    0    6 0.000000 1.000000
   2    2   11 0.309524 1.690476
   1    0    7 0.000000 1.000000
   2    2   10 0.342857 1.657143
   1    0    6 0.000000 1.000000
   1    0    6 0.000000 1.000000
   1    0    6 0.000000 1.000000
   2    0   13 0.000000 2.000000
   3    4   12 0.733333 2.266667
   4    8   16 1.333333 2.666667
   1    0    8 0.000000 1.000000
   3    4   14 0.709524 2.290476
   1    0    6 0.000000 1.000000
   4    6   17 1.066667 2.933333
   1    0    7 0.000000 1.000000
   3    6   11 1.085714 1.914286
   1    0    6 0.000000 1.000000
   3    4   14 0.666667 2.333333
   1    0    7 0.000000 1.000000
   2    2   10 0.333333 1.666667
   2    2   11 0.309524 1.690476
   1    0    5 0.000000 1.000000
   1    0    6 0.000000 1.000000
   7   18   20 3.271429 3.728571
   2    2   10 0.342857 1.657143
   1    0    6 0.000000 1.000000
   1    0    7 0.000000 1.000000
   1    0    6 0.000000 1.000000
   1    0    6 0.000000 1.000000
   1    0    6 0.000000 1.000000
   2    2    9 0.366667 1.633333
   1    0    7 0.000000 1.000000
   3    6   10 1.133333 1.866667
   1    0    5 0.000000 1.000000
   1    0    7 0.000000 1.000000
   2    2   10 0.333333 1.666667
   2    2   10 0.342857 1.657143
   1    0    7 0.000000 1.000000
   3    2   15 0.333333 2.666667
   2    2   10 0.333333 1.666667
   5   10   18 1.842857 3.157143
   1    0    7 0.000000 1.000000
   1    0    6 0.000000 1.000000
   1    0    5 0.000000 1.000000
   1    0    6 0.000000 1.000000
   6   16   21 2.680952 3.319048
   3    6   11 1.085714 1.914286
   2    2    9 0.366667 1.633333
   1    0    7 0.000000 1.000000
   1    0    7 0.000000 1.000000
   2    2   11 0.309524 1.690476
   7   22   20 3.770238 3.229762
   1    0    6 0.000000 1.000000
   2    2    9 0.366667 1.633333
   2    2   10 0.333333 1.666667
   2    2   10 0.333333 1.666667
   1    0    7 0.000000 1.000000
   1    0    6 0.000000 1.000000
   2    2   12 0.291667 1.708333
   2    2   10 0.342857 1.657143
   2    2    9 0.366667 1.633333
   6   14   23 2.338095 3.661905
   4    6   17 1.052381 2.947619
   1    0    6 0.000000 1.000000
   2    2   11 0.309524 1.690476
  17   50   50 8.533333 8.466667
   1    0    5 0.000000 1.000000
   1    0    7 0.000000 1.000000
   5   14   16 2.338095 2.661905
   1    0    6 0.000000 1.000000
   3    4   12 0.766667 2.233333
   3    4   16 0.619048 2.380952
   3    6   12 1.000000 2.000000
   1    0    6 0.000000 1.000000
   4    8   17 1.285714 2.714286
   5   12   14 2.278571 2.721429
   2    2   13 0.267857 1.732143
   3    0   18 0.000000 3.000000
   2    0   12 0.000000 2.000000
   2    2   11 0.309524 1.690476
   5    6   24 1.009524 3.990476
   1    0    7 0.000000 1.000000
   2    2    8 0.400000 1.600000
   4   10   14 1.661905 2.338095
   4   10   15 1.614286 2.385714
   1    0    6 0.000000 1.000000
   1    0    6 0.000000 1.000000
   3    6   14 0.916667 2.083333
   3    4   14 0.652381 2.347619
   1    0    6 0.000000 1.000000
   1    0    6 0.000000 1.000000
   1    0    7 0.000000 1.000000
   4    8   15 1.442857 2.557143
   8   18   31 2.914286 5.085714
   3    4   16 0.619048 2.380952
   2    2   10 0.333333 1.666667
   4    8   17 1.309524 2.690476
  13   24   51 4.238095 8.761905
   7   20   21 3.400000 3.600000
   1    0    6 0.000000 1.000000
   4    4   18 0.766667 3.233333
   1    0    6 0.000000 1.000000
   1    0    6 0.000000 1.000000
   3    4   14 0.666667 2.333333
   9   28   25 4.814286 4.185714
   2    2    9 0.366667 1.633333
   3    4   15 0.642857 2.357143
   4   10   15 1.660714 2.339286
   4    8   15 1.385714 2.614286
   5   12   20 1.857143 3.142857
   7   18   22 3.195238 3.804762
   5   12   17 2.071429 2.928571
   2    0   12 0.000000 2.000000
   1    0    6 0.000000 1.000000
   1    0    5 0.000000 1.000000
   2    2    9 0.366667 1.633333
   1    0    7 0.000000 1.000000
   9   22   34 3.600000 5.400000
   1    0    6 0.000000 1.000000
   9   28   29 4.585714 4.414286
   9   30   23 5.061905 3.938095
   7    8   36 1.319048 5.680952
   3    2   16 0.366667 2.633333
   3    4   11 0.816667 2.183333
   2    2   10 0.333333 1.666667
   2    2    8 0.400000 1.600000
   8   22   25 3.814286 4.185714
   3    2   16 0.333333 2.666667
   2    2   11 0.309524 1.690476
   4    6   18 1.042857 2.957143
   1    0    6 0.000000 1.000000
   7   18   26 2.852381 4.147619
  18   74   33 12.500000 5.500000
   3    4   15 0.642857 2.357143
   1    0    7 0.000000 1.000000
   3    6   11 1.085714 1.914286
   4    6   18 1.009524 2.990476
   1    0    6 0.000000 1.000000
   8   16   31 2.661905 5.338095
   2    0   12 0.000000 2.000000
  15   52   39 8.695238 6.304762
  13   48   29 8.085714 4.914286
   6    6   33 0.928571 5.071429
   4    4   18 0.766667 3.233333
   6   14   24 2.294048 3.705952
   7   18   24 3.000000 4.000000
   2    2    9 0.366667 1.633333
   2    2   10 0.333333 1.666667
   5    6   27 0.928571 4.071429
  18   60   43 10.357143 7.642857
   1    0    7 0.000000 1.000000
   3    4   14 0.676190 2.323810
   2    2    9 0.366667 1.633333
  11   30   36 5.033333 5.966667
  19   78   38 13.038095 5.961905
  10   22   38 3.747619 6.252381
  11   28   40 4.628571 6.371429
   1    0    7 0.000000 1.000000
   7   10   27 1.916667 5.083333
  11   28   38 4.714286 6.285714
   5    8   20 1.476190 3.523810
   3    4   14 0.676190 2.323810
   3    2   15 0.333333 2.666667
  13   36   45 5.942857 7.057143
   5   10   20 1.719048 3.280952
   7   22   21 3.786905 3.213095
   1    0    6 0.000000 1.000000
   9   14   41 2.409524 6.590476
  10   36   24 6.119048 3.880952
   8   20   27 3.438095 4.561905
   8   16   34 2.642857 5.357143
   7   16   24 2.828571 4.171429
  10   20   41 3.259524 6.740476
   9   16   40 2.647619 6.352381
   2    0   13 0.000000 2.000000
   5    6   22 1.066667 3.933333
  19   76   35 12.828571 6.171429
   4    8   16 1.333333 2.666667
   4    6   17 1.033333 2.966667
   1    0    6 0.000000 1.000000
   3    4   14 0.666667 2.333333
  14   48   36 8.167857 5.832143
  10   30   30 5.114286 4.885714
   7    8   35 1.353571 5.646429
  17   64   35 11.076190 5.923810
  14   34   48 5.842857 8.157143
   2    2   11 0.309524 1.690476
   3    4   14 0.709524 2.290476
   1    0    7 0.000000 1.000000
  20   88   35 14.538095 5.461905
   5    8   23 1.328571 3.671429
   6   16   20 2.671429 3.328571
  14   36   47 5.957143 8.042857
   6   10   26 1.695238 4.304762
   6    8   30 1.285714 4.714286
  21   78   49 13.236905 7.763095
  18   46   57 8.100000 9.900000
   3    6   12 1.019048 1.980952
  21   82   46 13.505952 7.494048
   8   20   25 3.600000 4.400000
   5   14   19 2.166667 2.833333
  20   60   58 10.385714 9.614286
   1    0    6 0.000000 1.000000
   6    8   30 1.261905 4.738095
  17   50   54 8.333333 8.666667
  22   66   61 11.461905 10.538095
   3    4   14 0.709524 2.290476
  18   70   41 11.577381 6.422619
   7   20   20 3.538095 3.461905
   5   16   13 2.957143 2.042857
  19   52   63 8.786905 10.213095
   8   10   40 1.661905 6.338095
  24   72   72 12.161905 11.838095
  17   40   61 6.771429 10.228571
   3    6   12 1.000000 2.000000
  17   62   41 10.161905 6.838095
   9   26   28 4.383333 4.616667
   6   16   18 2.833333 3.166667
  28   96   75 15.901587 12.098413
   5    6   24 0.985714 4.014286
  24   84   61 14.297619 9.702381
  13   24   53 4.090476 8.909524
   2    0   12 0.000000 2.000000
  13   32   45 5.552381 7.447619
  18   64   44 10.784524 7.215476
   5    8   25 1.214286 3.785714
  34   92  108 15.572619 18.427381
   2    2    9 0.366667 1.633333
  21   48   79 7.952381 13.047619
   4    2   24 0.309524 3.690476
   4    6   18 1.016667 2.983333
  12   30   41 5.157143 6.842857
  25   78   74 12.947619 12.052381
   3    4   14 0.709524 2.290476
  31   94   89 15.936905 15.063095
   1    0    7 0.000000 1.000000
  23   66   73 10.966667 12.033333
   4    6   19 1.019048 2.980952
   7   14   29 2.352381 4.647619
   6   10   23 1.833333 4.166667
  24   70   69 12.042857 11.957143
   6   10   27 1.628571 4.371429
  30   90   91 15.171429 14.828571
  22   58   77 9.551190 12.448810
   4    6   17 1.019048 2.980952
  11   28   38 4.785714 6.214286
   3    2   17 0.309524 2.690476
  22   64   65 11.052381 10.947619
   2    2    8 0.400000 1.600000
  37  130   90 21.938095 15.061905
  18   44   68 7.136905 10.863095
   7   16   25 2.827381 4.172619
  13   40   41 6.639286 6.360714
   1    0    7 0.000000 1.000000
  15   32   60 5.334524 9.665476
   2    2   11 0.309524 1.690476
  41  148   97 24.528571 16.471429
  19   56   58 9.461905 9.538095
   8   26   23 4.276190 3.723810
  15   50   37 8.728571 6.271429
  14   36   49 5.923810 8.076190
   2    2   11 0.309524 1.690476
  31  114   73 18.921429 12.078571
  16   42   51 7.250000 8.750000
  11   32   34 5.411905 5.588095
  26  100   56 16.894048 9.105952
   5    4   29 0.595238 4.404762
   1    0    8 0.000000 1.000000
  28   94   70 16.104762 11.895238
  19   56   60 9.247619 9.752381
  13   42   35 7.119048 5.880952
  34  130   72 21.836905 12.163095
   9   28   26 4.714286 4.285714
  35  120   91 20.059524 14.940476
  23   86   54 14.489286 8.510714
   9   18   33 3.200000 5.800000
  24   56   88 9.366667 14.633333
   8   26   23 4.276190 3.723810
  34  100  101 16.957143 17.042857
  26   82   76 13.538095 12.461905
   8   26   22 4.342857 3.657143
  24   54   90 9.133333 14.866667
   2    2    9 0.366667 1.633333
  25   66   84 11.145238 13.854762
  42  176   74 29.691667 12.308333
  10   28   31 4.771429 5.228571
  21   46   84 7.514286 13.485714
   2    2   11 0.309524 1.690476
  21   50   76 8.590476 12.409524
  43  164   92 27.811905 15.188095
  14   34   52 5.801190 8.198810
  20   46   73 7.766667 12.233333
   3    6   11 1.119048 1.880952
  18   50   59 8.478571 9.521429
  40  142  103 23.157540 16.842460
  17   48   51 8.347619 8.652381
  22   56   74 9.628571 12.371429
   2    2   12 0.285714 1.714286
  15   30   63 4.873810 10.126190
  37  128   94 21.296429 15.703571
  15   46   43 7.826190 7.173810
  31  114   68 19.423810 11.576190
   2    2   11 0.309524 1.690476
  16   32   59 5.809524 10.190476
  39  124  111 20.745238 18.254762
  13   32   46 5.423810 7.576190
  30  116   67 19.319048 10.680952
   4    6   18 1.000000 3.000000
  11   20   43 3.571429 7.428571
  39  122  110 20.613492 18.386508
  17   38   69 6.113095 10.886905
  29  108   66 18.176190 10.823810
   3    2   15 0.366667 2.633333
  18   50   55 8.711905 9.288095
  39  128  109 21.098810 17.901190
  25   72   77 12.166667 12.833333
  15   46   46 7.666667 7.333333
  18   48   61 7.966667 10.033333
  43  152  105 25.509524 17.490476
  30  104   75 17.522619 12.477381
   9   22   33 3.600000 5.400000
  13   32   43 5.497619 7.502381
  37  124  101 20.491667 16.508333
  39  142   92 23.711905 15.288095
  11   28   38 4.872222 6.127778
  18   50   56 8.441667 9.558333
  39  122  114 20.414286 18.585714
  31   94   91 16.009524 14.990476
  12   28   45 4.805952 7.194048
  24   64   76 10.895238 13.104762
  31  100   90 16.790476 14.209524
  36  110  106 18.538095 17.461905
   9   12   42 1.975000 7.025000
  28   92   76 15.559524 12.440476
  32  116   77 19.328571 12.671429
  35  118   90 19.967857 15.032143
   5   10   21 1.595238 3.404762
  33  112   82 18.985714 14.014286
  29   88   82 15.226190 13.773810
  34  104  108 16.865476 17.134524
   4    4   20 0.666667 3.333333
  40  158   84 26.108333 13.891667
  16   20   78 3.185714 12.814286
  40  156   81 26.216667 13.783333
   4    4   19 0.700000 3.300000
  46  184   93 30.752381 15.247619
  14   26   59 4.376190 9.623810
  33  124   73 20.867857 12.132143
   7   18   23 3.014286 3.985714
  53  228   86 38.463095 14.536905
  10   24   38 3.922619 6.077381
  32  128   66 21.359524 10.640476
   5    8   22 1.366667 3.633333
  66  308   83 51.852381 14.147619
   5   10   20 1.785714 3.214286
  23   82   61 13.638095 9.361905
   6    6   30 1.009524 4.990476
  59  252  101 42.085714 16.914286
   5    6   27 0.928571 4.071429
  25   80   71 13.490476 11.509524
  11   32   31 5.528571 5.471429
  63  262  110 44.289286 18.710714
   3    2   16 0.333333 2.666667
  23   62   77 10.409524 12.590476
  11   32   39 5.184524 5.815476
  61  264  107 43.680952 17.319048
   2    0   12 0.000000 2.000000
  22   60   70 10.233333 11.766667
  15   42   45 7.295238 7.704762
  68  302  104 50.858333 17.141667
  19   42   72 7.065476 11.934524
  13   40   40 6.902381 6.097619
  75  364   93 60.333333 14.666667
  12   18   51 3.202381 8.797619
  13   28   46 4.971429 8.028571
  78  368   96 61.802381 16.197619
  12   16   58 2.647619 9.352381
  10   18   44 2.900000 7.100000
  77  380   82 63.639286 13.360714
  11   18   44 3.166667 7.833333
  12   34   42 5.452381 6.547619
  84  438   66 73.142857 10.857143
   9   10   42 1.800000 7.200000
   7   16   28 2.523810 4.476190
  78  390   73 65.645238 12.354762
   9   22   35 3.504762 5.495238
  13   42   38 6.890476 6.109524
  82  434   61 72.150000 9.850000
   5   10   21 1.619048 3.380952
  13   32   42 5.600000 7.400000
  82  426   68 71.042857 10.957143
   8   14   33 2.376190 5.623810
  10   24   35 4.066667 5.933333
  86  476   41 79.361905 6.638095
   6   10   25 1.666667 4.333333
   8   18   30 3.090476 4.909524
  80  434   47 72.354762 7.645238
   8   18   28 3.302381 4.697619
  12   42   31 7.167857 4.832143
  70  360   61 59.919048 10.080952
  13   40   36 6.809524 6.190476
  17   68   35 11.365476 5.634524
  82  422   68 70.794048 11.205952
   3    2   17 0.309524 2.690476
  15   38   53 6.502381 8.497619
  82  418   75 69.666667 12.333333
   5   12   15 2.200000 2.800000
  13   20   60 3.304762 9.695238
  77  370   88 62.363095 14.636905
   6   16   23 2.553571 3.446429
  17   36   67 5.980952 11.019048
  73  368   74 61.030952 11.969048
   7   14   27 2.400000 4.600000
  20   62   55 10.728571 9.271429
  76  368   88 61.285714 14.714286
  10   22   39 3.640476 6.359524
  14   30   53 5.161905 8.838095
  76  362   93 60.530952 15.469048
  13   28   51 4.738095 8.261905
  11   22   44 3.685714 7.314286
  77  390   75 64.644048 12.355952
   7    6   30 1.166667 5.833333
  16   42   57 7.076190 8.923810
  79  410   62 68.626190 10.373810
  12   44   29 7.404762 4.595238
   9   20   35 3.347619 5.652381
  86  476   41 79.235714 6.764286
   8   28   21 4.728571 3.271429
   6   10   24 1.766667 4.233333
  85  464   49 77.122619 7.877381
   7   22   19 3.797619 3.202381
   8   14   32 2.495238 5.504762
  85  464   48 77.303571 7.696429
   2    2   10 0.333333 1.666667
  13   34   42 5.871429 7.128571
  88  478   47 80.095238 7.904762
  12   28   47 4.514286 7.485714
  92  520   32 86.680952 5.319048
   8   16   32 2.590476 5.409524
  95  548   22 91.347619 3.652381
   5    8   22 1.400000 3.600000
  96  556   20 92.638095 3.361905
   4    4   20 0.676190 3.323810
  94  542   22 90.257143 3.742857
   6   14   22 2.266667 3.733333
  88  488   39 81.594048 6.405952
  12   34   39 5.657143 6.342857
  85  466   47 77.452381 7.547619
  15   40   47 6.900000 8.100000
  78  414   56 68.742857 9.257143
  22   74   56 12.473810 9.526190
  76  408   48 68.033333 7.966667
  24   96   48 16.050000 7.950000
  79  416   54 69.817857 9.182143
  21   76   54 12.610714 8.389286
  77  408   55 68.069048 8.930952
  23   82   55 13.914286 9.085714
  77  402   58 67.395238 9.604762
  23   82   58 13.571429 9.428571
  75  404   47 67.165476 7.834524
  25  102   47 17.128571 7.871429
  79  430   43 71.789286 7.210714
  21   84   43 14.066667 6.933333
  72  356   70 59.851190 12.148810
  28  104   70 16.928571 11.071429
  62  272   99 45.495238 16.504762
  38  130   99 21.823810 16.176190
  61  266   97 44.682143 16.317857
  39  140   97 23.189286 15.810714
  57  250   92 41.661905 15.338095
  43  166   92 27.626190 15.373810
  56  250   86 41.802381 14.197619
  44  178   86 29.623810 14.376190
  49  202   97 33.376190 15.623810
  51  204   97 34.542857 16.457143
  37  120  105 19.936905 17.063095
  63  270  105 45.257143 17.742857
  49  208   84 34.971429 14.028571
  51  224   84 37.261905 13.738095
  53  242   76 40.438095 12.561905
  47  206   76 34.472619 12.527381
  63  292   85 49.032143 13.967857
  37  138   85 23.008333 13.991667
  70  338   85 56.195238 13.804762
  30   92   85 15.795238 14.204762
  81  424   65 70.580952 10.419048
  19   46   65 7.795238 11.204762
  77  402   63 66.676190 10.323810
  23   72   63 12.313095 10.686905
  74  380   68 63.023810 10.976190
  26   84   68 14.347619 11.652381
  80  398   77 67.121429 12.878571
  20   48   77 7.989286 12.010714
  74  352   91 58.909524 15.090476
  26   66   91 11.028571 14.971429
  76  390   69 64.664286 11.335714
  24   72   69 12.280952 11.719048
  65  302   89 50.398810 14.601190
  35  120   89 20.076190 14.923810
  60  272   82 46.132143 13.867857
  40  164   82 27.032143 12.967857
  61  264  101 43.938095 17.061905
  39  134  101 22.175000 16.825000
  78  368   90 62.155952 15.844048
  22   52   90 8.320238 13.679762
  73  356   81 59.707143 13.292857
  27   82   81 13.542857 13.457143
  72  340   93 56.769048 15.230952
  28   74   93 12.678571 15.321429
  70  336   81 56.452381 13.547619
  30  102   81 16.888095 13.111905
  70  312  106 52.226190 17.773810
  30   76  106 12.754762 17.245238
  69  320   97 53.438095 15.561905
  31   86   97 14.803571 16.196429
  72  350   85 58.283333 13.716667
  28   80   85 13.640476 14.359524
  61  276   94 45.561905 15.438095
  39  136   94 23.192857 15.807143
  63  290   90 48.244048 14.755952
  37  130   90 21.990476 15.009524
  66  328   70 54.665476 11.334524
  34  132   70 22.109524 11.890476
  73  382   58 63.385714 9.614286
  27  102   58 17.240476 9.759524
  79  414   59 69.119048 9.880952
  21   68   59 11.195238 9.804762
  79  408   66 68.322619 10.677381
  21   60   66 10.166667 10.833333
  78  398   72 66.319048 11.680952
  22   58   72 10.113095 11.886905
  75  388   64 64.621429 10.378571
  25   84   64 14.185714 10.814286
  72  374   57 62.539286 9.460714
  28  112   57 18.610714 9.389286
  66  344   55 57.092857 8.907143
  34  146   55 24.771429 9.228571
  73  366   70 61.286905 11.713095
  27   94   70 15.666667 11.333333
  65  322   71 53.670238 11.329762
  35  136   71 23.095238 11.904762
  72  354   78 59.076190 12.923810
  28   90   78 15.094841 12.905159
  52  222   91 37.019048 14.980952
  48  196   91 32.795238 15.204762
  42  166   91 27.494048 14.505952
  58  252   91 42.644048 15.355952
  41  170   76 28.566667 12.433333
  59  278   76 46.440476 12.559524
  39  152   81 25.585714 13.414286
  61  286   81 47.979762 13.020238
  38  144   86 23.944048 14.055952
  62  284   86 47.600000 14.400000
  42  154   99 25.933333 16.066667
  58  248   99 41.620238 16.379762
  47  194   87 32.629762 14.370238
  53  232   87 38.523810 14.476190
  60  250  108 42.023810 17.976190
  40  134  108 22.195238 17.804762
  55  222  108 37.139286 17.860714
  45  162  108 27.240476 17.759524
  45  174   95 29.622619 15.377381
  55  236   95 39.325000 15.675000
  38  146   83 24.491667 13.508333
  62  288   83 48.396429 13.603571
  51  234   73 39.272619 11.727381
  49  220   73 36.830952 12.169048
  48  226   63 37.691667 10.308333
  52  248   63 41.595238 10.404762
  48  232   55 38.876190 9.123810
  52  258   55 43.072619 8.927381
  50  236   63 39.400000 10.600000
  50  238   63 39.609524 10.390476
  57  254   90 42.392857 14.607143
  43  166   90 27.948810 15.051190
  47  176  108 29.176190 17.823810
  53  208  108 35.090476 17.909524
  37  110  114 18.250000 18.750000
  63  262  114 44.114286 18.885714
  30   80   97 13.600000 16.400000
  70  326   97 54.250000 15.750000
  19   42   72 7.189286 11.810714
  81  414   72 68.990476 12.009524
  18   48   56 8.371429 9.628571
  82  440   56 73.211111 8.788889
  18   54   54 8.992857 9.007143
  82  438   54 72.980952 9.019048
  27   66   89 11.666667 15.333333
  73  356   89 58.678571 14.321429
  27   70   87 12.210714 14.789286
  73  356   87 59.178571 13.821429
  23   80   53 13.666667 9.333333
  77  414   53 68.628571 8.371429
  31  136   49 22.847619 8.152381
  69  366   49 60.979762 8.020238
  34  152   49 25.480952 8.519048
  66  350   49 58.208333 7.791667
  43  184   75 30.907143 12.092857
  57  266   75 44.661905 12.338095
  47  224   59 37.453571 9.546429
  53  258   59 43.223810 9.776190
  53  254   65 42.380952 10.619048
  47  216   65 36.008333 10.991667
  56  282   54 47.226190 8.773810
  44  210   54 35.198016 8.801984
  52  240   72 40.195238 11.804762
  48  216   72 36.289286 11.710714
  54  252   69 42.325000 11.675000
  46  210   69 34.758333 11.241667
  54  254   68 42.470238 11.529762
  46  210   68 35.065476 10.934524
  45  196   76 32.610714 12.389286
  55  252   76 42.266667 12.733333
  57  264   80 43.900000 13.100000
  43  176   80 29.735714 13.264286
  63  298   81 49.526190 13.473810
  37  140   81 23.800000 13.200000
  52  218   91 36.634524 15.365476
  48  200   91 33.279762 14.720238
  46  194   85 32.065476 13.934524
  54  236   85 39.576190 14.423810
  59  268   85 44.898810 14.101190
  41  162   85 27.059524 13.940476
  55  252   78 42.146429 12.853571
  45  192   78 31.775000 13.225000
  49  192  100 32.135714 16.864286
  51  208  100 34.707143 16.292857
  52  216  101 35.732143 16.267857
  48  182  101 30.807143 17.192857
  54  238   82 40.066667 13.933333
  46  198   82 32.626190 13.373810
  68  344   60 57.838095 10.161905
  32  136   60 22.605952 9.394048
  69  354   56 59.457143 9.542857
  31  134   56 22.054762 8.945238
  69  334   83 55.490476 13.509524
  31  100   83 16.959524 14.040476
  69  336   81 55.829762 13.170238
  31  102   81 17.338095 13.661905
  75  376   79 62.568651 12.431349
  25   66   79 11.516667 13.483333
  62  294   80 48.965476 13.034524
  38  146   80 24.648810 13.351190
  70  374   48 62.338095 7.661905
  30  130   48 21.852381 8.147619
  69  356   57 59.516667 9.483333
  31  130   57 21.654762 9.345238
  73  390   52 64.785714 8.214286
  27  106   52 18.016667 8.983333
  71  372   57 61.614286 9.385714
  29  114   57 19.254762 9.745238
  75  382   69 63.772222 11.227778
  25   80   69 13.480952 11.519048
  68  334   80 55.394048 12.605952
  32  106   80 18.276190 13.723810
  60  262  101 43.553571 16.446429
  40  136  101 22.971429 17.028571
  64  316   67 53.011905 10.988095
  36  150   67 25.080952 10.919048
  68  322   82 54.250000 13.750000
  32  114   82 18.696429 13.303571
  63  302   80 49.942857 13.057143
  37  138   80 23.428571 13.571429
  59  250  108 41.708333 17.291667
  41  134  108 22.842857 18.157143
  60  256  102 43.061905 16.938095
  40  140  102 23.304762 16.695238
  59  236  113 39.635714 19.364286
  41  138  113 22.565079 18.434921
  61  252  113 42.220238 18.779762
  39  122  113 20.683333 18.316667
  58  242  103 40.547619 17.452381
  42  152  103 25.523810 16.476190
  56  242   94 40.203571 15.796429
  44  170   94 28.442857 15.557143
  68  332   74 55.822619 12.177381
  32  120   74 20.111905 11.888095
  69  350   63 58.679762 10.320238
  31  124   63 21.084524 9.915476
  65  318   75 52.910714 12.089286
  35  132   75 22.328571 12.671429
  61  272   91 45.713095 15.286905
  39  146   91 24.363095 14.636905
  69  332   82 55.347619 13.652381
  31  104   82 17.514286 13.485714
  66  324   72 54.414286 11.585714
  34  132   72 22.191667 11.808333
  66  334   63 55.709524 10.290476
  34  140   63 23.511905 10.488095
  73  372   67 61.804762 11.195238
  27   94   67 15.860714 11.139286
  75  380   69 63.726190 11.273810
  25   82   69 13.730952 11.269048
  68  342   69 56.903571 11.096429
  32  120   69 20.200000 11.800000
  58  262   82 44.295238 13.704762
  42  174   82 28.975000 13.025000
  52  226   93 37.433333 14.566667
  48  188   93 32.042857 15.957143
  52  222   86 37.319048 14.680952
  48  206   86 34.085714 13.914286
  48  190   99 31.754762 16.245238
  52  212   99 35.473810 16.526190
  41  152   92 25.588095 15.411905
  59  264   92 44.123810 14.876190
  46  176  100 29.529762 16.470238
  54  224  100 37.344048 16.655952
  24   60   86 10.152381 13.847619
  76  368   86 61.826190 14.173810
  24   54   89 9.166667 14.833333
  76  368   89 61.411905 14.588095
  31   96   88 16.238095 14.761905
  69  328   88 54.500000 14.500000
  21   58   74 9.385714 11.614286
  79  394   74 66.213095 12.786905
  19   50   60 8.780952 10.219048
  81  430   60 71.228571 9.771429
  20   48   70 8.095238 11.904762
  80  412   70 68.709524 11.290476
  27   82   78 14.027381 12.972619
  73  362   78 60.227381 12.772619
  27   84   79 14.246429 12.753571
  73  358   79 59.852381 13.147619
  23   70   71 11.600000 11.400000
  77  388   71 64.919048 12.080952
  21   56   71 9.315476 11.684524
  79  402   71 67.142857 11.857143
  11   24   47 3.861905 7.138095
  89  482   47 80.891270 8.108730
  10   28   31 4.752381 5.247619
  90  510   31 84.866667 5.133333
  11   18   43 3.269048 7.730952
  89  496   43 82.276190 6.723810
   6   10   27 1.695238 4.304762
  94  536   27 89.571429 4.428571
   4    4   23 0.601190 3.398810
  96  550   23 92.028571 3.971429
   5    4   25 0.700000 4.300000
  95  546   25 90.965476 4.034524
   3    6   13 0.952381 2.047619
  97  568   13 94.795238 2.204762
 100  600    0 100.000000 0.000000
