   3    6   12 1.019048 1.980952
   2    2    9 0.366667 1.633333
   3    4   13 0.700000 2.300000
   2    2   11 0.309524 1.690476
   1    0    8 0.000000 1.000000
   1    0    6 0.000000 1.000000
   1    0    7 0.000000 1.000000
   1    0    6 0.000000 1.000000
   1    0    6 0.000000 1.000000
   3    4   14 0.676190 2.323810
   1    0    6 0.000000 1.000000
   1    0    6 0.000000 1.000000
   1    0    6 0.000000 1.000000
   1    0    6 0.000000 1.000000
   1    0    6 0.000000 1.000000
   1    0    6 0.000000 1.000000
   1    0    7 0.000000 1.000000
   2    0   13 0.000000 2.000000
   1    0    5 0.000000 1.000000
   2    2    8 0.400000 1.600000
   2    0   10 0.000000 2.000000
   3    4   14 0.652381 2.347619
   5   10   18 1.800000 3.200000
   1    0    6 0.000000 1.000000
   2    2   11 0.309524 1.690476
   6   18   16 3.200000 2.800000
   1    0    6 0.000000 1.000000
   2    2    9 0.366667 1.633333
   2    2   11 0.309524 1.690476
   1    0    7 0.000000 1.000000
   1    0    5 0.000000 1.000000
   1    0    6 0.000000 1.000000
   3    6   13 0.952381 2.047619
   1    0    6 0.000000 1.000000
   2    2   10 0.333333 1.666667
   1    0    6 0.000000 1.000000
   3    6   11 1.066667 1.933333
   1    0    5 0.000000 1.000000
   1    0    6 0.000000 1.000000
   1    0    8 0.000000 1.000000
   1    0    6 0.000000 1.000000
   2    2    8 0.400000 1.600000
   1    0    7 0.000000 1.000000
   1    0    5 0.000000 1.000000
   3    6   13 0.952381 2.047619
   1    0    7 0.000000 1.000000
   1    0    7 0.000000 1.000000
   1    0    5 0.000000 1.000000
   2    2   10 0.333333 1.666667
   1    0    6 0.000000 1.000000
   4    8   15 1.361905 2.638095
   1    0    7 0.000000 1.000000
   1    0    7 0.000000 1.000000
   2    2    9 0.366667 1.633333
   1    0    6 0.000000 1.000000
   2    2   10 0.342857 1.657143
   1    0    6 0.000000 1.000000
   1    0    7 0.000000 1.000000
   3    4   16 0.625000 2.375000
   1    0    6 0.000000 1.000000
   1    0    7 0.000000 1.000000
   2    2    9 0.366667 1.633333
   2    2    9 0.366667 1.633333
   1    0    8 0.000000 1.000000
   1    0    6 0.000000 1.000000
   1    0    5 0.000000 1.000000
   1    0    6 0.000000 1.000000
   1    0    7 0.000000 1.000000
   1    0    6 0.000000 1.000000
   1    0    7 0.000000 1.000000
   4    6   17 1.033333 2.966667
   1    0    6 0.000000 1.000000
   2    2   11 0.309524 1.690476
   5   14   15 2.461905 2.538095
   3    4   14 0.676190 2.323810
   8   14   31 2.609524 5.390476
   2    2   12 0.291667 1.708333
   4   10   14 1.661905 2.338095
   9   26   28 4.357143 4.642857
   3    6   12 1.019048 1.980952
   6   14   22 2.400000 3.600000
   2    2   10 0.333333 1.666667
   3    6   12 1.019048 1.980952
   1    0    5 0.000000 1.000000
   3    4   14 0.652381 2.347619
   1    0    6 0.000000 1.000000
   3    6   13 0.952381 2.047619
   1    0    6 0.000000 1.000000
   7   20   21 3.409524 3.590476
   1    0    6 0.000000 1.000000
   1    0    6 0.000000 1.000000
   4   10   14 1.719048 2.280952
   3    6   12 1.000000 2.000000
   4   10   14 1.666667 2.333333
   2    2   11 0.309524 1.690476
   2    0   13 0.000000 2.000000
   1    0    6 0.000000 1.000000
   1    0    5 0.000000 1.000000
   1    0    6 0.000000 1.000000
   2    2    8 0.400000 1.600000
   1    0    6 0.000000 1.000000
   1    0    6 0.000000 1.000000
   2    2   10 0.342857 1.657143
   6   16   21 2.688095 3.311905
  10   36   23 6.053571 3.946429
   6   10   23 1.842857 4.157143
   5    8   20 1.452381 3.547619
   5    8   23 1.319048 3.680952
   5    8   22 1.395238 3.604762
   4    6   17 1.066667 2.933333
   4    4   22 0.619048 3.380952
   5   14   18 2.266667 2.733333
   9   30   23 5.095238 3.904762
   2    2   12 0.291667 1.708333
   2    2   10 0.333333 1.666667
   2    2   11 0.309524 1.690476
   3    2   18 0.309524 2.690476
   1    0    5 0.000000 1.000000
   6   10   27 1.734524 4.265476
   1    0    7 0.000000 1.000000
   3    2   17 0.333333 2.666667
   6   12   22 2.209524 3.790476
   1    0    6 0.000000 1.000000
   4    6   18 1.042857 2.957143
   1    0    5 0.000000 1.000000
   2    2   10 0.333333 1.666667
   4   10   15 1.619048 2.380952
   2    2   11 0.309524 1.690476
   1    0    7 0.000000 1.000000
   4    6   19 1.019048 2.980952
  10   36   24 6.147619 3.852381
   1    0    7 0.000000 1.000000
   6   10   24 1.841667 4.158333
   5    6   24 1.042857 3.957143
   7   14   27 2.452381 4.547619
   4    8   16 1.328571 2.671429
   2    0   11 0.000000 2.000000
   7   22   21 3.680952 3.319048
   6   18   17 3.066667 2.933333
   3    4   13 0.700000 2.300000
   6   10   24 1.752381 4.247619
   1    0    7 0.000000 1.000000
  11   28   39 4.652381 6.347619
   2    2   10 0.333333 1.666667
   5    6   26 0.976190 4.023810
   4    6   19 0.983333 3.016667
   1    0    6 0.000000 1.000000
   6   16   17 2.900000 3.100000
   2    2   10 0.333333 1.666667
   4   10   12 1.833333 2.166667
   2    0   15 0.000000 2.000000
   3    6   11 1.085714 1.914286
   4    2   23 0.342857 3.657143
   6    8   27 1.385714 4.614286
   8   20   29 3.390476 4.609524
  10   24   36 3.957143 6.042857
   3    6   12 1.019048 1.980952
   3    0   21 0.000000 3.000000
   1    0    7 0.000000 1.000000
  12   46   27 7.673810 4.326190
   4   10   13 1.819048 2.180952
   3    6   11 1.066667 1.933333
   5    6   25 0.985714 4.014286
  14   36   47 6.250000 7.750000
   3    4   14 0.709524 2.290476
   2    2    8 0.400000 1.600000
   2    2    9 0.366667 1.633333
   1    0    7 0.000000 1.000000
   9   28   23 4.914286 4.085714
   1    0    7 0.000000 1.000000
  13   44   33 7.371429 5.628571
   2    2    8 0.400000 1.600000
   3    2   18 0.285714 2.714286
   4    2   21 0.366667 3.633333
   5    8   21 1.409524 3.590476
  11   28   42 4.457143 6.542857
   3    4   11 0.816667 2.183333
   1    0    5 0.000000 1.000000
   1    0    7 0.000000 1.000000
  10   34   26 5.671429 4.328571
   5    8   22 1.333333 3.666667
   2    2   10 0.333333 1.666667
   8   26   20 4.566667 3.433333
   8   18   32 2.961905 5.038095
   6   18   19 3.027381 2.972619
   1    0    6 0.000000 1.000000
   3    6   13 0.952381 2.047619
  14   46   38 7.730952 6.269048
   9   20   35 3.275000 5.725000
   1    0    6 0.000000 1.000000
   5    8   25 1.238095 3.761905
   3    4   12 0.766667 2.233333
   6   14   22 2.428571 3.571429
  12   22   48 3.895238 8.104762
   4   10   13 1.766667 2.233333
  14   42   43 6.957143 7.042857
   4    8   18 1.238095 2.761905
   5   10   17 1.816667 3.183333
  13   44   31 7.642857 5.357143
   8   12   40 1.857143 6.142857
   5   14   15 2.461905 2.538095
   1    0    6 0.000000 1.000000
   3    4   13 0.742857 2.257143
   7   16   28 2.547619 4.452381
   3    4   14 0.666667 2.333333
   1    0    6 0.000000 1.000000
   4    2   25 0.291667 3.708333
   3    4   14 0.666667 2.333333
   8   20   28 3.290476 4.709524
  19   48   64 8.094048 10.905952
   4    2   22 0.400000 3.600000
  21   66   57 11.023810 9.976190
   3    6   13 0.952381 2.047619
   1    0    7 0.000000 1.000000
  12   38   32 6.550000 5.450000
  11   30   36 5.080952 5.919048
   2    2   10 0.333333 1.666667
   1    0    6 0.000000 1.000000
   2    0   14 0.000000 2.000000
   5    8   22 1.314286 3.685714
   4    2   25 0.309524 3.690476
   5   14   17 2.285714 2.714286
   7   14   26 2.538095 4.461905
  16   42   52 7.161905 8.838095
  11   24   40 4.138095 6.861905
  31  114   71 19.269048 11.730952
   1    0    5 0.000000 1.000000
   3    4   16 0.595238 2.404762
   4    4   21 0.652381 3.347619
  11   28   36 4.885714 6.114286
   4   10   15 1.595238 2.404762
   2    2   12 0.291667 1.708333
   1    0    6 0.000000 1.000000
   6   12   24 2.000000 4.000000
   2    2   10 0.333333 1.666667
  13   50   25 8.697619 4.302381
   6   10   29 1.547619 4.452381
   7   10   32 1.709524 5.290476
  45  198   72 32.982143 12.017857
   1    0    6 0.000000 1.000000
   1    0    6 0.000000 1.000000
  12   34   39 5.547619 6.452381
   7   22   19 3.852381 3.147619
  10   28   34 4.580952 5.419048
   1    0    6 0.000000 1.000000
  17   60   45 9.890476 7.109524
   3    4   15 0.628571 2.371429
   5    4   26 0.676190 4.323810
  53  230   83 38.980952 14.019048
   1    0    6 0.000000 1.000000
   7   16   23 2.900000 4.100000
   3    4   16 0.595238 2.404762
  18   68   42 11.302381 6.697619
  12   34   38 5.764286 6.235714
   3    6   11 1.066667 1.933333
   2    2   11 0.309524 1.690476
  49  220   73 36.697619 12.302381
   2    2   10 0.342857 1.657143
  11   30   34 5.304762 5.695238
   3    4   15 0.619048 2.380952
  15   54   33 9.392857 5.607143
  10   36   23 6.147619 3.852381
   8   30   19 5.071429 2.928571
  49  236   60 39.182143 9.817857
   5   14   15 2.452381 2.547619
  12   40   32 6.755952 5.244048
   1    0    8 0.000000 1.000000
  25   96   54 16.038095 8.961905
   5   12   18 1.971429 3.028571
  12   30   41 5.047619 6.952381
  46  210   66 35.157143 10.842857
   1    0    5 0.000000 1.000000
  10   26   37 4.090476 5.909524
   1    0    5 0.000000 1.000000
  35  148   64 24.765476 10.234524
   6   16   19 2.771429 3.228571
   7    8   33 1.385714 5.614286
  37  170   53 28.328571 8.671429
  14   38   45 6.433333 7.566667
   1    0    6 0.000000 1.000000
  32  114   78 19.166667 12.833333
   2    2   11 0.309524 1.690476
   8   22   25 3.790476 4.209524
  37  160   65 26.459524 10.540476
  19   66   47 11.071429 7.928571
   2    2    8 0.400000 1.600000
  39  148   83 25.300000 13.700000
   6   14   23 2.285714 3.714286
  37  148   74 25.135714 11.864286
  16   52   46 8.716667 7.283333
   2    2   10 0.342857 1.657143
  32  130   60 21.800000 10.200000
  10   26   32 4.509524 5.490476
  39  164   73 27.129762 11.870238
  18   62   47 10.285714 7.714286
   1    0    6 0.000000 1.000000
  21   78   51 12.965476 8.034524
  12   26   41 4.666667 7.333333
  54  244   80 40.771429 13.228571
  13   34   46 5.509524 7.490476
  29  114   59 19.197619 9.802381
   9   24   30 3.976190 5.023810
  50  212   85 35.711905 14.288095
  12   34   42 5.446429 6.553571
  39  136   98 22.864286 16.135714
   6   14   20 2.466667 3.533333
  48  194   97 32.164286 15.835714
   7   10   31 1.700000 5.300000
  40  152   86 25.495238 14.504762
   4    4   22 0.642857 3.357143
  44  168   97 28.404762 15.595238
  12   34   37 5.845238 6.154762
  29   76   95 12.752381 16.247619
   3    2   15 0.366667 2.633333
  53  216  106 35.847619 17.152381
  15   56   34 9.395238 5.604762
  35  126   85 20.994048 14.005952
   2    2   12 0.285714 1.714286
  46  178   93 30.142857 15.857143
  17   60   44 9.938095 7.061905
  36  132   87 22.023810 13.976190
   4    6   16 1.100000 2.900000
  41  156   88 26.229762 14.770238
  19   56   59 9.133333 9.866667
  24   76   74 12.500000 11.500000
   2    0   12 0.000000 2.000000
  34  122   81 20.497619 13.502381
  40  158   77 26.742857 13.257143
  23   62   79 10.303571 12.696429
   2    0   12 0.000000 2.000000
  26   68   89 11.519048 14.480952
  49  200   90 33.639286 15.360714
  28   80   89 13.415476 14.584524
  22   72   62 11.900000 10.100000
  50  200   97 33.635714 16.364286
  31  102   83 17.457143 13.542857
  21   60   66 10.065476 10.934524
  48  190   99 31.540476 16.459524
  36  138   78 23.094048 12.905952
  20   50   68 8.585714 11.414286
  44  176   90 29.200000 14.800000
  35  136   78 22.728571 12.271429
  21   38   84 6.733333 14.266667
  44  164  100 27.453571 16.546429
  24   78   66 13.095238 10.904762
  23   68   72 11.354762 11.645238
  53  222   94 37.290476 15.709524
  14   32   56 5.176190 8.823810
  23   66   68 11.359524 11.640476
  63  282   96 47.100000 15.900000
  16   34   62 5.742857 10.257143
  29  102   72 17.128571 11.871429
  55  216  114 36.554762 18.445238
  16   38   60 6.295238 9.704762
  18   42   68 7.214286 10.785714
  66  302   90 50.958333 15.041667
  25   82   64 14.097619 10.902381
  10   16   46 2.719048 7.280952
  65  320   72 53.228571 11.771429
  13   24   57 3.935714 9.064286
   8   14   38 2.166667 5.833333
  79  378   89 63.969048 15.030952
  14   40   45 6.719048 7.280952
  12   24   48 4.088095 7.911905
  74  370   73 61.609524 12.390476
   8   14   32 2.519048 5.480952
  15   36   54 6.076190 8.923810
  77  394   70 65.598810 11.401190
   6    8   28 1.352381 4.647619
  18   50   55 8.585714 9.414286
  76  392   67 65.307143 10.692857
   6   14   23 2.233333 3.766667
  23   72   60 12.261905 10.738095
  71  366   65 60.483333 10.516667
   3    0   20 0.000000 3.000000
  18   44   61 7.478571 10.521429
  79  408   67 67.923810 11.076190
   2    0   12 0.000000 2.000000
  17   40   62 6.823810 10.176190
  81  420   66 70.104762 10.895238
   1    0    8 0.000000 1.000000
  13   28   51 4.533333 8.466667
  86  458   55 76.670238 9.329762
  14   42   43 7.016667 6.983333
  86  472   43 79.035714 6.964286
  21   66   59 11.023810 9.976190
  79  416   59 69.242857 9.757143
  12   30   45 4.738095 7.261905
  88  480   45 80.232143 7.767857
   5   10   21 1.671429 3.328571
  95  548   21 91.614286 3.385714
   5    4   24 0.816667 4.183333
  95  548   24 91.200000 3.800000
   6    8   30 1.314286 4.685714
  94  532   30 88.966667 5.033333
   7   14   26 2.438095 4.561905
  93  534   26 88.822619 4.177381
  10   32   28 5.442857 4.557143
  90  512   28 85.361905 4.638095
   8   24   25 3.895238 4.104762
  92  526   25 87.823810 4.176190
   8   16   30 2.833333 5.166667
  92  524   30 87.188095 4.811905
   7   18   22 3.133333 3.866667
  93  538   22 89.489286 3.510714
   8   20   30 3.195238 4.804762
  92  520   30 86.909524 5.090476
  13   42   36 6.880952 6.119048
  87  486   36 80.834524 6.165476
  11   24   45 3.976190 7.023810
  89  486   45 81.345238 7.654762
  17   54   45 9.280952 7.719048
  83  456   45 75.766667 7.233333
  16   54   36 9.442857 6.557143
  84  474   36 78.460714 5.539286
  16   40   58 6.790476 9.209524
  84  444   58 74.255952 9.744048
   9   16   40 2.566667 6.433333
  91  504   40 84.353571 6.646429
  12   42   30 7.042857 4.957143
  88  498   30 83.046429 4.953571
  20   62   55 10.628571 9.371429
  80  428   55 71.109524 8.890476
  18   50   59 8.272619 9.727381
  82  432   59 72.092857 9.907143
  20   52   69 8.702381 11.297619
  80  410   69 68.652381 11.347619
  20   50   68 8.380952 11.619048
  80  414   68 68.836111 11.163889
  12   28   47 4.558333 7.441667
  88  478   47 80.104762 7.895238
   5   14   17 2.360714 2.639286
  95  552   17 92.086905 2.913095
   8   16   29 2.800000 5.200000
  92  526   29 87.445238 4.554762
   9   20   37 3.276190 5.723810
  91  506   37 84.641667 6.358333
   5    8   22 1.328571 3.671429
  95  548   22 91.433333 3.566667
  16   56   40 9.405952 6.594048
  84  464   40 77.342857 6.657143
  16   36   57 6.233333 9.766667
  84  450   57 74.673810 9.326190
  17   44   66 7.039286 9.960714
  83  424   66 71.526190 11.473810
  20   66   53 10.921429 9.078571
  80  428   53 71.440476 8.559524
  20   66   53 11.138095 8.861905
  80  428   53 71.395238 8.604762
  18   56   55 9.182143 8.817857
  82  434   55 72.652381 9.347619
  22   72   59 12.114286 9.885714
  78  410   59 68.177381 9.822619
  21   58   69 9.842857 11.157143
  79  404   69 67.550000 11.450000
  24   80   66 13.300000 10.700000
  76  388   66 64.872619 11.127381
  32  106   87 17.601190 14.398810
  68  320   87 53.413095 14.586905
  39  146   83 25.052381 13.947619
  61  288   83 47.676190 13.323810
  39  148   83 24.973810 14.026190
  61  286   83 47.303571 13.696429
  38  132   92 22.247619 15.752381
  62  284   92 47.223810 14.776190
  36  124   89 20.991667 15.008333
  64  298   89 49.585714 14.414286
  41  166   84 27.461905 13.538095
  59  266   84 44.667857 14.332143
  42  172   80 28.536905 13.463095
  58  268   80 44.866667 13.133333
  39  158   80 26.175000 12.825000
  61  282   80 47.195238 13.804762
  30  112   64 19.102381 10.897619
  70  360   64 59.775000 10.225000
  24   76   74 12.257143 11.742857
  76  376   74 63.190476 12.809524
  25   78   74 12.971429 12.028571
  75  374   74 62.409524 12.590476
  29  112   67 18.676190 10.323810
  71  354   67 59.616667 11.383333
  30  112   71 18.608333 11.391667
  70  346   71 58.061905 11.938095
  35  136   76 22.704762 12.295238
  65  312   76 52.259524 12.740476
  23   72   62 12.452381 10.547619
  77  404   62 67.116667 9.883333
  23   62   78 10.355556 12.644444
  77  382   78 64.020238 12.979762
  22   64   61 11.185714 10.814286
  78  414   61 68.402381 9.597619
  31  110   76 18.563095 12.436905
  69  338   76 56.461905 12.538095
  32  126   67 20.985714 11.014286
  68  340   67 56.680952 11.319048
  31  106   75 18.220238 12.779762
  69  344   75 56.900000 12.100000
  24   78   73 12.555952 11.444048
  76  376   73 63.248810 12.751190
  16   48   47 8.195238 7.804762
  84  458   47 76.509524 7.490476
   7    8   37 1.295238 5.704762
  93  518   37 86.795238 6.204762
   9   14   39 2.361905 6.638095
  91  508   39 84.647619 6.352381
   9   18   35 3.184524 5.815476
  91  512   35 85.323810 5.676190
  10   12   49 1.985714 8.014286
  90  490   49 81.770238 8.229762
   6    6   28 1.033333 4.966667
  94  538   28 89.385714 4.614286
   5   10   18 1.766667 3.233333
  95  554   18 92.109524 2.890476
   6   10   24 1.771429 4.228571
  94  542   24 90.272619 3.727381
   5   12   21 1.939286 3.060714
  95  546   21 91.304762 3.695238
   5   14   16 2.380952 2.619048
  95  554   16 92.423810 2.576190
   5    6   21 1.102381 3.897619
  95  552   21 91.666667 3.333333
   7   18   25 3.066667 3.933333
  93  532   25 88.801190 4.198810
   3    6   11 1.066667 1.933333
  97  572   11 95.195238 1.804762
   1    0    6 0.000000 1.000000
  99  588    6 97.988095 1.011905
 100  600    0 100.000000 0.000000
