   3    4   12 0.766667 2.233333
   1    0    7 0.000000 1.000000
   3    4   13 0.733333 2.266667
   1    0    6 0.000000 1.000000
   3    4   14 0.652381 2.347619
   1    0    7 0.000000 1.000000
   3    4   15 0.642857 2.357143
   5    8   20 1.433333 3.566667
   1    0    6 0.000000 1.000000
   1    0    5 0.000000 1.000000
   1    0    6 0.000000 1.000000
   2    2    9 0.366667 1.633333
   3    6   12 1.000000 2.000000
   1    0    7 0.000000 1.000000
   1    0    6 0.000000 1.000000
   2    2    9 0.366667 1.633333
   3    6   12 1.019048 1.980952
   1    0    7 0.000000 1.000000
   1    0    7 0.000000 1.000000
   2    2   11 0.309524 1.690476
   5   14   16 2.333333 2.666667
   2    2   11 0.309524 1.690476
   1    0    5 0.000000 1.000000
   2    2   10 0.333333 1.666667
   2    2   10 0.342857 1.657143
   2    2   10 0.333333 1.666667
   2    2    9 0.366667 1.633333
   1    0    6 0.000000 1.000000
   2    2   11 0.309524 1.690476
   1    0    6 0.000000 1.000000
   1    0    5 0.000000 1.000000
   1    0    6 0.000000 1.000000
   1    0    6 0.000000 1.000000
   3    6   13 0.952381 2.047619
   1    0    6 0.000000 1.000000
   1    0    7 0.000000 1.000000
   3    6   12 1.019048 1.980952
   1    0    7 0.000000 1.000000
   1    0    6 0.000000 1.000000
   2    2   10 0.333333 1.666667
   1    0    7 0.000000 1.000000
   1    0    7 0.000000 1.000000
   1    0    7 0.000000 1.000000
   1    0    5 0.000000 1.000000
   2    2   10 0.333333 1.666667
   3    4   11 0.800000 2.200000
   1    0    5 0.000000 1.000000
   1    0    6 0.000000 1.000000
   3    4   12 0.766667 2.233333
   1    0    8 0.000000 1.000000
   2    2   10 0.342857 1.657143
   1    0    6 0.000000 1.000000
   5   14   16 2.390476 2.609524
   1    0    6 0.000000 1.000000
   1    0    6 0.000000 1.000000
   1    0    7 0.000000 1.000000
   3    6   11 1.066667 1.933333
   1    0    8 0.000000 1.000000
   1    0    7 0.000000 1.000000
   1    0    8 0.000000 1.000000
   6   14   21 2.535714 3.464286
   2    0   12 0.000000 2.000000
   2    0   13 0.000000 2.000000
   1    0    6 0.000000 1.000000
   1    0    7 0.000000 1.000000
   4    8   13 1.528571 2.471429
   2    2    8 0.400000 1.600000
   2    2   13 0.267857 1.732143
   5   14   16 2.333333 2.666667
   7   16   28 2.571429 4.428571
   2    2    9 0.366667 1.633333
   3    6   13 0.952381 2.047619
   3    6   13 0.971429 2.028571
   1    0    5 0.000000 1.000000
   5    8   22 1.385714 3.614286
   1    0    6 0.000000 1.000000
   1    0    6 0.000000 1.000000
   1    0    7 0.000000 1.000000
   2    2    9 0.366667 1.633333
   1    0    6 0.000000 1.000000
   9   30   22 5.190476 3.809524
   7   20   24 3.242857 3.757143
   1    0    5 0.000000 1.000000
   2    2   10 0.342857 1.657143
   2    2   10 0.333333 1.666667
   3    4   14 0.676190 2.323810
   4   10   11 1.985714 2.014286
   3    6   11 1.066667 1.933333
   9   28   25 4.772619 4.227381
   2    2   11 0.309524 1.690476
   1    0    6 0.000000 1.000000
   1    0    6 0.000000 1.000000
   1    0    5 0.000000 1.000000
   8   22   27 3.680952 4.319048
   4    4   19 0.709524 3.290476
   1    0    6 0.000000 1.000000
   1    0    6 0.000000 1.000000
   1    0    7 0.000000 1.000000
   3    4   15 0.619048 2.380952
   1    0    6 0.000000 1.000000
   8   18   29 3.152381 4.847619
   8   22   28 3.604762 4.395238
   2    2   11 0.309524 1.690476
   5   10   20 1.628571 3.371429
   1    0    6 0.000000 1.000000
   5    8   22 1.352381 3.647619
   2    2   11 0.309524 1.690476
   2    2   11 0.325000 1.675000
   2    2    8 0.400000 1.600000
  14   50   34 8.523810 5.476190
   7   10   32 1.680952 5.319048
   1    0    6 0.000000 1.000000
   3    6    9 1.233333 1.766667
   2    2   10 0.342857 1.657143
   4    8   14 1.466667 2.533333
   1    0    7 0.000000 1.000000
  10   36   24 6.071429 3.928571
   1    0    7 0.000000 1.000000
   1    0    6 0.000000 1.000000
   9   20   35 3.388095 5.611905
   4    4   19 0.666667 3.333333
   1    0    5 0.000000 1.000000
   1    0    7 0.000000 1.000000
   9   30   26 4.880952 4.119048
   9   18   35 3.085714 5.914286
   5   14   17 2.280952 2.719048
   8   18   27 3.166667 4.833333
   4    4   20 0.700000 3.300000
   2    2   11 0.309524 1.690476
  18   62   48 10.409524 7.590476
   7   10   31 1.683333 5.316667
   5    6   23 1.076190 3.923810
   2    2   11 0.309524 1.690476
   2    2   10 0.342857 1.657143
  11   36   28 6.273810 4.726190
   2    2   11 0.309524 1.690476
  11   22   44 3.690476 7.309524
   5   14   18 2.266667 2.733333
   8   24   21 4.185714 3.814286
   4    4   20 0.676190 3.323810
   6   12   25 2.041667 3.958333
  12   34   41 5.592857 6.407143
   6   18   16 3.171429 2.828571
  19   46   68 7.680952 11.319048
   4    4   23 0.619048 3.380952
   3    2   15 0.342857 2.657143
   1    0    6 0.000000 1.000000
   2    2   12 0.291667 1.708333
  19   60   49 10.547619 8.452381
  15   32   57 5.419048 9.580952
   9   28   26 4.695238 4.304762
   9   20   34 3.404762 5.595238
   5    4   22 0.766667 4.233333
  14   54   32 8.795238 5.204762
   4   10   14 1.661905 2.338095
  22   56   80 9.104762 12.895238
   6   12   23 2.028571 3.971429
   3    2   15 0.366667 2.633333
   2    2    9 0.366667 1.633333
  11   26   42 4.319048 6.680952
  18   42   63 7.338095 10.661905
   5    8   24 1.261905 3.738095
  12   44   30 7.208333 4.791667
   9   24   31 4.057143 4.942857
  16   54   42 8.933333 7.066667
   7   22   20 3.666667 3.333333
  12   22   48 3.814286 8.185714
   4    6   17 1.066667 2.933333
   3    2   17 0.309524 2.690476
   1    0    6 0.000000 1.000000
  13   30   48 5.057143 7.942857
  24   70   74 11.908333 12.091667
   1    0    7 0.000000 1.000000
  10   32   29 5.380952 4.619048
   3    2   16 0.342857 2.657143
  16   54   41 9.166667 6.833333
   6   16   19 2.723810 3.276190
  14   38   47 6.228571 7.771429
   3    4   14 0.666667 2.333333
   4    4   23 0.595238 3.404762
   3    6   13 0.952381 2.047619
  16   42   49 7.366667 8.633333
  21   60   66 10.128571 10.871429
   7   16   26 2.690476 4.309524
   2    2   10 0.333333 1.666667
  12   42   29 7.136905 4.863095
   6    6   27 1.100000 4.900000
  16   44   55 7.202381 8.797619
   4   10   13 1.728571 2.271429
   9   30   23 5.173810 3.826190
   2    2   10 0.333333 1.666667
  21   68   61 11.401190 9.598810
  16   42   56 7.088095 8.911905
  15   42   46 7.276190 7.723810
  21   78   46 13.123810 7.876190
   4    6   18 1.066667 2.933333
  21   70   56 11.719048 9.280952
   3    6   12 1.019048 1.980952
   5   14   18 2.190476 2.809524
  15   38   52 6.403571 8.596429
  10   14   43 2.450000 7.550000
  10   22   39 3.685714 6.314286
  18   64   44 10.811905 7.188095
   2    0   12 0.000000 2.000000
  30   96   87 15.840476 14.159524
   7   22   19 3.785714 3.214286
   5    6   26 0.967857 4.032143
  18   62   44 10.547619 7.452381
   3    4   15 0.642857 2.357143
  19   72   45 11.838095 7.161905
  24   78   66 13.135714 10.864286
  31  100   82 17.200000 13.800000
   5   12   19 1.971429 3.028571
   4    4   19 0.742857 3.257143
  14   38   46 6.409524 7.590476
   3    4   15 0.616667 2.383333
   9   26   28 4.414286 4.585714
  25   82   70 13.604762 11.395238
  44  184   77 31.064286 12.935714
   5   10   18 1.800000 3.200000
   3    6   14 0.904762 2.095238
  11   30   36 5.128571 5.871429
   3    4   15 0.642857 2.357143
   8   22   24 3.838095 4.161905
  36  152   65 25.509524 10.490476
  46  184   91 30.928571 15.071429
   4    6   21 0.904762 3.095238
   3    4   12 0.766667 2.233333
   8   26   22 4.519048 3.480952
   6   12   24 2.019048 3.980952
  32  122   71 20.452381 11.547619
  50  216   83 36.295238 13.704762
   3    2   16 0.309524 2.690476
   1    0    6 0.000000 1.000000
   4   10   14 1.666667 2.333333
   3    4   15 0.619048 2.380952
  30  112   70 18.652381 11.347619
  61  288   75 48.407143 12.592857
   2    0   12 0.000000 2.000000
   7   16   26 2.738095 4.261905
   1    0    7 0.000000 1.000000
  35  118   89 20.169048 14.830952
  56  250   88 41.786905 14.213095
   1    0    6 0.000000 1.000000
   7   16   29 2.563095 4.436905
  48  184  101 31.176190 16.823810
  38  144   86 24.190476 13.809524
   7   22   18 3.809524 3.190476
   5   10   23 1.535714 3.464286
  59  274   77 45.953571 13.046429
  30  112   68 18.904762 11.095238
   6   12   24 2.000000 4.000000
   9   26   26 4.600000 4.400000
  48  210   81 35.086905 12.913095
  32  134   58 22.652381 9.347619
  11   30   35 5.071429 5.928571
   3    4   14 0.666667 2.333333
  56  244   90 40.966667 15.033333
  33  126   72 21.171429 11.828571
   8   16   34 2.600000 5.400000
   3    2   15 0.400000 2.600000
  54  226   97 38.042857 15.957143
  41  146   99 24.542857 16.457143
   2    0   15 0.000000 2.000000
   4   10   13 1.785714 2.214286
  53  214  103 35.569048 17.430952
  42  160   93 26.716667 15.283333
   1    0    7 0.000000 1.000000
   5   10   21 1.608333 3.391667
  54  210  113 35.171429 18.828571
  40  136  103 22.917857 17.082143
   1    0    7 0.000000 1.000000
   2    2    9 0.366667 1.633333
  58  248  102 41.342857 16.657143
  39  136   96 22.980952 16.019048
   1    0    7 0.000000 1.000000
  66  294   96 49.767857 16.232143
  34  114   96 18.528571 15.471429
  71  322  106 53.564286 17.435714
  29   66  106 11.473810 17.526190
  74  352   87 59.157143 14.842857
  26   74   87 12.234127 13.765873
  81  416   70 69.588095 11.411905
  19   44   70 7.372619 11.627381
  89  488   47 81.373810 7.626190
  11   18   47 3.028571 7.971429
  79  414   69 68.366667 10.633333
  21   48   69 8.690476 12.309524
  81  406   78 68.166667 12.833333
  19   38   78 6.445238 12.554762
  89  486   48 81.044048 7.955952
  11   18   48 3.023810 7.976190
  88  490   42 81.259524 6.740476
  12   26   42 4.580952 7.419048
  85  468   40 78.246429 6.753571
  15   52   40 8.754762 6.245238
  83  448   51 74.723810 8.276190
  17   50   51 8.433333 8.566667
  77  420   42 70.186905 6.813095
  23   96   42 16.042857 6.957143
  69  350   65 58.350000 10.650000
  31  120   65 20.096429 10.903571
  78  416   50 69.752381 8.247619
  22   84   50 14.071429 7.928571
  80  424   53 70.928571 9.071429
  20   70   53 11.476190 8.523810
  77  404   61 67.204762 9.795238
  23   74   61 12.654762 10.345238
  77  398   63 66.445238 10.554762
  23   76   63 12.761905 10.238095
  86  458   59 76.439286 9.560714
  14   24   59 4.121429 9.878571
  82  432   61 71.871429 10.128571
  18   46   61 7.750000 10.250000
  80  410   69 68.546429 11.453571
  20   52   69 8.878571 11.121429
  76  360   93 60.314286 15.685714
  24   54   93 8.957143 15.042857
  77  374   89 62.655952 14.344048
  23   48   89 8.095238 14.904762
  86  458   59 76.345238 9.654762
  14   24   59 4.123810 9.876190
  89  488   46 81.378571 7.621429
  11   20   46 3.347619 7.652381
  79  414   62 68.842857 10.157143
  21   62   62 10.619048 10.380952
  76  390   65 65.215476 10.784524
  24   80   65 13.596429 10.403571
  80  408   69 68.360714 11.639286
  20   54   69 8.973810 11.026190
  86  452   63 75.332143 10.667857
  14   22   63 3.671429 10.328571
  88  474   56 78.823810 9.176190
  12   14   56 2.485714 9.514286
  87  470   51 78.452381 8.547619
  13   28   51 4.666667 8.333333
  90  490   47 82.185714 7.814286
  10   16   47 2.590476 7.409524
  90  486   51 81.367857 8.632143
  10   12   51 1.880952 8.119048
  82  414   75 69.465476 12.534524
  18   36   75 5.971429 12.028571
  80  416   67 69.009524 10.990476
  20   50   67 8.580952 11.419048
  91  516   30 86.104762 4.895238
   9   24   30 4.133333 4.866667
  90  500   39 83.534524 6.465476
  10   22   39 3.617857 6.382143
  94  538   29 89.379762 4.620238
   6    4   29 0.733333 5.266667
  96  556   20 92.755952 3.244048
   4    4   20 0.676190 3.323810
  96  562   16 93.454762 2.545238
   4    6   16 1.100000 2.900000
  99  586    7 97.798810 1.201190
   1    0    7 0.000000 1.000000
 100  600    0 100.000000 0.000000
