   1    0    6 0.000000 1.000000
   3    4   15 0.642857 2.357143
   1    0    6 0.000000 1.000000
   1    0    6 0.000000 1.000000
   1    0    7 0.000000 1.000000
   4    8   12 1.583333 2.416667
   1    0    6 0.000000 1.000000
   6   10   30 1.515476 4.484524
   2    2    9 0.366667 1.633333
   1    0    5 0.000000 1.000000
   2    2    9 0.366667 1.633333
   1    0    6 0.000000 1.000000
   1    0    7 0.000000 1.000000
   3    6   12 1.019048 1.980952
   2    2   11 0.309524 1.690476
   3    6   12 1.019048 1.980952
   1    0    7 0.000000 1.000000
   3    4   13 0.733333 2.266667
   3    4   14 0.652381 2.347619
   2    2    9 0.366667 1.633333
   2    2   11 0.309524 1.690476
   4    8   15 1.385714 2.614286
   1    0    6 0.000000 1.000000
   1    0    6 0.000000 1.000000
   2    2   11 0.309524 1.690476
   2    2   11 0.309524 1.690476
   2    2   10 0.333333 1.666667
   2    2   10 0.333333 1.666667
   1    0    6 0.000000 1.000000
   2    2   10 0.342857 1.657143
   1    0    6 0.000000 1.000000
   2    2   12 0.291667 1.708333
   1    0    5 0.000000 1.000000
   2    2   10 0.342857 1.657143
   2    0   12 0.000000 2.000000
   1    0    6 0.000000 1.000000
   1    0    6 0.000000 1.000000
   1    0    6 0.000000 1.000000
   5   12   19 1.928571 3.071429
   3    4   15 0.685714 2.314286
   1    0    6 0.000000 1.000000
   1    0    6 0.000000 1.000000
   1    0    7 0.000000 1.000000
   3    6   10 1.133333 1.866667
   4    6   16 1.100000 2.900000
   2    2    9 0.366667 1.633333
   2    2    9 0.366667 1.633333
   2    2   12 0.291667 1.708333
   1    0    6 0.000000 1.000000
   3    4   12 0.766667 2.233333
   2    2   12 0.285714 1.714286
   2    0   11 0.000000 2.000000
   2    2    8 0.400000 1.600000
   2    2    9 0.366667 1.633333
   1    0    5 0.000000 1.000000
   9   18   35 3.085714 5.914286
   4    4   23 0.601190 3.398810
   3    4   16 0.583333 2.416667
   2    2   10 0.342857 1.657143
   2    2    9 0.366667 1.633333
   3    4   13 0.733333 2.266667
   1    0    7 0.000000 1.000000
   4    4   19 0.733333 3.266667
   2    0   13 0.000000 2.000000
   1    0    7 0.000000 1.000000
   3    4   13 0.685714 2.314286
   6   10   24 1.752381 4.247619
   1    0    7 0.000000 1.000000
   4    8   18 1.238095 2.761905
   1    0    6 0.000000 1.000000
   5   12   19 1.928571 3.071429
   1    0    5 0.000000 1.000000
   2    2    8 0.400000 1.600000
   1    0    6 0.000000 1.000000
   3    6   10 1.133333 1.866667
   8   24   25 3.995238 4.004762
   8   20   29 3.335714 4.664286
   2    2    9 0.366667 1.633333
   1    0    7 0.000000 1.000000
   2    2    9 0.366667 1.633333
   6   14   21 2.428571 3.571429
   1    0    6 0.000000 1.000000
   1    0    6 0.000000 1.000000
   4    8   19 1.190476 2.809524
   3    2   15 0.309524 2.690476
   5   14   16 2.333333 2.666667
   1    0    6 0.000000 1.000000
   1    0    7 0.000000 1.000000
   4    4   20 0.709524 3.290476
   4    6   19 0.952381 3.047619
   1    0    7 0.000000 1.000000
   5   14   19 2.213095 2.786905
   3    4   12 0.766667 2.233333
   4    8   16 1.352381 2.647619
   1    0    5 0.000000 1.000000
   1    0    7 0.000000 1.000000
   4    8   17 1.261905 2.738095
   5    4   27 0.642857 4.357143
   3    2   17 0.309524 2.690476
   9   24   26 4.400000 4.600000
   2    2    7 0.450000 1.550000
   5   10   19 1.752381 3.247619
   7   18   24 2.979762 4.020238
   7   14   29 2.369048 4.630952
   3    2   14 0.366667 2.633333
   1    0    6 0.000000 1.000000
  13   38   39 6.522619 6.477381
   2    2   10 0.333333 1.666667
   6   12   28 1.761905 4.238095
   4    4   18 0.766667 3.233333
   5   10   20 1.638095 3.361905
   3    2   17 0.333333 2.666667
   1    0    6 0.000000 1.000000
   7   16   27 2.585714 4.414286
   4   10   14 1.771429 2.228571
   3    4   14 0.709524 2.290476
   1    0    9 0.000000 1.000000
   1    0    6 0.000000 1.000000
   3    6   14 0.904762 2.095238
   8   26   22 4.304762 3.695238
  17   62   40 10.389286 6.610714
   4    8   15 1.361905 2.638095
   4    2   21 0.342857 3.657143
   6    6   32 0.908333 5.091667
   1    0    6 0.000000 1.000000
   7   14   27 2.380952 4.619048
   9   24   27 4.180952 4.819048
  12   44   27 7.395238 4.604762
   3    2   17 0.342857 2.657143
   5   10   20 1.628571 3.371429
   9   30   24 5.061905 3.938095
   7   16   26 2.646429 4.353571
   2    2    9 0.366667 1.633333
  14   42   37 7.380952 6.619048
  10   18   40 3.238095 6.761905
   7   20   21 3.366667 3.633333
   7   12   33 1.869048 5.130952
   8   16   35 2.523810 5.476190
   3    6   12 1.019048 1.980952
   4    4   20 0.676190 3.323810
  14   46   38 7.745238 6.254762
   7   22   22 3.720238 3.279762
   1    0    6 0.000000 1.000000
   5   12   17 2.052381 2.947619
   5    6   25 0.976190 4.023810
   4    8   17 1.361905 2.638095
  12   32   41 5.285714 6.714286
  12   20   51 3.461905 8.538095
   6    6   32 0.971429 5.028571
   6    8   28 1.419048 4.580952
   7   14   22 2.678571 4.321429
   3    2   15 0.366667 2.633333
   6   10   28 1.571429 4.428571
  16   46   54 7.577381 8.422619
  17   68   32 11.614286 5.385714
  11   42   24 7.066667 3.933333
   5    6   27 0.952381 4.047619
   2    2   11 0.309524 1.690476
  19   70   40 12.180952 6.819048
   7    8   33 1.400000 5.600000
   3    2   18 0.309524 2.690476
   6    4   34 0.685714 5.314286
   5    8   23 1.285714 3.714286
   2    2   10 0.333333 1.666667
  12   22   49 3.871429 8.128571
  16   46   48 7.819048 8.180952
  12   32   39 5.480952 6.519048
  22   84   48 14.080952 7.919048
   5    8   22 1.395238 3.604762
   3    4   14 0.666667 2.333333
  11   40   27 6.633333 4.366667
   7   12   28 2.200000 4.800000
   4    6   16 1.085714 2.914286
   6   10   27 1.638095 4.361905
   3    4   16 0.595238 2.404762
   1    0    6 0.000000 1.000000
   9   22   29 3.914286 5.085714
  14   44   44 7.133333 6.866667
  15   34   55 5.838095 9.161905
  29  118   56 19.819048 9.180952
  12   30   38 5.421429 6.578571
   8   20   25 3.488095 4.511905
  14   52   35 8.558333 5.441667
   4    6   20 1.050000 2.950000
   5    6   24 1.028571 3.971429
   3    4   15 0.685714 2.314286
   5    8   19 1.466667 3.533333
   8   16   32 2.747619 5.252381
  12   28   48 4.676190 7.323810
  30  108   71 18.160714 11.839286
  12   34   40 5.747619 6.252381
   2    2   10 0.333333 1.666667
  23   80   56 13.623810 9.376190
   2    0   12 0.000000 2.000000
   3    2   15 0.366667 2.633333
   1    0    6 0.000000 1.000000
   9   18   36 3.014286 5.985714
  11   20   47 3.366667 7.633333
   7   12   31 1.904762 5.095238
  34  132   71 22.295238 11.704762
  15   38   53 6.440476 8.559524
  19   60   58 9.839286 9.160714
   1    0    6 0.000000 1.000000
   1    0    7 0.000000 1.000000
   3    4   13 0.700000 2.300000
  10   26   31 4.561905 5.438095
   6    4   31 0.733333 5.266667
  11   18   48 3.061905 7.938095
  47  206   79 34.161905 12.838095
  10   28   31 4.725000 5.275000
  26   82   73 14.030952 11.969048
   1    0    6 0.000000 1.000000
   3    6   11 1.066667 1.933333
  10   24   32 4.266667 5.733333
   1    0    7 0.000000 1.000000
   2    0   15 0.000000 2.000000
  58  266   80 44.589286 13.410714
   9   28   25 4.842857 4.157143
  16   34   64 5.623810 10.376190
   4    6   14 1.200000 2.800000
   1    0    6 0.000000 1.000000
  10   24   40 3.950000 6.050000
   2    0   13 0.000000 2.000000
  71  356   71 59.395635 11.604365
   4    4   18 0.700000 3.300000
  12   32   38 5.595238 6.404762
   1    0    8 0.000000 1.000000
   2    2   11 0.309524 1.690476
   8   16   33 2.719048 5.280952
   2    2    9 0.366667 1.633333
  68  338   71 56.472619 11.527381
   7   16   27 2.677381 4.322619
  12   34   38 5.700000 6.300000
   2    2   10 0.333333 1.666667
   8   20   28 3.388095 4.611905
   3    4   12 0.766667 2.233333
  62  294   73 49.514286 12.485714
  13   40   42 6.525000 6.475000
   8   26   22 4.390476 3.609524
   1    0    6 0.000000 1.000000
   8   16   33 2.720238 5.279762
   8   26   22 4.591667 3.408333
  68  334   74 55.816667 12.183333
   9   16   38 2.616667 6.383333
   7   22   21 3.542857 3.457143
  10   20   41 3.403571 6.596429
   6   14   20 2.438095 3.561905
  73  374   64 62.446429 10.553571
   8   18   30 2.900000 5.100000
   5   12   18 2.052381 2.947619
   9   16   38 2.590476 6.409524
   5   10   20 1.719048 3.280952
  81  428   60 71.069048 9.930952
   8   16   33 2.647619 5.352381
  10   34   24 5.838095 4.161905
   1    0    5 0.000000 1.000000
  80  418   67 69.114286 10.885714
  10   20   39 3.461905 6.538095
   8   24   22 4.133333 3.866667
   2    2    8 0.416667 1.583333
  81  424   59 71.023810 9.976190
   6   10   28 1.619048 4.380952
  10   30   31 5.061905 4.938095
   3    6   12 1.000000 2.000000
  84  450   55 75.114286 8.885714
   4    2   22 0.333333 3.666667
   9   22   30 3.841667 5.158333
   3    6   13 0.983333 2.016667
  77  412   52 68.446032 8.553968
   4    8   18 1.238095 2.761905
  11   36   28 6.266667 4.733333
   8   24   22 4.133333 3.866667
  79  404   71 67.326190 11.673810
   1    0    7 0.000000 1.000000
  10   22   38 3.766667 6.233333
  10   24   34 4.157143 5.842857
  87  466   55 77.721429 9.278571
   6   10   25 1.742857 4.257143
   7   14   30 2.290476 4.709524
  93  520   36 86.990476 6.009524
   2    2   11 0.309524 1.690476
   5    6   25 1.042857 3.957143
  93  524   35 87.255952 5.744048
   1    0    6 0.000000 1.000000
   6    6   29 1.009524 4.990476
  95  540   30 90.085714 4.914286
   1    0    6 0.000000 1.000000
   4    0   24 0.000000 4.000000
  97  568   14 94.695238 2.304762
   3    4   14 0.676190 2.323810
  98  572   14 95.547619 2.452381
   2    0   14 0.000000 2.000000
 100  600    0 100.000000 0.000000
