   2    2   10 0.333333 1.666667
   1    0    6 0.000000 1.000000
   1    0    6 0.000000 1.000000
   2    2   11 0.309524 1.690476
   6   10   26 1.661905 4.338095
   3    4   13 0.733333 2.266667
   3    4   12 0.766667 2.233333
   1    0    7 0.000000 1.000000
   2    2   11 0.309524 1.690476
   2    2   10 0.333333 1.666667
   1    0    6 0.000000 1.000000
   1    0    6 0.000000 1.000000
   1    0    6 0.000000 1.000000
   2    0   13 0.000000 2.000000
   1    0    6 0.000000 1.000000
   8   26   24 4.228571 3.771429
   1    0    6 0.000000 1.000000
   4   10   14 1.695238 2.304762
   1    0    7 0.000000 1.000000
   3    4   16 0.595238 2.404762
   1    0    5 0.000000 1.000000
   1    0    6 0.000000 1.000000
   1    0    7 0.000000 1.000000
   1    0    7 0.000000 1.000000
   1    0    6 0.000000 1.000000
   2    0   12 0.000000 2.000000
   1    0    6 0.000000 1.000000
   1    0    6 0.000000 1.000000
   1    0    6 0.000000 1.000000
   1    0    6 0.000000 1.000000
   2    2    9 0.366667 1.633333
   9   32   21 5.490476 3.509524
   1    0    6 0.000000 1.000000
   3    4   12 0.766667 2.233333
   1    0    8 0.000000 1.000000
   3    4   13 0.700000 2.300000
   1    0    5 0.000000 1.000000
   1    0    5 0.000000 1.000000
   3    6   10 1.133333 1.866667
   1    0    5 0.000000 1.000000
   2    2   10 0.342857 1.657143
   1    0    7 0.000000 1.000000
   1    0    6 0.000000 1.000000
   1    0    7 0.000000 1.000000
   1    0    6 0.000000 1.000000
   3    4   12 0.766667 2.233333
   2    2    8 0.400000 1.600000
   1    0    8 0.000000 1.000000
   5   14   16 2.385714 2.614286
   1    0    7 0.000000 1.000000
   3    6   13 0.983333 2.016667
   1    0    7 0.000000 1.000000
   2    2    9 0.366667 1.633333
   5   10   19 1.728571 3.271429
   1    0    7 0.000000 1.000000
   3    2   16 0.366667 2.633333
   2    0   13 0.000000 2.000000
   4    8   17 1.316667 2.683333
   1    0    5 0.000000 1.000000
   5    6   26 0.952381 4.047619
  12   38   33 6.523810 5.476190
   2    0   13 0.000000 2.000000
   2    2   10 0.333333 1.666667
   9   16   35 2.852381 6.147619
   1    0    7 0.000000 1.000000
   1    0    6 0.000000 1.000000
   2    2    9 0.366667 1.633333
   2    2    9 0.366667 1.633333
   2    2   11 0.309524 1.690476
   2    2   10 0.333333 1.666667
   2    2    9 0.366667 1.633333
   2    2   12 0.291667 1.708333
   3    6   12 1.000000 2.000000
  12   36   36 6.000000 6.000000
   1    0    7 0.000000 1.000000
   2    2    9 0.366667 1.633333
   1    0    5 0.000000 1.000000
   2    0   13 0.000000 2.000000
   2    2   10 0.333333 1.666667
   3    2   15 0.366667 2.633333
   1    0    6 0.000000 1.000000
   2    2   10 0.333333 1.666667
   1    0    5 0.000000 1.000000
   1    0    6 0.000000 1.000000
   2    2   10 0.342857 1.657143
   1    0    6 0.000000 1.000000
   2    0   12 0.000000 2.000000
   1    0    6 0.000000 1.000000
   7   14   31 2.285714 4.714286
   2    2   10 0.333333 1.666667
   1    0    7 0.000000 1.000000
   4   10   13 1.761905 2.238095
   1    0    6 0.000000 1.000000
   1    0    7 0.000000 1.000000
  22   74   56 12.685714 9.314286
   2    0   11 0.000000 2.000000
   2    2    8 0.400000 1.600000
   7   18   25 2.928571 4.071429
   1    0    7 0.000000 1.000000
   5   12   20 1.958333 3.041667
   3    4   14 0.666667 2.333333
   2    2    9 0.366667 1.633333
   1    0    7 0.000000 1.000000
   3    4   12 0.766667 2.233333
   4    4   16 0.816667 3.183333
  10   20   41 3.400000 6.600000
   8   22   25 3.766667 4.233333
   1    0    6 0.000000 1.000000
   1    0    6 0.000000 1.000000
   2    2   10 0.333333 1.666667
   4    6   20 0.904762 3.095238
   1    0    6 0.000000 1.000000
   2    2   11 0.309524 1.690476
   3    6   12 1.019048 1.980952
   3    6   13 0.952381 2.047619
   1    0    6 0.000000 1.000000
   3    4   15 0.619048 2.380952
   6   14   24 2.238095 3.761905
   1    0    6 0.000000 1.000000
  16   48   48 8.123810 7.876190
   3    6   10 1.185714 1.814286
   3    4   12 0.766667 2.233333
   9   22   32 3.766667 5.233333
   1    0    7 0.000000 1.000000
   1    0    6 0.000000 1.000000
   2    0   13 0.000000 2.000000
   5    8   21 1.385714 3.614286
   5    4   27 0.642857 4.357143
  17   46   55 7.823810 9.176190
   5    8   23 1.376190 3.623810
   3    2   16 0.342857 2.657143
   4    8   16 1.333333 2.666667
   6   14   20 2.519048 3.480952
   3    6   12 1.019048 1.980952
   9   30   25 4.885714 4.114286
   2    0   12 0.000000 2.000000
   1    0    6 0.000000 1.000000
   2    2   11 0.309524 1.690476
   7   14   29 2.295238 4.704762
   1    0    6 0.000000 1.000000
  11   18   49 3.119048 7.880952
   4    8   16 1.333333 2.666667
   1    0    7 0.000000 1.000000
  12   38   30 6.585714 5.414286
   1    0    6 0.000000 1.000000
  11   36   28 6.252381 4.747619
   3    2   15 0.366667 2.633333
  17   34   70 5.619048 11.380952
   4    4   21 0.642857 3.357143
   3    2   14 0.400000 2.600000
   4   10   14 1.666667 2.333333
   6   14   22 2.390476 3.609524
   1    0    7 0.000000 1.000000
   3    6   11 1.066667 1.933333
   4    8   17 1.285714 2.714286
   1    0    5 0.000000 1.000000
   1    0    7 0.000000 1.000000
   4    4   19 0.700000 3.300000
  12   40   33 6.642857 5.357143
   4    8   16 1.333333 2.666667
  12   28   45 4.614286 7.385714
  14   50   35 8.471429 5.528571
   1    0    6 0.000000 1.000000
  21   52   81 8.355952 12.644048
   3    2   14 0.400000 2.600000
   2    2    8 0.400000 1.600000
   5   14   13 2.571429 2.428571
  13   40   36 6.809524 6.190476
   2    2   10 0.333333 1.666667
   4    4   22 0.619048 3.380952
   1    0    6 0.000000 1.000000
   4    4   22 0.625000 3.375000
   4    2   24 0.285714 3.714286
   4    6   19 0.952381 3.047619
  15   38   52 6.385714 8.614286
  14   36   48 6.209524 7.790476
  24   56   84 9.723810 14.276190
   4    6   17 1.066667 2.933333
   3    2   16 0.333333 2.666667
   7   20   21 3.547619 3.452381
  14   50   33 8.509524 5.490476
   1    0    5 0.000000 1.000000
   2    2   11 0.309524 1.690476
   2    2   11 0.309524 1.690476
   4    4   22 0.685714 3.314286
   4    6   19 0.983333 3.016667
   2    0   12 0.000000 2.000000
  13   36   46 5.878571 7.121429
  11   22   41 3.852381 7.147619
  32  108   82 18.176190 13.823810
   3    6   12 1.019048 1.980952
  13   48   28 8.150000 4.850000
  13   34   43 5.738095 7.261905
   2    2   11 0.309524 1.690476
   6   16   21 2.753571 3.246429
   4    2   20 0.450000 3.550000
   3    6   12 1.019048 1.980952
   9   12   38 2.176190 6.823810
  16   40   55 6.690476 9.309524
  29   78   96 13.109524 15.890476
   5    8   24 1.310714 3.689286
  12   40   33 6.619048 5.380952
  14   46   40 7.609524 6.390476
   4    6   17 1.066667 2.933333
   4    8   18 1.214286 2.785714
   2    2   10 0.333333 1.666667
  13   26   52 4.328571 8.671429
  17   50   51 8.598810 8.401190
  22   52   79 8.798810 13.201190
   6    6   30 1.052381 4.947619
  10   30   33 4.785714 5.214286
  22   76   54 12.952381 9.047619
   2    0   13 0.000000 2.000000
   1    0    6 0.000000 1.000000
  15   28   65 4.686905 10.313095
  21   68   58 11.404762 9.595238
  26   82   78 13.509524 12.490476
   6    8   26 1.433333 4.566667
  11   28   35 4.876190 6.123810
  18   56   49 9.671429 8.328571
   3    4   16 0.619048 2.380952
  13   30   50 4.921429 8.078571
  21   70   54 11.964286 9.035714
  28  106   60 17.942857 10.057143
   3    4   14 0.666667 2.333333
  16   56   39 9.448810 6.551190
  16   58   39 9.671429 6.328571
   2    0   12 0.000000 2.000000
  22   80   53 13.350000 8.650000
  22   66   64 11.354762 10.645238
  22   58   74 9.757143 12.242857
   4    6   18 1.019048 2.980952
  14   46   40 7.575794 6.424206
  14   46   37 7.770238 6.229762
  15   48   47 7.755952 7.244048
  17   54   50 9.004762 7.995238
  27   84   74 14.228571 12.771429
   5   10   20 1.675000 3.325000
  19   60   50 10.373810 8.626190
  17   56   47 9.300000 7.700000
  20   70   53 11.478175 8.521825
  22   76   54 12.928571 9.071429
  34  118   81 20.101190 13.898810
   3    2   17 0.333333 2.666667
  12   24   49 3.928571 8.071429
   9   30   26 4.951190 4.048810
  18   50   56 8.576190 9.423810
  17   48   54 8.007143 8.992857
  44  170   92 28.652381 15.347619
   9   22   33 3.709524 5.290476
  12   38   37 6.205952 5.794048
  21   56   62 10.021429 10.978571
  20   54   73 8.739286 11.260714
  41  154   92 25.797619 15.202381
   4    6   19 0.952381 3.047619
  14   44   40 7.494048 6.505952
  18   46   63 7.570238 10.429762
  26   86   72 14.461905 11.538095
  41  152   92 25.584524 15.415476
   3    4   14 0.709524 2.290476
  12   38   33 6.347619 5.652381
  29  104   67 17.719048 11.280952
  29   88   92 14.457143 14.542857
  31   82  102 14.166667 16.833333
   2    2   10 0.333333 1.666667
   9   26   27 4.442857 4.557143
  26   88   62 14.965476 11.034524
  30  104   77 17.328571 12.671429
  32  104   96 16.736905 15.263095
  12   46   23 7.995238 4.004762
  15   30   62 4.933333 10.066667
  42  150  103 25.317857 16.682143
  28   88   77 14.871429 13.128571
  15   52   38 8.766667 6.233333
  11   20   48 3.304762 7.695238
  36   88  125 15.140476 20.859524
  33  110   90 18.304762 14.695238
  20   64   55 10.690476 9.309524
   9   14   42 2.266667 6.733333
  44  158  105 26.538095 17.461905
  26   70   85 11.891667 14.108333
  21   68   58 11.609524 9.390476
  10   18   45 3.004762 6.995238
  40  146   94 24.471429 15.528571
  32  110   79 19.023810 12.976190
  18   60   48 10.161905 7.838095
  13   26   48 4.628571 8.371429
  33  106   94 17.629762 15.370238
  29   84   92 13.967857 15.032143
  25   92   58 15.485714 9.514286
   8    8   41 1.304762 6.695238
  43  148  109 24.886905 18.113095
  25   62   89 10.714286 14.285714
  24   74   69 12.438095 11.561905
   3    0   18 0.000000 3.000000
  51  210   96 35.304762 15.695238
  23   58   76 9.890476 13.109524
  23   70   72 11.654762 11.345238
   2    2   11 0.309524 1.690476
  55  244   84 41.102381 13.897619
  24   62   81 10.528571 13.471429
  19   46   70 7.619048 11.380952
   8   24   24 4.072619 3.927381
  55  232   96 38.940476 16.059524
  20   58   63 9.522619 10.477381
  17   36   67 6.176190 10.823810
   5   14   16 2.304762 2.695238
  60  278   83 46.327381 13.672619
  15   42   47 7.128571 7.871429
  20   48   72 8.083333 11.916667
   5    6   23 1.085714 3.914286
  73  366   74 61.247619 11.752381
   4    2   22 0.333333 3.666667
  18   40   67 6.800000 11.200000
  10   30   31 5.050000 4.950000
  78  406   62 67.727381 10.272619
   2    2   11 0.309524 1.690476
  10   14   44 2.476190 7.523810
   9   20   35 3.358333 5.641667
  76  390   66 64.920238 11.079762
  15   44   45 7.476190 7.523810
   6    8   28 1.361905 4.638095
  70  336   83 56.250000 13.750000
  24   70   75 11.650000 12.350000
   7    8   35 1.292857 5.707143
  73  362   72 60.784524 12.215476
  20   56   67 9.171429 10.828571
  10   22   39 3.638095 6.361905
  77  404   57 67.558333 9.441667
  13   36   42 6.019048 6.980952
  17   52   47 9.076190 7.923810
  70  354   67 59.147619 10.852381
  13   38   42 6.266667 6.733333
  13   34   43 5.791667 7.208333
  76  398   57 66.509524 9.490476
  11   24   44 4.009524 6.990476
  10   28   34 4.652381 5.347619
  78  414   51 69.484524 8.515476
  12   30   43 5.033333 6.966667
   7   22   19 3.790476 3.209524
  73  394   49 65.271429 7.728571
  20   70   46 11.845238 8.154762
   7   12   31 1.990476 5.009524
  73  384   57 63.829762 9.170238
  20   62   54 10.578571 9.421429
   7   18   25 2.995238 4.004762
  76  396   60 66.123810 9.876190
  17   52   49 8.919048 8.080952
   6   12   25 1.971429 4.028571
  79  390   79 65.683333 13.316667
  15   32   62 5.133333 9.866667
   7   18   23 3.119048 3.880952
  78  400   74 66.407143 11.592857
  15   28   57 4.928571 10.071429
  14   52   33 8.760714 5.239286
  73  368   70 61.607937 11.392063
  13   28   49 4.833333 8.166667
  11   42   25 7.066667 3.933333
  76  396   59 66.314286 9.685714
  13   28   50 4.795238 8.204762
  16   52   42 8.833333 7.166667
  66  310   88 51.938095 14.061905
  18   40   68 6.895238 11.104762
  23   76   61 12.790476 10.209524
  59  258  100 42.950794 16.049206
  18   42   63 7.138095 10.861905
  15   34   58 5.639286 9.360714
  55  232  101 38.620238 16.379762
  30   90   85 15.304762 14.695238
  14   44   42 7.337698 6.662302
  45  202   71 33.471429 11.528571
  41  154   87 26.223810 14.776190
  13   42   36 7.038095 5.961905
  47  196   82 32.823810 14.176190
  40  142  102 23.471429 16.528571
  19   62   52 10.471429 8.528571
  44  176   82 29.948810 14.051190
  37  136   92 22.663095 14.336905
  17   36   66 5.988095 11.011905
  40  128  113 21.438095 18.561905
  43  154  103 25.759524 17.240476
  24   62   83 10.450000 13.550000
  37  130   93 21.677381 15.322619
  39  134   98 22.527381 16.472619
  40  150   85 25.580952 14.419048
  30  102   80 16.889286 13.110714
  30  112   71 18.619048 11.380952
  41  136  109 22.877381 18.122619
  40  134  110 22.348810 17.651190
  19   42   69 7.338095 11.661905
  31  110   75 18.529762 12.470238
  47  176  108 29.257143 17.742857
  22   54   77 9.180952 12.819048
  33  116   83 19.191667 13.808333
  47  156  122 26.446429 20.553571
  20   50   73 8.371429 11.628571
  35  118   91 19.910714 15.089286
  50  192  107 32.205952 17.794048
  15   30   62 5.052381 9.947619
  27   64  100 10.700000 16.300000
  48  170  118 28.479762 19.520238
  25   72   76 12.200000 12.800000
  28   74   93 12.657143 15.342857
  45  158  116 26.191667 18.808333
  27   76   83 12.804762 14.195238
  26   64   90 10.864286 15.135714
  39  134  100 22.579762 16.420238
  35  116   96 19.403571 15.596429
  20   50   74 8.109524 11.890476
  32   94   97 15.719048 16.280952
  48  184  101 31.040476 16.959524
  17   36   64 6.238095 10.761905
  30   84   98 14.066667 15.933333
  53  206  112 34.510714 18.489286
  15   24   64 4.161905 10.838095
  19   46   71 7.702381 11.297619
  66  294  101 49.284524 16.715476
  13   22   52 3.866667 9.133333
  14   34   50 5.757143 8.242857
  73  358   84 59.366667 13.633333
   7    4   37 0.742857 6.257143
  21   64   59 10.923810 10.076190
  72  354   82 58.861905 13.138095
   4    4   19 0.709524 3.290476
  24   78   66 13.057143 10.942857
  72  348   85 57.941667 14.058333
   5    8   22 1.280952 3.719048
  18   52   56 8.809524 9.190476
  77  384   78 64.092857 12.907143
   6    8   27 1.416667 4.583333
  11   20   43 3.500000 7.500000
  83  434   68 72.173810 10.826190
   5   14   15 2.452381 2.547619
   6   10   26 1.628571 4.371429
  89  494   41 82.239286 6.760714
   5   14   15 2.428571 2.571429
   9   24   34 3.891667 5.108333
  86  466   47 78.014286 7.985714
   2    2   11 0.309524 1.690476
   7   12   30 2.004762 4.995238
  91  506   39 84.595238 6.404762
   3    6   12 1.000000 2.000000
   6    8   26 1.433333 4.566667
  91  514   34 85.547619 5.452381
   2    2   11 0.309524 1.690476
   4    6   18 1.000000 3.000000
  94  540   23 90.214286 3.785714
   4    8   17 1.285714 2.714286
   1    0    6 0.000000 1.000000
  95  548   21 91.542857 3.457143
   2    2   10 0.333333 1.666667
  98  578   10 96.323810 1.676190
   5   12   16 2.166667 2.833333
  95  556   16 92.469048 2.530952
   2    0   12 0.000000 2.000000
  98  576   12 96.052381 1.947619
   5    8   20 1.400000 3.600000
  95  552   20 91.783333 3.216667
   4    8   17 1.280952 2.719048
  96  558   17 93.095238 2.904762
   4    6   15 1.233333 2.766667
  96  564   15 93.623810 2.376190
   9   24   28 4.214286 4.785714
  91  520   28 86.505952 4.494048
   4    4   21 0.666667 3.333333
  96  554   21 92.476190 3.523810
   6   14   22 2.361905 3.638095
  94  542   22 90.444048 3.555952
   3    2   17 0.309524 2.690476
  97  564   17 94.161905 2.838095
   2    0   14 0.000000 2.000000
  98  572   14 95.607143 2.392857
 100  600    0 100.000000 0.000000
