   3    6   11 1.085714 1.914286
   1    0    6 0.000000 1.000000
   2    2    9 0.366667 1.633333
   4    8   17 1.338095 2.661905
   2    2    7 0.450000 1.550000
   2    2   10 0.333333 1.666667
   1    0    6 0.000000 1.000000
   3    4   13 0.700000 2.300000
   2    2   10 0.333333 1.666667
   2    2   10 0.342857 1.657143
   1    0    7 0.000000 1.000000
   1    0    7 0.000000 1.000000
   1    0    6 0.000000 1.000000
   1    0    8 0.000000 1.000000
   3    4   12 0.766667 2.233333
   1    0    6 0.000000 1.000000
   5   14   14 2.561905 2.438095
   1    0    6 0.000000 1.000000
   1    0    5 0.000000 1.000000
   1    0    8 0.000000 1.000000
   1    0    6 0.000000 1.000000
   1    0    6 0.000000 1.000000
   2    2    8 0.400000 1.600000
   1    0    7 0.000000 1.000000
   1    0    7 0.000000 1.000000
   2    2   10 0.333333 1.666667
   1    0    6 0.000000 1.000000
   1    0    8 0.000000 1.000000
   1    0    7 0.000000 1.000000
   2    2   10 0.333333 1.666667
   1    0    6 0.000000 1.000000
   2    2   10 0.342857 1.657143
   1    0    7 0.000000 1.000000
   3    4   13 0.742857 2.257143
   3    2   17 0.309524 2.690476
   1    0    6 0.000000 1.000000
   2    2   10 0.333333 1.666667
   1    0    5 0.000000 1.000000
  13   48   31 8.057143 4.942857
   1    0    7 0.000000 1.000000
   1    0    6 0.000000 1.000000
   3    2   14 0.366667 2.633333
   3    6   11 1.066667 1.933333
   1    0    7 0.000000 1.000000
   2    2    9 0.366667 1.633333
   1    0    6 0.000000 1.000000
   2    2   11 0.309524 1.690476
   1    0    7 0.000000 1.000000
   1    0    7 0.000000 1.000000
   1    0    6 0.000000 1.000000
   1    0    5 0.000000 1.000000
   2    2    9 0.366667 1.633333
   1    0    6 0.000000 1.000000
   1    0    7 0.000000 1.000000
   6   18   16 3.114286 2.885714
   2    2   11 0.309524 1.690476
   3    6   13 0.983333 2.016667
   1    0    6 0.000000 1.000000
   2    2    8 0.400000 1.600000
   6   10   25 1.742857 4.257143
   5   10   21 1.647619 3.352381
   3    2   17 0.333333 2.666667
   1    0    7 0.000000 1.000000
   3    4   15 0.642857 2.357143
   2    2    9 0.392857 1.607143
   1    0    7 0.000000 1.000000
   2    2   11 0.309524 1.690476
   4    6   15 1.185714 2.814286
   1    0    5 0.000000 1.000000
   1    0    6 0.000000 1.000000
   2    0   13 0.000000 2.000000
   1    0    6 0.000000 1.000000
   3    4   12 0.766667 2.233333
   5   10   18 1.766667 3.233333
   2    2   10 0.333333 1.666667
   1    0    7 0.000000 1.000000
   3    4   15 0.642857 2.357143
  20   70   51 11.619048 8.380952
   1    0    7 0.000000 1.000000
   1    0    6 0.000000 1.000000
   2    2    8 0.400000 1.600000
   1    0    6 0.000000 1.000000
   1    0    7 0.000000 1.000000
   2    2    9 0.366667 1.633333
   1    0    7 0.000000 1.000000
   2    2   10 0.333333 1.666667
   1    0    6 0.000000 1.000000
   7   20   23 3.341667 3.658333
   1    0    7 0.000000 1.000000
   4    6   20 0.916667 3.083333
   3    4   12 0.733333 2.266667
   2    2   11 0.309524 1.690476
   1    0    6 0.000000 1.000000
   9   30   23 5.109524 3.890476
   7   16   25 2.800000 4.200000
   2    2   11 0.309524 1.690476
   5   10   21 1.671429 3.328571
   2    2    8 0.400000 1.600000
   5   14   15 2.461905 2.538095
   2    2   12 0.285714 1.714286
   3    2   17 0.309524 2.690476
   1    0    6 0.000000 1.000000
  31  136   50 22.638095 8.361905
   2    2   10 0.333333 1.666667
   3    6   11 1.066667 1.933333
   7   22   18 3.780952 3.219048
   1    0    6 0.000000 1.000000
   5    8   23 1.328571 3.671429
   5   10   21 1.671429 3.328571
   9   16   36 2.704762 6.295238
   4    4   20 0.666667 3.333333
   2    2   10 0.333333 1.666667
   7   24   18 4.180952 2.819048
  11   42   22 7.319048 3.680952
   7   12   29 2.066667 4.933333
   6   12   22 2.108333 3.891667
   2    0   12 0.000000 2.000000
   2    2   10 0.342857 1.657143
  30  124   60 20.540476 9.459524
   5    8   18 1.600000 3.400000
   1    0    6 0.000000 1.000000
   6    8   34 1.148810 4.851190
   8   24   25 3.876190 4.123810
  13   34   44 5.833333 7.166667
   8   24   25 4.009524 3.990476
   4    8   19 1.214286 2.785714
   9   30   24 5.025000 3.975000
  10   20   36 3.702381 6.297619
   5    8   23 1.304762 3.695238
   5   12   18 2.004762 2.995238
  38  166   61 28.014286 9.985714
   4    8   15 1.400000 2.600000
   2    0   13 0.000000 2.000000
   2    2   10 0.342857 1.657143
  10   26   35 4.397619 5.602381
   8   16   33 2.666667 5.333333
   4    6   17 1.085714 2.914286
   6   16   23 2.476190 3.523810
  13   38   42 6.209524 6.790476
   6   10   27 1.680952 4.319048
  38  150   75 25.328571 12.671429
   5    6   24 1.009524 3.990476
   5   14   14 2.552381 2.447619
   5    8   20 1.452381 3.547619
  12   24   47 4.066667 7.933333
   6    8   30 1.458333 4.541667
   6   14   22 2.347619 3.652381
  12   42   30 6.966667 5.033333
   7    6   34 1.066667 5.933333
   6   14   22 2.328571 3.671429
  38  158   73 26.207143 11.792857
   4    6   17 1.066667 2.933333
   9   26   27 4.476190 4.523810
  15   42   46 7.267857 7.732143
  11   22   40 3.938095 7.061905
   6   10   25 1.780952 4.219048
   8   26   24 4.134921 3.865079
   4    2   22 0.333333 3.666667
   3    6   13 0.952381 2.047619
  33  122   81 20.134524 12.865476
   3    6   13 0.971429 2.028571
  17   52   48 8.761905 8.238095
  16   48   53 7.716667 8.283333
   7    6   34 1.109524 5.890476
   7   12   31 1.988095 5.011905
   6   12   21 2.266667 3.733333
   5   10   21 1.719048 3.280952
   5   10   20 1.733333 3.266667
  33  100   96 16.890476 16.109524
   5   12   18 1.961905 3.038095
  16   40   56 6.948810 9.051190
  20   62   58 10.311905 9.688095
   5    4   26 0.709524 4.290476
   9   22   31 3.752381 5.247619
   6    6   30 0.995238 5.004762
  12   26   46 4.328571 7.671429
  24   62   88 10.100000 13.900000
   4    8   15 1.400000 2.600000
  20   52   64 8.985714 11.014286
  22   68   61 11.591667 10.408333
   4    2   21 0.400000 3.600000
  17   58   46 9.723810 7.276190
   4    2   24 0.309524 3.690476
   9   14   42 2.296429 6.703571
  18   42   68 7.014286 10.985714
   4    8   18 1.292857 2.707143
  22   58   68 10.159524 11.840476
  29  102   72 17.147619 11.852381
   3    2   15 0.366667 2.633333
  23   90   50 14.861905 8.138095
   5    6   21 1.133333 3.866667
   5    4   26 0.709524 4.290476
  12   20   50 3.557143 8.442857
   7   10   34 1.661905 5.338095
  16   40   58 6.642857 9.357143
  23   80   60 13.223810 9.776190
   1    0    5 0.000000 1.000000
  31  122   63 20.438095 10.561905
   4    4   21 0.619048 3.380952
   3    2   17 0.342857 2.657143
  14   32   48 5.690476 8.309524
   7   18   25 2.919048 4.080952
  17   48   55 8.095238 8.904762
  25   88   64 14.547619 10.452381
   1    0    6 0.000000 1.000000
  38  150   77 25.215476 12.784524
   1    0    6 0.000000 1.000000
   6   16   19 2.761905 3.238095
   6    4   32 0.742857 5.257143
   1    0    6 0.000000 1.000000
  22   82   50 14.016667 7.983333
  26   96   59 16.071429 9.928571
   1    0    6 0.000000 1.000000
  34  122   86 20.082143 13.917857
   4    6   19 1.000000 3.000000
  10   24   34 4.157143 5.842857
  25   86   62 14.459524 10.540476
  30  108   67 18.452381 11.547619
   3    4   14 0.676190 2.323810
  29   92   81 15.597619 13.402381
   2    0   12 0.000000 2.000000
  11   26   41 4.335714 6.664286
  25   90   65 14.800000 10.200000
  34  120   81 20.344048 13.655952
   3    4   14 0.709524 2.290476
  33  116   86 19.226190 13.773810
   6    6   28 1.066667 4.933333
  24   80   65 13.200000 10.800000
  32  104   85 17.547619 14.452381
   1    0    6 0.000000 1.000000
  42  150  105 24.842857 17.157143
   7   10   33 1.728571 5.271429
  18   40   67 6.809524 11.190476
  31   86   99 14.451190 16.548810
   3    6   12 1.019048 1.980952
  36  110  104 18.776190 17.223810
  13   36   43 6.316667 6.683333
  17   30   74 5.076190 11.923810
  30   82  102 13.403571 16.596429
   2    2   10 0.342857 1.657143
  36  120   98 19.917857 16.082143
   8   18   27 3.180952 4.819048
  24   64   77 11.061905 12.938095
  23   48   84 8.400000 14.600000
   3    4   12 0.766667 2.233333
  45  194   79 32.140476 12.859524
   5    6   25 1.019048 3.980952
  24   78   70 12.661905 11.338095
  23   58   81 9.721429 13.278571
  39  152   79 25.652381 13.347619
   6    8   28 1.342857 4.657143
  32  116   78 19.400000 12.600000
  18   30   79 5.052381 12.947619
  44  170   93 28.466667 15.533333
   2    0   13 0.000000 2.000000
  36  122   93 20.458333 15.541667
  32   98   98 16.333333 15.666667
  29  104   71 17.457143 11.542857
  39  136   93 23.380952 15.619048
  24   84   58 14.128571 9.871429
  34  134   67 22.514286 11.485714
  42  168   89 27.803571 14.196429
  30  106   75 17.809524 12.190476
  32  120   71 20.142857 11.857143
  38  130   98 21.746429 16.253571
  33  100   96 17.105952 15.894048
  38  134   93 22.585714 15.414286
  29   80   97 13.415476 15.584524
  33   94  103 15.885714 17.114286
  37  152   73 25.209524 11.790476
  30  106   72 17.914286 12.085714
  28  100   67 16.891667 11.108333
  33  136   62 22.695238 10.304762
  39  162   73 26.792857 12.207143
  19   62   55 10.085714 8.914286
  42  172   78 28.933333 13.066667
  39  144   89 23.947619 15.052381
  24   86   55 14.728571 9.271429
  43  192   65 32.170238 10.829762
  33  120   82 19.827381 13.172619
  21   58   64 10.126190 10.873810
  39  144   93 23.816667 15.183333
  40  142   99 23.738095 16.261905
  12   18   51 3.166667 8.833333
  35  118   93 19.538095 15.461905
  53  214  106 35.621429 17.378571
  13   28   53 4.478571 8.521429
  36  110  101 18.859524 17.140476
  51  192  116 31.750000 19.250000
   7   14   29 2.304762 4.695238
  25   62   87 10.533333 14.466667
  68  298  110 49.989286 18.010714
   2    2   10 0.333333 1.666667
  28   78   93 12.995238 15.004762
  70  314  103 52.897619 17.102381
   7   18   23 3.038095 3.961905
  29   94   80 15.761905 13.238095
  64  286   99 47.757143 16.242857
   9   14   41 2.328571 6.671429
  28   96   71 16.023810 11.976190
  63  274  104 45.741667 17.258333
   7   14   29 2.261905 4.738095
  25   82   68 13.723810 11.276190
  68  314   93 52.638095 15.361905
   6   12   25 1.941667 4.058333
  22   68   57 11.800000 10.200000
  72  366   72 60.594048 11.405952
   8   18   31 2.947619 5.052381
  17   50   49 8.476190 8.523810
  75  384   68 63.846429 11.153571
   6    6   32 0.952381 5.047619
  21   70   55 11.752381 9.247619
  73  366   71 61.200000 11.800000
   9   14   37 2.466667 6.533333
  22   70   65 11.300000 10.700000
  69  328   86 54.805952 14.194048
   8   16   33 2.680952 5.319048
  21   64   63 10.828571 10.171429
  71  344   80 57.647619 13.352381
  12   26   45 4.414286 7.585714
  23   68   72 11.411905 11.588095
  65  310   79 51.926190 13.073810
  12   30   41 5.090476 6.909524
  25   72   76 12.209524 12.790476
  63  296   85 49.019048 13.980952
  10   20   41 3.357143 6.642857
  25   78   72 13.142857 11.857143
  65  296   93 49.642857 15.357143
   8   10   37 1.766667 6.233333
  28  110   61 18.341667 9.658333
  64  310   72 51.898810 12.101190
   7   10   31 1.733333 5.266667
  36  148   64 24.997619 11.002381
  57  270   77 44.730952 12.269048
   3    6   12 1.050000 1.950000
  35  142   70 23.591667 11.408333
  62  298   72 49.828571 12.171429
   8   28   21 4.689286 3.310714
  29  108   64 18.114286 10.885714
  63  314   65 52.428571 10.571429
   8   16   29 2.938095 5.061905
  34  134   68 22.652381 11.347619
  58  278   75 45.964286 12.035714
  15   62   29 10.261905 4.738095
  30  128   50 21.485714 8.514286
  55  276   55 46.130952 8.869048
  22   88   44 14.557143 7.442857
  12   42   34 6.714286 5.285714
  66  328   64 55.109524 10.890476
  13   50   31 8.357143 4.642857
  17   70   33 11.690476 5.309524
  70  366   50 61.391667 8.608333
   8   24   26 3.861905 4.138095
  18   70   39 11.740476 6.259524
  74  384   57 64.247619 9.752381
   4    8   17 1.309524 2.690476
  13   40   38 6.891667 6.108333
  83  454   43 75.852381 7.147619
   3    4   13 0.700000 2.300000
  13   28   49 4.790476 8.209524
  84  446   60 74.265476 9.734524
  12   24   46 4.147619 7.852381
  88  484   46 80.436905 7.563095
   8   16   32 2.604762 5.395238
  92  520   32 86.614286 5.385714
  17   54   47 9.233333 7.766667
  83  452   47 75.459524 7.540476
  13   42   38 6.911905 6.088095
  87  482   38 80.466667 6.533333
  14   44   40 7.371429 6.628571
  86  476   40 79.333333 6.666667
  11   28   36 4.804762 6.195238
  89  500   36 83.114286 5.885714
  10   14   43 2.585714 7.414286
  90  500   43 83.022619 6.977381
  10   18   43 2.990476 7.009524
  90  496   43 83.044048 6.955952
   5    4   27 0.642857 4.357143
  95  542   27 90.411905 4.588095
   5    4   21 0.850000 4.150000
  95  554   21 91.809524 3.190476
  14   18   63 3.176190 10.823810
  86  456   63 75.836905 10.163095
   8   16   30 2.738095 5.261905
  92  524   30 87.085714 4.914286
   4    8   18 1.208333 2.791667
  96  556   18 92.914286 3.085714
   4    4   20 0.709524 3.290476
  96  556   20 92.709524 3.290476
   1    0    6 0.000000 1.000000
  99  588    6 98.014286 0.985714
 100  600    0 100.000000 0.000000
