   1    0    6 0.000000 1.000000
   2    2    9 0.366667 1.633333
   1    0    6 0.000000 1.000000
   1    0    6 0.000000 1.000000
   1    0    6 0.000000 1.000000
   1    0    7 0.000000 1.000000
   3    4   13 0.733333 2.266667
   2    2    8 0.400000 1.600000
   3    4   14 0.709524 2.290476
   2    2   10 0.333333 1.666667
   1    0    7 0.000000 1.000000
   1    0    8 0.000000 1.000000
   1    0    7 0.000000 1.000000
   1    0    6 0.000000 1.000000
   1    0    6 0.000000 1.000000
   1    0    6 0.000000 1.000000
   1    0    7 0.000000 1.000000
   2    2   10 0.333333 1.666667
   1    0    7 0.000000 1.000000
   2    2    9 0.366667 1.633333
   2    2    9 0.366667 1.633333
   1    0    6 0.000000 1.000000
   1    0    6 0.000000 1.000000
   2    2    9 0.366667 1.633333
   1    0    6 0.000000 1.000000
   1    0    6 0.000000 1.000000
   2    2   10 0.342857 1.657143
   2    2    8 0.400000 1.600000
   2    2   11 0.309524 1.690476
   1    0    7 0.000000 1.000000
   1    0    6 0.000000 1.000000
   2    2    9 0.366667 1.633333
   1    0    5 0.000000 1.000000
   1    0    6 0.000000 1.000000
   1    0    5 0.000000 1.000000
   1    0    7 0.000000 1.000000
   1    0    7 0.000000 1.000000
   4    8   15 1.400000 2.600000
   1    0    7 0.000000 1.000000
   1    0    6 0.000000 1.000000
   1    0    6 0.000000 1.000000
   5   14   14 2.561905 2.438095
   4    8   17 1.309524 2.690476
   1    0    8 0.000000 1.000000
   1    0    6 0.000000 1.000000
   1    0    6 0.000000 1.000000
   1    0    6 0.000000 1.000000
   3    4   15 0.642857 2.357143
   4    6   17 1.052381 2.947619
   5   14   14 2.585714 2.414286
   2    2   11 0.309524 1.690476
   1    0    8 0.000000 1.000000
   2    2    8 0.400000 1.600000
   1    0    6 0.000000 1.000000
   1    0    6 0.000000 1.000000
   1    0    6 0.000000 1.000000
   1    0    7 0.000000 1.000000
   1    0    7 0.000000 1.000000
   1    0    6 0.000000 1.000000
   2    2    9 0.366667 1.633333
   3    4   14 0.666667 2.333333
   1    0    6 0.000000 1.000000
   1    0    5 0.000000 1.000000
   2    2   11 0.309524 1.690476
   3    6   12 1.000000 2.000000
   6   14   22 2.290476 3.709524
   2    2   11 0.309524 1.690476
   2    2   10 0.342857 1.657143
   1    0    6 0.000000 1.000000
   2    0   12 0.000000 2.000000
   1    0    7 0.000000 1.000000
   5   14   16 2.338095 2.661905
   2    2   12 0.285714 1.714286
   2    2    9 0.366667 1.633333
   2    2    9 0.366667 1.633333
   4    6   15 1.133333 2.866667
   1    0    6 0.000000 1.000000
   1    0    6 0.000000 1.000000
   1    0    7 0.000000 1.000000
   3    6   14 0.904762 2.095238
   3    4   13 0.700000 2.300000
   2    0   13 0.000000 2.000000
   2    2   11 0.309524 1.690476
   6   12   22 2.209524 3.790476
   4   10   13 1.733333 2.266667
   2    2   11 0.309524 1.690476
   2    2   10 0.342857 1.657143
   1    0    7 0.000000 1.000000
   3    2   17 0.333333 2.666667
   5    6   22 1.066667 3.933333
   8   24   24 3.985714 4.014286
   5   10   20 1.685714 3.314286
   3    4   12 0.733333 2.266667
   2    0   11 0.000000 2.000000
   2    2   11 0.309524 1.690476
   1    0    6 0.000000 1.000000
   3    6   12 1.000000 2.000000
   2    2   11 0.325000 1.675000
   2    0   12 0.000000 2.000000
   2    2   10 0.333333 1.666667
   4   10   14 1.719048 2.280952
   6   10   25 1.810714 4.189286
   5   10   19 1.733333 3.266667
   1    0    7 0.000000 1.000000
   1    0    6 0.000000 1.000000
   1    0    7 0.000000 1.000000
  10   32   25 5.525000 4.475000
   1    0    6 0.000000 1.000000
   1    0    7 0.000000 1.000000
   7   18   26 2.952381 4.047619
   1    0    5 0.000000 1.000000
   1    0    5 0.000000 1.000000
   4    4   19 0.700000 3.300000
   9   18   36 3.000000 6.000000
   6   18   19 2.928571 3.071429
   1    0    7 0.000000 1.000000
   4    6   20 0.952381 3.047619
   1    0    6 0.000000 1.000000
  12   34   38 5.714286 6.285714
   1    0    8 0.000000 1.000000
   1    0    6 0.000000 1.000000
   1    0    5 0.000000 1.000000
   2    2   10 0.333333 1.666667
   2    2    8 0.400000 1.600000
  10   38   20 6.621429 3.378571
   5   10   22 1.547619 3.452381
   4    6   21 0.953571 3.046429
   9   32   20 5.578571 3.421429
   5   10   21 1.590476 3.409524
   9   24   30 4.090476 4.909524
   5   10   17 1.866667 3.133333
   5   10   22 1.671429 3.328571
   1    0    7 0.000000 1.000000
   2    2    9 0.366667 1.633333
   8   14   36 2.300000 5.700000
   1    0    6 0.000000 1.000000
   2    2   10 0.333333 1.666667
   7   18   23 3.176190 3.823810
   7   12   28 2.100000 4.900000
   4    6   17 1.033333 2.966667
   1    0    6 0.000000 1.000000
   1    0    6 0.000000 1.000000
   6    6   31 1.000000 5.000000
   2    2   10 0.333333 1.666667
   2    2   10 0.333333 1.666667
   1    0    7 0.000000 1.000000
  14   50   32 8.660714 5.339286
   4    2   23 0.309524 3.690476
   2    0   12 0.000000 2.000000
  10   30   29 5.085714 4.914286
   8   18   28 3.200000 4.800000
  12   38   33 6.557143 5.442857
  11   38   28 6.400000 4.600000
   8   14   33 2.361905 5.638095
   4   10   13 1.733333 2.266667
   7   16   27 2.661905 4.338095
   1    0    5 0.000000 1.000000
   1    0    6 0.000000 1.000000
   5    6   24 1.000000 4.000000
   6   10   24 1.852381 4.147619
   2    0   14 0.000000 2.000000
   1    0    6 0.000000 1.000000
   3    2   19 0.291667 2.708333
   2    2   12 0.291667 1.708333
   2    2    9 0.366667 1.633333
   1    0    7 0.000000 1.000000
  14   46   39 7.763095 6.236905
  12   40   31 6.789286 5.210714
  14   46   34 8.042857 5.957143
  13   42   35 7.104762 5.895238
   5   12   19 1.923810 3.076190
  11   36   31 6.117857 4.882143
   2    0   13 0.000000 2.000000
   9   26   28 4.333333 4.666667
   1    0    7 0.000000 1.000000
   2    0   13 0.000000 2.000000
   4    8   15 1.400000 2.600000
   3    6   11 1.066667 1.933333
   3    6   14 0.904762 2.095238
   2    0   14 0.000000 2.000000
   1    0    6 0.000000 1.000000
  18   70   37 11.804762 6.195238
  13   48   33 7.923810 5.076190
  12   42   29 7.236905 4.763095
  19   74   38 12.490476 6.509524
   3    4   14 0.666667 2.333333
  10   32   29 5.223810 4.776190
  12   38   36 6.214286 5.785714
   4    2   21 0.333333 3.666667
   2    2    9 0.366667 1.633333
   2    0   12 0.000000 2.000000
   3    6   12 1.019048 1.980952
   4    8   14 1.433333 2.566667
  16   52   45 8.619048 7.380952
  11   26   37 4.533333 6.466667
  13   40   39 6.719048 6.280952
  17   48   54 7.790476 9.209524
   1    0    7 0.000000 1.000000
  13   42   38 6.919048 6.080952
  15   46   44 7.514286 7.485714
   2    0   12 0.000000 2.000000
   1    0    6 0.000000 1.000000
   1    0    6 0.000000 1.000000
   1    0    6 0.000000 1.000000
   8   24   23 4.152381 3.847619
  17   48   54 8.119048 8.880952
  10   18   42 3.038095 6.961905
   9   18   37 3.114286 5.885714
  23   78   58 13.204762 9.795238
  17   46   56 7.880952 9.119048
  17   56   44 9.578571 7.421429
   1    0    6 0.000000 1.000000
   2    2   10 0.333333 1.666667
   5   10   21 1.619048 3.380952
  16   36   62 5.885714 10.114286
   5    6   25 1.000000 4.000000
  13   38   39 6.466667 6.533333
  24   80   61 13.623810 10.376190
  14   24   58 4.185714 9.814286
  15   42   46 7.200000 7.800000
   1    0    6 0.000000 1.000000
   2    0   12 0.000000 2.000000
   6    6   32 0.961905 5.038095
  20   54   71 8.976190 11.023810
   6   10   26 1.661905 4.338095
   7   14   26 2.454762 4.545238
  18   40   73 6.409524 11.590476
   9   22   32 3.626190 5.373810
  18   52   57 8.711905 9.288095
   2    2    9 0.366667 1.633333
   5   14   14 2.495238 2.504762
   2    2   10 0.333333 1.666667
  33  128   69 21.359524 11.640476
   4    6   20 0.952381 3.047619
   8   16   32 2.700000 5.300000
  30   94   81 16.028571 13.971429
   9   32   21 5.530952 3.469048
  22   74   58 12.517857 9.482143
   5   10   22 1.571429 3.428571
   4    8   17 1.338095 2.661905
  18   52   57 8.636905 9.363095
   1    0    5 0.000000 1.000000
  11   28   41 4.590476 6.409524
  36  118   95 19.915476 16.084524
   5   10   20 1.714286 3.285714
  21   84   44 13.910714 7.089286
   6   14   24 2.264286 3.735714
   5   10   20 1.661905 3.338095
  15   26   61 4.552381 10.447619
  11   24   44 4.055952 6.944048
  57  248   94 41.676190 15.323810
   7   18   23 3.066667 3.933333
   8   16   30 2.747619 5.252381
   5    8   24 1.292857 3.707143
   3    4   10 0.850000 2.150000
   9    8   49 1.352381 7.647619
   3    4   15 0.616667 2.383333
  68  314   95 52.321429 15.678571
   4    4   19 0.652381 3.347619
   8   12   35 2.038095 5.961905
   3    2   17 0.285714 2.714286
  14   28   55 4.695238 9.304762
   3    6   14 0.904762 2.095238
  81  410   76 68.411905 12.588095
   6   10   27 1.619048 4.380952
   1    0    6 0.000000 1.000000
   9   12   39 2.128571 6.871429
   6   16   20 2.685714 3.314286
  71  336   88 56.238095 14.761905
  15   40   52 6.642857 8.357143
   8   10   38 1.738095 6.261905
   7   16   27 2.566667 4.433333
  79  396   76 66.200000 12.800000
   6    6   32 0.959524 5.040476
   8   16   31 2.671429 5.328571
  12   38   33 6.561905 5.438095
  78  406   64 67.438095 10.561905
   2    0   14 0.000000 2.000000
   8   14   31 2.542857 5.457143
  17   52   52 8.616667 8.383333
  75  364   83 60.940476 14.059524
   2    2   10 0.333333 1.666667
   6    6   31 1.009524 4.990476
  13   36   36 6.429762 6.570238
  73  364   79 60.377381 12.622619
   5   14   17 2.257143 2.742857
   9   14   40 2.342857 6.657143
   8   16   32 2.680952 5.319048
  79  392   80 65.639286 13.360714
   4    4   19 0.700000 3.300000
   9   20   37 3.252381 5.747619
  13   36   43 5.995238 7.004762
  68  312   97 51.934524 16.065476
   7   18   23 3.152381 3.847619
  12   24   47 4.133333 7.866667
  15   44   49 7.128571 7.871429
  63  270  106 45.408333 17.591667
  10   18   40 3.100000 6.900000
  12   30   43 5.016667 6.983333
  18   62   43 10.585714 7.414286
  57  250   93 41.684524 15.315476
  16   56   41 9.616667 6.383333
   9   18   37 2.960714 6.039286
  17   62   41 10.315476 6.684524
  59  268   84 45.117857 13.882143
  13   40   41 6.652381 6.347619
  11   26   38 4.654762 6.345238
  10   34   28 5.666667 4.333333
  73  374   62 62.404762 10.595238
   8   24   24 3.925000 4.075000
   9   30   24 5.028571 3.971429
   6    8   28 1.366667 4.633333
  83  456   44 75.811905 7.188095
   6   18   15 3.225000 2.775000
   5    6   25 0.952381 4.047619
   5   10   19 1.728571 3.271429
  76  410   48 68.385714 7.614286
   9   22   34 3.600000 5.400000
  10   22   35 3.900000 6.100000
   4    8   17 1.316667 2.683333
  71  360   66 60.128571 10.871429
  15   46   42 7.710714 7.289286
  10   26   35 4.238095 5.761905
   4    6   15 1.133333 2.866667
  70  342   81 57.129762 12.870238
  17   64   39 10.786905 6.213095
   9   16   37 2.714286 6.285714
   8   20   27 3.414286 4.585714
  74  362   80 60.535714 13.464286
  12   36   37 5.900000 6.100000
   6    8   30 1.235714 4.764286
   4    2   20 0.366667 3.633333
  85  444   67 74.101190 10.898810
   9   14   38 2.385714 6.614286
   2    2   13 0.267857 1.732143
   6    8   29 1.350000 4.650000
  82  434   57 72.472619 9.527381
  12   36   36 6.170238 5.829762
   5    6   25 0.971429 4.028571
  82  420   69 70.307143 11.692857
  13   28   52 4.652381 8.347619
   6    8   26 1.433333 4.566667
  85  446   63 74.466667 10.533333
   9   16   41 2.523810 6.476190
   5   10   19 1.766667 3.233333
  87  468   52 78.221429 8.778571
   8   14   37 2.166667 5.833333
   4    4   17 0.766667 3.233333
  85  462   52 76.597619 8.402381
  11   20   45 3.414286 7.585714
   3    2   16 0.342857 2.657143
  86  458   58 76.410714 9.589286
  11   22   44 3.647619 7.352381
   2    2   10 0.333333 1.666667
  88  474   53 79.238889 8.761111
  10   14   47 2.294048 7.705952
   1    0    7 0.000000 1.000000
  85  452   59 75.434524 9.565476
  14   30   52 5.133333 8.866667
  84  456   45 76.378571 7.621429
  16   54   45 8.928571 7.071429
  91  514   32 85.717857 5.282143
   9   22   32 3.695238 5.304762
  94  536   29 89.229762 4.770238
   6    6   29 1.019048 4.980952
  94  532   30 88.938095 5.061905
   6    8   30 1.328571 4.671429
  98  574   13 95.838095 2.161905
   2    0   13 0.000000 2.000000
  99  588    6 98.005952 0.994048
   1    0    6 0.000000 1.000000
  98  580    9 96.619048 1.380952
   2    2    9 0.366667 1.633333
  98  580    9 96.498810 1.501190
   2    2    9 0.366667 1.633333
 100  600    0 100.000000 0.000000
