   2    2   10 0.342857 1.657143
   1    0    6 0.000000 1.000000
   1    0    5 0.000000 1.000000
   1    0    6 0.000000 1.000000
   1    0    8 0.000000 1.000000
   1    0    6 0.000000 1.000000
   7   18   26 2.917857 4.082143
   1    0    6 0.000000 1.000000
   1    0    6 0.000000 1.000000
   1    0    7 0.000000 1.000000
   1    0    6 0.000000 1.000000
   1    0    5 0.000000 1.000000
   1    0    7 0.000000 1.000000
   1    0    7 0.000000 1.000000
   1    0    7 0.000000 1.000000
   1    0    6 0.000000 1.000000
   3    6   10 1.185714 1.814286
   1    0    6 0.000000 1.000000
   1    0    6 0.000000 1.000000
   1    0    6 0.000000 1.000000
   1    0    6 0.000000 1.000000
   1    0    7 0.000000 1.000000
   2    2    8 0.400000 1.600000
   4    6   19 0.976190 3.023810
   2    2   10 0.333333 1.666667
   6   14   20 2.438095 3.561905
   2    2   10 0.333333 1.666667
   5   10   20 1.784524 3.215476
   3    4   14 0.709524 2.290476
   1    0    6 0.000000 1.000000
   4    8   17 1.316667 2.683333
   1    0    7 0.000000 1.000000
   4    8   16 1.319048 2.680952
   4    6   15 1.133333 2.866667
   1    0    5 0.000000 1.000000
   1    0    7 0.000000 1.000000
   2    2    8 0.400000 1.600000
   1    0    7 0.000000 1.000000
   1    0    5 0.000000 1.000000
   2    2   10 0.342857 1.657143
   1    0    7 0.000000 1.000000
   4    6   16 1.100000 2.900000
   1    0    6 0.000000 1.000000
   2    2    9 0.366667 1.633333
   3    4   15 0.642857 2.357143
   1    0    6 0.000000 1.000000
   1    0    7 0.000000 1.000000
   1    0    6 0.000000 1.000000
   1    0    7 0.000000 1.000000
   1    0    7 0.000000 1.000000
   2    2   10 0.333333 1.666667
   1    0    6 0.000000 1.000000
   4    6   17 1.066667 2.933333
   1    0    6 0.000000 1.000000
   2    2    9 0.366667 1.633333
   5   14   14 2.528571 2.471429
   5    6   26 0.928571 4.071429
   1    0    7 0.000000 1.000000
   1    0    5 0.000000 1.000000
   1    0    6 0.000000 1.000000
   7   22   22 3.566667 3.433333
   1    0    6 0.000000 1.000000
   4    6   19 0.995238 3.004762
   1    0    7 0.000000 1.000000
   1    0    7 0.000000 1.000000
   1    0    7 0.000000 1.000000
   2    2   10 0.342857 1.657143
   4    6   18 1.000000 3.000000
   4    8   16 1.352381 2.647619
   3    2   16 0.333333 2.666667
   9   26   25 4.485714 4.514286
   3    6   13 0.952381 2.047619
   6   14   24 2.214286 3.785714
   5   10   18 1.700000 3.300000
   2    0   12 0.000000 2.000000
   1    0    7 0.000000 1.000000
   1    0    6 0.000000 1.000000
   1    0    6 0.000000 1.000000
   2    2   10 0.333333 1.666667
   7   20   21 3.433333 3.566667
   1    0    6 0.000000 1.000000
   7   22   18 3.910714 3.089286
   3    4   13 0.700000 2.300000
   1    0    7 0.000000 1.000000
   7   18   23 3.100000 3.900000
   1    0    6 0.000000 1.000000
   2    2   10 0.342857 1.657143
   5   10   19 1.728571 3.271429
   9   20   30 3.585714 5.414286
   2    2   10 0.333333 1.666667
   2    2    8 0.416667 1.583333
   9   28   29 4.476190 4.523810
   1    0    6 0.000000 1.000000
   1    0    6 0.000000 1.000000
   1    0    7 0.000000 1.000000
   1    0    6 0.000000 1.000000
   1    0    7 0.000000 1.000000
   2    2   10 0.333333 1.666667
   7   16   26 2.685714 4.314286
   1    0    5 0.000000 1.000000
  10   32   30 5.095238 4.904762
   1    0    7 0.000000 1.000000
   8   18   29 3.161905 4.838095
   3    2   16 0.333333 2.666667
   1    0    7 0.000000 1.000000
   5   12   17 2.038095 2.961905
   2    0   12 0.000000 2.000000
   2    2   11 0.309524 1.690476
   6   12   24 2.004762 3.995238
   6   18   17 3.066667 2.933333
   1    0    7 0.000000 1.000000
  10   34   26 5.638095 4.361905
   7   12   26 2.250000 4.750000
  10   32   28 5.457143 4.542857
   1    0    6 0.000000 1.000000
   4    8   17 1.261905 2.738095
   7   14   26 2.461905 4.538095
   2    2   11 0.309524 1.690476
   5   14   19 2.264286 2.735714
   3    4   12 0.766667 2.233333
   5    8   23 1.285714 3.714286
   1    0    6 0.000000 1.000000
  12   48   26 7.971429 4.028571
   7   14   26 2.597619 4.402381
   3    2   18 0.309524 2.690476
   2    2   11 0.309524 1.690476
   5   10   21 1.595238 3.404762
   1    0    6 0.000000 1.000000
   4    8   17 1.304762 2.695238
  10   28   30 4.785714 5.214286
   1    0    6 0.000000 1.000000
  10   28   31 4.730952 5.269048
   3    2   16 0.333333 2.666667
  12   26   45 4.623810 7.376190
   5   14   17 2.266667 2.733333
   2    0   12 0.000000 2.000000
   2    2   10 0.333333 1.666667
  11   40   26 6.609524 4.390476
   1    0    5 0.000000 1.000000
   7   18   23 3.095238 3.904762
   3    4   13 0.685714 2.314286
  11   36   29 6.133333 4.866667
   6    6   31 1.019048 4.980952
   6    6   28 1.066667 4.933333
   5   10   21 1.619048 3.380952
   5    8   24 1.238095 3.761905
  17   58   45 9.657143 7.342857
   4    8   17 1.309524 2.690476
   2    2   11 0.309524 1.690476
  15   48   43 8.100000 6.900000
   2    2    9 0.366667 1.633333
   5   10   18 1.833333 3.166667
   5   14   15 2.588095 2.411905
  13   50   30 8.233333 4.766667
   1    0    6 0.000000 1.000000
   4    6   16 1.085714 2.914286
   5   14   18 2.166667 2.833333
  10   32   27 5.452381 4.547619
   5    4   26 0.676190 4.323810
   4    4   18 0.766667 3.233333
   3    2   19 0.285714 2.714286
  11   28   38 4.790476 6.209524
  13   26   52 4.447619 8.552381
   2    0   12 0.000000 2.000000
  10   24   38 4.200000 5.800000
   3    4   11 0.800000 2.200000
   5   14   16 2.440476 2.559524
  19   70   47 11.526190 7.473810
   5    6   20 1.183333 3.816667
   2    2    9 0.366667 1.633333
   9   24   31 4.004762 4.995238
  12   30   38 5.341667 6.658333
   3    4   16 0.583333 2.416667
   1    0    5 0.000000 1.000000
  16   50   50 8.108333 7.891667
  15   40   51 6.614286 8.385714
  20   60   60 10.066667 9.933333
   3    6   11 1.085714 1.914286
   3    4   14 0.709524 2.290476
  18   52   54 8.866667 9.133333
   4    6   18 1.019048 2.980952
   1    0    6 0.000000 1.000000
   5    6   27 0.928571 4.071429
  20   56   66 9.354762 10.645238
   2    2    8 0.400000 1.600000
   1    0    6 0.000000 1.000000
   8   16   31 2.700000 5.300000
  15   24   67 3.909524 11.090476
  13   32   42 5.647619 7.352381
   6   12   24 2.066667 3.933333
   7   22   20 3.783333 3.216667
  11   20   51 3.245238 7.754762
   2    2   10 0.333333 1.666667
   5    6   23 1.052381 3.947619
  17   46   54 7.964286 9.035714
   9   24   31 4.016667 4.983333
   2    2    8 0.400000 1.600000
  19   74   39 12.541667 6.458333
   9   10   48 1.470238 7.529762
  10   10   50 1.752381 8.247619
   3    6   12 1.019048 1.980952
   2    2   11 0.309524 1.690476
  31  108   78 18.295238 12.704762
   4    8   16 1.428571 2.571429
  17   52   50 8.790476 8.209524
   4    2   25 0.285714 3.714286
   2    2   11 0.309524 1.690476
  17   68   32 11.404762 5.595238
  10   22   35 3.857143 6.142857
   6    6   31 0.916667 5.083333
   3    6   13 0.971429 2.028571
   1    0    5 0.000000 1.000000
  29  104   68 17.530952 11.469048
   3    6   11 1.085714 1.914286
  31  126   61 21.053571 9.946429
  14   48   36 8.114286 5.885714
  13   40   39 6.657143 6.342857
   2    0   14 0.000000 2.000000
   2    2   11 0.309524 1.690476
  14   42   41 7.225000 6.775000
   5   14   15 2.433333 2.566667
  37  156   64 26.171429 10.828571
  28  104   67 17.314286 10.685714
  12   26   44 4.433333 7.566667
   5   12   18 2.019048 2.980952
  10   22   45 3.421429 6.578571
  12   36   33 6.159524 5.840476
  30  108   70 18.221429 11.778571
  28   98   68 16.513095 11.486905
  15   46   44 7.752381 7.247619
   4    6   19 0.995238 3.004762
   7   14   29 2.338095 4.661905
  11   32   35 5.236905 5.763095
  28   98   75 16.140476 11.859524
  41  168   72 28.714286 12.285714
   9   26   26 4.566667 4.433333
   6   10   28 1.577381 4.422619
   9   30   25 4.904762 4.095238
  13   44   34 7.400000 5.600000
  35  130   79 21.580952 13.419048
  30  108   69 18.353571 11.646429
   7   16   27 2.623810 4.376190
   4    8   17 1.309524 2.690476
  13   46   36 7.447619 5.552381
   7   18   22 3.252381 3.747619
  32  116   77 19.026190 12.973810
  36  118   95 19.641667 16.358333
   8   24   23 4.066667 3.933333
   5   12   17 2.061905 2.938095
   9   14   39 2.341667 6.658333
   4    4   22 0.642857 3.357143
  32  110   82 18.433333 13.566667
  46  184   92 30.663095 15.336905
   4    4   20 0.666667 3.333333
   4    4   18 0.733333 3.266667
   4    2   22 0.309524 3.690476
   5   10   21 1.614286 3.385714
  32  114   79 19.025000 12.975000
  47  204   77 34.242857 12.757143
   8   26   23 4.333333 3.666667
   6   14   22 2.385714 3.614286
   1    0    6 0.000000 1.000000
  12   38   34 6.309524 5.690476
  35  118   90 19.900000 15.100000
  35  140   73 23.391667 11.608333
  11   38   27 6.427381 4.572619
   4    6   19 0.976190 3.023810
   1    0    6 0.000000 1.000000
  19   76   37 12.880952 6.119048
  38  126  100 21.066667 16.933333
  27   98   66 16.219048 10.780952
  11   30   36 5.057143 5.942857
   1    0    6 0.000000 1.000000
  21   80   48 13.352381 7.647619
  40  132  102 22.710714 17.289286
  30  104   79 17.466667 12.533333
   8   26   23 4.290476 3.709524
  12   24   49 4.057143 7.942857
  40  126  112 21.230952 18.769048
  37  124   98 20.444048 16.555952
  11   36   31 6.047619 4.952381
   8   10   36 1.733333 6.266667
  42  156   91 26.530952 15.469048
  48  190  103 31.475000 16.525000
   2    0   14 0.000000 2.000000
   7   10   35 1.620238 5.379762
  35  108   98 18.428571 16.571429
  58  236  113 39.510714 18.489286
   4    6   16 1.233333 2.766667
  28   96   74 15.930952 12.069048
  68  328   80 54.539286 13.460714
   5    6   23 1.042857 3.957143
  23   56   88 9.271429 13.728571
  72  324  103 54.877381 17.122619
   7   16   25 2.780952 4.219048
  30   92   92 15.327381 14.672619
  63  274  101 46.111905 16.888095
   8   14   34 2.342857 5.657143
  20   52   71 8.685714 11.314286
  72  340   89 57.284524 14.715476
   5    8   24 1.269048 3.730952
  38  142   88 23.834524 14.165476
  57  242   96 40.842857 16.157143
   2    2    7 0.450000 1.550000
  34  124   81 20.692857 13.307143
  64  304   82 50.645238 13.354762
  45  182   88 30.690476 14.309524
  55  242   88 40.821429 14.178571
  34  122   82 20.435714 13.564286
  66  314   82 52.515476 13.484524
  31   92   94 15.480952 15.519048
  69  320   94 53.466667 15.533333
  26   56  104 9.429762 16.570238
  74  336  104 56.458333 17.541667
  28   66  109 10.573810 17.426190
  72  316  109 53.298810 18.701190
  23   70   72 11.734524 11.265476
  77  386   72 64.791667 12.208333
  21   78   47 13.180952 7.819048
  79  428   47 71.309524 7.690476
  12   34   37 5.771429 6.228571
  88  492   37 82.009524 5.990476
  14   42   37 7.402381 6.597619
  86  484   37 80.298810 5.701190
   6   18   18 3.090476 2.909524
  94  546   18 91.013095 2.986905
   4    6   19 1.019048 2.980952
  96  556   19 92.771429 3.228571
  12   32   38 5.504762 6.495238
  88  492   38 81.953175 6.046825
  10   26   36 4.319048 5.680952
  90  502   36 83.890476 6.109524
   9   26   29 4.295238 4.704762
  91  516   29 86.061905 4.938095
   6    8   29 1.361905 4.638095
  94  534   29 89.171429 4.828571
  11   30   37 5.035714 5.964286
  89  496   37 82.854762 6.145238
   9   22   35 3.578571 5.421429
  91  508   35 84.954762 6.045238
   5   10   20 1.719048 3.280952
  95  550   20 91.780952 3.219048
   4    2   22 0.366667 3.633333
  96  554   22 92.433333 3.566667
   4    6   17 1.066667 2.933333
  96  560   17 93.219048 2.780952
   3    4   12 0.766667 2.233333
  97  572   12 95.142857 1.857143
   7   12   29 2.028571 4.971429
  93  530   29 88.215476 4.784524
  10   24   37 4.104762 5.895238
  90  502   37 83.932143 6.067857
  15   46   44 7.809524 7.190476
  85  466   44 77.719048 7.280952
  19   64   49 10.771429 8.228571
  81  438   49 72.965476 8.034524
  26   98   57 16.584524 9.415476
  74  388   57 64.660714 9.339286
  32  120   72 20.380952 11.619048
  68  336   72 56.204762 11.795238
  40  150   87 25.533333 14.466667
  60  276   87 45.829762 14.170238
  39  150   87 25.042857 13.957143
  61  276   87 46.360714 14.639286
  34  118   92 19.579762 14.420238
  66  298   92 50.280952 15.719048
  34  114   93 18.957143 15.042857
  66  300   93 50.504762 15.495238
  46  166  106 28.030952 17.969048
  54  222  106 36.715476 17.284524
  50  208   93 34.928571 15.071429
  50  206   93 34.677381 15.322619
  53  220   94 37.129762 15.870238
  47  192   94 31.727381 15.272619
  50  214   86 35.996429 14.003571
  50  214   86 35.790476 14.209524
  54  244   83 40.757143 13.242857
  46  190   83 32.120238 13.879762
  51  232   75 38.566667 12.433333
  49  218   75 36.557143 12.442857
  43  188   73 31.080952 11.919048
  57  266   73 44.532143 12.467857
  43  192   67 32.009524 10.990476
  57  274   67 45.989286 11.010714
  52  242   70 40.227381 11.772619
  48  218   70 36.114286 11.885714
  52  234   76 39.257143 12.742857
  48  214   76 35.616667 12.383333
  38  160   69 26.619048 11.380952
  62  302   69 50.619048 11.380952
  42  196   58 32.395238 9.604762
  58  288   58 48.427381 9.572619
  52  242   70 40.452381 11.547619
  48  218   70 36.271429 11.728571
  58  264   82 44.457143 13.542857
  42  172   82 28.671429 13.328571
  53  232   82 39.233333 13.766667
  47  204   82 33.752381 13.247619
  58  266   81 44.442857 13.557143
  42  172   81 28.495238 13.504762
  50  208   88 35.078571 14.921429
  50  216   88 36.110714 13.889286
  57  262   78 43.973810 13.026190
  43  182   78 30.034524 12.965476
  61  302   64 50.501190 10.498810
  39  170   64 28.328571 10.671429
  67  316   82 52.980952 14.019048
  33  120   82 19.905952 13.094048
  70  344   80 57.157143 12.842857
  30   96   80 16.413095 13.586905
  69  336   81 55.954762 13.045238
  31  102   81 17.522619 13.477381
  78  388   78 65.090476 12.909524
  22   56   78 9.304762 12.695238
  80  410   70 68.455952 11.544048
  20   50   70 8.353571 11.646429
  87  470   52 78.326190 8.673810
  13   26   52 4.380952 8.619048
  87  462   59 77.183333 9.816667
  13   20   59 3.438095 9.561905
  93  528   33 87.795238 5.204762
   7    6   33 1.133333 5.866667
  94  532   29 88.880952 5.119048
   6   10   29 1.577381 4.422619
  99  586    7 97.800000 1.200000
   1    0    7 0.000000 1.000000
 100  600    0 100.000000 0.000000
