   2    2    9 0.366667 1.633333
   3    6   11 1.085714 1.914286
   1    0    6 0.000000 1.000000
   4    6   17 1.019048 2.980952
   3    6   12 1.019048 1.980952
   1    0    7 0.000000 1.000000
   1    0    6 0.000000 1.000000
   1    0    7 0.000000 1.000000
   1    0    7 0.000000 1.000000
   3    4   13 0.742857 2.257143
   1    0    7 0.000000 1.000000
   1    0    7 0.000000 1.000000
   4   10   12 1.833333 2.166667
   1    0    6 0.000000 1.000000
   1    0    7 0.000000 1.000000
   1    0    5 0.000000 1.000000
   1    0    6 0.000000 1.000000
   1    0    6 0.000000 1.000000
   1    0    7 0.000000 1.000000
   1    0    6 0.000000 1.000000
   1    0    7 0.000000 1.000000
   1    0    5 0.000000 1.000000
   2    2    9 0.366667 1.633333
   1    0    6 0.000000 1.000000
   2    2    7 0.450000 1.550000
   1    0    7 0.000000 1.000000
   1    0    7 0.000000 1.000000
   1    0    6 0.000000 1.000000
   1    0    8 0.000000 1.000000
   1    0    8 0.000000 1.000000
   1    0    6 0.000000 1.000000
   2    2   11 0.309524 1.690476
   1    0    5 0.000000 1.000000
   2    2   10 0.342857 1.657143
   1    0    6 0.000000 1.000000
   1    0    6 0.000000 1.000000
   1    0    6 0.000000 1.000000
   1    0    6 0.000000 1.000000
   4    8   16 1.376190 2.623810
   2    2    9 0.366667 1.633333
   1    0    6 0.000000 1.000000
   3    6   10 1.133333 1.866667
   1    0    8 0.000000 1.000000
   2    2    9 0.366667 1.633333
   2    2   12 0.291667 1.708333
   5   10   22 1.625000 3.375000
   2    2   11 0.309524 1.690476
   2    2    9 0.366667 1.633333
   2    2    8 0.416667 1.583333
   5   12   17 2.119048 2.880952
   3    6   12 1.019048 1.980952
   4   10   14 1.661905 2.338095
   1    0    6 0.000000 1.000000
   1    0    6 0.000000 1.000000
   5   14   15 2.485714 2.514286
   1    0    6 0.000000 1.000000
   1    0    6 0.000000 1.000000
   1    0    7 0.000000 1.000000
   1    0    7 0.000000 1.000000
   4    8   14 1.485714 2.514286
   3    6   11 1.066667 1.933333
   2    0   10 0.000000 2.000000
   2    2   10 0.333333 1.666667
   1    0    6 0.000000 1.000000
   2    2   10 0.333333 1.666667
   3    4   16 0.595238 2.404762
   1    0    7 0.000000 1.000000
   1    0    6 0.000000 1.000000
   3    4   15 0.619048 2.380952
   4    8   16 1.333333 2.666667
   1    0    5 0.000000 1.000000
   1    0    6 0.000000 1.000000
   1    0    6 0.000000 1.000000
   1    0    7 0.000000 1.000000
   6   16   19 2.738095 3.261905
   5   12   17 2.071429 2.928571
   7   18   23 3.157143 3.842857
   1    0    6 0.000000 1.000000
   2    0   14 0.000000 2.000000
   1    0    6 0.000000 1.000000
   1    0    7 0.000000 1.000000
   3    2   16 0.333333 2.666667
   5   12   20 1.889286 3.110714
   5   14   15 2.404762 2.595238
   6   18   18 3.200000 2.800000
   1    0    6 0.000000 1.000000
   3    4   14 0.709524 2.290476
   4    6   18 1.000000 3.000000
   5   14   15 2.457143 2.542857
   5   14   16 2.328571 2.671429
   2    0   12 0.000000 2.000000
   4    8   15 1.366667 2.633333
   2    2   10 0.333333 1.666667
   1    0    8 0.000000 1.000000
   2    2   11 0.309524 1.690476
   4    8   17 1.328571 2.671429
   1    0    6 0.000000 1.000000
   2    0   12 0.000000 2.000000
   6   16   21 2.547619 3.452381
   7   24   19 4.127381 2.872619
   2    2   10 0.342857 1.657143
   5    4   25 0.733333 4.266667
   3    2   16 0.309524 2.690476
  10   32   26 5.514286 4.485714
   1    0    7 0.000000 1.000000
   3    2   15 0.333333 2.666667
   6   14   25 2.190476 3.809524
   2    0   11 0.000000 2.000000
  14   34   47 5.942857 8.057143
   2    2   11 0.309524 1.690476
  10   32   24 5.733333 4.266667
   2    0   14 0.000000 2.000000
   4    8   15 1.400000 2.600000
   4    8   17 1.261905 2.738095
   7   18   23 3.147619 3.852381
   2    2   10 0.342857 1.657143
   3    4   12 0.766667 2.233333
   2    2    9 0.366667 1.633333
   3    4   16 0.595238 2.404762
   1    0    7 0.000000 1.000000
   6   18   18 3.052381 2.947619
   9   30   27 4.888095 4.111905
   2    2    9 0.366667 1.633333
   1    0    6 0.000000 1.000000
   4    6   19 0.961905 3.038095
  21   84   36 14.428571 6.571429
   6   18   19 3.094048 2.905952
   8   18   32 2.923810 5.076190
   1    0    6 0.000000 1.000000
   9   14   40 2.404762 6.595238
   1    0    5 0.000000 1.000000
   7   18   23 3.123810 3.876190
   1    0    6 0.000000 1.000000
   3    4   15 0.628571 2.371429
   2    2   10 0.333333 1.666667
   8   20   29 3.328571 4.671429
   1    0    5 0.000000 1.000000
   4    6   18 1.042857 2.957143
   1    0    6 0.000000 1.000000
   1    0    6 0.000000 1.000000
   8   24   21 4.164286 3.835714
  13   42   34 7.123810 5.876190
   3    6   14 0.904762 2.095238
   1    0    6 0.000000 1.000000
  23   88   52 14.551190 8.448810
   8   24   22 4.192857 3.807143
   5   10   20 1.661905 3.338095
  17   56   46 9.516667 7.483333
   5    8   25 1.211905 3.788095
   3    6   12 1.019048 1.980952
   3    4   15 0.642857 2.357143
   4    4   20 0.666667 3.333333
   4    6   16 1.085714 2.914286
   9   30   24 5.233333 3.766667
   1    0    7 0.000000 1.000000
  10   22   38 3.680952 6.319048
   1    0    7 0.000000 1.000000
  16   42   54 7.120238 8.879762
   7   22   23 3.596429 3.403571
   7   16   29 2.500000 4.500000
  24   64   76 10.700000 13.300000
   9   20   34 3.361905 5.638095
   3    2   15 0.366667 2.633333
   5   10   19 1.838095 3.161905
   4   10   14 1.695238 2.304762
   6   18   19 3.089286 2.910714
   8   20   28 3.333333 4.666667
   1    0    6 0.000000 1.000000
  18   52   54 8.933333 9.066667
   2    2    8 0.400000 1.600000
  10   30   32 4.919048 5.080952
  12   44   30 7.161905 4.838095
   4    0   25 0.000000 4.000000
  18   64   45 10.748016 7.251984
  13   30   47 5.151190 7.848810
   1    0    5 0.000000 1.000000
   5    6   22 1.109524 3.890476
   2    2   11 0.309524 1.690476
  10   38   23 6.404762 3.595238
   5    4   26 0.709524 4.290476
   5    8   24 1.214286 3.785714
  20   50   71 8.300000 11.700000
  11   18   44 3.166667 7.833333
   6   14   25 2.242857 3.757143
   3    6   12 1.000000 2.000000
  24   82   58 14.004762 9.995238
  13   24   54 4.104762 8.895238
   1    0    6 0.000000 1.000000
   1    0    7 0.000000 1.000000
   1    0    6 0.000000 1.000000
  13   36   41 5.923810 7.076190
   3    0   19 0.000000 3.000000
   5    8   22 1.333333 3.666667
  22   70   61 11.780952 10.219048
  13   32   48 5.276190 7.723810
  10   28   29 4.871429 5.128571
   3    6   13 0.952381 2.047619
  16   50   44 8.585714 7.414286
  14   34   54 5.535714 8.464286
   1    0    5 0.000000 1.000000
  20   68   50 11.688095 8.311905
   5    6   24 1.042857 3.957143
   8   16   30 2.883333 5.116667
  22   68   70 11.004762 10.995238
   3    2   15 0.366667 2.633333
  18   60   51 9.823810 8.176190
   1    0    7 0.000000 1.000000
  15   32   54 5.810714 9.189286
   8   22   25 3.804762 4.195238
  27   94   68 15.713095 11.286905
   2    0   12 0.000000 2.000000
  11   34   31 5.770238 5.229762
  31   98   89 16.221429 14.778571
   1    0    5 0.000000 1.000000
  12   26   49 4.267857 7.732143
   1    0    7 0.000000 1.000000
  11   26   36 4.550000 6.450000
   4    8   17 1.261905 2.738095
  31  106   81 17.840476 13.159524
   9   18   34 3.090476 5.909524
  33  104   94 17.551190 15.448810
  10   18   40 3.142857 6.857143
  15   50   42 8.290476 6.709524
   2    2   11 0.309524 1.690476
  28   80   88 13.328571 14.671429
  11   28   39 4.476190 6.523810
  37  120   99 20.251190 16.748810
   8   26   23 4.304762 3.695238
  15   44   46 7.225000 7.775000
   1    0    7 0.000000 1.000000
  23   54   81 9.366667 13.633333
  13   28   46 4.842857 8.157143
  42  156  101 25.914286 16.085714
   8   16   34 2.614286 5.385714
  14   42   42 7.133333 6.866667
  21   38   84 6.685714 14.314286
  12   18   57 2.980952 9.019048
  45  166  102 27.835714 17.164286
   3    0   21 0.000000 3.000000
  19   66   48 11.034524 7.965476
  18   34   78 5.547619 12.452381
  10   22   38 3.707143 6.292857
  43  184   71 30.901190 12.098810
   7   12   29 2.109524 4.890476
  22   76   56 12.803571 9.196429
   8   18   30 3.071429 4.928571
  13   28   52 4.678571 8.321429
  47  218   62 36.605952 10.394048
   3    2   19 0.291667 2.708333
  29   98   73 16.850000 12.150000
  17   52   51 8.764286 8.235714
  16   60   37 10.129762 5.870238
  44  204   63 33.838095 10.161905
   5   14   16 2.390476 2.609524
  18   48   55 8.421429 9.578571
  22   66   69 10.885714 11.114286
  15   38   51 6.423810 8.576190
  42  188   61 31.504762 10.495238
   4    4   20 0.642857 3.357143
  17   64   39 10.835714 6.164286
  22   64   67 11.142857 10.857143
  15   42   46 7.133333 7.866667
  45  206   68 34.390476 10.609524
   3    2   16 0.400000 2.600000
  15   56   33 9.442857 5.557143
  14   36   50 5.866667 8.133333
  12   42   31 6.990476 5.009524
  46  192   78 32.414286 13.585714
   1    0    6 0.000000 1.000000
  27  112   53 18.404762 8.595238
  15   42   46 7.190476 7.809524
  13   40   36 6.796429 6.203571
  49  218   81 36.002381 12.997619
  23   78   59 13.009524 9.990476
  11   28   39 4.742857 6.257143
  10   34   24 5.952381 4.047619
  52  236   73 39.891667 12.108333
  27   92   74 15.302381 11.697619
  12   28   43 4.752381 7.247619
   7   14   25 2.500000 4.500000
  62  304   71 50.469048 11.530952
  19   58   57 9.930952 9.069048
  19   60   53 10.128571 8.871429
   8   24   23 4.100000 3.900000
  52  248   66 41.261905 10.738095
  21   70   56 11.761905 9.238095
  14   46   36 7.997619 6.002381
   4    2   23 0.342857 3.657143
  71  366   61 61.076190 9.923810
  11   24   42 4.097619 6.902381
  10   32   31 5.302381 4.697619
  10   22   38 3.719048 6.280952
  71  334   84 56.433333 14.566667
   9   14   45 2.130952 6.869048
  16   42   50 7.328571 8.671429
   9   18   33 3.119048 5.880952
  60  276   93 45.289286 14.710714
  15   44   44 7.580952 7.419048
  21   82   46 13.614286 7.385714
   3    0   18 0.000000 3.000000
  62  290   80 48.690476 13.309524
  14   44   40 7.361905 6.638095
  18   60   47 10.057143 7.942857
   1    0    6 0.000000 1.000000
  69  342   76 56.722619 12.277381
  12   30   39 5.219048 6.780952
  21   60   68 9.790476 11.209524
   1    0    7 0.000000 1.000000
  63  286   90 47.847619 15.152381
  15   52   37 8.941667 6.058333
  13   20   55 3.509524 9.490476
   1    0    6 0.000000 1.000000
  72  354   83 58.845238 13.154762
  14   42   40 7.223810 6.776190
  12   16   51 2.892857 9.107143
  75  362   89 60.348810 14.651190
  13   38   44 6.130952 6.869048
  14   24   57 4.214286 9.785714
  68  310  103 51.441270 16.558730
  18   48   58 8.252381 9.747619
  16   26   70 4.371429 11.628571
  70  316  106 52.564286 17.435714
  14   30   52 5.104762 8.895238
  23   66   72 11.123810 11.876190
  62  262  109 43.800000 18.200000
  15   32   59 5.447619 9.552381
  10   20   41 3.404762 6.595238
  72  338   90 57.028571 14.971429
  18   50   61 8.404762 9.595238
   6    4   35 0.642857 5.357143
  86  452   62 75.688095 10.311905
   8   16   31 2.700000 5.300000
   6   16   18 2.907143 3.092857
  86  476   43 78.914286 7.085714
   8   16   31 2.747619 5.252381
   3    4   16 0.595238 2.404762
  83  442   50 74.127381 8.872619
  14   44   44 7.229762 6.770238
   2    2    9 0.366667 1.633333
  89  476   57 79.494048 9.505952
   9    8   48 1.309524 7.690476
   3    6   12 1.019048 1.980952
  88  490   40 81.666667 6.333333
   9   18   34 3.233333 5.766667
   3    4   15 0.642857 2.357143
  85  456   51 76.333333 8.666667
  12   34   40 5.780952 6.219048
   2    2    9 0.366667 1.633333
  86  466   52 77.411905 8.588095
  12   28   43 4.814286 7.185714
  88  484   42 80.959524 7.040476
  12   32   42 5.252381 6.747619
  89  500   36 83.153571 5.846429
  11   28   36 4.938095 6.061905
  70  368   54 61.273810 8.726190
  30  124   54 20.970238 9.029762
  69  348   66 58.095238 10.904762
  31  120   66 20.014286 10.985714
  75  386   63 64.548810 10.451190
  25   88   63 14.714286 10.285714
  73  362   74 60.563095 12.436905
  27   90   74 14.804762 12.195238
  69  336   75 56.452381 12.547619
  31  114   75 19.095238 11.904762
  72  360   71 60.290476 11.709524
  28   98   71 16.480952 11.519048
  75  398   54 66.419048 8.580952
  25   94   54 15.900000 9.100000
  61  298   64 50.083333 10.916667
  39  174   64 28.852381 10.147619
  63  310   68 51.938095 11.061905
  37  154   68 25.909524 11.090476
  65  316   77 52.517857 12.482143
  35  130   77 21.928571 13.071429
  67  330   68 55.564286 11.435714
  33  134   68 22.171429 10.828571
  71  362   64 60.648810 10.351190
  29  110   64 18.466667 10.533333
  59  284   74 47.200000 11.800000
  41  168   74 28.723810 12.276190
  66  318   73 53.467857 12.532143
  34  136   73 22.411905 11.588095
  70  344   73 57.688095 12.311905
  30  110   73 18.300000 11.700000
  71  360   69 59.855952 11.144048
  29  102   69 17.495238 11.504762
  81  412   72 69.134524 11.865476
  19   44   72 7.423810 11.576190
  84  454   51 75.836905 8.163095
  16   44   51 7.471429 8.528571
  84  462   44 76.966667 7.033333
  16   50   44 8.542857 7.457143
  88  488   40 81.352381 6.647619
  12   32   40 5.533333 6.466667
  90  512   30 85.344048 4.655952
  10   28   30 4.952381 5.047619
  94  540   25 90.003571 3.996429
   6   10   25 1.785714 4.214286
  75  386   65 64.280952 10.719048
  25   84   65 14.226190 10.773810
  81  422   63 70.470238 10.529762
  19   52   63 8.655952 10.344048
  84  438   64 73.372619 10.627381
  16   34   64 5.561905 10.438095
  88  460   64 76.945238 11.054762
  12   12   64 1.905952 10.094048
  83  430   67 72.119048 10.880952
  17   36   67 6.229762 10.770238
  73  366   71 60.985714 12.014286
  27   92   71 15.495238 11.504762
  73  348   87 58.433333 14.566667
  27   78   87 13.052381 13.947619
  75  370   75 62.111905 12.888095
  25   80   75 12.990476 12.009524
  82  434   58 72.434524 9.565476
  18   50   58 8.380952 9.619048
  82  432   60 72.173810 9.826190
  18   48   60 8.008333 9.991667
  82  442   54 73.488095 8.511905
  18   50   54 8.747619 9.252381
  84  452   52 75.297619 8.702381
  16   44   52 7.404762 8.595238
  90  494   44 82.608333 7.391667
  10   18   44 3.042857 6.957143
  92  528   29 87.447619 4.552381
   8   14   29 2.654762 5.345238
  95  548   21 91.575000 3.425000
   5   10   21 1.619048 3.380952
  97  566   15 94.566667 2.433333
   3    4   15 0.642857 2.357143
  88  496   33 82.627381 5.372619
  12   38   33 6.609524 5.390476
  86  478   37 79.847619 6.152381
  14   48   37 8.057143 5.942857
  85  478   35 79.438095 5.561905
  15   52   35 8.942857 6.057143
  92  518   31 86.680952 5.319048
   8   20   31 3.276190 4.723810
  91  512   35 85.276190 5.723810
   9   18   35 3.128571 5.871429
  96  560   19 92.917857 3.082143
   4    2   19 0.450000 3.550000
  93  536   22 89.338095 3.661905
   7   20   22 3.309524 3.690476
  95  552   17 92.170238 2.829762
   5   14   17 2.257143 2.742857
  98  576   12 96.004762 1.995238
   2    0   12 0.000000 2.000000
  99  590    5 98.180952 0.819048
   1    0    5 0.000000 1.000000
  99  586    7 97.847619 1.152381
   1    0    7 0.000000 1.000000
 100  600    0 100.000000 0.000000
