11.452381
16.284524
16.983333
16.619048
17.603175
13.259524
16.220238
17.733333
18.717857
15.163095
14.348810
14.411905
16.257143
14.589286
15.814286
15.009524
15.871429
12.607143
16.353571
11.655952
17.288095
18.080952
11.739286
16.814286
16.475000
16.598810
14.900000
17.448810
17.202381
13.045238
17.745238
18.714286
18.833333
22.176190
14.971429
14.882143
16.554762
12.590476
17.542857
16.100000
12.866667
13.238095
15.879762
16.780952
16.704762
12.225000
15.058333
16.930952
11.958333
17.752381
16.014286
17.741667
12.219048
14.588095
14.021429
14.214286
17.610714
13.880952
15.902381
14.396429
16.030952
9.471429
15.553571
16.800000
10.452381
21.442857
19.225000
14.495238
12.523810
17.361905
13.900000
15.390476
15.057143
15.626190
18.303571
17.696429
13.434524
15.705952
10.672619
13.507143
15.998810
15.930952
13.795238
13.027381
15.765476
13.057143
14.507143
18.228571
16.566667
17.847619
13.014286
12.907143
9.152381
15.230952
19.482143
12.860714
16.880952
15.717857
16.690476
10.295238
12.069048
15.032143
15.869048
19.369048
17.404762
16.616667
15.752381
17.171429
17.757143
14.892857
17.185714
16.907143
14.063095
15.558333
11.201190
16.432143
17.373810
13.708333
13.127381
16.333333
16.480952
15.533333
15.779762
16.186905
16.380952
15.866667
14.476190
17.976190
11.457143
16.184524
18.480952
15.934524
9.680952
12.997619
14.076190
17.951190
15.157143
18.138095
14.742857
14.515476
14.885714
9.301190
16.847619
16.715476
14.547619
14.338095
12.841667
18.085714
19.571429
16.754762
18.065476
12.885714
15.621429
14.422619
15.750000
15.292857
17.420238
9.933333
18.575000
13.048810
14.825000
16.561905
16.898810
13.483333
18.940476
15.584524
17.904762
9.709524
18.702381
15.479762
17.483333
16.380952
14.745238
15.061905
19.342857
16.230952
15.160714
14.261905
18.669048
12.067857
15.114286
15.610714
17.230952
12.646429
16.198810
16.447619
17.214286
11.705952
14.730952
18.217857
15.239286
18.247619
15.165476
9.433333
16.290476
20.492857
15.928571
14.090476
17.735714
16.559524
13.121429
18.673810
11.816667
18.252381
11.730952
12.604762
12.511905
21.048810
14.267857
17.670238
16.759524
17.252381
15.647619
14.116667
14.990476
18.659524
16.515476
15.695238
17.978571
13.601190
14.644048
14.214286
12.552381
13.834524
12.042857
11.442857
17.051190
17.263095
16.714286
14.984524
15.388095
13.740476
15.090476
17.728571
16.759524
14.700000
17.023810
14.785714
12.932143
15.751190
14.563095
16.921429
10.642857
21.323016
10.461905
12.709524
17.844048
14.802381
18.029762
16.304762
15.361905
13.138095
14.809524
11.872619
17.888095
14.069048
11.821429
14.807143
17.323810
13.952381
12.215476
17.051190
18.142857
13.740476
12.971429
17.300000
12.996429
16.129762
13.159524
11.342857
13.361905
14.169048
15.540476
14.351190
14.338095
17.284524
13.340476
12.045238
12.882143
18.240476
14.840476
14.871429
14.134524
13.066667
10.125000
17.892857
15.370238
19.027381
12.857143
16.461905
14.114286
14.088889
18.011905
19.795238
17.517857
13.151190
16.675000
14.182143
19.797619
15.888095
10.692857
13.209524
19.828571
