4.619048
5.357143
3.900000
4.838095
4.914286
3.647619
5.314286
3.523810
3.100000
3.757143
3.133333
4.722222
6.333333
4.914286
4.495238
4.523810
4.252381
5.690476
5.332143
4.857143
3.714286
5.428571
5.604762
3.761905
4.228571
3.676190
3.276190
4.675000
5.328571
5.590476
3.519048
4.800000
4.361905
4.633333
3.566667
4.404762
4.995238
4.991667
5.304762
3.380952
4.404762
4.690476
3.133333
5.233333
4.404762
3.085714
3.900000
3.880952
3.871429
4.390476
4.285714
4.000000
3.900000
4.538095
5.580952
4.304762
4.695238
4.961905
3.961905
3.942857
3.895238
3.304762
4.595238
2.766667
5.000000
6.023810
3.761905
3.071429
5.523810
5.600000
3.666667
6.014286
4.547619
4.304762
4.345238
4.257143
5.076190
4.980952
4.690476
4.658333
4.171429
5.295238
5.200000
4.380952
2.971429
4.985714
4.252381
3.307143
4.421429
4.342857
4.619048
5.019048
3.333333
4.404762
3.690476
3.871429
3.728571
5.247619
3.461905
5.166667
4.685714
4.889286
4.501190
5.714286
4.685714
4.180952
4.704762
4.504762
4.904762
4.719048
5.166667
3.961905
6.357143
5.028571
4.641667
4.719048
3.333333
4.223810
4.019048
4.595238
4.679762
3.338095
5.404762
3.745238
5.385714
6.061905
4.947619
4.790476
3.538095
4.715476
2.500000
4.735714
4.672619
4.711905
3.535714
5.314286
2.872619
3.714286
4.976190
3.690476
5.019048
3.414286
3.841667
5.190476
3.619048
3.995238
4.380952
3.347619
4.614286
3.438095
3.200000
3.852381
4.976190
6.290476
6.290476
4.647619
4.571429
4.709524
3.785714
5.338095
4.641667
3.666667
6.023810
3.571429
5.566667
4.057143
3.628571
3.595238
4.338095
4.361905
4.447619
4.319048
5.066667
3.328571
3.557143
2.742857
4.009524
4.990476
3.763095
4.661905
3.814286
4.609524
4.009524
3.357143
5.557143
4.057143
4.219048
3.452381
3.176190
4.414286
6.333333
4.138095
4.354762
4.061905
5.604762
5.271429
3.633333
3.638095
3.980952
4.000000
3.247619
5.328571
3.740476
5.119048
3.871429
3.921429
4.467857
4.423810
5.271429
3.709524
3.204762
5.380952
4.600000
4.033333
4.714286
3.595238
3.695238
4.980952
4.614286
4.376190
4.404762
3.411905
3.342857
3.940476
3.928571
3.980952
4.647619
5.680952
4.685714
4.523810
3.328571
5.314286
4.971429
3.790476
5.285714
5.180952
5.052381
4.076190
4.347619
3.428571
5.380952
4.261905
5.280952
4.361905
5.647619
6.083333
4.022619
4.636905
3.971429
4.580952
3.704762
5.666667
3.833333
4.585714
4.518254
3.000000
5.319048
4.766667
4.357143
4.461905
3.700000
5.164286
4.241667
4.671429
3.142857
3.471429
4.704762
4.685714
4.709524
3.342857
3.585714
4.147619
4.904762
3.538095
3.433333
3.066667
4.709524
4.157143
5.980952
4.238095
4.404762
5.680952
3.961905
3.247619
5.500000
4.390476
4.203571
4.600000
6.708333
5.004762
3.533333
4.595238
4.849206
4.747619
5.371429
5.026984
5.323810
4.004762
4.523810
3.247619
3.735714
5.933333
4.047619
4.171429
3.866667
3.148810
4.028571
4.891667
3.314286
4.258333
4.076190
3.966667
4.604762
3.638095
3.947619
2.995238
3.257143
3.733333
4.166667
4.580952
4.533333
4.228571
4.457143
4.704762
4.704762
4.014286
4.380952
3.071429
4.790476
3.238095
5.019048
4.995238
3.342857
6.008333
4.119048
3.961905
3.283333
4.233333
3.121429
5.071429
4.471429
5.247619
4.038095
3.561905
4.790476
3.928571
3.754762
5.622619
5.214286
3.628571
3.095238
4.301190
4.952381
4.357143
3.297619
3.757143
5.046429
4.095238
3.395238
3.333333
3.219048
5.671429
4.261905
4.466667
2.833333
3.276190
3.614286
3.261905
4.378571
3.952381
2.896429
5.675000
4.309524
4.085714
4.171429
4.705952
4.714286
3.833333
4.623810
2.991667
3.852381
5.657143
3.050000
4.628571
2.380952
3.276190
4.466667
3.633333
4.516667
4.971429
3.957143
3.461905
4.800000
5.000000
5.371429
5.047619
4.595238
5.211905
4.491667
3.585714
5.713095
4.147619
4.140476
4.266667
5.221429
5.998810
4.304762
5.290476
4.541667
5.590476
4.685714
3.757143
5.657143
3.414286
3.685714
4.958333
4.275000
4.714286
4.047619
5.597619
4.736905
4.380952
5.100000
5.728571
4.638095
3.660714
5.647619
5.028571
3.933333
5.347619
5.233333
3.933333
4.428571
5.638095
4.555952
3.866667
4.614286
4.538095
5.339286
3.585714
3.271429
2.878571
4.380952
3.552381
3.236508
3.792857
4.033333
4.123810
3.238095
5.680952
4.261905
3.376190
3.277381
5.295238
4.276190
5.373810
4.947619
3.523810
3.866667
4.850000
4.342857
4.214286
3.495238
4.590476
4.600000
2.914286
4.880952
5.719048
4.704762
3.900000
5.290476
4.595238
4.347619
4.380952
3.000000
3.921429
4.715476
3.261905
4.523810
4.009524
4.019048
2.866667
3.150000
4.547619
3.840476
4.267857
6.093651
3.783333
5.055952
3.195238
3.661905
4.214286
4.008333
5.695238
4.252381
4.095238
4.009524
4.980952
4.821429
4.965476
4.995238
5.028571
4.480952
4.423810
4.366667
4.238095
4.604762
3.366667
3.157143
5.166667
4.261905
5.028571
4.319048
4.080952
3.423810
5.923810
5.352381
4.019048
4.980952
6.095238
4.552381
3.547619
4.714286
3.676190
3.933333
4.304762
4.923810
3.600000
3.329762
4.346429
4.980952
3.304762
3.900000
3.890476
4.123810
4.566667
5.633333
4.333333
3.895238
4.666667
4.280952
5.728571
3.666667
5.200000
4.957143
4.376190
4.233333
5.713095
5.200000
4.980952
3.638095
4.147619
4.004762
4.989286
4.857143
3.280952
4.538095
5.680952
4.228571
5.421429
3.742857
5.340476
4.214286
4.300000
5.142857
3.480952
3.323810
5.094048
4.757143
4.928571
4.280952
3.571429
3.954762
5.025000
4.433333
5.300000
4.709524
4.997619
3.261905
3.466667
3.952381
4.500000
4.947619
3.991667
2.904762
3.566667
3.876190
4.075000
3.928571
4.866667
4.890476
3.633333
3.252381
6.000000
4.104762
3.079762
3.738095
3.476190
5.566667
5.095238
4.152778
3.661905
5.009524
3.680952
5.380952
5.314286
3.661905
4.938095
3.721429
5.980952
4.566667
5.957143
4.190476
4.380952
5.990476
5.452381
4.838095
4.376190
4.200000
3.290476
5.028571
5.347619
4.595238
4.176190
3.600000
4.661905
4.766667
5.409524
5.304762
4.671429
5.671429
3.966667
5.257143
4.158333
3.800000
3.972619
4.257143
4.285714
4.288095
3.811905
3.514286
4.752381
3.352381
3.452381
4.028571
3.580952
4.169048
5.000000
4.052381
5.623810
3.585714
5.247619
5.233333
5.404762
4.904762
4.166667
5.348810
5.071429
4.233333
5.671429
5.100000
4.613095
4.014286
4.676190
5.639286
3.500000
5.214286
6.273810
4.900000
3.157143
4.661905
4.053571
5.923810
5.271429
4.695238
3.590476
3.241667
3.557143
5.285714
3.501190
3.876190
4.709524
4.052381
5.638095
4.585714
4.928571
4.071429
3.366667
5.665476
4.300000
4.016667
3.994048
5.271429
3.833333
3.761905
4.138095
3.816667
3.976190
5.598810
4.233333
3.633333
5.566667
4.019048
3.466667
5.957143
3.709524
3.985714
3.080952
5.257143
4.542857
4.761905
3.921429
3.761905
4.328571
3.142857
4.833333
4.404762
4.800000
5.671429
3.271429
3.571429
5.833333
3.657143
3.509524
4.566667
5.647619
4.685714
6.257143
4.138095
3.957143
5.566667
4.328571
4.666667
3.266667
3.338095
3.542857
3.719048
6.290476
4.076190
3.375000
3.071429
4.685714
3.471429
3.342857
3.997619
5.680952
5.338095
3.405952
3.152381
4.020238
3.400000
4.300000
4.300000
4.004762
4.247619
3.547619
4.147619
4.435714
5.590476
5.614286
4.280952
4.504762
3.747619
3.900000
3.180952
4.676190
3.709524
5.257143
3.866667
6.014286
5.088095
5.057143
3.300000
4.738095
4.309524
3.667857
3.800000
4.300000
2.928571
5.957143
4.071429
3.033333
3.295238
4.328571
5.295238
5.280952
3.904762
5.714286
4.995238
4.119048
5.271429
4.604762
4.271429
3.461905
4.679762
3.733333
5.304762
3.780952
4.333333
3.714286
3.357143
5.719048
3.357143
5.266667
5.933333
3.688095
4.328571
4.839286
5.661905
3.561905
3.328571
6.290476
5.265476
5.119048
3.519048
5.404762
3.085714
5.557143
4.114286
4.928571
4.319048
4.930952
5.055556
4.966667
3.042857
3.409524
3.866667
4.991667
4.076190
3.500000
4.988095
3.909524
4.100000
4.642857
3.785714
3.238095
3.990476
6.023810
4.661905
5.052381
4.200000
3.552381
5.785714
5.214286
4.133333
5.238095
4.738095
4.404762
3.352381
4.821429
4.438095
3.119048
4.376190
4.490476
3.276190
3.442857
3.566667
4.780952
3.619048
4.380952
3.803571
5.346429
4.071429
3.328571
3.252381
4.890476
5.119048
3.885714
3.700000
5.704762
4.619048
3.914286
4.352381
5.714286
5.071429
5.257143
4.347619
3.475000
4.714286
5.290476
4.180952
3.033333
4.776190
3.975000
4.971429
4.285714
2.971429
4.452381
5.533333
4.361905
5.023810
4.090476
5.214286
6.323810
4.452381
4.366667
4.914286
4.452381
4.776190
2.692857
4.197619
5.238095
5.238095
4.160714
4.309524
3.785714
4.180952
4.504762
3.738095
5.233333
4.533333
3.152381
3.695238
4.671429
4.142857
5.190476
4.361905
3.590476
3.909524
5.600000
4.504762
6.095238
4.528571
5.166667
3.300000
4.100000
4.857143
2.971429
4.071429
4.595238
3.214286
4.185714
4.615476
3.361905
4.333333
4.057143
4.914286
4.928571
5.714286
5.533333
3.409524
5.052381
4.821429
3.652381
5.590476
4.404762
4.066667
5.300000
4.323810
5.957143
3.866667
4.871429
5.633333
4.005952
3.557143
3.061905
4.053571
5.833333
5.190476
5.404762
3.914286
5.180952
4.604762
3.138095
4.865476
5.395238
3.997619
4.119048
4.357143
3.719048
4.628571
4.923810
5.633333
4.613095
5.052381
4.380952
3.295238
4.000000
3.680952
4.700000
5.019048
4.271429
5.357143
4.009524
5.466667
6.323810
4.980952
5.657143
4.552381
5.280952
4.966667
4.738095
4.164286
5.680952
5.428571
3.566667
5.547619
4.166667
3.252381
5.261905
3.766667
4.309524
4.028571
4.947619
3.723810
3.214286
4.866667
4.833333
4.304762
5.404762
2.833333
3.900000
4.833333
4.948810
5.095238
4.895238
4.089286
3.632143
4.595238
5.166667
3.642857
5.957143
3.800000
5.247619
4.647619
4.709524
4.361905
4.214286
4.547619
4.516667
3.261905
3.335714
4.957143
3.409524
4.761905
3.725000
4.066667
4.076190
3.873810
2.923810
3.219048
4.119048
5.614286
5.280952
4.166667
4.772619
3.314286
4.290476
5.604762
3.957143
5.397619
5.000000
4.933333
4.751190
4.100000
4.342857
4.904762
4.923810
5.271429
3.600000
3.161905
4.257143
3.938095
4.195238
3.738095
4.580952
6.389286
4.980952
3.300000
5.100000
4.028571
4.847619
4.869048
3.809524
4.219048
4.933333
5.290476
3.128571
5.300000
5.314286
4.242857
4.904762
3.428571
5.900000
4.966667
3.861905
4.633333
5.350000
5.223810
3.233333
4.423810
5.085714
5.171429
4.078571
4.504762
5.266667
3.847619
4.471429
4.290476
3.614286
4.433333
4.938095
4.477381
3.338095
3.604762
4.090476
4.525000
3.180952
4.957143
5.280952
4.950000
3.785714
4.009524
4.673810
4.671429
4.338095
4.685714
3.666667
3.204762
4.376190
5.361905
4.171429
4.866667
3.758333
5.857143
4.233333
3.871429
4.028571
4.900000
5.223810
4.961905
5.142857
4.111905
5.314286
5.200000
3.280952
4.271429
3.219048
4.161905
4.342857
3.714286
4.533333
2.776190
3.983333
4.514286
4.550000
3.947619
4.980952
5.764286
3.366667
3.929762
3.666667
6.380952
5.280952
3.600000
5.388095
5.623810
5.380952
3.750000
4.204762
3.530952
4.090476
4.100000
3.614286
3.619048
4.078571
5.923810
4.838095
4.223810
4.266667
3.347619
3.128571
4.352381
5.142857
4.761905
5.057143
5.590476
3.361905
4.473810
4.371429
3.366667
5.476190
5.304762
4.614286
5.442857
3.666667
3.961905
4.319048
4.214286
3.840476
6.004762
4.671429
4.071429
3.638095
4.838095
4.730952
4.933333
3.571429
3.469048
5.238095
3.585714
4.380952
3.366667
4.433333
5.957143
5.361905
3.295238
5.483333
5.166667
2.938095
4.375000
4.171429
4.304762
3.561905
5.690476
5.130952
5.980952
4.480952
6.047619
4.504762
4.171429
3.828571
5.135714
4.523810
4.085714
4.119048
2.947619
4.385714
3.804762
4.415476
4.783333
4.633333
3.419048
5.085714
4.004762
3.166667
4.000000
5.250000
4.704762
4.709524
4.157143
6.300000
4.042857
3.225000
4.638095
3.533333
3.210714
4.738095
5.450000
3.871429
3.738095
5.590476
4.604762
4.252381
4.566667
3.713095
2.896429
3.464286
3.504762
5.200000
3.428571
5.304762
4.415476
5.290476
5.166667
3.609524
3.933333
3.995238
3.714286
5.314286
4.647619
4.757143
4.538095
3.597619
4.452381
5.691667
3.900000
4.908333
3.761905
6.014286
4.595238
4.800000
4.821429
3.288095
3.450000
3.738095
4.966667
4.947619
3.383333
5.238095
5.371429
5.647619
3.376190
4.090476
6.398810
4.928571
4.261905
4.428571
3.726190
5.247619
4.195238
4.500000
3.628571
4.123810
5.523810
4.957143
3.982143
3.971429
5.180952
4.428571
4.491667
3.882143
5.371429
4.691667
4.300000
3.642857
4.990476
5.680952
4.100000
3.614286
4.647619
5.319048
4.480952
4.388095
4.000000
3.614286
4.619048
3.791667
3.947619
5.755952
5.148810
3.833333
3.614286
3.238095
4.938095
3.208333
4.564286
6.071429
5.271429
3.952381
3.271429
4.714286
3.780952
4.895238
3.428571
3.214286
6.290476
4.142857
5.150000
4.090476
3.576190
4.333333
5.023810
5.533333
4.742857
3.085714
3.800000
4.785714
3.604762
5.389286
5.271429
5.304762
4.761905
4.857143
3.852381
3.666667
5.957143
4.916667
4.623810
5.580952
3.590476
3.009524
5.095238
4.276190
4.314286
4.066667
3.591667
5.679762
5.025000
3.738095
3.666667
4.200000
4.900000
4.880952
3.633333
5.623810
5.404762
3.878571
3.676190
4.766667
4.009524
4.805952
3.710714
5.200000
4.019048
4.219048
4.257143
3.728571
5.761905
5.314286
4.650000
4.814286
6.014286
4.652381
4.047619
5.300000
3.961905
4.057143
4.319048
4.938095
5.623810
3.066667
4.823810
5.304762
4.328571
4.857143
4.400000
5.752381
5.523810
3.841667
4.200000
4.069048
4.166667
4.647619
4.371429
5.533333
5.258333
4.833333
4.785714
5.598810
4.228571
3.816667
5.633333
4.866667
4.800000
3.814286
4.695238
3.676190
5.200000
3.073810
5.690476
5.738095
4.990476
4.600000
5.238095
5.638095
3.572619
2.828571
5.004762
5.133333
4.072619
4.313095
5.042857
5.638095
5.333333
2.971429
2.928571
4.328571
4.223810
4.714286
3.952381
4.376190
3.114286
4.404762
3.961905
4.185714
3.547619
3.338095
3.666667
4.600000
3.942857
3.983333
5.052381
3.500000
5.571429
5.061905
4.833333
3.714286
3.800000
4.966667
5.933333
3.703571
3.452381
5.657143
4.638095
2.773810
4.604762
5.600000
5.933333
4.866667
3.209524
5.623810
3.600000
3.505952
4.647619
3.266667
3.866667
4.033333
4.338095
5.398810
4.347619
4.266667
3.972619
5.052381
5.100000
3.352381
3.821429
4.580952
3.538095
5.095238
5.671429
4.938095
3.142857
5.038095
3.341667
4.285714
3.314286
6.047619
3.504762
5.933333
6.257143
4.833333
5.304762
5.004762
4.142857
3.914286
3.195238
3.561905
4.166667
3.319048
3.566667
5.980952
4.642857
3.971429
6.028571
4.533333
4.314286
3.214286
5.004762
5.119048
5.223810
3.585714
5.223810
3.195238
5.714286
4.733333
3.871429
4.228571
3.276190
5.580952
4.447619
3.995238
3.863095
5.450000
4.571429
3.914286
3.638095
3.407143
4.695238
5.647619
4.008333
4.676190
3.616667
5.060714
4.004762
3.241667
4.980952
4.171429
4.966667
5.614286
2.963095
3.538095
3.376190
2.942857
3.242857
4.180952
6.233333
4.492857
4.904762
5.647619
4.416667
3.285714
5.082143
3.828571
5.111905
4.338095
5.232143
4.064286
4.923810
5.404762
5.133333
4.995238
5.095238
3.671429
4.352381
5.280952
5.966667
4.247619
4.580952
3.871429
3.619048
3.904762
4.500000
4.823810
5.990476
3.538095
3.376190
5.008333
4.916667
3.285714
4.023810
3.428571
4.128571
5.680952
4.690476
5.808333
5.695238
3.995238
4.204762
4.376190
5.257143
3.961905
5.754762
4.690476
4.695238
4.752381
4.914286
3.904762
4.538095
6.023810
3.308333
4.961905
4.721429
4.400000
4.095238
5.000000
4.404762
4.009524
3.133333
4.857143
6.666667
4.695238
4.228571
4.871429
5.323810
4.076190
3.614286
5.028571
4.133333
4.725000
4.014286
3.380952
3.566667
5.638095
3.161905
4.676190
3.126190
5.933333
4.633333
3.104762
4.048810
3.821429
3.709524
3.328571
4.350000
3.775000
3.833333
3.952381
4.695238
4.550000
4.338095
3.909524
4.071429
4.890476
4.708333
4.388095
3.989286
5.328571
3.738095
4.304762
5.957143
3.633333
5.433333
4.141667
4.433333
5.422619
5.089286
4.942857
3.502381
5.076190
3.904762
3.447619
3.757143
4.880952
4.204762
3.919048
3.180952
3.638095
4.085714
3.900000
3.633333
2.852381
4.628571
4.576190
3.633333
4.721429
5.385714
2.742857
3.533333
4.557143
4.204762
4.304762
4.928571
4.195238
5.071429
3.390476
5.600000
3.600000
3.280952
4.661905
3.523810
3.228571
4.019048
3.800000
4.700000
4.021429
5.314286
4.533333
3.278571
4.538095
5.914286
6.047619
3.891667
5.665476
4.690476
6.008333
3.247619
4.095238
3.890476
4.752381
4.219048
3.861905
4.016667
3.578571
5.047619
3.523810
4.946429
4.171429
5.095238
4.166667
3.971429
4.223810
4.415476
4.261905
5.085714
3.519048
3.104762
4.751190
4.566667
3.952381
5.233333
5.428571
3.166667
6.023810
3.250000
3.652381
3.928571
4.441667
4.871429
4.990476
3.933333
5.133333
4.309524
3.661905
4.319048
4.990476
5.028571
5.036905
3.059524
3.904762
3.257143
4.619048
4.590476
4.452381
4.161905
3.500000
4.930952
4.304762
4.219048
3.433333
3.233333
4.047619
4.876190
4.071429
4.019048
4.785714
4.247619
3.980952
3.166667
5.476190
3.985714
4.900000
4.600000
4.533333
4.180952
3.300000
4.519048
3.509524
4.480952
4.557143
5.100000
3.285714
4.680952
3.738095
5.190476
3.766667
5.647619
3.915476
4.400000
4.023810
4.958333
4.952381
3.904762
4.847619
5.304762
5.547619
4.191667
5.347619
3.371429
3.614286
5.233333
3.547619
3.847619
3.116667
2.904762
5.166667
3.619048
4.085714
4.628571
3.295238
4.411905
5.257143
5.616667
4.904762
4.071429
5.214286
3.523810
3.711905
5.125000
5.214286
4.695238
5.257143
4.095238
5.428571
5.350000
3.691667
5.247619
5.250000
4.995238
4.689286
4.328571
3.714286
4.866667
3.495238
3.566667
4.452381
5.123810
5.714286
3.152381
3.271429
3.285714
3.914286
4.880952
4.100000
3.694444
4.304762
4.961905
4.380952
3.438095
4.285714
3.552381
5.395238
3.816667
4.159524
3.676190
3.804762
3.661905
3.657143
3.952381
4.028571
3.619048
4.391667
4.076190
5.600000
4.480952
4.919048
4.638095
6.000000
3.000000
4.200000
5.341667
3.092857
4.633333
3.642857
5.304762
3.180952
4.219048
3.480952
4.452381
4.647619
4.904762
5.347619
3.754762
4.971429
4.933333
4.652381
3.657143
5.975000
5.557143
3.880952
3.904762
4.785714
5.785714
5.416667
3.728571
5.385714
3.833333
3.733333
4.466667
3.923810
4.785714
4.033333
4.947619
4.676190
4.761905
4.352381
3.335714
4.452381
3.657143
4.528571
4.261905
3.790476
3.073810
5.671429
3.880952
4.214286
4.233333
4.680952
3.852381
3.758333
4.930952
4.633333
3.971429
6.038095
4.914286
3.804762
3.233333
5.257143
5.247619
3.223810
3.728571
3.720238
5.783333
4.445238
4.233333
4.595238
4.604762
4.467857
5.038095
4.252381
5.204762
4.323810
5.850000
5.223810
3.552381
4.276190
4.482143
3.395238
5.347619
4.295238
4.280952
4.738095
4.334524
3.947619
4.266667
5.142857
5.761905
4.191667
3.166667
5.266667
4.300000
5.304762
4.638095
5.071429
4.271429
5.214286
4.695238
3.933333
5.319048
4.266667
4.096429
5.523810
4.180952
4.380952
5.028571
6.357143
5.245238
4.042857
5.328571
6.079762
4.714286
4.604762
4.042857
4.595238
4.500000
4.219048
4.714286
5.361905
4.700000
3.561905
4.890476
4.609524
3.028571
4.133333
4.491667
5.275000
3.657143
4.009524
4.264286
4.395238
5.047619
4.004762
4.128571
4.304762
5.233333
4.888095
3.828571
5.133333
3.995238
3.476190
3.483333
3.376190
3.561905
3.966667
3.266667
3.652381
6.300000
4.614286
5.261905
5.473810
4.394048
5.357143
3.904762
3.280952
5.119048
3.676190
3.588095
4.561905
5.266667
3.847619
4.566667
4.085714
4.133333
5.300000
3.533333
6.023810
5.357143
3.909524
4.333333
2.953571
6.000000
5.800000
3.632143
4.923810
4.300000
5.614286
4.738095
5.333333
5.090476
4.078571
3.542857
4.323810
3.476190
4.390476
4.961905
5.728571
4.071429
4.800000
3.675000
3.763095
4.933333
5.014286
2.909524
3.347619
5.028571
5.015476
3.295238
4.900000
4.271429
3.042857
3.833333
5.990476
3.554762
4.530952
4.361905
4.980952
5.350000
3.747619
6.323810
5.004762
3.252381
5.338095
5.214286
4.709524
5.028571
4.400000
6.047619
4.461905
3.228571
5.080952
4.600000
5.347619
4.185714
3.952381
4.519048
4.266667
3.661905
4.195238
5.623810
4.023810
5.095238
4.066667
4.947619
4.866667
3.928571
3.938095
4.163095
4.833333
5.058333
4.400000
5.094048
3.509524
5.042857
3.942857
4.108333
3.395238
4.966667
4.428571
5.590476
5.333333
3.471429
3.480952
3.090476
3.725000
3.195238
4.671429
4.100000
5.957143
4.761905
4.366667
4.042857
4.409524
5.166667
3.300000
4.100000
4.916667
3.519048
3.519048
3.300000
4.900000
4.700000
4.261905
4.290476
4.761905
4.452381
5.933333
4.890476
5.352381
5.144048
4.948810
3.434524
4.066667
3.585714
4.276190
5.490476
4.438095
2.900000
3.140476
3.516667
4.800000
3.890476
5.361905
4.928571
5.722619
4.500000
5.157143
5.933333
5.233333
5.371429
4.328571
4.200000
4.271429
3.814286
4.140476
4.690476
5.304762
3.800000
5.966667
4.566667
5.689286
4.228571
4.033333
6.300000
4.138095
5.947619
4.357143
3.723810
3.766667
4.247619
4.480952
5.966667
4.342857
5.280952
4.500000
3.828571
4.354762
4.209524
4.295238
4.590476
4.875000
4.280952
3.852381
3.761905
5.238095
4.247619
4.082143
3.585714
5.304762
5.352381
3.985714
5.095238
4.595238
4.571429
5.004762
3.961905
4.371429
5.038095
3.476190
4.738095
5.271429
4.619048
5.238095
5.085714
3.833333
4.752381
4.185714
5.404762
3.995238
3.400000
5.100000
3.852381
3.742857
5.404762
5.833333
5.114286
4.597619
2.971429
5.304762
4.647619
4.847619
5.738095
4.423810
3.766667
4.671429
4.090476
5.208333
4.961905
4.800000
4.333333
4.761905
4.380952
3.709524
4.261905
5.247619
3.500000
5.716667
4.733333
5.316667
4.995238
5.085714
3.138095
4.523810
5.304762
4.661905
3.161905
3.623810
4.180952
5.690476
3.572619
4.400000
4.171429
3.526190
4.342857
3.933333
5.933333
5.280952
4.214286
3.209524
5.247619
5.714286
5.154762
5.638095
4.728571
4.941667
4.019048
4.428571
5.752381
4.319048
3.921429
3.509524
4.261905
3.428571
5.547619
5.600000
4.138095
3.252381
5.580952
4.695238
5.666667
3.866667
4.628571
3.904762
4.271429
4.671429
5.009524
4.214286
4.076190
2.904762
4.171429
4.990476
4.721429
5.966667
5.404762
5.900000
5.065476
4.171429
4.471429
3.628571
3.552381
3.571429
3.123810
5.647619
4.280952
3.666667
3.095238
3.252381
3.257143
4.685714
3.495238
4.500000
4.590476
3.538095
4.938095
5.409524
4.295238
4.385714
5.623810
4.847619
4.472619
3.679762
3.785714
3.333333
4.671429
3.136905
6.357143
4.357143
4.261905
4.164286
4.319048
3.333333
3.435714
4.041667
4.333333
5.547619
4.407143
4.800000
4.914286
3.252381
4.309524
4.207143
5.472619
4.904762
4.880952
3.233333
3.895238
4.504762
3.871429
3.866667
4.266667
4.983333
3.233333
5.655952
5.266667
5.966667
4.280952
4.980952
3.446429
5.647619
5.614286
4.480952
4.671429
5.290476
4.800000
6.300000
5.019048
4.100000
3.195238
4.857143
3.638095
4.352381
3.638095
3.404762
4.914286
3.919048
4.380952
4.628571
3.290476
3.400000
3.200000
4.952381
4.005952
5.604762
2.833333
4.219048
