7.333333
10.433333
7.628571
7.796429
8.440476
7.372619
7.338095
7.470238
6.214286
7.604762
8.952381
5.770238
6.533333
9.076190
9.119048
9.651190
7.877381
7.619048
9.171429
8.302381
9.811905
9.438095
5.495238
7.278571
10.176190
7.598810
9.928571
8.078571
10.252381
8.159524
8.830952
7.913095
10.290476
8.830952
7.589286
7.502381
7.242857
7.535714
10.328571
6.782143
7.914286
7.397619
9.178571
8.888095
9.396429
10.138095
9.833333
8.202381
7.842857
9.120238
10.078571
10.126190
7.948810
4.975000
8.628571
8.700000
7.383333
9.277381
7.855952
8.590476
8.477381
8.638095
7.273810
9.582143
8.896429
8.880952
9.491667
7.972619
8.209524
9.752381
7.975000
8.295238
9.160714
9.909524
6.603571
6.842857
8.025000
9.552381
7.510714
9.791667
8.300000
8.394048
8.664286
9.123810
8.171429
9.026190
9.066667
8.973810
11.961905
7.890476
7.700000
8.340476
9.003571
7.652381
6.954762
9.042857
8.585714
8.307143
8.483333
11.601190
9.279762
6.885714
6.770238
9.979762
8.048810
5.682143
9.045238
9.279762
9.664286
8.185714
11.557143
9.402381
10.325000
6.969048
9.389286
8.766667
4.828571
6.711905
9.904762
8.061905
6.550000
6.735714
7.800000
7.727381
9.547619
8.445238
9.540476
8.616667
9.355952
7.571429
8.715476
9.710714
8.598810
7.530952
7.055952
7.433333
8.644048
8.669048
9.738095
11.841667
11.264286
7.888095
6.938095
8.967857
10.595238
12.196429
6.442857
7.609524
8.296429
9.880952
9.991667
7.788095
8.435714
8.532143
8.536905
9.940476
10.047619
8.951190
7.216667
8.020238
8.315476
7.776190
7.833333
7.409524
10.461905
11.019048
9.551190
7.290476
6.761905
6.538095
6.455952
8.544048
10.819841
10.414286
10.576190
5.785714
8.752381
9.041667
9.815873
7.880952
9.404762
7.967857
11.195238
8.696429
6.352381
8.642857
8.501190
10.145238
7.776190
6.616667
10.291667
9.567857
