9.965476
6.447619
10.733333
7.452381
9.954762
8.700000
8.438095
9.447619
10.238095
9.723810
9.069048
5.361905
8.071429
7.882143
7.023810
7.297619
7.133333
10.304762
10.251190
9.469048
7.197619
8.871429
9.114286
8.597619
8.117857
7.480952
6.866667
5.969048
7.385714
7.633333
6.294048
5.450000
7.033333
7.611905
7.147619
8.319048
5.300000
6.592857
9.664286
8.842857
9.085714
6.690476
5.990476
8.888095
7.666667
9.117857
7.733333
10.133333
6.908333
7.283333
9.300000
6.248810
5.900000
8.590476
7.604762
6.733333
7.761905
10.442857
9.052381
6.304762
6.316667
7.986905
9.539286
6.680952
6.223810
7.469048
7.979762
8.471429
9.576190
6.861905
5.314286
9.576190
6.375000
9.561905
7.026190
7.457143
9.346429
8.528571
6.564286
9.576190
7.357143
6.504762
10.066667
6.576190
6.985714
8.761905
8.276190
9.985714
7.842857
6.876190
9.233333
10.276190
7.161905
7.914286
7.028571
10.392857
10.576190
9.542857
7.761905
5.734524
7.661905
6.594048
8.638095
8.285714
10.111905
9.154762
8.042857
5.223810
7.085714
8.270238
7.608333
5.880952
7.600000
7.916667
7.780952
9.142857
8.408333
8.997619
8.695238
8.925000
7.061905
8.171429
9.095238
8.252381
6.896429
9.973810
10.557143
6.540476
9.695238
6.513095
8.219048
8.723810
7.923810
10.014286
5.833333
5.166667
9.309524
7.528571
7.011905
10.400000
9.761905
5.285714
9.840476
8.395238
8.452381
9.804762
9.573810
9.090476
9.419048
8.852381
7.528571
9.576190
7.680952
7.309524
5.677381
7.961905
7.751190
8.333333
9.721429
11.309524
7.514286
5.709524
7.638095
7.409524
7.604762
6.480952
6.650000
10.161905
10.323810
6.885714
6.732143
5.792857
7.461905
7.789286
8.004762
7.261905
10.957143
7.579762
9.747619
7.742857
5.585714
6.238095
8.764286
6.319048
8.616667
8.480952
7.838095
9.909524
6.133333
9.059524
9.447619
8.916667
8.650000
7.729762
6.922619
8.766667
7.957143
8.847619
8.509524
8.647619
9.009524
6.567460
7.219048
8.614286
10.000000
8.916667
9.566667
6.290476
6.704762
6.647619
10.585714
11.172619
9.457143
5.902381
9.047619
7.666667
11.395238
7.511905
9.809524
8.447619
7.238095
6.647619
9.533333
9.071429
8.833333
9.480952
5.692857
7.811905
7.095238
8.978571
11.128571
6.476190
11.590476
7.161905
6.785714
9.423810
8.033333
7.782143
5.703175
9.230952
8.228571
10.305952
7.771429
8.809524
8.695238
8.095238
6.719048
4.809524
9.771429
9.966667
9.953571
8.780952
6.114286
7.757143
5.242857
11.714286
10.790476
7.561905
6.504762
7.654762
6.219048
9.952381
7.641667
8.151190
6.165476
8.086905
5.603571
7.530952
9.728571
7.392857
5.745238
8.020238
8.414286
9.080952
6.376190
10.685714
6.558333
8.942857
5.695238
7.804762
7.647619
9.030952
8.461905
7.161905
7.584524
6.380952
5.433333
8.771429
6.916667
8.577381
7.380952
6.350000
6.909524
10.361905
8.816667
9.686905
6.329762
8.919048
8.466667
5.285714
7.097619
7.610714
10.061905
6.795238
7.448810
7.685714
5.921429
9.633333
9.095238
6.952381
6.869048
8.438095
8.990476
7.728571
8.547619
7.376190
8.733333
9.714286
6.271429
7.733333
10.978571
5.295238
5.861905
8.666667
6.926190
6.876190
9.311905
7.303571
8.521429
6.109524
8.619048
10.661905
8.473810
7.958333
7.279762
5.071429
9.945238
5.933333
9.066667
7.352381
9.323810
9.852381
8.496429
7.373810
9.133333
9.595238
9.909524
8.685714
8.133333
7.985714
6.733333
6.880952
10.076190
9.457143
9.316667
5.046429
7.361905
10.329762
9.500000
8.300000
8.119048
6.767857
6.116667
8.876190
8.552381
7.930159
11.071429
7.576190
8.614286
9.495238
9.025000
10.542857
11.989286
5.766667
10.190476
7.542857
8.480952
9.490476
8.408333
8.528571
9.528571
8.428571
6.076190
8.254762
8.369048
8.370238
7.085714
5.947619
6.828571
8.890476
9.205952
11.171429
5.466667
10.214286
8.947619
8.885714
6.438095
10.290476
6.757143
9.619048
6.053571
6.528571
9.204762
6.422619
11.541667
8.632143
8.357143
7.319048
7.147619
6.790476
11.023810
7.747619
6.525000
8.795238
6.052381
8.485714
9.090476
9.796429
8.171429
9.147619
8.747619
8.023810
8.347619
9.573810
6.666667
9.080952
6.147619
8.476190
7.757143
8.795238
10.109524
6.786905
8.602381
8.247619
9.269048
6.460714
7.771429
8.200000
7.585714
7.738095
9.039286
8.298810
8.809524
9.147619
7.685714
6.114286
6.616667
9.119048
8.848810
7.130952
10.033333
7.333333
9.595238
9.257143
8.473810
8.995238
8.038095
8.753571
7.371429
9.219048
9.966667
7.928571
8.528571
8.945238
10.300000
7.933333
8.361905
9.504762
10.171429
5.295238
5.376190
8.290476
7.576190
8.800000
6.733333
8.572619
8.255952
6.304762
8.490476
6.961905
8.490476
8.333333
6.059524
6.790476
11.277381
6.830952
7.066667
8.771429
9.289286
9.519048
7.642857
7.134524
10.914286
7.214286
8.438095
7.795238
6.723810
8.352381
9.485714
9.270238
7.928571
6.026190
10.604762
6.358333
6.838095
6.366667
7.233333
6.596825
6.666667
7.423016
7.680952
8.859524
7.151190
7.361905
8.171429
8.328571
8.307143
6.476190
7.028571
7.250000
9.295238
9.766667
5.223810
9.680952
9.719048
9.104762
10.658333
11.280952
8.295238
8.766667
6.919048
7.430952
9.178571
8.357143
6.627381
9.776190
8.223810
10.480952
8.795238
8.794048
8.616667
8.417857
10.247619
9.383333
6.690476
10.333333
7.509524
6.509524
8.214286
7.895238
8.800000
6.328571
10.239286
7.628571
7.919048
7.719048
7.476190
9.100000
8.521429
7.944048
8.932143
6.380952
8.355952
8.061905
7.557143
8.085714
10.792857
8.495238
9.061905
12.233333
9.780952
7.271429
5.854762
10.442857
9.452381
9.471429
7.757143
7.495238
6.095238
9.385714
6.684524
7.138095
8.242857
7.872619
7.335714
9.161905
7.333333
6.589286
6.488095
9.319048
7.276190
6.565476
9.642857
7.960714
6.143254
6.633333
7.182143
8.557143
8.857143
8.326190
7.790476
7.657143
7.342857
8.266667
6.509524
6.509524
9.296429
8.665476
7.261905
7.580952
9.434524
8.157143
8.123810
9.069048
10.992857
6.533333
7.242857
5.676190
8.391667
10.014286
10.763095
7.433333
7.470238
7.319048
6.652381
5.271429
8.023810
8.576190
7.747619
10.785714
6.871429
8.223810
12.780952
6.279762
10.910714
9.919048
6.395238
6.430952
8.359524
7.166667
6.442857
6.190476
8.014286
8.777381
8.761905
9.404762
8.947619
9.557143
7.238095
6.789286
9.800000
7.073810
5.998810
9.247619
8.728571
9.757143
5.452381
7.942857
10.097619
6.890476
7.161905
7.796825
8.128571
8.000000
7.471429
7.222619
9.180952
9.076190
8.461905
9.623810
6.600000
7.990476
6.765476
5.707143
8.929762
6.804762
5.983333
7.090476
6.902381
11.569048
9.285714
12.213095
7.747619
7.757143
7.357143
7.700000
7.614286
7.780952
8.723810
7.628571
9.190476
9.033333
9.452381
9.347619
7.128571
6.519048
9.147619
7.719048
8.585714
4.828571
9.366667
6.957143
11.704762
8.104762
8.207143
9.780952
8.920635
7.435714
6.071429
8.333333
7.885714
9.809524
6.323810
9.209524
8.184127
11.404762
6.938095
10.373810
6.754762
6.977381
7.976190
9.328571
8.804762
7.450000
6.927381
8.291667
10.723810
8.304762
6.190476
11.323810
9.566667
9.505952
6.903571
7.757143
8.466667
9.084524
6.804762
8.110714
8.742857
10.221429
8.344444
6.066667
8.057143
6.480952
9.595238
7.597619
7.979762
7.180952
9.223810
11.588095
8.866667
8.914286
9.414286
7.738095
8.298810
6.933333
8.376190
7.195238
7.995238
8.123810
8.579762
4.920238
7.985714
8.033333
8.229762
7.552381
7.333333
8.941667
8.971429
8.987302
9.309524
5.209524
7.180952
8.542857
8.422619
9.638095
9.404762
9.266667
7.885714
10.204762
8.585714
9.257143
6.519048
6.929762
8.204762
6.940079
6.914286
10.289286
9.866667
8.217857
8.732143
7.323810
8.538095
9.913095
6.842857
6.264286
8.232143
8.814286
6.980952
11.071429
9.540476
8.961905
5.583333
8.933333
8.505952
9.842857
8.171429
9.528571
10.104762
7.690476
10.080952
7.228571
8.669048
8.214286
6.890476
9.695238
11.716667
8.654762
10.009524
9.476190
9.114286
9.566270
7.385714
8.838095
9.652381
7.714286
8.284524
8.336905
9.738095
6.457143
8.123810
10.552381
11.661905
9.059524
6.347619
9.561905
8.038095
7.883333
7.271429
6.972619
7.914286
9.792857
7.219048
7.209524
7.073810
9.685714
7.733333
9.090476
9.257143
9.447619
5.584524
10.485714
9.428571
9.680952
6.297619
6.723810
5.719048
10.260714
8.523810
9.819048
7.021429
8.045238
4.847619
7.625000
9.128571
7.504762
9.033333
7.338095
5.588095
10.966667
6.417857
5.233333
8.157143
7.007143
10.538095
9.680952
9.361905
7.080952
4.942857
6.191667
8.552381
5.731746
9.090476
8.342857
7.004762
9.100000
7.742857
9.573810
6.785714
8.876190
6.519048
8.050000
6.595238
8.285714
6.971429
8.880952
8.280952
6.925000
10.038095
7.442857
9.595238
8.739286
7.985714
5.267857
8.664286
10.429762
7.276190
9.117857
8.701190
8.535714
5.809524
6.383333
7.295238
9.907143
8.728571
7.054762
9.185714
8.730952
7.904762
6.823810
8.100000
6.171429
6.797619
10.354762
9.786905
8.376190
8.385714
5.617857
6.238095
4.353571
8.509524
7.989286
7.789286
7.880952
6.452381
8.566667
7.683333
9.366667
10.242857
8.096429
7.538095
7.438095
9.570238
8.595238
10.291667
7.914286
6.514286
8.507143
8.800000
8.195238
8.457143
7.733333
9.942857
9.150000
6.059524
9.866667
9.420238
8.100000
8.100000
10.633333
6.780952
8.547619
8.390476
6.028571
7.090476
8.395238
8.090476
8.904762
6.300000
5.388095
5.497619
6.097619
9.125000
10.171429
6.733333
11.311905
8.590476
6.847619
11.547619
8.926190
9.145238
5.376190
8.871429
7.204762
8.296429
10.557143
7.597619
6.973810
8.390476
6.909524
8.459524
6.261905
11.480952
6.653571
10.604762
10.103571
8.676190
6.390476
7.067857
6.438095
8.561905
5.729762
6.547619
9.592857
8.857143
8.482143
5.542857
7.766667
9.495238
9.133333
5.433333
8.447619
10.151190
9.340476
7.480952
6.619048
6.371429
9.528571
5.885714
7.509524
7.335714
9.239286
8.659524
6.773810
6.758333
10.280952
8.304762
9.495238
9.085714
5.485714
6.871429
9.285714
9.097619
7.346429
6.167857
9.114286
10.304762
7.738095
7.495238
7.603571
11.005952
5.185714
9.586905
8.076190
8.761905
8.904762
7.633333
5.897619
9.595238
9.533333
8.833333
8.946429
10.695238
10.284524
10.782143
10.113095
8.014286
6.534524
7.600000
9.857143
8.590476
10.085714
8.836905
7.367857
5.261905
6.100000
5.919048
7.829762
7.165476
8.426190
8.426190
8.304762
7.395238
6.102381
8.473810
6.092857
7.430952
6.035714
7.992857
6.604762
8.630952
9.102381
7.792857
6.854762
5.847619
10.973810
6.538095
7.461905
8.458333
7.452381
6.933333
9.157143
9.485714
5.147619
10.085714
9.000000
9.257143
7.169048
7.269048
8.550000
7.527381
5.904762
7.046429
7.159524
7.500000
10.177381
9.785714
8.747619
5.933333
7.457143
9.600000
9.009524
6.804762
8.247619
5.338095
9.598810
6.594048
8.902381
9.775000
6.219048
9.782143
6.169048
7.994048
8.085714
8.900000
9.423810
7.826190
9.350000
6.966667
9.822619
8.046429
9.314286
8.900000
8.082143
7.623810
6.033333
8.283333
9.523810
7.495238
7.642857
5.421429
6.814286
9.901190
8.738095
7.705952
10.276190
7.096429
7.553571
7.247619
8.542857
7.661905
8.209524
9.045238
9.569048
7.380952
9.860714
6.144048
7.521429
7.988095
10.123810
8.904762
6.847619
8.961905
8.652381
9.547619
8.709524
6.095238
7.158333
8.739286
8.675000
9.938095
10.285714
6.782143
5.954762
10.404762
6.495238
9.642857
8.933333
5.842857
10.095238
8.595238
7.688095
9.838095
8.352381
10.266667
7.216667
6.419048
9.823810
6.447619
5.347619
6.339286
10.725000
10.161905
4.733333
9.104762
7.727381
9.485714
7.514286
8.683333
6.847619
10.028571
9.997619
6.861905
5.371429
9.645238
8.285714
7.973810
6.800000
6.325000
8.423810
6.691667
9.242857
7.801190
7.177381
7.984524
7.497619
7.504762
5.804762
9.709524
5.323810
10.140476
9.500000
6.452381
9.757143
7.448810
6.923810
6.966667
8.495238
6.922619
5.107143
6.066667
5.885714
9.400000
7.663095
6.266667
5.654762
5.567857
7.609524
6.780952
7.785714
11.535714
7.795238
9.014286
8.557143
8.715476
9.123810
9.014286
7.836905
8.853571
9.859524
7.923810
6.076190
10.185714
9.704762
10.838095
9.561905
6.166667
7.890476
9.315476
8.135714
7.169048
7.883333
6.047619
8.804762
7.600000
11.691667
10.742857
6.069048
9.780952
10.252381
11.744048
7.076190
8.598810
10.342857
5.772619
8.100000
8.466667
9.180952
8.466667
7.866667
7.050000
10.261905
8.504762
9.798810
8.050000
7.530952
7.879762
8.447619
5.329762
6.671429
7.711111
6.769048
9.271429
5.090476
6.057143
6.342857
7.395238
7.285714
7.217857
9.823810
7.073810
8.996429
10.335714
10.228571
7.104762
4.384921
7.373810
8.294048
9.071429
9.052381
9.164286
7.064286
8.825000
6.509524
8.685714
7.476190
6.838095
7.442857
9.904762
6.547619
5.878571
8.033333
4.886905
9.590476
6.208333
7.932143
11.733333
9.359524
8.504762
9.164286
11.266667
8.528571
7.239286
6.495238
10.127381
6.952381
7.046429
7.269048
8.342857
10.485714
12.660714
6.150000
9.203571
7.004762
6.202381
7.017857
8.423810
9.352381
8.895238
7.666667
6.378571
7.222619
5.880952
7.960714
7.850000
9.519048
8.576190
8.408333
7.738095
5.120238
7.328571
8.014286
11.136905
10.442857
8.438095
7.495238
8.201190
9.628571
6.180952
8.863095
8.152381
10.203571
6.061905
9.900000
8.353571
7.342857
10.270238
6.014286
8.890476
9.619048
8.176190
7.292857
6.536905
10.825000
7.528571
5.747619
8.861905
6.820238
9.904762
8.038095
7.480952
11.098810
9.476190
5.295238
9.995238
8.523810
5.463095
6.823810
10.540476
5.988095
4.714286
9.126190
7.533333
6.947619
7.628571
6.438095
8.514286
7.969048
7.533333
7.588095
8.680952
7.569048
8.713095
8.228571
7.747619
5.552381
8.480952
11.296429
8.652381
6.802381
9.929762
7.800000
7.407143
9.719048
8.266667
7.972619
8.047619
6.209524
8.197619
10.209524
5.839286
9.171429
7.661905
9.454762
5.966667
7.651190
10.123810
9.842857
5.933333
6.511905
8.652381
8.285714
9.166667
7.904762
6.880952
10.722619
7.238095
11.966667
11.813095
8.011905
10.209524
7.857143
8.804762
10.352381
9.776190
5.802381
6.580952
7.379762
8.757143
8.315476
10.071429
7.360714
6.861905
7.971429
7.480952
7.821429
5.847619
6.909524
8.238095
8.064286
8.557143
7.609524
10.014286
8.140476
11.590476
9.569048
8.876190
8.385714
5.804762
9.780952
6.985714
11.052381
9.400000
6.202381
7.232143
10.271429
8.517857
6.452381
7.577381
8.652381
11.714286
9.028571
5.747619
7.732143
9.669048
7.300000
4.733333
11.996429
5.923810
6.847619
5.872619
6.497619
10.209524
8.823810
6.507143
6.000000
8.348810
10.719048
9.276190
10.085714
9.114286
7.419048
7.495238
6.557143
7.095238
6.309524
7.252381
9.133333
6.585714
6.654762
6.333333
5.071429
10.840476
7.890476
6.459524
10.166667
9.209524
6.795238
6.923810
8.971429
6.157143
8.319048
5.621429
7.814286
8.614286
7.461905
8.269048
8.539286
6.961905
7.176190
8.558333
6.457143
6.286905
11.169048
9.500000
5.952381
7.209524
8.326190
6.961905
7.104762
9.876190
8.723810
8.104762
8.376190
7.679762
9.546429
8.538095
10.279762
6.708333
8.742857
8.860714
10.804762
8.751190
7.852381
10.432143
9.517857
6.080952
7.073810
9.200000
6.697619
7.472619
8.440476
8.938095
6.503571
6.100000
8.919048
8.995238
9.730952
10.257143
5.933333
7.995238
10.371429
6.252381
6.804762
6.590476
9.290476
8.138095
5.876190
8.959524
7.952381
9.209524
6.511905
6.061905
7.266667
7.466667
9.030952
8.240476
7.282143
8.633333
8.380952
9.114286
7.228571
7.885714
8.714286
6.190476
7.815476
8.400000
9.740476
10.405952
5.300000
8.295238
6.934127
9.523810
8.098810
8.185714
10.028571
8.197619
7.659524
8.042857
7.576190
7.747619
6.950000
7.776190
6.959524
9.539286
6.309524
8.171429
10.476190
7.573810
7.592857
8.147619
9.209524
10.471429
8.077381
10.942857
9.246429
9.519048
9.042857
8.760714
6.857143
8.930952
7.395238
7.350000
10.752381
8.376190
6.271429
6.580952
10.185714
9.880952
8.309524
10.903571
6.861905
8.990476
8.478571
7.128571
8.328571
10.747619
7.947619
8.066667
7.975000
9.275000
6.747619
8.657143
8.571429
8.957143
10.114286
7.761905
10.476190
8.020238
12.432143
8.954762
11.547619
7.339286
6.042857
5.923810
8.676190
9.753571
8.009524
9.301190
8.608333
8.661905
8.821429
9.861905
6.857143
6.935714
8.090476
9.576190
8.252381
9.178571
7.961905
7.890476
6.309524
9.307143
9.295238
7.582143
8.811905
10.678571
7.104762
6.704762
5.948810
7.980952
7.440476
9.014286
9.547619
10.123810
7.540476
9.904762
6.379762
6.119048
8.828571
9.145238
6.066667
10.319048
7.967857
8.595238
7.515476
9.152381
7.852381
9.233333
6.958333
5.488095
5.323810
9.419048
7.430952
5.704762
7.809524
7.257143
8.776190
5.923810
8.039286
6.080952
6.938095
6.585714
8.288095
9.665476
9.016667
9.914286
7.355952
7.447619
5.964286
8.595238
9.247619
8.821825
8.580952
6.145238
5.823810
5.692857
7.838095
7.790476
6.659524
10.076190
10.789286
6.123810
8.027381
9.780952
5.735714
6.514286
9.069048
6.614286
6.995238
7.251190
10.047619
9.319048
8.409524
5.455952
11.023810
9.089286
5.677381
6.853571
8.942857
6.757143
10.747619
6.514286
9.471429
7.742857
10.623810
4.395238
11.001190
8.273810
7.986905
7.680952
7.861905
6.242857
10.523810
8.995238
5.697619
9.713095
10.150000
9.190476
6.747619
7.251190
11.695238
9.676190
9.166667
8.638095
6.833333
8.080952
6.242857
12.257143
9.495238
9.323810
9.452381
9.271429
11.576190
8.095238
9.623810
6.800000
6.609524
8.480952
8.571429
6.600000
6.569048
7.578571
10.066667
7.750000
9.721429
9.396429
7.652381
6.638095
9.648810
5.351190
8.228571
8.271429
10.139286
7.895238
9.528571
9.619048
5.803571
8.090476
8.876190
11.338095
5.416667
5.933333
6.066667
8.126190
7.780952
6.438095
8.733333
7.895238
8.642857
9.728571
8.080952
10.438095
7.742857
7.657143
7.175000
6.628571
7.688095
7.947619
6.710714
8.604762
7.942857
8.676190
8.152381
6.609524
9.338095
9.319048
9.676190
8.073810
7.342857
6.235714
7.501190
7.508333
6.773016
8.333333
6.728571
5.395238
10.033333
8.916667
9.071429
8.096429
6.628571
8.626190
4.839683
8.938095
8.147619
8.338095
6.223810
5.307143
11.714286
7.495238
8.000000
6.128571
6.869048
7.373810
8.409524
9.895238
8.790476
9.566667
7.190476
11.115476
5.202381
7.744048
7.628571
6.228571
7.576190
8.561905
7.338095
7.519048
7.923810
8.123810
11.404762
6.339286
7.933333
10.490476
8.861905
10.033333
7.795238
4.528571
6.409524
6.788095
7.552381
6.938095
8.019048
5.219048
7.757143
8.379762
5.228571
10.580952
9.123810
7.776190
5.291667
9.689286
6.702381
10.019048
7.209524
9.691667
8.845238
6.208333
9.733333
7.395238
7.257143
10.909524
6.566667
7.725000
9.335714
10.778571
7.819048
7.195238
8.380952
11.397619
6.984127
9.057143
9.277381
8.330952
9.495238
5.051190
6.385714
6.597619
8.927381
8.980952
6.397619
8.800000
7.071429
9.319048
9.166667
5.694048
7.176190
10.104762
9.132143
10.038095
7.566667
10.414286
8.966667
10.832143
7.455952
7.176190
8.614286
6.078571
9.428571
5.240476
8.711905
5.223810
9.267857
8.834524
9.328571
6.088095
8.795238
10.752381
7.994048
6.400000
10.419048
5.179762
8.085714
8.171429
9.476190
6.952381
9.547619
8.980952
9.879762
8.826190
10.192857
9.838095
6.642857
6.621429
6.342857
7.033333
8.085714
7.547619
7.054762
9.638095
6.761905
7.889286
9.155952
7.409524
6.344048
8.819048
8.895238
9.340476
5.719048
10.704762
10.370238
8.261905
8.952381
8.483333
7.145238
8.485714
8.952381
5.330952
10.271429
8.236905
7.942857
8.083333
8.271429
7.057143
8.357143
5.957143
7.816667
5.795238
8.790476
10.278571
6.361905
8.289286
5.557143
7.466667
8.466667
7.172619
8.280952
6.304762
8.264286
10.907143
7.771429
5.933333
8.133333
8.538095
10.590476
5.947619
6.657143
7.914286
8.179762
6.157143
7.157143
7.638095
10.161905
7.146429
9.442857
8.871429
9.564286
9.266667
7.369841
7.923810
9.509524
9.244048
7.385714
10.800000
5.709524
9.467857
7.652381
6.452381
9.942857
7.590476
7.714286
6.795238
6.895238
6.391667
9.050000
6.061905
9.466667
9.100000
7.869048
9.748810
6.440476
10.776190
10.371429
7.057143
11.541667
8.066667
11.285714
9.261905
8.314286
7.795238
10.342857
7.923810
7.855952
11.610714
5.841667
6.433333
6.796429
8.185714
6.261905
6.465476
9.491667
8.509524
8.023810
8.198810
10.429762
8.942857
9.701190
9.152381
5.257143
8.061905
7.425000
7.609524
8.761905
6.211905
8.923810
7.414286
9.420238
8.492857
9.028571
8.733333
6.089286
6.857143
9.747619
6.454762
8.970238
6.608333
9.346429
7.490476
5.079762
7.757143
11.098810
10.358333
6.466667
6.771429
5.447619
8.880952
6.942857
6.316667
8.559524
9.776190
9.030952
6.266667
8.801190
10.147619
7.980952
8.808333
10.280952
8.009524
10.421429
6.866667
10.198810
5.823810
5.233333
10.919048
7.835714
8.461905
10.308333
8.480952
10.219048
6.721429
9.423810
6.683333
9.614286
8.301190
9.814286
6.880952
8.950000
6.489286
7.528571
7.950000
7.980952
8.628571
9.576190
6.800000
11.771429
9.972619
7.661905
9.003571
9.950000
7.375000
6.180952
7.921429
5.557143
6.360714
6.290476
8.790476
8.390476
11.080952
6.538095
6.645238
9.590476
7.138095
7.726190
9.576190
6.279762
8.528571
6.933333
7.994048
9.761905
5.539286
7.277381
8.547619
6.352381
9.705952
9.300000
9.797619
10.785714
8.511905
7.513095
9.441667
7.634524
8.283333
6.766667
7.052381
6.422619
7.842857
9.664286
6.498810
8.514286
8.085714
6.127381
5.280952
8.676190
9.871429
8.322619
9.307143
8.244048
8.852381
6.352381
8.316667
7.752381
9.079762
7.578571
8.228571
7.252381
6.316667
7.885714
9.290476
5.313095
6.870238
5.609524
6.322619
8.280952
6.554762
5.983333
7.726190
11.146429
6.423810
7.302381
8.485714
11.457143
9.411905
9.933333
10.366667
5.233333
9.660714
9.966667
9.990476
6.009524
8.966667
9.750000
6.690476
9.414286
10.704762
7.838095
8.195238
7.411905
9.352381
9.544048
7.961905
6.800000
9.247619
8.476190
8.976190
6.742857
5.457143
8.682143
6.928571
9.476190
10.014286
7.107143
7.451190
10.009524
6.830952
6.595238
8.965476
9.214286
6.428571
9.647619
9.438095
6.990476
8.350000
10.795238
10.571429
7.552381
9.152381
8.761905
6.575000
9.814286
7.057143
6.795238
8.292857
10.176190
9.414286
6.860714
8.128571
8.326190
7.973810
8.114286
10.619048
6.814286
7.295238
8.980952
7.933333
6.809524
7.030952
5.976190
7.080952
6.242857
9.128571
6.214286
7.926190
11.308730
7.166667
7.361905
7.142857
6.779762
8.428571
5.223810
7.719048
9.077381
9.500000
7.201190
8.861905
9.635714
8.969048
9.442857
8.163095
7.454762
9.076190
9.514286
7.059524
8.491667
10.223810
9.595238
10.534524
6.614286
10.152381
7.361905
9.085714
5.000000
9.936905
8.457143
5.666667
8.642857
8.823810
7.394048
8.041667
9.358730
8.647619
9.676190
7.142857
7.840476
7.513095
7.809524
9.535714
7.361905
9.104762
7.947619
11.926190
6.338095
9.580952
9.266667
9.233333
7.952381
6.823810
8.852381
8.347619
8.536905
8.547619
10.152381
9.990476
7.958333
9.671429
5.933333
8.023810
7.277381
7.957143
8.904762
7.761905
5.558333
7.580952
7.316667
9.000000
8.504762
5.190476
9.502381
7.558333
7.045238
8.485714
8.900000
7.180952
8.461905
9.280952
7.002381
8.209524
10.079762
6.544048
6.466667
6.080952
9.371429
8.433333
9.779762
6.877381
6.028571
9.385714
8.519048
8.689286
9.070238
9.069048
5.704762
9.585714
7.366667
5.652381
8.439286
8.532143
8.845238
7.785714
8.333333
9.775000
11.161905
7.071429
12.046429
7.000000
8.353571
7.080952
8.434524
5.322619
7.290476
6.366667
5.976190
9.659524
7.171429
6.203571
6.900000
9.614286
7.691667
5.448810
9.333333
8.428571
8.003571
8.114286
8.128571
8.492857
10.071429
6.695238
12.705952
5.690476
9.396429
6.997619
6.902381
8.361905
10.828571
10.567857
10.802381
8.636905
7.652381
9.825000
8.809524
10.653571
8.726190
10.336905
7.092857
7.384524
6.933333
9.110714
10.233333
10.519048
9.979762
9.638095
10.028571
9.507143
5.445238
7.483333
7.560714
6.741667
8.325000
10.873810
7.705952
5.809524
8.971429
7.985714
10.547619
5.966667
7.057143
9.807143
6.428571
9.690476
6.151190
9.096429
8.180952
9.342857
8.657143
9.076190
7.576190
7.870238
7.833333
10.498810
10.014286
8.266667
10.090476
6.566667
11.185714
9.308333
7.409524
8.657143
6.664286
9.413095
7.819048
9.728571
8.871429
10.200000
9.519048
7.955952
10.071429
6.926190
8.361905
9.547619
10.342857
7.076190
9.467857
8.888095
9.117857
6.219048
5.738095
7.152381
7.454762
6.911905
8.246429
7.130952
7.038095
7.466667
5.575000
5.433333
9.448810
7.629762
7.338095
8.080952
8.603571
10.580952
10.789286
5.579762
7.728571
6.704762
7.010714
9.604762
8.804762
7.619048
10.204762
5.509524
5.690476
7.585714
10.585714
8.060317
7.266667
6.209524
7.636905
7.576190
9.457143
8.957143
11.673810
5.538095
9.883333
8.753571
9.076190
7.339286
5.476190
5.885714
8.385714
7.955952
8.044048
6.309524
6.564286
8.480952
6.007143
7.919048
5.178571
10.066667
9.009524
5.909524
7.033333
8.733333
5.042857
7.057143
10.119048
8.900000
8.323810
7.242857
10.257143
10.257143
7.066667
9.866667
8.002381
7.155952
10.054762
7.335714
6.938095
11.471429
9.483333
7.800000
8.290476
7.776190
9.695238
6.171429
11.339286
8.525000
9.538095
6.072619
7.597619
11.442857
5.817857
8.195238
9.950000
9.203571
7.852381
10.335714
8.869048
8.661905
7.371429
7.933333
6.871429
7.733333
6.040476
8.314286
6.548810
7.290476
9.219048
9.538095
9.200000
7.542857
5.152381
7.665476
6.495238
7.561905
6.839286
10.157143
11.869048
7.069048
10.196429
9.423810
7.071429
8.714286
8.600000
9.350000
9.528571
10.213095
8.861905
6.683333
7.501190
8.227381
9.280952
10.034524
8.304762
10.547619
8.101190
5.433333
7.019048
7.682143
12.014286
9.466667
9.004762
6.950000
9.714286
10.348810
7.676190
6.590476
8.808333
7.747619
8.675000
8.246429
9.446429
8.491667
12.394048
9.480952
8.691667
10.169048
6.977381
5.419048
7.847619
9.880952
9.471429
6.833333
7.247619
8.727381
9.285714
7.644048
9.323810
8.016667
5.873810
7.826190
10.078571
6.575000
8.178571
5.926190
7.947619
10.941667
7.376190
7.089286
7.985714
8.344048
7.390476
6.509524
7.561905
8.147619
7.167857
8.764286
7.938095
5.988095
7.879762
6.123810
7.680952
6.635714
8.144444
8.657143
6.070238
9.842857
10.235714
8.665476
10.066667
6.009524
7.509524
9.069048
7.471429
8.759524
6.267857
9.138095
10.504762
8.357143
6.900000
7.542857
6.925000
7.328571
9.100000
10.169048
9.704762
7.863095
10.247619
9.614286
10.280952
8.977778
8.400000
8.725000
7.271429
8.573810
6.711905
10.892857
8.809524
10.507143
8.166667
7.771429
9.076190
9.390476
9.990476
7.728571
9.394048
6.733333
7.325000
6.533333
9.819048
9.069048
6.880952
8.240476
7.123810
9.338095
5.409524
10.619048
7.017857
8.119048
6.526190
6.276190
8.476190
10.633333
5.321429
6.523810
5.254762
9.309524
8.619048
7.292857
6.304762
5.807143
8.171429
6.238095
7.138095
7.676190
12.225000
8.947619
6.152381
9.023810
8.395238
6.272619
6.938095
9.066667
5.978571
6.016667
10.100000
6.507143
8.385714
8.609524
7.382143
7.342857
10.002381
9.160714
8.021429
4.919048
10.477381
8.733333
8.066667
8.842857
6.734921
10.528571
7.282143
8.766667
5.685714
8.095238
7.966667
4.847619
7.883333
8.395238
8.523810
9.100000
5.919048
9.133333
5.285714
6.219048
6.557143
8.525000
8.411905
9.347619
6.300000
7.242857
8.223810
7.100000
9.200000
9.092857
7.509524
7.323810
7.595238
7.764286
8.209524
5.804762
7.309524
8.309524
11.257143
10.214286
7.677381
5.495238
7.595238
6.442857
5.976190
6.819048
9.076190
7.657143
7.676190
9.533333
8.757143
9.609524
9.009524
7.730952
6.866667
7.334524
6.771429
9.885714
9.572619
9.995238
8.657143
10.923810
7.795238
6.008333
8.207143
7.333333
9.138095
7.509524
9.785714
6.744048
10.222619
8.255952
7.923810
9.157143
7.410714
6.604762
9.376190
7.885714
7.304762
9.864286
9.391667
7.609524
8.485714
8.452381
8.282143
8.541667
6.433333
5.795238
7.790476
12.052381
9.195238
7.357143
8.180952
10.028571
8.666667
8.657143
8.000000
8.315476
8.292857
9.952381
8.380952
8.041667
8.398810
10.103571
6.675000
8.246429
8.003571
9.985714
8.350000
8.871429
7.567857
7.090476
9.984524
6.305952
6.388095
7.322619
7.891667
8.982143
9.845238
7.269048
8.308333
7.952381
5.354762
7.533333
6.653571
8.100000
8.742857
11.895238
7.752381
6.533333
7.847619
5.676190
5.883333
6.664286
7.630159
9.571429
8.685714
10.367857
7.078571
9.021429
7.185714
7.541667
8.657143
10.000000
10.090476
9.504762
10.352381
6.466667
7.659524
8.145238
10.319048
6.900000
7.813095
8.447619
9.616667
10.091667
10.804762
8.928571
6.814286
8.414286
5.385714
10.000000
6.502381
9.385714
7.021429
7.128571
7.228571
6.619048
8.123810
8.128571
6.901190
6.900000
8.553968
9.961905
8.033333
10.305952
6.504762
9.634524
9.296429
9.976190
8.258333
7.009524
11.357143
6.071429
6.617857
7.990476
8.338095
6.772619
7.691667
8.451190
7.857143
10.107143
8.123810
9.076190
10.155952
10.302381
8.044048
9.238095
7.909524
5.823810
10.271429
7.479762
10.300000
8.885714
5.466667
6.357143
9.800000
10.728571
9.022619
11.119048
7.890476
6.492857
8.752381
8.441270
7.176190
9.219048
5.328571
8.076190
6.423810
6.390476
9.191667
10.526190
8.585714
8.151190
5.052381
6.111905
6.735714
6.854762
8.714286
7.809524
10.451190
6.489286
7.995238
9.786905
10.047619
7.614286
8.000000
7.938095
10.404762
5.654762
6.830952
7.600000
5.285714
7.523810
11.947619
10.395238
9.376190
6.642857
6.871429
8.809524
7.176190
8.025000
7.772619
9.905952
6.314286
9.223810
9.471429
6.904762
10.980952
7.972619
6.023810
7.609524
7.367857
7.732143
8.605952
7.292857
7.426190
10.492857
6.397619
6.923810
8.527381
7.057143
10.457143
9.647619
5.365476
7.097619
5.671429
7.457143
5.909524
9.340476
7.272619
8.557143
8.073810
8.188095
9.697619
5.427381
7.779762
8.642857
10.790476
7.152381
11.414286
7.426190
5.514286
7.371429
8.938095
7.847619
9.547619
7.514286
8.184524
7.273810
9.190476
8.884524
7.050000
7.459524
9.633333
6.780952
8.547619
8.804762
8.707143
10.157143
11.700000
8.302381
7.595238
6.429762
9.238095
8.264286
9.042857
10.700000
8.240476
8.269048
11.742857
7.552381
7.814286
8.238095
9.346429
9.152381
9.552381
8.519048
8.157143
7.938095
9.319048
5.780952
6.828571
6.995238
5.739286
9.800000
9.840476
7.107143
10.752381
6.085714
8.726190
8.804762
5.466667
10.330952
8.352381
11.657143
8.576190
7.546429
6.528571
8.276190
7.097619
8.195238
6.914286
9.257143
6.257143
5.150000
8.271429
7.031349
6.485714
8.971429
8.270238
8.914286
7.914286
9.633333
9.800000
6.052381
10.790476
8.428571
9.514286
9.563095
6.702381
10.271429
8.360714
9.761905
