14.584524
14.066667
10.500000
13.930952
13.285714
12.638095
14.433333
16.264286
10.152381
14.713095
10.582143
16.610714
15.770238
14.967857
12.979762
17.751190
18.488095
17.157143
14.451190
8.914286
13.105952
11.603571
12.697619
12.501190
15.514286
9.359524
17.951190
12.259524
10.870238
13.828571
17.495238
8.407143
13.751190
10.067857
16.790476
17.323810
10.561905
13.950000
14.889286
14.636905
17.969048
11.592857
14.278571
12.604762
12.785714
16.076190
12.933333
15.338095
12.023810
11.721429
14.754762
12.154762
13.436905
11.690476
13.495238
13.747619
15.380952
16.150000
14.000000
16.719048
13.620238
14.566667
13.566667
15.982143
17.450794
11.313095
15.002381
17.919048
15.052381
12.744048
10.778571
10.110714
15.947619
8.890476
14.090476
14.959524
14.309524
15.611905
15.326190
12.900000
13.594048
12.016667
14.002381
14.016667
17.885714
16.019048
15.876190
14.520238
14.109524
14.861905
16.870238
18.800000
13.350000
15.067857
9.880952
13.721429
17.620238
13.382143
14.665476
11.621429
16.128571
14.935714
13.746032
14.888095
15.900000
14.921429
13.638095
16.232143
18.217857
16.316667
12.823810
17.486905
12.826190
11.228571
19.258333
10.771429
13.766667
15.598810
15.750000
11.576190
12.563492
15.919048
10.559524
12.728571
15.591667
13.195238
12.445238
12.855952
13.508333
14.325000
14.977381
14.019048
10.571429
17.154762
10.677381
15.117857
13.821429
19.111905
13.630952
13.658730
15.033333
13.683333
19.863095
15.714286
14.678571
15.979762
16.516667
14.566667
14.435714
13.997619
16.942857
10.894048
15.228571
15.182143
13.242857
17.267857
14.532143
12.186905
15.522619
12.066667
18.958333
15.138095
9.091667
16.908333
13.278571
15.532143
12.880952
13.903571
14.080952
11.015476
13.839286
15.242857
12.182143
14.484524
15.014286
12.207143
14.314286
16.532143
14.367857
10.720238
16.134524
13.707143
13.272619
18.195238
18.425000
14.730952
12.303571
13.970238
12.791667
7.271429
13.804762
14.708333
10.350000
18.073810
13.445238
17.034524
14.357143
14.817857
15.111905
11.478571
13.295238
14.361905
14.602381
16.402381
16.575000
15.522619
10.879762
9.867857
12.666667
13.810714
16.214286
13.451190
13.809524
14.819048
13.459524
10.009524
19.641667
13.746429
14.109524
12.363095
17.797619
12.438095
15.495238
12.051190
16.128571
17.230952
12.847619
9.930952
12.879762
13.157143
7.123810
20.990476
12.575000
11.152381
13.767857
15.510714
18.427381
14.790476
12.421429
13.563095
17.295238
13.433333
12.095238
15.904762
16.203571
17.689286
13.647619
13.700000
12.376190
13.876190
13.209524
13.482143
16.857143
15.833333
13.919048
12.429762
15.009524
15.838095
13.608333
13.626190
15.492857
15.213095
15.235714
17.995238
15.588095
15.361905
13.538095
13.115476
12.644048
18.242857
16.913095
15.642857
14.700000
12.795238
15.201190
13.113095
15.366667
13.758333
10.772619
14.951190
14.678571
15.333333
14.159524
16.088095
9.635714
11.019048
13.221429
14.726190
16.600000
17.876190
13.880952
15.988095
15.951190
17.179762
12.985714
11.448810
14.822619
12.985714
14.175000
16.088095
16.313095
12.204762
12.217857
16.342857
16.259524
12.402381
13.430952
16.332143
13.576190
17.804762
17.957143
12.676190
9.914286
12.475000
16.720238
12.540476
16.384524
14.301190
13.400000
15.304762
10.290476
10.983333
14.600000
14.571429
14.095238
13.628571
9.582143
14.801190
16.755952
10.771429
17.954762
11.160714
12.267857
13.173810
12.328571
15.552381
14.615476
16.685714
12.384524
11.494048
14.823810
16.591667
14.195238
19.016667
12.576190
16.071825
14.502381
10.476190
14.671429
16.228571
16.723810
15.222619
16.069048
10.692857
14.273810
11.703571
11.847619
15.771429
15.539286
13.336905
16.811905
11.369048
12.890476
13.926190
8.890476
12.801190
11.455952
16.801190
13.047619
10.875000
12.995238
12.785714
11.722619
18.152381
14.348810
10.515476
14.683333
9.485714
12.566667
12.709524
11.714286
13.665476
17.695238
11.496429
14.605952
14.819048
19.128571
11.760714
15.259524
15.442063
16.947619
15.644048
14.976190
16.707143
12.780952
17.314286
11.169048
13.495238
16.955952
14.005952
9.944048
11.459524
14.267857
20.689286
12.809524
14.607143
16.464286
12.130952
12.829762
13.192460
13.588095
17.707143
15.444048
15.863492
14.051190
12.636111
12.989286
16.111905
13.871429
10.733333
16.851190
7.600000
13.873810
16.323810
14.919048
10.088095
14.890476
13.950000
18.247619
14.465476
9.675000
14.123810
12.219048
13.938095
14.659524
13.783333
14.695238
13.391667
16.242857
16.644048
13.758333
14.330952
13.185714
8.994048
14.270238
17.029762
12.773810
12.339286
14.771429
16.116667
12.264286
12.560714
9.396429
11.107143
13.614286
14.613095
15.742857
15.027381
12.696429
13.994048
15.571429
11.227381
14.738095
18.627381
14.441667
14.883333
11.145238
13.814286
13.814286
13.700000
11.714286
17.714286
18.458333
15.963095
12.935317
13.486905
11.702381
13.803571
15.959524
14.701190
14.502381
12.389286
11.619048
14.333333
14.641667
9.911905
12.476190
12.341667
12.994048
8.047619
13.880952
12.347619
14.388095
15.085714
10.938095
15.627381
16.234524
15.403571
8.113095
15.258333
14.808333
18.295238
15.516667
14.030952
15.942857
14.073810
16.688095
12.069048
13.391667
15.366667
16.141667
9.895238
13.789286
17.483333
16.714286
13.315476
12.092857
13.961905
11.838095
16.461905
15.739286
15.644048
14.709524
14.382143
11.519048
13.150000
13.141667
11.711905
14.961905
11.892857
15.428571
13.322619
15.665476
13.804762
12.691667
15.104762
12.661905
15.390476
14.323810
13.978571
15.790476
13.721429
14.502381
15.047619
15.563095
12.607143
13.328571
16.207143
13.300000
12.509524
11.526190
12.607143
15.171429
15.352381
14.396429
9.895238
18.814286
15.815476
14.931746
15.719048
16.625000
14.269048
14.676190
18.668651
13.714286
10.357143
14.142857
17.619048
13.384524
13.026190
13.408333
15.409524
20.186905
17.171429
12.966667
18.690476
12.298810
14.678571
10.186905
15.634524
11.669841
17.080952
15.990476
20.664286
16.909524
13.707143
16.169048
16.655952
16.602381
15.344048
13.661905
13.204762
16.857143
15.380952
14.945238
19.204762
15.347619
11.377381
15.829762
11.657143
13.622619
12.388095
16.260714
15.722619
17.369048
13.901190
15.825000
16.938095
12.842857
14.614286
14.880952
12.771429
13.134524
12.576190
16.253571
11.860714
15.958333
16.857143
9.961905
11.366667
15.290476
11.295238
15.985714
18.733333
15.970238
14.308333
12.305952
13.821429
17.334524
11.908333
12.342857
13.373810
11.571429
14.759524
12.685714
11.809524
16.733333
13.109524
12.698810
13.709524
15.394048
17.185714
12.376190
13.290476
9.541667
16.790476
14.038095
14.308333
17.311905
16.595238
17.785714
17.623810
10.601190
15.073810
13.842857
16.563095
13.191667
16.423810
12.571429
16.204762
14.195238
13.030159
11.919048
16.109524
14.007143
15.359524
14.490476
9.547619
13.561905
13.321429
16.902381
11.255952
14.426190
12.476190
12.153571
10.979762
12.334524
14.752381
12.220635
12.798810
10.773810
14.167857
18.097619
16.244048
11.870238
11.564286
15.533333
14.355556
13.350000
9.700000
15.142857
9.721429
14.141667
11.757143
13.833333
13.572619
11.325000
14.780952
11.157143
11.666667
17.455952
14.028571
11.905952
13.097619
18.561905
13.266667
13.187302
12.383333
12.567857
13.809524
12.626190
16.086905
13.219048
14.296032
7.255952
14.229762
13.813095
19.205952
14.344048
13.966667
11.784127
11.857143
10.466667
17.133333
14.063492
13.900000
11.445238
13.126190
14.246429
14.115476
17.164286
11.283333
11.923810
16.523810
15.826190
13.497619
16.183333
12.134524
17.720238
16.323810
17.926190
15.166667
9.080952
9.492857
17.630952
15.985714
14.467857
13.821429
15.108333
15.552381
16.680952
8.821429
11.427381
12.697619
12.620238
16.695238
11.946429
15.576190
12.850000
14.680952
15.402381
11.903571
16.004762
14.801190
13.932143
13.757143
15.204762
11.521429
12.853571
9.942857
17.927381
13.111905
16.516667
17.638095
12.886905
10.323810
14.753571
14.145238
11.438095
15.669048
17.529762
11.803571
11.307143
17.564286
13.178968
12.685714
11.153571
13.158333
16.415476
14.505952
14.369048
16.190476
11.948810
13.082143
16.539286
13.423810
15.559524
16.373810
11.513095
14.422619
14.734524
15.088095
14.758333
10.864286
17.901190
14.342857
13.166667
17.416667
15.052381
13.909127
13.780952
15.504762
13.263095
10.629762
12.500000
13.511905
17.797619
14.697619
11.159524
11.703571
13.598810
16.004762
11.961905
11.891667
15.172619
13.865476
12.696429
11.083333
17.098810
12.896429
14.771429
15.271429
12.297619
13.647619
14.971429
18.853571
14.341667
13.890476
16.408333
13.611905
16.758333
15.273810
16.927381
15.514286
15.027381
17.565476
13.335714
18.661905
14.959524
9.479762
16.395238
13.219048
13.090476
18.121429
13.296429
17.508333
14.995238
12.121429
15.520238
15.076190
16.716667
11.498810
12.648810
16.219048
11.385714
7.930952
13.239286
15.491667
14.595238
15.570238
14.626190
14.987698
15.095238
9.980952
10.628571
14.173810
13.636905
16.196429
15.021429
12.322619
14.328571
15.676190
16.942857
16.083333
12.791667
16.638095
13.969048
14.980952
11.459524
13.680952
11.738095
15.413095
13.685714
16.911905
11.717857
12.466667
14.005952
17.345238
11.458333
12.842857
12.354762
14.052381
14.309524
12.190476
16.263095
13.950000
17.189286
15.266667
14.442857
15.678571
13.219048
17.602778
14.609524
13.437698
11.858730
13.826190
9.485714
15.722619
15.980952
14.558333
13.309524
10.283333
16.145238
10.295238
12.632143
13.658333
9.359524
14.097619
10.776190
10.769048
12.152381
9.882540
15.111905
16.885714
13.823810
16.176190
12.576190
15.105952
18.214286
13.669048
15.596429
16.407143
16.280952
16.690476
12.704762
14.075000
17.483333
11.608333
18.111905
14.166667
15.760714
17.166667
16.430952
14.976984
14.619048
12.585714
15.790476
10.252381
13.326190
12.938095
13.038095
10.877381
15.304762
13.642857
15.073810
12.380952
16.471429
16.052381
11.290476
15.033333
11.247619
8.607143
13.795238
15.014286
16.623810
12.759524
13.620238
14.280952
14.736905
11.626190
8.890476
11.423810
13.998810
20.755556
11.633333
12.988095
15.640476
19.080952
11.291667
14.554762
12.683333
16.158333
12.681746
17.451190
17.325000
16.332143
13.157143
14.122619
20.226190
10.933333
18.725000
15.757143
14.525000
11.747619
10.122619
14.821429
12.098810
15.922222
15.718254
12.402381
11.758333
13.776190
15.192857
14.129762
12.813095
15.683333
13.584524
18.477381
11.350000
14.780952
9.114286
9.846429
16.028571
15.650000
16.132143
13.400000
16.050000
22.989286
15.171429
16.852381
16.523810
14.966667
15.153571
11.645238
10.816667
10.011905
14.882143
14.832143
13.611905
17.011508
11.294048
11.642857
16.511905
15.398810
13.114286
14.364286
11.547619
14.967857
15.939286
9.172619
9.919048
16.717857
16.203571
11.826190
10.066667
13.845238
16.739286
17.625000
10.295238
13.197619
15.090476
15.715476
13.414286
14.095238
8.992857
13.500000
14.109524
10.092857
10.080952
15.001190
11.028571
14.719048
12.147619
15.314286
11.676190
18.700000
10.638095
10.063095
14.490476
13.392857
16.245238
11.647619
17.098810
11.134524
16.507143
15.551190
17.473810
14.398810
11.761905
17.769048
16.094048
13.078571
14.161905
14.250000
8.347619
16.088095
13.992857
14.580952
14.338095
15.657143
13.386905
10.542857
15.552381
19.776190
15.552381
14.325000
13.008333
13.819048
15.009524
17.222619
12.863095
9.796429
14.650000
13.600000
16.044048
15.923810
11.242857
15.936905
15.301190
12.967857
14.842857
17.071429
12.225000
15.444048
12.420238
16.807143
10.140476
16.361905
16.513095
17.900000
9.623810
15.153571
13.585714
14.564683
12.497619
11.434524
17.436905
12.854762
11.790476
16.676190
17.315476
15.321429
14.132143
14.795238
14.354762
13.266667
14.604762
13.331349
14.448810
10.461905
11.552381
13.544048
14.171429
10.015476
13.385714
20.139286
14.663095
13.576190
10.595238
12.647619
14.810714
13.428571
12.952381
19.373810
12.246429
12.597619
16.052381
11.569048
12.561905
11.857143
16.423810
15.707143
14.250000
11.011905
14.395238
13.790476
12.961905
15.747619
10.902381
12.869048
15.338095
15.669048
17.214286
12.926190
8.920238
18.211905
15.136905
12.990476
12.421429
11.121429
