14.652381
16.361905
16.180952
15.976190
15.370238
14.733333
13.402381
14.563095
11.492460
11.369048
10.800000
10.800000
12.678571
12.098810
8.496429
16.986905
16.409524
13.640476
17.821429
17.857143
15.747619
14.868254
16.370238
9.553571
10.998810
13.371429
12.307143
16.873810
15.520635
15.564286
16.078571
13.279762
12.386905
13.459524
14.554762
15.911905
14.904762
12.788889
15.844048
18.540476
17.063095
17.007143
11.439286
19.371429
14.042857
13.564286
13.839286
11.572619
11.676190
13.967857
14.990476
15.494048
17.890476
12.100000
13.852381
21.461905
19.271429
12.459524
12.657143
13.633333
13.763095
10.095238
14.657143
13.972619
19.397619
10.333333
16.783333
13.742857
17.700000
16.095238
14.069048
11.600000
17.614286
11.377381
16.070238
13.166667
16.323810
15.577381
16.834524
16.680952
17.304762
14.263095
12.588095
13.104762
13.954762
11.300000
14.819048
13.048810
18.245238
13.260714
13.034524
12.342857
17.114286
14.591667
12.395238
13.419048
14.621429
10.559524
12.093254
10.794048
11.641667
13.601190
12.546429
13.255952
15.602381
11.654762
12.985714
14.334524
16.232143
12.714286
10.319048
16.105952
12.636905
17.547619
17.942857
15.842857
16.564286
13.434524
12.372619
16.308333
17.147619
15.997619
12.478571
16.233333
17.028571
13.434524
12.542857
15.350000
18.270238
14.990476
13.930952
10.497619
17.104762
14.263095
14.315476
10.675000
13.604762
11.928571
14.500000
15.930952
13.704762
12.998810
15.948810
12.680952
15.604762
15.027381
12.644048
10.404762
15.846429
16.308333
14.536905
14.833333
13.391667
18.983730
18.752381
14.385714
17.569048
17.105952
18.010714
15.305952
16.252381
9.427381
18.861905
16.629762
11.511905
10.023810
14.405952
17.169048
18.190476
16.442857
14.000000
15.395238
13.517857
16.482143
10.347619
13.113095
11.989286
14.133333
17.390476
11.617857
14.900000
18.141667
19.410714
14.295238
13.964286
16.104762
17.411905
12.788095
12.090476
12.850000
14.628571
13.165476
12.969841
15.392857
10.083333
14.480952
15.445238
13.835714
12.266667
17.321429
14.616667
14.134524
16.547619
12.703571
16.895238
16.827381
11.622619
17.002381
15.761905
15.259524
15.409524
14.207143
13.184524
13.582143
16.492857
14.621429
17.011111
17.322619
17.341667
17.128571
11.058333
17.472619
13.964286
11.409524
14.345238
15.709524
13.977381
13.872619
16.433333
12.195238
11.209524
14.527381
13.830952
11.460714
12.473810
15.102381
16.370238
15.951190
11.992857
14.613095
12.798810
13.319048
13.092857
13.738095
13.129762
14.400000
19.666667
19.676190
12.792857
9.888095
11.286905
17.857143
12.861905
17.876190
14.785714
15.108333
9.052381
12.814286
16.675000
15.020238
18.580952
9.753571
16.476190
12.338095
11.965476
14.390476
11.828571
16.757143
10.919048
14.019048
11.709524
13.976190
16.892857
15.945238
12.057143
11.811905
15.982143
13.182143
16.510714
19.203571
12.334524
11.509524
11.688095
14.457143
13.047619
15.861905
12.758333
16.847619
14.626190
16.638095
14.309524
16.691667
14.165476
11.871429
13.700000
13.115476
11.564286
14.986905
15.394048
17.220238
12.834524
15.288095
13.354762
14.771429
15.239286
15.442857
14.509524
14.885714
15.245238
13.457143
16.494048
13.704762
17.265476
12.301190
12.540476
16.525397
10.094048
15.270238
14.372619
12.328968
15.885714
12.484921
15.565476
11.476190
11.210714
10.283333
12.376190
15.322619
16.546429
13.109524
10.945238
9.317857
14.348810
12.889286
13.223810
15.309524
15.690476
13.614286
12.250000
12.995238
15.963095
12.889286
13.465079
14.232143
10.342857
18.235714
13.895238
14.295238
17.164286
17.154762
15.287302
13.507143
16.653571
11.336508
18.603571
13.342857
14.757143
13.770238
13.960714
14.904762
13.452381
14.142857
13.929762
13.723810
16.700000
18.460714
16.168254
11.708333
14.276190
18.572619
17.498810
13.550000
16.479762
10.177381
13.361905
16.779762
13.105159
18.317857
17.585714
11.938095
12.819048
16.423810
16.515476
11.519048
14.814286
16.003571
17.384524
14.628571
10.610714
16.020238
14.366667
12.773810
13.166667
12.071429
18.265476
11.191667
17.540476
15.484524
13.876190
11.915476
20.361905
13.836905
12.758333
11.167857
12.752381
14.223810
11.004762
11.345238
16.727381
17.307143
18.147619
11.810714
17.226190
17.219048
15.936905
16.020238
19.519048
12.664286
17.289286
12.190476
12.159524
15.019048
15.508333
15.457143
14.228571
15.014286
18.890476
19.125000
13.200000
19.257143
16.823810
13.991667
15.319048
10.789286
12.107143
15.880952
17.788095
14.328571
13.842063
10.929762
10.829762
13.097619
9.195238
15.955952
14.938095
12.140476
17.454762
13.847619
15.096429
11.338095
16.179762
14.538095
14.202381
16.951190
13.479762
14.666270
14.313095
12.350000
15.966667
15.132143
16.771429
14.479762
12.842857
14.392857
13.250000
11.895238
19.491667
12.448810
13.882143
13.257143
15.459524
17.919048
15.138095
15.642857
16.361905
11.354762
16.155952
17.050000
13.211905
13.336905
12.595238
13.397619
13.140476
14.122619
13.738095
17.514286
12.866667
16.742857
12.616667
7.813095
10.479762
14.614286
14.786905
14.921429
13.792857
15.123810
12.490476
14.426190
12.705952
11.779762
14.738095
14.771429
12.254762
15.265476
16.036905
14.614286
13.989286
14.938095
15.433333
13.471429
12.582143
11.238095
17.526190
14.535714
16.052381
15.467857
12.528571
13.990476
13.109524
21.239286
11.129762
12.045238
10.272619
14.450000
11.750000
12.134524
16.252381
18.100000
15.989286
13.053571
13.770238
14.204762
15.336905
15.515476
17.966667
14.685714
13.285714
12.458333
12.495238
14.539286
9.985714
13.526190
14.173810
18.560714
19.216667
15.785714
12.588095
11.766667
13.980952
11.471429
12.266667
17.900000
10.795238
17.072619
12.633333
12.319048
12.942857
15.428571
12.321429
15.626190
10.553571
15.186905
16.070238
14.915476
12.713095
18.185714
12.676190
14.014286
13.747619
13.823810
15.942857
15.601190
14.696429
13.135714
13.761905
15.653571
19.205952
10.123810
13.100000
13.675000
15.407143
13.329762
14.804762
11.309524
14.173810
12.640476
12.011905
15.185714
15.771429
12.207143
17.247619
13.614286
11.495238
13.610714
16.676190
14.488095
11.904762
18.194048
17.721429
12.247619
15.216667
13.786905
12.802381
17.391667
15.652381
13.505952
16.580952
11.723810
16.780952
11.129762
14.758333
17.047619
10.608333
11.540476
10.038095
12.961905
13.726190
15.884524
15.308333
17.234524
9.447619
15.948810
12.951190
11.952381
15.176190
12.714286
15.161905
14.236905
16.536905
11.726190
11.628571
10.930952
14.732143
16.905952
13.027381
14.952381
17.821429
12.342857
15.023810
14.170238
14.323810
13.445238
14.186905
15.932143
11.550000
13.059524
13.897222
15.108333
15.238095
18.729762
14.085714
11.177381
14.157143
14.361905
13.514286
17.925000
14.350000
20.261905
18.876190
13.160714
15.055952
16.711905
12.866667
17.319048
12.828571
18.629762
9.178571
15.032143
15.740476
11.683333
16.784524
15.501190
13.427381
14.135714
11.923810
18.210714
10.011905
14.761905
18.188095
10.552381
13.900000
10.119048
14.347619
14.395238
20.560714
12.100000
16.008333
15.166667
16.741667
14.736905
16.316667
10.908333
13.365476
13.463095
17.161905
10.790476
14.285714
10.397619
15.466667
14.402381
17.166667
13.171429
17.728571
19.057143
12.128571
13.904762
17.745238
15.275000
13.936905
16.673413
14.776190
12.397619
12.409524
14.766667
13.392460
17.737698
8.729762
14.026190
14.686905
12.676190
14.795238
14.726190
12.395238
14.840476
14.294048
12.478571
18.236508
13.923810
12.434524
18.209524
17.748810
16.167857
11.871429
17.861905
15.965476
14.554762
16.951190
15.369048
17.010714
15.666667
18.066667
10.726984
16.347619
14.991667
11.885714
13.944048
17.827381
14.403571
13.090476
15.919048
17.261905
16.814286
10.833333
16.147619
17.176190
14.673810
12.110714
15.861905
13.945238
13.316667
13.845238
14.080952
15.240476
17.942857
15.045238
13.305952
17.190476
11.819048
14.061905
18.435714
12.095238
17.346429
13.651190
19.664286
16.395238
10.690476
13.185714
15.558333
15.690476
14.088095
8.566667
12.952381
16.346429
12.050000
18.409524
15.979762
15.301190
9.371429
18.233333
13.557143
16.541667
16.089286
13.092857
18.233333
22.300000
17.419048
14.909524
16.514286
16.991667
15.982143
13.804762
14.729762
10.484524
12.890476
10.976190
11.729762
19.838095
13.807143
14.652381
14.291667
11.266667
14.459524
13.941667
11.000000
13.340476
16.350000
12.644048
9.641667
13.732143
15.211905
11.604762
13.701190
12.847619
15.429762
16.096429
12.804762
13.957143
17.876190
15.736905
15.869048
18.394048
13.279762
12.304762
16.746429
13.463095
16.473810
10.951190
18.097619
14.261905
19.654762
16.266667
9.077381
13.677381
12.938095
13.863095
14.030952
10.219048
10.714286
16.201190
18.688095
13.997619
14.150000
15.725000
12.957143
12.890476
15.619048
12.686905
12.666667
12.123810
17.189286
15.723810
13.933333
10.558333
11.704762
14.898810
16.233333
14.282143
12.947619
13.092857
14.719048
14.288095
15.941667
12.503571
12.800000
14.458333
19.090476
16.326190
12.489286
12.026190
15.090476
14.973810
13.463095
17.283333
13.241667
13.245238
12.617857
17.260714
13.794048
14.896429
17.082143
13.045238
10.667857
12.320238
13.804762
16.686905
15.952381
16.471429
11.897619
13.566667
13.985714
14.529762
10.621429
11.675000
12.764286
9.866667
17.088095
14.025000
19.516667
12.700000
11.316667
12.857143
13.290476
17.122619
12.575000
11.633333
19.347619
13.268254
11.401190
14.057143
14.939286
15.615476
16.045238
15.892857
19.772619
14.272619
15.239286
11.947619
13.733333
14.708333
15.504762
14.578571
14.845238
11.314286
11.966667
15.117460
14.846429
13.073810
15.102381
12.844048
12.277381
14.572619
13.807143
13.046429
15.721429
14.060714
14.800000
21.088095
16.540873
15.357143
10.059524
15.357143
12.892857
14.258730
17.197619
19.257143
17.644048
14.507143
16.580952
18.219048
14.134524
11.720238
20.588095
13.711905
16.297619
14.947619
13.447619
14.309524
16.359524
12.233333
17.257143
18.632143
12.339286
13.033333
14.230952
15.984524
16.402381
12.197619
16.848810
11.833333
13.166667
15.214286
17.477381
17.128571
15.976190
9.635714
15.058333
16.752381
17.261905
16.703571
15.976190
13.766667
15.388095
13.601190
11.171429
14.809524
15.095238
13.015476
12.960714
11.996429
14.763095
16.166667
15.925000
18.321429
8.652381
18.466667
10.895238
12.546429
14.086905
13.788095
16.778571
12.214286
13.526190
15.261905
13.250000
11.257143
13.480952
15.178571
15.228571
16.342857
16.092857
15.965476
13.644048
14.247619
11.760714
11.895238
16.248810
18.016667
13.888095
13.747619
15.846429
14.234524
16.152381
11.997619
15.640476
11.970238
14.529365
14.834524
17.528571
14.660714
12.108333
16.809524
12.509524
19.597619
14.442857
12.640476
13.189286
10.204762
13.311905
10.496429
15.528571
16.328571
13.032143
15.864286
11.052381
16.160714
11.940476
14.828571
10.863095
16.414286
13.404762
11.844048
10.552381
15.869048
12.511905
16.375000
18.409524
16.203571
16.171429
16.814286
14.288492
11.484921
13.688095
16.038095
13.861905
12.700000
12.289286
15.021429
15.297619
14.723810
15.366667
18.890476
12.572619
12.944048
15.327381
15.544841
14.233333
9.557143
15.679762
17.438095
13.429762
12.457143
16.341667
13.988095
11.773810
15.032143
15.910714
17.957143
12.038095
19.180952
13.078571
15.215476
11.350000
10.128571
14.021429
12.007143
15.229762
12.832143
15.471429
15.314286
11.779762
12.964286
15.351190
14.411905
15.415476
13.469048
12.923810
12.563095
17.619048
12.232143
12.304762
15.653571
16.254762
15.202381
14.590476
14.051190
13.615476
16.233333
13.371429
11.285714
16.345238
11.657143
13.050000
14.089286
16.786905
15.482143
11.351190
19.423810
16.146032
15.771429
9.147619
14.522619
11.521429
14.585714
16.830952
9.942857
13.690476
15.896429
19.197619
10.963095
15.290476
15.638095
12.035714
14.675000
12.659524
16.885714
8.980952
12.090476
14.142857
16.779762
12.761905
14.248810
17.038095
14.880952
12.674603
16.676190
13.264286
14.171429
15.863095
13.270238
14.603571
15.778571
18.463095
15.113095
16.623810
15.163095
13.707143
10.825000
13.726190
18.160317
15.192857
16.132143
14.480952
13.516667
10.750000
15.661905
16.875000
12.503571
13.342857
10.221429
12.108333
17.196429
13.702381
15.228571
14.705952
16.350000
16.600000
15.009524
15.233333
12.840476
13.919048
17.576190
14.830952
13.930952
13.600000
13.763095
14.827381
18.796429
16.746429
14.533333
13.360714
13.110714
13.447619
