   2    2    9 0.366667 1.633333
   1    0    7 0.000000 1.000000
   2    2   11 0.309524 1.690476
   1    0    5 0.000000 1.000000
   2    2    9 0.366667 1.633333
   1    0    6 0.000000 1.000000
   1    0    7 0.000000 1.000000
   2    2   11 0.309524 1.690476
   1    0    6 0.000000 1.000000
   1    0    5 0.000000 1.000000
   3    4   12 0.792857 2.207143
   1    0    7 0.000000 1.000000
   3    4   15 0.642857 2.357143
   1    0    6 0.000000 1.000000
   1    0    6 0.000000 1.000000
   1    0    7 0.000000 1.000000
   1    0    7 0.000000 1.000000
   3    6   13 0.952381 2.047619
   3    4   14 0.709524 2.290476
   6   14   22 2.385714 3.614286
   3    6   12 1.000000 2.000000
   1    0    6 0.000000 1.000000
   1    0    6 0.000000 1.000000
   1    0    6 0.000000 1.000000
   1    0    6 0.000000 1.000000
   1    0    7 0.000000 1.000000
   2    2   10 0.333333 1.666667
   2    2    9 0.366667 1.633333
   1    0    6 0.000000 1.000000
   2    2   10 0.333333 1.666667
   1    0    6 0.000000 1.000000
   2    2   10 0.333333 1.666667
   2    2   10 0.342857 1.657143
   2    2   10 0.333333 1.666667
   3    4   13 0.700000 2.300000
   2    2    9 0.366667 1.633333
   2    2   12 0.285714 1.714286
   6   14   21 2.400000 3.600000
   1    0    7 0.000000 1.000000
   1    0    7 0.000000 1.000000
   1    0    6 0.000000 1.000000
   2    2   11 0.309524 1.690476
   1    0    6 0.000000 1.000000
   1    0    7 0.000000 1.000000
   1    0    6 0.000000 1.000000
   1    0    6 0.000000 1.000000
   2    2    9 0.366667 1.633333
   1    0    7 0.000000 1.000000
   4   10   13 1.785714 2.214286
   1    0    7 0.000000 1.000000
   1    0    6 0.000000 1.000000
   1    0    5 0.000000 1.000000
   1    0    6 0.000000 1.000000
   4    8   13 1.566667 2.433333
   2    2   10 0.342857 1.657143
   2    2    8 0.400000 1.600000
   3    6   10 1.133333 1.866667
   1    0    7 0.000000 1.000000
   2    2   11 0.309524 1.690476
   1    0    6 0.000000 1.000000
   2    2    9 0.366667 1.633333
   2    2   11 0.309524 1.690476
   5    6   25 0.952381 4.047619
   5   12   17 2.095238 2.904762
   1    0    6 0.000000 1.000000
   2    2   12 0.285714 1.714286
   4    4   21 0.666667 3.333333
   3    2   16 0.309524 2.690476
   2    2   10 0.333333 1.666667
   1    0    5 0.000000 1.000000
   1    0    6 0.000000 1.000000
   7   16   24 2.930952 4.069048
   2    2   11 0.309524 1.690476
   2    2   11 0.309524 1.690476
   1    0    7 0.000000 1.000000
   8   26   19 4.610714 3.389286
   2    2    9 0.366667 1.633333
   1    0    6 0.000000 1.000000
   8   24   24 3.929762 4.070238
   1    0    7 0.000000 1.000000
   1    0    7 0.000000 1.000000
   3    6   13 0.971429 2.028571
   6   18   19 2.933333 3.066667
   4    8   17 1.285714 2.714286
   7   20   21 3.509524 3.490476
   8   26   19 4.680952 3.319048
   2    2    9 0.366667 1.633333
   2    0   13 0.000000 2.000000
   1    0    6 0.000000 1.000000
   3    4   14 0.652381 2.347619
   2    2   11 0.309524 1.690476
   3    6   13 0.983333 2.016667
   6   12   23 2.066667 3.933333
   2    2   10 0.342857 1.657143
   1    0    6 0.000000 1.000000
   4   10   15 1.619048 2.380952
   4    4   22 0.634524 3.365476
   2    2    9 0.366667 1.633333
   2    2    9 0.366667 1.633333
   4    6   20 0.928571 3.071429
   4    6   19 0.916667 3.083333
   4   10   11 1.900000 2.100000
   8   26   20 4.600000 3.400000
   2    2   10 0.333333 1.666667
   5   14   15 2.404762 2.595238
   2    2   11 0.325000 1.675000
   4    6   18 0.985714 3.014286
   1    0    6 0.000000 1.000000
   2    2    9 0.366667 1.633333
   1    0    6 0.000000 1.000000
   4    6   18 1.019048 2.980952
   2    0   11 0.000000 2.000000
  12   40   35 6.521429 5.478571
  10   28   32 4.609524 5.390476
   5   14   15 2.485714 2.514286
   1    0    5 0.000000 1.000000
   3    4   15 0.685714 2.314286
   1    0    6 0.000000 1.000000
   8   20   26 3.504762 4.495238
   5    8   22 1.319048 3.680952
   4    6   17 1.066667 2.933333
   6   18   17 3.133333 2.866667
   4    6   17 1.085714 2.914286
   1    0    7 0.000000 1.000000
   7   22   21 3.675000 3.325000
   2    2    9 0.366667 1.633333
   4   10   13 1.761905 2.238095
  10   32   28 5.392857 4.607143
   3    6   12 1.019048 1.980952
   1    0    6 0.000000 1.000000
   1    0    5 0.000000 1.000000
   6   10   25 1.628571 4.371429
   2    2   12 0.291667 1.708333
   4    6   19 1.019048 2.980952
   5    8   21 1.400000 3.600000
   1    0    7 0.000000 1.000000
  12   36   38 5.900000 6.100000
   8   10   40 1.667857 6.332143
   1    0    6 0.000000 1.000000
   1    0    6 0.000000 1.000000
   3    4   15 0.685714 2.314286
   1    0    7 0.000000 1.000000
  13   44   34 7.480952 5.519048
   6   12   24 2.076190 3.923810
   1    0    6 0.000000 1.000000
   5    6   26 0.977381 4.022619
   6   12   26 2.028571 3.971429
  14   38   46 6.523810 7.476190
   1    0    6 0.000000 1.000000
   8   20   27 3.423810 4.576190
   3    4   14 0.709524 2.290476
   1    0    6 0.000000 1.000000
   1    0    7 0.000000 1.000000
   2    2    9 0.366667 1.633333
   4    6   17 1.033333 2.966667
   1    0    6 0.000000 1.000000
   4    6   18 1.019048 2.980952
  11   26   39 4.433333 6.566667
  14   38   43 6.561905 7.438095
   3    2   15 0.333333 2.666667
   2    0   12 0.000000 2.000000
  14   48   36 8.057143 5.942857
   2    2   11 0.309524 1.690476
   4    4   18 0.700000 3.300000
   6   18   18 3.114286 2.885714
  15   56   34 9.376190 5.623810
   8   20   30 3.209524 4.790476
   2    2    8 0.400000 1.600000
   5   10   20 1.761905 3.238095
   2    2   12 0.291667 1.708333
   1    0    6 0.000000 1.000000
   8   18   31 2.828571 5.171429
  28   98   69 16.444048 11.555952
   3    4   15 0.642857 2.357143
   1    0    5 0.000000 1.000000
   3    0   19 0.000000 3.000000
   2    2   11 0.309524 1.690476
   1    0    7 0.000000 1.000000
   3    4   14 0.666667 2.333333
  17   58   44 9.719048 7.280952
  13   42   33 7.338095 5.661905
   1    0    6 0.000000 1.000000
   8   26   21 4.428571 3.571429
   3    4   15 0.628571 2.371429
   2    2   12 0.285714 1.714286
  14   50   35 8.366667 5.633333
  29  108   63 18.261905 10.738095
   6   16   20 2.804762 3.195238
   4    8   16 1.376190 2.623810
   1    0    6 0.000000 1.000000
   5   14   17 2.314286 2.685714
  17   48   54 8.042857 8.957143
  12   38   33 6.566667 5.433333
   1    0    7 0.000000 1.000000
   3    4   16 0.667857 2.332143
   2    2   10 0.333333 1.666667
  12   40   30 6.878571 5.121429
  37  152   69 25.704762 11.295238
   3    0   18 0.000000 3.000000
   4    8   19 1.296429 2.703571
   2    2   10 0.333333 1.666667
   6   12   22 2.185714 3.814286
   8   14   37 2.176190 5.823810
  23   84   52 14.152381 8.847619
   1    0    6 0.000000 1.000000
   4   10   15 1.595238 2.404762
  15   46   45 7.619048 7.380952
  34  126   74 21.611905 12.388095
   3    2   16 0.333333 2.666667
   1    0    6 0.000000 1.000000
   3    2   15 0.400000 2.600000
   8   14   36 2.238095 5.761905
  24   90   55 15.228571 8.771429
  13   46   28 8.147619 4.852381
   9   16   39 2.623810 6.376190
  39  146   89 24.504762 14.495238
   3    0   20 0.000000 3.000000
   2    2    7 0.450000 1.550000
   3    0   17 0.000000 3.000000
  26   90   63 15.297619 10.702381
  10   36   27 5.992857 4.007143
  12   28   45 4.834524 7.165476
  44  170   95 28.425000 15.575000
   1    0    7 0.000000 1.000000
   5   10   20 1.766667 3.233333
  26   78   82 13.000000 13.000000
   9   26   27 4.438095 4.561905
  23   90   45 15.280952 7.719048
  36  110  105 18.400000 17.600000
  16   52   40 9.082143 6.917857
  37  138   80 23.395238 13.604762
   9   30   25 4.923810 4.076190
  16   46   55 7.475000 8.525000
  22   50   84 8.270238 13.729762
  22   82   52 13.592857 8.407143
  32  136   59 22.430952 9.569048
   9   24   31 3.947619 5.052381
  13   34   42 5.757143 7.242857
  24   66   74 11.319048 12.680952
  29  128   50 21.226190 7.773810
  34  138   63 23.326190 10.673810
   9   28   26 4.814286 4.185714
  13   46   34 7.561905 5.438095
  15   34   53 5.798810 9.201190
  24   86   59 14.354762 9.645238
  25   88   61 14.784524 10.215476
  10   30   31 4.923810 5.076190
  19   70   43 11.800000 7.200000
  22   62   70 10.380952 11.619048
  16   34   65 5.545238 10.454762
  30  120   60 20.204762 9.795238
   3    6   12 1.019048 1.980952
  16   50   42 8.480952 7.519048
  35  116   95 19.588095 15.411905
  11   20   48 3.342857 7.657143
  21   68   56 11.528571 9.471429
  24   90   52 15.166667 8.833333
  44  166  100 27.577381 16.422619
  17   56   44 9.614286 7.385714
  18   54   60 8.673810 9.326190
  28  108   59 18.460714 9.539286
  37  120   99 20.400000 16.600000
  20   74   45 12.517857 7.482143
  19   56   60 9.358333 9.641667
  21   76   52 12.566667 8.433333
  40  150   87 25.366667 14.633333
  11   28   43 4.561508 6.438492
  15   26   66 4.352381 10.647619
  29   98   76 16.322619 12.677381
  45  154  109 26.180952 18.819048
   9   30   24 4.957143 4.042857
  19   54   63 8.952381 10.047619
  14   28   58 4.611905 9.388095
  58  248   95 42.197619 15.802381
  14   50   33 8.461905 5.538095
  15   32   56 5.416667 9.583333
   5    0   32 0.000000 5.000000
  66  314   83 52.302381 13.697619
   9   20   37 3.309524 5.690476
  12   36   39 5.919048 6.080952
   5    6   22 1.109524 3.890476
  74  354   86 59.709524 14.290476
   7   16   27 2.619048 4.380952
   9   20   35 3.495238 5.504762
   4    4   20 0.700000 3.300000
  80  402   76 67.242857 12.757143
   5    6   26 0.904762 4.095238
   8   16   34 2.476190 5.523810
   3    4   13 0.685714 2.314286
  84  440   61 73.594048 10.405952
   4    4   23 0.595238 3.404762
   5    6   25 1.085714 3.914286
   3    2   18 0.285714 2.714286
  88  470   52 78.941667 9.058333
   1    0    6 0.000000 1.000000
   9   12   45 1.880952 7.119048
   7   20   22 3.398810 3.601190
  83  434   61 72.826190 10.173810
   2    2   11 0.309524 1.690476
   7   10   32 1.695238 5.304762
   4    6   17 1.191667 2.808333
  87  476   46 79.345238 7.654762
   2    2    7 0.450000 1.550000
   2    2   12 0.285714 1.714286
   3    2   15 0.333333 2.666667
  93  532   28 88.559524 4.440476
   2    2    9 0.366667 1.633333
   4    4   21 0.666667 3.333333
   2    0   11 0.000000 2.000000
  92  522   31 87.028571 4.971429
   7   12   28 2.028571 4.971429
   4    8   15 1.400000 2.600000
  89  500   37 83.100000 5.900000
   6   10   28 1.590476 4.409524
   7   12   28 2.133333 4.866667
  87  478   44 79.808333 7.191667
   3    6   12 1.019048 1.980952
   8   16   32 2.709524 5.290476
  89  498   36 83.038095 5.961905
   1    0    6 0.000000 1.000000
   8   20   28 3.380952 4.619048
  91  512   34 85.347619 5.652381
   5    8   22 1.319048 3.680952
  95  548   22 91.513095 3.486905
   4    6   20 0.952381 3.047619
  96  554   20 92.685714 3.314286
   2    2    9 0.366667 1.633333
  98  580    9 96.571429 1.428571
   1    0    5 0.000000 1.000000
  99  590    5 98.232143 0.767857
   1    0    6 0.000000 1.000000
  99  588    6 98.016667 0.983333
 100  600    0 100.000000 0.000000
