   1    0    5 0.000000 1.000000
   1    0    7 0.000000 1.000000
   1    0    6 0.000000 1.000000
   1    0    8 0.000000 1.000000
   1    0    7 0.000000 1.000000
   1    0    6 0.000000 1.000000
   2    2    9 0.366667 1.633333
   2    2    9 0.366667 1.633333
   3    6    9 1.233333 1.766667
   1    0    7 0.000000 1.000000
   1    0    6 0.000000 1.000000
   2    2    8 0.400000 1.600000
   2    2    9 0.366667 1.633333
   1    0    6 0.000000 1.000000
   5   14   16 2.333333 2.666667
   1    0    7 0.000000 1.000000
   5   14   17 2.314286 2.685714
   1    0    6 0.000000 1.000000
   1    0    6 0.000000 1.000000
   1    0    7 0.000000 1.000000
   6   16   20 2.742857 3.257143
   2    2   11 0.309524 1.690476
   1    0    7 0.000000 1.000000
   1    0    6 0.000000 1.000000
   1    0    5 0.000000 1.000000
   1    0    7 0.000000 1.000000
   1    0    7 0.000000 1.000000
   3    4   13 0.700000 2.300000
   1    0    7 0.000000 1.000000
   1    0    6 0.000000 1.000000
   2    2   12 0.285714 1.714286
   1    0    6 0.000000 1.000000
   3    4   13 0.700000 2.300000
   1    0    6 0.000000 1.000000
   2    2    9 0.366667 1.633333
   1    0    6 0.000000 1.000000
   1    0    6 0.000000 1.000000
   2    2    8 0.400000 1.600000
   1    0    6 0.000000 1.000000
   1    0    6 0.000000 1.000000
   1    0    7 0.000000 1.000000
   1    0    5 0.000000 1.000000
   1    0    7 0.000000 1.000000
   2    2   11 0.309524 1.690476
   3    4   14 0.652381 2.347619
   1    0    6 0.000000 1.000000
   1    0    6 0.000000 1.000000
   1    0    5 0.000000 1.000000
   3    4   13 0.700000 2.300000
   1    0    7 0.000000 1.000000
   2    2   11 0.309524 1.690476
   1    0    6 0.000000 1.000000
   5   12   19 2.004762 2.995238
   6   18   15 3.238095 2.761905
   2    2   10 0.333333 1.666667
   1    0    6 0.000000 1.000000
   1    0    6 0.000000 1.000000
   1    0    6 0.000000 1.000000
   1    0    7 0.000000 1.000000
   1    0    7 0.000000 1.000000
   2    2   10 0.333333 1.666667
   2    2   10 0.333333 1.666667
   1    0    5 0.000000 1.000000
   6   18   17 3.100000 2.900000
   1    0    6 0.000000 1.000000
   1    0    7 0.000000 1.000000
   2    2   10 0.333333 1.666667
   2    2   10 0.333333 1.666667
   5    8   23 1.309524 3.690476
   3    6   11 1.066667 1.933333
  11   32   30 5.621429 5.378571
   1    0    8 0.000000 1.000000
   1    0    6 0.000000 1.000000
   1    0    7 0.000000 1.000000
   2    2   11 0.309524 1.690476
   1    0    6 0.000000 1.000000
   4    8   14 1.466667 2.533333
   1    0    6 0.000000 1.000000
   2    0   11 0.000000 2.000000
   9   26   23 4.666667 4.333333
   1    0    8 0.000000 1.000000
   1    0    6 0.000000 1.000000
   4    6   18 1.000000 3.000000
   1    0    7 0.000000 1.000000
   2    2   11 0.325000 1.675000
   4   10   14 1.719048 2.280952
   1    0    6 0.000000 1.000000
   1    0    7 0.000000 1.000000
   2    2   11 0.309524 1.690476
   3    6   13 0.952381 2.047619
   5   10   20 1.733333 3.266667
   9   26   28 4.282143 4.717857
   4    6   17 1.133333 2.866667
   1    0    7 0.000000 1.000000
   5   12   19 1.957143 3.042857
   1    0    7 0.000000 1.000000
   4    8   16 1.352381 2.647619
   8   20   26 3.533333 4.466667
   1    0    6 0.000000 1.000000
   6   18   16 3.257143 2.742857
   4    4   23 0.601190 3.398810
   3    2   15 0.366667 2.633333
  15   50   42 8.329762 6.670238
   1    0    6 0.000000 1.000000
   4   10   12 1.828571 2.171429
   1    0    7 0.000000 1.000000
   1    0    6 0.000000 1.000000
  10   30   28 5.076190 4.923810
   1    0    7 0.000000 1.000000
   4    2   24 0.333333 3.666667
   6   18   15 3.300000 2.700000
   1    0    6 0.000000 1.000000
  11   40   27 6.666667 4.333333
   4    8   13 1.533333 2.466667
   1    0    6 0.000000 1.000000
   6   12   28 1.809524 4.190476
   2    2    9 0.366667 1.633333
   3    4   12 0.733333 2.266667
   2    2    8 0.400000 1.600000
   3    2   17 0.309524 2.690476
   8   14   35 2.295238 5.704762
   3    2   15 0.366667 2.633333
   5   10   22 1.635714 3.364286
   1    0    5 0.000000 1.000000
   8   18   32 2.860714 5.139286
   6   12   24 1.980952 4.019048
   2    2   10 0.333333 1.666667
   3    6   12 1.019048 1.980952
   9   24   30 4.180952 4.819048
   7    8   32 1.433333 5.566667
   5    8   22 1.352381 3.647619
   1    0    6 0.000000 1.000000
  18   68   43 11.285714 6.714286
   8   28   19 4.885714 3.114286
   7   14   28 2.438095 4.561905
   1    0    6 0.000000 1.000000
   2    0   12 0.000000 2.000000
   4    4   19 0.766667 3.233333
   5   12   17 2.150000 2.850000
   4    2   20 0.400000 3.600000
   4   10   13 1.733333 2.266667
   1    0    6 0.000000 1.000000
   1    0    6 0.000000 1.000000
   4    4   23 0.619048 3.380952
   6    6   31 1.076190 4.923810
   3    6   13 0.952381 2.047619
   5    8   19 1.500000 3.500000
   6   10   27 1.604762 4.395238
   8   12   35 2.128571 5.871429
  10   30   28 5.100000 4.900000
   1    0    6 0.000000 1.000000
  24   82   65 13.498810 10.501190
   6   20   18 3.303571 2.696429
   5    8   22 1.376190 3.623810
   1    0    6 0.000000 1.000000
   2    0   13 0.000000 2.000000
   3    6   12 1.000000 2.000000
   5   10   20 1.708333 3.291667
   4    6   18 1.009524 2.990476
  17   46   55 7.880952 9.119048
   5   14   16 2.395238 2.604762
   7   14   32 2.196429 4.803571
   4    2   22 0.366667 3.633333
  19   54   62 9.173810 9.826190
   3    0   17 0.000000 3.000000
  19   46   62 8.095238 10.904762
   9   34   21 5.770238 3.229762
   2    0   12 0.000000 2.000000
   1    0    6 0.000000 1.000000
   2    2    9 0.366667 1.633333
   6   16   22 2.547619 3.452381
   4    6   20 0.904762 3.095238
   6    8   26 1.476190 4.523810
  21   50   73 8.471429 12.528571
   5    6   22 1.033333 3.966667
   6    6   30 1.000000 5.000000
  16   38   60 6.486905 9.513095
   3    2   16 0.333333 2.666667
  24   94   50 15.734524 8.265476
   7   22   22 3.633333 3.366667
   1    0    7 0.000000 1.000000
   2    2   10 0.333333 1.666667
   6   16   21 2.647619 3.352381
   3    4   14 0.709524 2.290476
  23   56   78 9.635714 13.364286
   3    2   15 0.366667 2.633333
  10   24   40 3.947619 6.052381
  18   48   62 7.965476 10.034524
   6   14   23 2.261905 3.738095
  22   60   69 10.176190 11.823810
   6   10   25 1.814286 4.185714
   2    2   10 0.333333 1.666667
   1    0    6 0.000000 1.000000
   8   20   26 3.471429 4.528571
   1    0    6 0.000000 1.000000
  21   74   51 12.547619 8.452381
   3    4   13 0.700000 2.300000
   8   18   31 2.947619 5.052381
  24   88   55 14.894048 9.105952
   1    0    7 0.000000 1.000000
  24   58   93 9.788095 14.211905
   7   16   22 2.900000 4.100000
   3    4   12 0.766667 2.233333
   9   26   30 4.126190 4.873810
  12   26   45 4.457143 7.542857
   3    4   16 0.625000 2.375000
  15   46   40 7.942857 7.057143
  18   60   48 10.128571 7.871429
   2    2   10 0.333333 1.666667
  28   78   93 13.013889 14.986111
  10   34   26 5.652381 4.347619
   1    0    6 0.000000 1.000000
   7   18   26 2.871429 4.128571
  13   34   44 5.728571 7.271429
   1    0    8 0.000000 1.000000
  19   68   46 11.376190 7.623810
  27   94   66 15.823810 11.176190
   3    4   11 0.816667 2.183333
  22   58   77 9.519048 12.480952
   7   12   28 2.066667 4.933333
   2    2   11 0.309524 1.690476
   6   10   24 1.819048 4.180952
   7   12   32 2.219048 4.780952
   3    6   12 1.019048 1.980952
  17   66   39 10.938095 6.061905
  19   58   52 9.959524 9.040476
   4    6   16 1.133333 2.866667
  24   64   81 10.730952 13.269048
  18   70   39 11.738095 6.261905
   4   10   14 1.719048 2.280952
   7   12   31 1.960714 5.039286
   1    0    6 0.000000 1.000000
  20   60   61 10.207143 9.792857
  22   86   44 14.571429 7.428571
   1    0    6 0.000000 1.000000
  23   50   85 8.377381 14.622619
  22   72   63 11.914286 10.085714
   5   12   18 2.004762 2.995238
   9   22   34 3.847619 5.152381
   1    0    5 0.000000 1.000000
  12   30   42 5.089286 6.910714
  36  162   52 27.290476 8.709524
   1    0    5 0.000000 1.000000
  19   40   71 6.847619 12.152381
  17   54   53 8.680952 8.319048
   9   24   32 3.942857 5.057143
  14   52   34 8.596429 5.403571
  10   16   44 2.700000 7.300000
  41  176   63 29.914286 11.085714
   3    4   14 0.666667 2.333333
  12   16   57 2.752381 9.247619
  11   30   38 4.900000 6.100000
  11   20   42 3.628571 7.371429
   8   16   33 2.547619 5.452381
  17   60   42 10.325000 6.675000
  36  152   66 25.452381 10.547619
   9   26   26 4.500000 4.500000
  10   16   47 2.690476 7.309524
   9   26   28 4.409524 4.590476
   4    6   18 1.019048 2.980952
   7   18   26 3.050000 3.950000
  19   56   59 9.419048 9.580952
  40  180   58 30.428571 9.571429
   6   12   22 2.100000 3.900000
  11   26   38 4.673810 6.326190
  13   38   43 6.255952 6.744048
   3    2   18 0.333333 2.666667
  10   28   32 4.704762 5.295238
  22   58   71 9.909524 12.090476
  36  146   70 24.405952 11.594048
   6    6   30 1.042857 4.957143
  14   44   37 7.715476 6.284524
   9   18   40 2.828571 6.171429
   2    0   14 0.000000 2.000000
  13   34   39 6.000000 7.000000
  24   86   61 14.244048 9.755952
  32  118   75 19.614286 12.385714
   3    2   17 0.309524 2.690476
  21   82   43 13.685714 7.314286
   5    4   25 0.676190 4.323810
   1    0    7 0.000000 1.000000
  19   70   42 11.923810 7.076190
  16   48   52 7.776190 8.223810
  28  100   63 16.857143 11.142857
   4    4   20 0.676190 3.323810
  31  136   52 22.753571 8.246429
   1    0    6 0.000000 1.000000
  24   90   56 15.152381 8.847619
  23   74   64 12.522619 10.477381
  33  130   65 21.942857 11.057143
  20   70   51 11.609524 8.390476
  22   62   74 10.036905 11.963095
  22   58   73 9.790476 12.209524
  39  152   81 25.604762 13.395238
  17   42   58 7.314286 9.685714
  24   82   63 13.585714 10.414286
  14   22   65 3.600000 10.400000
  45  194   75 32.667857 12.332143
  17   40   59 6.804762 10.195238
  21   56   74 9.254762 11.745238
  18   42   63 7.166667 10.833333
  47  194   87 32.585714 14.414286
  14   36   48 6.055952 7.944048
  24   58   87 9.766667 14.233333
  18   48   61 8.003571 9.996429
  35  118   95 19.671429 15.328571
  23   74   59 12.790476 10.209524
  29   86   93 14.273810 14.726190
  18   40   65 6.976190 11.023810
  37  134   85 22.647619 14.352381
  16   44   53 7.319048 8.680952
  29   94   83 15.652381 13.347619
  22   72   63 12.023810 9.976190
  26   84   69 14.238095 11.761905
  23   70   65 11.795238 11.204762
  26   80   79 13.297619 12.702381
  33  116   78 19.684524 13.315476
  17   58   45 9.547619 7.452381
  24   76   68 12.700000 11.300000
  37  118  105 19.789286 17.210714
  32  100   93 17.040476 14.959524
  16   52   39 9.052381 6.947619
  15   38   55 6.469048 8.530952
  41  132  111 22.185714 18.814286
  23   58   86 9.533333 13.466667
  12   30   44 4.833333 7.166667
  24   72   67 12.419048 11.580952
  43  152  105 25.616667 17.383333
  19   52   62 8.857143 10.142857
   9   20   34 3.271429 5.728571
  29   88   87 14.788095 14.211905
  47  166  110 28.272619 18.727381
  20   46   75 7.680952 12.319048
   6   12   23 2.061905 3.938095
  27   92   76 15.197619 11.802381
  36  122   92 20.819048 15.180952
  21   58   70 9.614286 11.385714
   5   12   19 1.952381 3.047619
  38  148   79 24.826190 13.173810
  39  138   98 22.845238 16.154762
  13   24   53 4.095238 8.904762
   6   14   22 2.376190 3.623810
  42  170   81 28.580952 13.419048
  42  134  118 22.454762 19.545238
  27   78   80 13.396429 13.603571
   5    6   24 1.009524 3.990476
  26   76   84 12.547619 13.452381
  40  144  100 23.871429 16.128571
  31   98   84 16.842857 14.157143
   3    2   16 0.342857 2.657143
  26   88   68 14.861905 11.138095
  40  128  107 21.928571 18.071429
  27   64   99 10.676190 16.323810
   2    2   10 0.342857 1.657143
  31   92   98 15.290476 15.709524
  42  168   85 28.176190 13.823810
  30   92   87 15.689286 14.310714
  28   80   88 13.442857 14.557143
  43  158   98 26.716667 16.283333
  44  160  105 26.790476 17.209524
  13   22   57 3.680952 9.319048
  49  190  101 32.385714 16.614286
  39  140   94 23.580952 15.419048
  12   24   51 3.828571 8.171429
  47  204   81 33.721429 13.278571
  45  186   80 31.314286 13.685714
   8   12   37 1.952381 6.047619
  49  214   85 35.448016 13.551984
  44  178   81 30.076190 13.923810
   7   18   24 3.038095 3.961905
  55  236   92 39.801190 15.198810
  37  142   81 23.694048 13.305952
   8   14   35 2.326190 5.673810
  58  238  113 39.434524 18.565476
  28   82   85 13.997619 14.002381
  14   26   56 4.552381 9.447619
  57  242  109 39.680952 17.319048
  23   64   70 11.051190 11.948810
  20   52   63 9.140476 10.859524
  60  248  113 41.354762 18.645238
  15   28   56 4.885714 10.114286
  25   66   89 10.695238 14.304762
  50  190  109 32.027381 17.972619
  28  102   63 17.355952 10.644048
  22   62   74 10.361905 11.638095
  43  170   86 28.647619 14.352381
  40  168   72 28.045238 11.954762
  17   36   68 5.833333 11.166667
  33  124   76 20.738095 12.261905
  47  212   68 35.583333 11.416667
  20   54   66 9.185714 10.814286
  29  114   61 19.120238 9.879762
  48  212   77 35.534524 12.465476
  23   70   66 12.035714 10.964286
  30  102   79 17.104762 12.895238
  42  176   74 29.629762 12.370238
  28   98   71 16.442857 11.557143
  36  122   92 20.623810 15.376190
  40  164   79 27.511905 12.488095
  24   84   59 14.214286 9.785714
  20   46   73 7.819048 12.180952
  50  228   72 37.990476 12.009524
  30  104   77 17.271429 12.728571
  15   46   43 7.808333 7.191667
  44  166   94 28.045238 15.954762
  41  158   93 26.216667 14.783333
  21   70   60 11.586905 9.413095
  39  134   99 22.714286 16.285714
  40  140   97 23.680952 16.319048
  21   64   60 10.914286 10.085714
  30   96   89 15.736905 14.263095
  49  208   83 35.133333 13.866667
  20   54   63 9.357143 10.642857
  28   78   93 12.945238 15.054762
  52  226   86 37.780952 14.219048
  19   42   71 7.466667 11.533333
  25   72   79 11.967857 13.032143
  56  240   96 40.085714 15.914286
  25   78   69 13.159524 11.840476
  21   58   68 9.702381 11.297619
  54  248   79 41.219048 12.780952
  38  154   72 26.116667 11.883333
  10   16   44 2.780952 7.219048
  52  230   84 38.455952 13.544048
  39  158   74 26.647619 12.352381
   8    8   42 1.301190 6.698810
  53  242   76 40.480952 12.519048
  36  134   85 22.232143 13.767857
   8    8   37 1.409524 6.590476
  56  262   74 43.561905 12.438095
  31  108   77 18.430952 12.569048
  14   36   51 5.951190 8.048810
  55  254   74 42.607937 12.392063
  29   98   78 16.080952 12.919048
  12   24   48 4.023810 7.976190
  59  280   72 46.888095 12.111905
  32  106   82 18.051190 13.948810
   8   20   29 3.366667 4.633333
  60  280   83 46.650000 13.350000
  33  114   83 19.155952 13.844048
   5    8   24 1.261905 3.738095
  62  278   93 46.539286 15.460714
  33  120   75 20.426190 12.573810
   6   10   26 1.523810 4.476190
  61  274   95 45.604762 15.395238
  29   84   90 14.000000 15.000000
   7   10   35 1.702381 5.297619
  64  266  115 44.745238 19.254762
  28   86   82 14.547619 13.452381
   6   10   29 1.647619 4.352381
  66  302   91 50.671429 15.328571
  16   52   46 8.628571 7.371429
   7   14   28 2.376190 4.623810
  77  402   58 67.259524 9.740476
  20   64   54 10.785714 9.214286
   2    2    9 0.366667 1.633333
  78  408   63 67.909524 10.090476
  27   98   71 16.092857 10.907143
   3    2   15 0.366667 2.633333
  70  332   82 55.866667 14.133333
  30  114   69 18.752381 11.247619
   1    0    5 0.000000 1.000000
  69  344   68 57.565476 11.434524
  28   98   75 15.990476 12.009524
  72  352   75 59.198810 12.801190
  30  104   77 17.170238 12.829762
  70  342   77 57.015476 12.984524
  35  142   66 23.990476 11.009524
  65  326   66 54.354762 10.645238
  33  146   53 24.442857 8.557143
  67  348   53 58.254762 8.745238
  45  208   61 34.735714 10.264286
  55  270   61 44.747619 10.252381
  47  210   71 35.423810 11.576190
  53  248   71 41.219048 11.780952
  49  200   93 33.285714 15.714286
  51  214   93 35.577381 15.422619
  45  168   98 28.515476 16.484524
  55  236   98 39.147619 15.852381
  41  134  109 22.529762 18.470238
  59  248  109 41.344048 17.655952
  41  144   99 24.376190 16.623810
  59  258   99 42.772619 16.227381
  42  166   82 28.200000 13.800000
  58  270   82 44.895238 13.104762
  36  150   67 25.130952 10.869048
  64  316   67 52.928571 11.071429
  36  140   80 23.126190 12.873810
  64  300   80 50.364286 13.635714
  34  136   72 22.357143 11.642857
  66  320   72 53.867857 12.132143
  21   62   63 10.414286 10.585714
  79  412   63 68.580952 10.419048
  21   72   54 12.267857 8.732143
  79  420   54 70.038095 8.961905
  25   62   89 10.380952 14.619048
  75  360   89 60.307143 14.692857
  24   66   76 11.180952 12.819048
  76  382   76 63.652381 12.347619
  27   86   76 14.297619 12.702381
  73  362   76 60.471429 12.528571
  27  106   60 17.479762 9.520238
  73  374   60 62.814286 10.185714
  29  102   74 17.119048 11.880952
  71  350   74 58.580952 12.419048
  25   98   50 16.438095 8.561905
  75  402   50 66.871429 8.128571
  41  182   60 30.785714 10.214286
  59  298   60 49.570238 9.429762
  31  128   54 21.723810 9.276190
  69  364   54 60.482143 8.517857
  40  178   62 29.928571 10.071429
  60  298   62 50.061905 9.938095
  27  100   64 16.800000 10.200000
  73  372   64 62.226190 10.773810
  39  160   75 26.714286 12.285714
  61  290   75 48.638095 12.361905
  40  170   74 28.189286 11.810714
  60  282   74 47.432143 12.567857
  46  190   82 31.866667 14.133333
  54  246   82 40.685714 13.314286
  42  166   89 27.560714 14.439286
  58  256   89 43.277381 14.722619
  29   82   94 13.584524 15.415476
  71  330   94 55.085317 15.914683
  27   80   83 13.300000 13.700000
  73  354   83 59.344048 13.655952
  29   96   81 16.009524 12.990476
  71  342   81 57.333333 13.666667
  34  138   65 22.990476 11.009524
  66  332   65 55.328571 10.671429
  44  200   63 33.528571 10.471429
  56  274   63 45.671429 10.328571
  50  224   75 37.504762 12.495238
  50  226   75 37.901190 12.098810
  41  158   87 26.738095 14.261905
  59  268   87 44.890476 14.109524
  32  114   81 19.200000 12.800000
  68  324   81 54.689286 13.310714
  37  140   80 23.761905 13.238095
  63  300   80 50.098810 12.901190
  41  140  103 23.759524 17.240476
  59  254  103 42.215476 16.784524
  51  214   93 35.708333 15.291667
  49  200   93 33.573810 15.426190
  44  178   87 29.747619 14.252381
  56  248   87 41.471429 14.528571
  50  210   93 34.855952 15.144048
  50  204   93 34.246032 15.753968
  51  202  105 33.629762 17.370238
  49  188  105 31.695238 17.304762
  64  292   94 48.623810 15.376190
  36  120   94 20.323810 15.676190
  71  328   94 55.033333 15.966667
  29   84   94 13.925000 15.075000
  68  326   85 54.413095 13.586905
  32  104   85 17.472619 14.527381
  83  434   64 72.541667 10.458333
  17   38   64 6.304762 10.695238
  87  444   71 74.830952 12.169048
  13   14   71 2.182143 10.817857
  86  454   59 76.353571 9.646429
  14   28   59 4.671429 9.328571
  85  456   55 76.192857 8.807143
  15   34   55 5.890476 9.109524
  90  502   39 83.719048 6.280952
  10   20   39 3.457143 6.542857
  92  512   38 85.560714 6.439286
   8   12   38 1.971429 6.028571
  93  528   30 88.201190 4.798810
   7   12   30 2.009524 4.990476
  85  458   49 76.739286 8.260714
  15   44   49 7.152381 7.847619
  83  438   60 73.033333 9.966667
  17   42   60 7.204762 9.795238
  90  502   36 83.989286 6.010714
  10   26   36 4.242857 5.757143
  89  486   48 81.217857 7.782143
  11   18   48 3.138095 7.861905
  96  550   25 91.907143 4.092857
   4    0   25 0.000000 4.000000
  99  590    5 98.255952 0.744048
   1    0    5 0.000000 1.000000
  97  558   21 93.280952 3.719048
   3    0   21 0.000000 3.000000
  96  558   18 93.078571 2.921429
   4    6   18 1.085714 2.914286
  92  526   26 87.829762 4.170238
   8   22   26 3.933333 4.066667
  92  524   29 87.273810 4.726190
   8   18   29 3.066667 4.933333
  94  540   24 90.075000 3.925000
   6   12   24 2.009524 3.990476
  83  460   40 76.417857 6.582143
  17   60   40 10.285714 6.714286
  77  408   53 68.166667 8.833333
  23   86   53 14.133333 8.866667
  90  496   44 82.619048 7.380952
  10   16   44 2.635714 7.364286
  91  516   32 85.892857 5.107143
   9   20   32 3.471429 5.528571
  94  538   27 89.678571 4.321429
   6    8   27 1.366667 4.633333
  96  552   23 92.142857 3.857143
   4    2   23 0.285714 3.714286
  99  588    6 98.023810 0.976190
   1    0    6 0.000000 1.000000
  99  588    6 98.023810 0.976190
   1    0    6 0.000000 1.000000
  99  588    6 97.990476 1.009524
   1    0    6 0.000000 1.000000
  99  590    5 98.238095 0.761905
   1    0    5 0.000000 1.000000
  99  586    7 97.790476 1.209524
   1    0    7 0.000000 1.000000
  98  580    9 96.538095 1.461905
   2    2    9 0.366667 1.633333
  98  576   11 96.157143 1.842857
   2    2   11 0.309524 1.690476
  98  576   12 95.978571 2.021429
   2    0   12 0.000000 2.000000
 100  600    0 100.000000 0.000000
