   2    2   10 0.333333 1.666667
   3    4   13 0.685714 2.314286
   1    0    7 0.000000 1.000000
   1    0    6 0.000000 1.000000
   2    2   10 0.333333 1.666667
   2    2   10 0.333333 1.666667
   2    2   11 0.309524 1.690476
   1    0    6 0.000000 1.000000
   1    0    6 0.000000 1.000000
   1    0    5 0.000000 1.000000
   1    0    6 0.000000 1.000000
   3    4   13 0.742857 2.257143
   6   16   19 2.900000 3.100000
   1    0    8 0.000000 1.000000
   4    8   15 1.433333 2.566667
   1    0    6 0.000000 1.000000
   1    0    7 0.000000 1.000000
   1    0    7 0.000000 1.000000
   1    0    6 0.000000 1.000000
   1    0    5 0.000000 1.000000
   2    2    9 0.366667 1.633333
   1    0    6 0.000000 1.000000
   4   10   15 1.678571 2.321429
   2    2   11 0.309524 1.690476
   4    8   15 1.385714 2.614286
   1    0    6 0.000000 1.000000
   2    2   10 0.342857 1.657143
   1    0    7 0.000000 1.000000
   1    0    6 0.000000 1.000000
   5   10   20 1.709524 3.290476
   1    0    6 0.000000 1.000000
   2    2   10 0.342857 1.657143
   3    4   14 0.676190 2.323810
   1    0    6 0.000000 1.000000
   3    4   15 0.685714 2.314286
   1    0    7 0.000000 1.000000
   1    0    6 0.000000 1.000000
   1    0    6 0.000000 1.000000
   2    2    9 0.366667 1.633333
   1    0    6 0.000000 1.000000
   2    2    9 0.366667 1.633333
   4   10   14 1.719048 2.280952
   2    2   10 0.333333 1.666667
   1    0    7 0.000000 1.000000
   1    0    8 0.000000 1.000000
   1    0    5 0.000000 1.000000
   2    2    9 0.366667 1.633333
   4    6   18 1.019048 2.980952
   2    2    8 0.400000 1.600000
   2    2    8 0.400000 1.600000
   1    0    7 0.000000 1.000000
   1    0    7 0.000000 1.000000
   1    0    6 0.000000 1.000000
   1    0    6 0.000000 1.000000
   1    0    8 0.000000 1.000000
   1    0    6 0.000000 1.000000
   2    2   12 0.285714 1.714286
   3    6   13 0.983333 2.016667
   2    2   11 0.309524 1.690476
   4    6   18 1.019048 2.980952
   3    6   11 1.085714 1.914286
   4   10   14 1.719048 2.280952
   2    2    9 0.366667 1.633333
   5   12   18 2.080952 2.919048
   3    4   14 0.709524 2.290476
   3    4   11 0.816667 2.183333
   3    6   12 1.019048 1.980952
   3    4   12 0.766667 2.233333
   3    4   15 0.642857 2.357143
   3    4   13 0.700000 2.300000
   1    0    7 0.000000 1.000000
   4   10   14 1.661905 2.338095
   7   14   30 2.214286 4.785714
   8   22   25 3.766667 4.233333
   1    0    6 0.000000 1.000000
   5   12   17 2.057143 2.942857
   2    2    9 0.366667 1.633333
   2    2    8 0.400000 1.600000
   7   22   19 3.725000 3.275000
   1    0    7 0.000000 1.000000
   7   20   24 3.190476 3.809524
   1    0    6 0.000000 1.000000
   1    0    7 0.000000 1.000000
   2    2   10 0.333333 1.666667
   2    2   11 0.309524 1.690476
   1    0    6 0.000000 1.000000
   3    4   13 0.700000 2.300000
   1    0    6 0.000000 1.000000
   1    0    7 0.000000 1.000000
   5   14   14 2.566667 2.433333
   5   10   18 1.766667 3.233333
   5   10   20 1.641667 3.358333
   4    8   19 1.244048 2.755952
   2    2   12 0.291667 1.708333
   4    4   18 0.742857 3.257143
   3    4   13 0.733333 2.266667
   7   20   22 3.376190 3.623810
   4    6   18 1.042857 2.957143
   2    2    9 0.366667 1.633333
   8   24   25 3.961905 4.038095
   5    8   22 1.352381 3.647619
   6   14   23 2.285714 3.714286
   5   14   15 2.461905 2.538095
   4   10   15 1.750000 2.250000
   5   10   22 1.571429 3.428571
  20   74   45 12.677381 7.322619
   2    2   10 0.333333 1.666667
   2    0   11 0.000000 2.000000
   2    2   10 0.333333 1.666667
   8   14   31 2.528571 5.471429
  13   48   30 8.042857 4.957143
   2    0   13 0.000000 2.000000
   1    0    6 0.000000 1.000000
   1    0    5 0.000000 1.000000
   2    0   14 0.000000 2.000000
   8   16   33 2.623810 5.376190
   7   22   22 3.585714 3.414286
   1    0    5 0.000000 1.000000
  13   30   47 5.204762 7.795238
   2    2   10 0.333333 1.666667
   3    2   17 0.309524 2.690476
   4    4   21 0.658333 3.341667
   6   16   21 2.614286 3.385714
   3    4   12 0.792857 2.207143
  17   40   63 6.638095 10.361905
   3    4   13 0.700000 2.300000
   4    8   15 1.419048 2.580952
   1    0    7 0.000000 1.000000
  13   42   38 6.982143 6.017857
  11   38   27 6.442857 4.557143
   2    2   11 0.309524 1.690476
   1    0    7 0.000000 1.000000
  13   28   50 4.742857 8.257143
   5   12   18 2.028571 2.971429
   1    0    6 0.000000 1.000000
  12   42   29 7.119048 4.880952
   1    0    6 0.000000 1.000000
   3    2   15 0.366667 2.633333
   9   26   26 4.538095 4.461905
   4    6   17 1.033333 2.966667
   1    0    6 0.000000 1.000000
  13   34   49 5.504762 7.495238
   5   12   16 2.133333 2.866667
   5   10   18 1.795238 3.204762
   1    0    7 0.000000 1.000000
  10   30   31 5.004762 4.995238
  15   48   40 8.209524 6.790476
   6   16   21 2.683333 3.316667
  19   60   55 9.971429 9.028571
   1    0    6 0.000000 1.000000
   7   14   29 2.179762 4.820238
   4    4   18 0.733333 3.266667
   9   24   30 4.090476 4.909524
   1    0    5 0.000000 1.000000
   2    2    8 0.400000 1.600000
  21   60   68 9.966667 11.033333
   4    8   16 1.352381 2.647619
   7   14   30 2.233333 4.766667
  16   40   59 6.625000 9.375000
   2    2   11 0.309524 1.690476
  21   60   66 10.010714 10.989286
  10   20   40 3.357143 6.642857
   4    4   18 0.766667 3.233333
  12   34   38 5.728571 6.271429
   2    2    8 0.416667 1.583333
   2    2   11 0.309524 1.690476
  22   66   62 11.336905 10.663095
   2    2   11 0.309524 1.690476
   6    8   28 1.361905 4.638095
  16   46   50 7.738095 8.261905
  26  100   56 16.955952 9.044048
   5   12   21 1.827381 3.172619
   5   14   16 2.333333 2.666667
   9   12   39 2.145238 6.854762
   4    8   18 1.310714 2.689286
  28  104   62 17.690476 10.309524
   1    0    6 0.000000 1.000000
   8   14   36 2.361905 5.638095
   9   24   32 3.880952 5.119048
  28  108   57 18.335714 9.664286
  10   28   31 4.728571 5.271429
   3    4   13 0.700000 2.300000
   7   10   33 1.653571 5.346429
   1    0    5 0.000000 1.000000
  34  144   61 24.104762 9.895238
  11   32   35 5.490476 5.509524
   5    6   24 1.019048 3.980952
  41  176   67 29.861905 11.138095
   6   14   25 2.166667 3.833333
   8   12   31 2.138095 5.861905
   1    0    6 0.000000 1.000000
  28   92   80 15.161905 12.838095
  11   30   34 5.185714 5.814286
   9   24   27 4.333333 4.666667
  46  206   72 34.247619 11.752381
   6   18   18 3.000000 3.000000
   6   12   25 1.952381 4.047619
   3    6   11 1.066667 1.933333
  19   60   57 9.923810 9.076190
   8   20   26 3.666667 4.333333
  16   56   39 9.366667 6.633333
  43  186   75 30.940476 12.059524
  12   44   29 7.176190 4.823810
   8   16   31 2.680952 5.319048
  13   42   36 7.071429 5.928571
   4    2   23 0.333333 3.666667
  19   68   45 11.576190 7.423810
  42  194   59 32.271429 9.728571
   8   18   28 3.138095 4.861905
  15   54   35 9.179762 5.820238
  12   30   44 4.928571 7.071429
   1    0    5 0.000000 1.000000
  16   44   55 7.228571 8.771429
  48  212   74 35.771429 12.228571
  16   54   40 9.061905 6.938095
  12   36   37 6.076190 5.923810
   7   10   33 1.685714 5.314286
  21   68   59 11.395238 9.604762
  47  210   75 34.771429 12.228571
  16   52   39 8.980952 7.019048
   6   14   23 2.290476 3.709524
  10   20   40 3.333333 6.666667
  24   80   66 13.238095 10.761905
  49  212   80 35.435714 13.564286
  11   30   36 5.090476 5.909524
   8   22   25 3.647619 4.352381
   8   16   33 2.619048 5.380952
  27   82   76 14.123810 12.876190
  39  166   79 27.083333 11.916667
  12   22   46 3.766667 8.233333
  15   52   35 8.940476 6.059524
   7   14   28 2.371429 4.628571
  33  122   76 20.373810 12.626190
  40  178   67 29.307143 10.692857
  11   22   39 3.971429 7.028571
  15   54   36 8.923810 6.076190
   1    0    6 0.000000 1.000000
  23   72   69 11.986905 11.013095
  41  168   73 28.559524 12.440476
  14   36   48 5.961905 8.038095
  22   88   46 14.532143 7.467857
  21   44   77 7.670238 13.329762
  54  232   92 38.884524 15.115476
  10   26   37 4.273810 5.726190
  15   44   48 7.119048 7.880952
  14   28   55 4.795238 9.204762
  69  328   88 54.559524 14.440476
   1    0    6 0.000000 1.000000
  16   32   63 5.385714 10.614286
   8   16   33 2.658333 5.341667
  81  412   71 69.035714 11.964286
  11   22   46 3.561905 7.438095
   6   16   19 2.800000 3.200000
  83  442   57 73.700000 9.300000
  11   26   40 4.421429 6.578571
  11   42   24 7.157143 3.842857
  71  350   76 58.428571 12.571429
  18   54   54 8.933333 9.066667
   8   20   23 3.830952 4.169048
  86  468   49 78.147619 7.852381
   6    4   36 0.685714 5.314286
   6   18   19 3.038095 2.961905
  88  492   35 82.234524 5.765476
   6   12   24 2.019048 3.980952
  16   52   43 8.844048 7.155952
  77  398   67 65.980952 11.019048
   7   12   28 2.166667 4.833333
  17   40   63 6.704762 10.295238
  77  376   86 62.697619 14.302381
   6    8   27 1.319048 4.680952
  17   38   68 6.252381 10.747619
  71  320   99 53.914286 17.085714
  12   38   37 6.123810 5.876190
  17   32   66 5.580952 11.419048
  74  364   84 60.535714 13.464286
   9   24   30 4.000000 5.000000
  21   54   69 9.328571 11.671429
  68  324   88 53.938095 14.061905
  11   40   25 6.758333 4.241667
  20   44   75 7.404762 12.595238
  68  334   75 55.617857 12.382143
  12   40   32 6.759524 5.240476
  12   26   47 4.554762 7.445238
  70  352   67 58.972619 11.027381
  18   74   34 12.361905 5.638095
  10   18   44 3.028571 6.971429
  74  376   70 62.548810 11.451190
  16   50   42 8.664286 7.335714
  13   30   43 5.300000 7.700000
  71  362   66 60.183333 10.816667
  16   52   47 8.539286 7.460714
  14   40   44 6.697619 7.302381
  63  288   87 48.180952 14.819048
  23   74   67 12.171429 10.828571
  27   86   73 14.685714 12.314286
  52  208  106 34.707143 17.292857
  21   54   73 8.935714 12.064286
  17   46   52 8.114286 8.885714
  50  226   78 37.510714 12.489286
  33  138   60 23.190476 9.809524
  22   66   69 10.966667 11.033333
  38  138   93 22.847619 15.152381
  40  156   78 26.770238 13.229762
  21   74   51 12.485714 8.514286
  42  170   82 28.591667 13.408333
  37  144   79 23.895238 13.104762
  24  104   41 17.302381 6.697619
  34  134   70 22.425397 11.574603
  42  174   77 29.102381 12.897619
  26  100   54 16.829762 9.170238
  36  146   72 24.298810 11.701190
  38  136   92 22.930952 15.069048
  31  112   73 18.880952 12.119048
  32  100   92 16.661905 15.338095
  37  110  113 18.557143 18.442857
  28  112   57 18.823810 9.176190
  48  194   94 32.404762 15.595238
  24   62   81 10.557143 13.442857
  33  126   73 20.900000 12.100000
  52  212   99 35.559524 16.440476
  15   36   54 6.033333 8.966667
  35  140   75 23.275000 11.725000
  49  190  101 32.038095 16.961905
  16   36   58 6.242857 9.757143
  40  164   73 27.666667 12.333333
  34  118   91 19.561905 14.438095
  26   80   74 13.647619 12.352381
  47  218   61 36.704762 10.295238
  31   88   94 15.052381 15.947619
  22   60   79 9.882143 12.117857
  46  218   60 36.334524 9.665476
  26   68   89 11.241667 14.758333
  28   78   87 13.347619 14.652381
  53  222   96 37.121429 15.878571
  19   44   70 7.473810 11.526190
  28   86   82 14.614286 13.385714
  44  180   85 29.990476 14.009524
  24   82   63 13.730952 10.269048
  32  108   82 18.176190 13.823810
  40  146   94 24.523810 15.476190
  24   76   65 13.133333 10.866667
  36  128   91 21.128571 14.871429
  33  120   78 20.233333 12.766667
  26   84   77 13.921032 12.078968
  41  148   93 25.033333 15.966667
  30   90   91 15.159524 14.840476
  32  114   75 19.363095 12.636905
  38  158   72 26.519048 11.480952
  36  124   88 21.085714 14.914286
  24   68   82 11.090476 12.909524
  40  152   86 25.665476 14.334524
  41  134  111 22.509524 18.490476
  24   68   78 11.276190 12.723810
  35  120   89 20.280952 14.719048
  38  142   91 23.438095 14.561905
  22   52   80 8.752381 13.247619
  40  158   77 26.647619 13.352381
  36  130   82 22.176190 13.823810
  39  148   83 25.001190 13.998810
  25   82   75 13.223810 11.776190
  42  164   88 27.836508 14.163492
  41  146  100 24.523810 16.476190
  17   44   58 7.420238 9.579762
  45  178   95 29.705952 15.294048
  37  128   92 21.716667 15.283333
  18   46   61 7.723810 10.276190
  55  218  107 36.860714 18.139286
  38  140   91 23.266667 14.733333
   7    6   38 0.952381 6.047619
  55  222  108 37.261905 17.738095
  38  134   94 22.655952 15.344048
   7   16   26 2.771429 4.228571
  47  176  107 29.321429 17.678571
  46  178   97 29.707143 16.292857
   7   18   24 3.066667 3.933333
  46  166  108 28.029762 17.970238
  49  194  101 32.638095 16.361905
   5    8   23 1.285714 3.714286
  49  186  104 31.642857 17.357143
  40  138  104 23.078571 16.921429
  11   28   40 4.709524 6.290476
  49  190  101 31.942857 17.057143
  43  156  106 25.600000 17.400000
   8   12   35 2.095238 5.904762
  39  136   97 22.835714 16.164286
  50  200  102 33.407143 16.592857
  11   38   27 6.400000 4.600000
  29   86   84 14.923810 14.076190
  55  232  103 38.386905 16.613095
  16   58   37 9.785714 6.214286
  26   72   85 12.248810 13.751190
  51  182  118 30.888095 20.111905
  23   88   55 14.474603 8.525397
  31   94   90 15.765873 15.234127
  46  162  117 26.850000 19.150000
  23   72   65 12.154762 10.845238
  39  146   89 24.429762 14.570238
  40  122  116 20.728571 19.271429
  21   70   57 11.752381 9.247619
  36  122   89 20.714286 15.285714
  40  132  112 21.947619 18.052381
  24   66   79 10.857143 13.142857
  37  132   89 22.228571 14.771429
  48  178  112 29.633333 18.366667
  15   38   51 6.447619 8.552381
  44  188   77 31.310714 12.689286
  37  116  105 19.442857 17.557143
  19   66   48 11.090476 7.909524
  48  198   91 33.141667 14.858333
  31   70  117 11.704762 19.295238
  21   62   62 10.569048 10.430952
  49  212   81 35.473810 13.526190
  40  150   91 25.008333 14.991667
  11   28   38 4.652381 6.347619
  56  228  103 38.485714 17.514286
  39  138  100 22.905952 16.094048
   5    6   25 0.952381 4.047619
  61  270   93 45.425000 15.575000
  34  116   90 19.528571 14.471429
   5    8   23 1.392857 3.607143
  60  280   79 46.985714 13.014286
  37  136   87 22.671429 14.328571
   3    2   16 0.333333 2.666667
  60  292   67 48.689286 11.310714
  38  154   75 25.647619 12.352381
   2    2   10 0.342857 1.657143
  54  234   89 39.038095 14.961905
  46  188   89 31.307143 14.692857
  51  242   65 40.359524 10.640476
  49  228   65 38.161905 10.838095
  47  230   59 38.075000 8.925000
  53  252   59 42.896429 10.103571
  39  168   69 27.839286 11.160714
  61  294   69 48.969048 12.030952
  40  154   89 25.620238 14.379762
  60  268   89 45.084524 14.915476
  44  166   98 27.761905 16.238095
  56  238   98 39.961905 16.038095
  31  100   84 16.852381 14.147619
  69  332   84 55.241667 13.758333
  27   80   88 12.961905 14.038095
  73  344   88 58.077381 14.922619
  36  120   97 19.985714 16.014286
  64  286   97 47.840476 16.159524
  47  180  102 30.000000 17.000000
  53  216  102 36.047619 16.952381
  35  118   95 19.504762 15.495238
  65  292   95 48.998810 16.001190
  34  108  106 17.422619 16.577381
  66  280  106 47.640476 18.359524
  46  172  105 28.502381 17.497619
  54  218  105 36.413095 17.586905
  50  180  123 29.903571 20.096429
  50  174  123 29.100000 20.900000
  65  284  100 47.919048 17.080952
  35  116  100 18.860714 16.139286
  68  322   85 54.052381 13.947619
  32  108   85 18.153571 13.846429
  68  316   92 52.810714 15.189286
  32  100   92 16.723810 15.276190
  75  354   94 59.330952 15.669048
  25   58   94 9.808333 15.191667
  61  282   88 46.829762 14.170238
  39  142   88 24.138095 14.861905
  64  292   93 48.901190 15.098810
  36  122   93 20.528571 15.471429
  55  234   98 38.841667 16.158333
  45  170   98 28.509524 16.490476
  70  308  112 51.540476 18.459524
  30   68  112 11.705952 18.294048
  70  318  101 53.079762 16.920238
  30   80  101 13.408333 16.591667
  78  382   85 64.057143 13.942857
  22   48   85 8.176190 13.823810
  71  364   63 60.638095 10.361905
  29  110   63 18.504762 10.495238
  68  320   84 53.733333 14.266667
  32  112   84 18.445238 13.554762
  60  284   72 47.604762 12.395238
  40  172   72 28.651190 11.348810
  66  322   72 53.805952 12.194048
  34  134   72 22.304762 11.695238
  72  356   80 59.117857 12.882143
  28   84   80 14.223810 13.776190
  79  414   58 69.248810 9.751190
  21   70   58 11.533333 9.466667
  83  442   56 73.452381 9.547619
  17   46   56 7.585714 9.414286
  83  434   61 72.595238 10.404762
  17   44   61 7.100000 9.900000
  83  456   43 75.985714 7.014286
  17   58   43 9.810714 7.189286
  72  358   73 59.879762 12.120238
  28   96   73 15.942857 12.057143
  79  408   63 68.438095 10.561905
  21   66   63 11.054762 9.945238
  82  428   60 71.815476 10.184524
  18   52   60 8.533333 9.466667
  75  392   62 65.151190 9.848810
  25   84   62 14.516667 10.483333
  83  438   60 73.238095 9.761905
  17   42   60 7.092857 9.907143
  80  400   73 67.346429 12.653571
  20   54   73 8.726190 11.273810
  66  312   83 52.141667 13.858333
  34  122   83 20.405952 13.594048
  82  416   74 69.641667 12.358333
  18   36   74 5.984524 12.015476
  92  522   32 86.873810 5.126190
   8   14   32 2.495238 5.504762
  91  516   32 85.882143 5.117857
   9   20   32 3.404762 5.595238
  91  518   28 86.390476 4.609524
   9   26   28 4.395238 4.604762
  92  516   35 86.276190 5.723810
   8   14   35 2.401190 5.598810
  89  496   42 82.515476 6.484524
  11   20   42 3.566667 7.433333
  87  462   58 77.290476 9.709524
  13   22   58 3.527381 9.472619
  93  524   32 87.600000 5.400000
   7   12   32 1.904762 5.095238
  93  532   29 88.440476 4.559524
   7   10   29 1.842857 5.157143
  85  456   53 76.420238 8.579762
  15   38   53 6.598413 8.401587
  94  528   33 88.292857 5.707143
   6    6   33 0.961905 5.038095
  91  514   31 85.847619 5.152381
   9   24   31 3.919048 5.080952
  92  528   24 88.045238 3.954762
   8   24   24 4.142857 3.857143
  90  518   24 86.076190 3.923810
  10   34   24 5.880952 4.119048
  90  512   26 85.428571 4.571429
  10   36   26 5.975000 4.025000
  91  508   36 84.802381 6.197619
   9   20   36 3.253571 5.746429
  94  530   32 88.603571 5.396429
   6    6   32 0.952381 5.047619
  91  510   34 85.320238 5.679762
   9   22   34 3.619048 5.380952
  88  494   34 82.457143 5.542857
  12   38   34 6.442857 5.557143
  82  446   44 74.733333 7.266667
  18   66   44 11.171429 6.828571
  84  456   46 76.304762 7.695238
  16   52   46 8.695238 7.304762
  89  492   43 81.942857 7.057143
  11   22   43 3.723810 7.276190
  91  516   30 85.990476 5.009524
   9   24   30 4.066667 4.933333
  94  538   25 89.934524 4.065476
   6   12   25 2.028571 3.971429
  93  528   30 88.097222 4.902778
   7   12   30 2.059524 4.940476
  96  556   21 92.590476 3.409524
   4    2   21 0.400000 3.600000
  98  578   11 96.189286 1.810714
   2    0   11 0.000000 2.000000
  89  486   45 81.407937 7.592063
  11   24   45 3.923810 7.076190
  94  536   29 89.333333 4.666667
   6    6   29 1.033333 4.966667
  91  504   44 83.721429 7.278571
   9    8   44 1.409524 7.590476
  94  524   36 87.857143 6.142857
   6    4   36 0.601190 5.398810
  97  562   19 93.827381 3.172619
   3    0   19 0.000000 3.000000
  96  558   19 92.819048 3.180952
   4    4   19 0.709524 3.290476
  99  586    7 97.790476 1.209524
   1    0    7 0.000000 1.000000
 100  600    0 100.000000 0.000000
