   3    4   14 0.652381 2.347619
   3    4   14 0.666667 2.333333
   1    0    7 0.000000 1.000000
   3    6   10 1.185714 1.814286
   1    0    6 0.000000 1.000000
   1    0    5 0.000000 1.000000
   1    0    6 0.000000 1.000000
   2    2   11 0.309524 1.690476
   2    2   11 0.309524 1.690476
   1    0    6 0.000000 1.000000
   1    0    6 0.000000 1.000000
   1    0    6 0.000000 1.000000
   4    6   18 1.042857 2.957143
   1    0    5 0.000000 1.000000
   1    0    7 0.000000 1.000000
   2    2    9 0.366667 1.633333
   2    2   10 0.333333 1.666667
   1    0    6 0.000000 1.000000
   2    2    8 0.400000 1.600000
   1    0    8 0.000000 1.000000
   2    2   11 0.309524 1.690476
   1    0    7 0.000000 1.000000
   3    6    9 1.233333 1.766667
   1    0    6 0.000000 1.000000
   5   14   16 2.385714 2.614286
   2    2    9 0.366667 1.633333
   4   10   14 1.695238 2.304762
   8   24   24 4.061905 3.938095
   1    0    6 0.000000 1.000000
   2    2   11 0.309524 1.690476
   2    2   10 0.333333 1.666667
   3    4   15 0.658333 2.341667
   1    0    6 0.000000 1.000000
   1    0    7 0.000000 1.000000
   1    0    7 0.000000 1.000000
   1    0    5 0.000000 1.000000
   3    6   10 1.133333 1.866667
   3    6   13 0.952381 2.047619
   1    0    7 0.000000 1.000000
   1    0    5 0.000000 1.000000
   1    0    7 0.000000 1.000000
   1    0    7 0.000000 1.000000
   5   10   19 1.695238 3.304762
   1    0    6 0.000000 1.000000
   2    2    9 0.366667 1.633333
   1    0    7 0.000000 1.000000
   2    2   11 0.309524 1.690476
   7   16   25 2.766667 4.233333
   3    2   13 0.400000 2.600000
   9   18   33 3.161905 5.838095
   1    0    7 0.000000 1.000000
   1    0    7 0.000000 1.000000
   3    6   11 1.085714 1.914286
   1    0    6 0.000000 1.000000
   5   14   15 2.404762 2.595238
   6   18   16 3.166667 2.833333
   2    2   11 0.309524 1.690476
   1    0    6 0.000000 1.000000
  10   26   34 4.507143 5.492857
   1    0    7 0.000000 1.000000
   4    8   15 1.400000 2.600000
   3    4   15 0.642857 2.357143
   4    6   16 1.100000 2.900000
   1    0    8 0.000000 1.000000
   2    2   12 0.291667 1.708333
   3    4   16 0.625000 2.375000
   1    0    6 0.000000 1.000000
   2    2    8 0.400000 1.600000
   1    0    7 0.000000 1.000000
   1    0    6 0.000000 1.000000
   1    0    6 0.000000 1.000000
   5   14   17 2.314286 2.685714
   2    2    9 0.366667 1.633333
   3    4   16 0.595238 2.404762
   1    0    6 0.000000 1.000000
   2    2   10 0.333333 1.666667
   1    0    6 0.000000 1.000000
   5    8   21 1.419048 3.580952
   1    0    7 0.000000 1.000000
   2    2    9 0.366667 1.633333
   2    2   10 0.333333 1.666667
   1    0    6 0.000000 1.000000
   9   24   32 3.871429 5.128571
   3    2   17 0.309524 2.690476
   4    2   23 0.333333 3.666667
   2    2    9 0.366667 1.633333
   1    0    7 0.000000 1.000000
   3    6   12 1.019048 1.980952
   4    8   15 1.366667 2.633333
   2    2   10 0.333333 1.666667
  11   30   35 5.104762 5.895238
   3    4   15 0.642857 2.357143
   5   10   19 1.809524 3.190476
   2    0   13 0.000000 2.000000
  10   26   31 4.459524 5.540476
   1    0    7 0.000000 1.000000
   4    8   14 1.469048 2.530952
   4    6   16 1.185714 2.814286
   2    0   14 0.000000 2.000000
   2    2   10 0.333333 1.666667
   1    0    6 0.000000 1.000000
   7   20   21 3.438095 3.561905
   4    8   16 1.319048 2.680952
   4    8   18 1.214286 2.785714
   6   16   20 2.666667 3.333333
   2    2   10 0.342857 1.657143
   3    4   16 0.619048 2.380952
   2    2    9 0.366667 1.633333
   8   28   21 4.809524 3.190476
   5    8   21 1.442857 3.557143
   1    0    6 0.000000 1.000000
   3    4   14 0.676190 2.323810
   8   26   21 4.521429 3.478571
   5   14   16 2.323810 2.676190
  13   44   35 7.290476 5.709524
   1    0    5 0.000000 1.000000
   1    0    7 0.000000 1.000000
  11   32   36 5.323810 5.676190
   3    6   13 0.952381 2.047619
   7   22   19 3.747619 3.252381
   6   10   26 1.728571 4.271429
   1    0    5 0.000000 1.000000
   4    6   19 0.961905 3.038095
   5   12   16 2.128571 2.871429
   2    0   12 0.000000 2.000000
   6   12   24 2.000000 4.000000
   6   14   23 2.261905 3.738095
   3    2   17 0.309524 2.690476
   4    4   18 0.766667 3.233333
   5   10   21 1.725000 3.275000
   6   12   23 2.071429 3.928571
   1    0    6 0.000000 1.000000
   1    0    6 0.000000 1.000000
  16   54   46 8.833333 7.166667
   2    0   12 0.000000 2.000000
   9   20   33 3.465476 5.534524
  16   52   45 8.660714 7.339286
   7   20   21 3.419048 3.580952
   4    8   17 1.261905 2.738095
  11   20   44 3.485714 7.514286
   3    4   14 0.666667 2.333333
   5   10   19 1.700000 3.300000
   2    2    8 0.400000 1.600000
   5    6   22 1.066667 3.933333
   4    4   21 0.642857 3.357143
   1    0    7 0.000000 1.000000
   3    4   15 0.658333 2.341667
   4    8   17 1.285714 2.714286
   6   14   20 2.591667 3.408333
   2    2    7 0.450000 1.550000
  23   88   50 14.709524 8.290476
   1    0    6 0.000000 1.000000
   4    4   21 0.642857 3.357143
  19   60   52 10.271429 8.728571
   5    8   23 1.316667 3.683333
   1    0    6 0.000000 1.000000
   7    4   39 0.733333 6.266667
   5    8   21 1.385714 3.614286
   4   10   14 1.661905 2.338095
   6   14   23 2.276190 3.723810
   2    0   12 0.000000 2.000000
   1    0    7 0.000000 1.000000
  12   40   34 6.545238 5.454762
   2    2   11 0.309524 1.690476
   4    6   19 0.976190 3.023810
   2    2   10 0.333333 1.666667
  20   68   50 11.666667 8.333333
   6   10   29 1.547619 4.452381
  20   44   72 7.671429 12.328571
   2    0   13 0.000000 2.000000
  14   24   64 4.058333 9.941667
   2    0   15 0.000000 2.000000
   4    8   18 1.261905 2.738095
   6    6   29 1.042857 4.957143
   4    6   15 1.133333 2.866667
   2    2    8 0.400000 1.600000
  12   32   39 5.471429 6.528571
   2    2    9 0.366667 1.633333
   4    4   20 0.709524 3.290476
   2    2   11 0.309524 1.690476
  16   52   42 8.961905 7.038095
   6   10   26 1.685714 4.314286
  19   44   67 7.700000 11.300000
   2    2   11 0.309524 1.690476
  12   20   52 3.366667 8.633333
   2    0   12 0.000000 2.000000
   7   10   28 1.866667 5.133333
  10   26   35 4.328571 5.671429
   6   18   19 2.938095 3.061905
  12   30   47 4.702381 7.297619
   2    2   10 0.342857 1.657143
   5   12   17 2.095238 2.904762
   3    6   13 0.983333 2.016667
  15   42   48 7.083333 7.916667
   7   12   30 1.971429 5.028571
  21   68   59 11.619048 9.380952
   1    0    7 0.000000 1.000000
  18   58   50 9.671429 8.328571
   2    0   14 0.000000 2.000000
  14   38   43 6.514286 7.485714
   5    6   23 1.076190 3.923810
   8   18   29 3.028571 4.971429
   1    0    7 0.000000 1.000000
   5    6   24 1.000000 4.000000
   6    8   29 1.328571 4.671429
   4    4   20 0.642857 3.357143
  18   42   66 7.028571 10.971429
  25   86   65 14.398810 10.601190
   5   12   16 2.133333 2.866667
  22   86   45 14.461905 7.538095
   3    2   16 0.309524 2.690476
  12   26   47 4.253571 7.746429
   4    4   20 0.676190 3.323810
  11   26   38 4.504762 6.495238
   4    8   16 1.352381 2.647619
   7    4   41 0.666667 6.333333
  28  106   64 17.726190 10.273810
  10   32   29 5.300000 4.700000
  26   90   61 15.454762 10.545238
   1    0    6 0.000000 1.000000
   9   22   33 3.638095 5.361905
   4    6   19 0.952381 3.047619
   8   10   43 1.523810 6.476190
   7   14   29 2.352381 4.647619
   7   10   29 1.811905 5.188095
  23   84   50 14.604762 8.395238
  11   28   40 4.638095 6.361905
  27   98   62 16.819048 10.180952
   1    0    6 0.000000 1.000000
  12   28   44 4.652381 7.347619
   3    6   14 0.904762 2.095238
  10   16   48 2.476190 7.523810
   5   10   21 1.619048 3.380952
  14   40   42 6.861905 7.138095
  13   20   54 3.542857 9.457143
   7   16   25 2.704762 4.295238
  32  112   78 18.907143 13.092857
   1    0    6 0.000000 1.000000
  15   38   54 6.235714 8.764286
   1    0    7 0.000000 1.000000
   5    8   22 1.352381 3.647619
   9   20   34 3.342857 5.657143
  16   60   36 10.028571 5.971429
  10   18   44 2.900000 7.100000
   5   14   16 2.323810 2.676190
  31   94   86 16.338095 14.661905
   2    2   11 0.309524 1.690476
  21   44   84 7.328571 13.671429
   8   24   25 4.042857 3.957143
  19   66   51 10.884524 8.115476
  11   32   35 5.280952 5.719048
  11   28   40 4.547619 6.452381
   3    4   13 0.700000 2.300000
  36  114   94 19.489286 16.510714
   1    0    6 0.000000 1.000000
  11   14   54 2.238095 8.761905
   9   28   24 4.771429 4.228571
   5    2   30 0.333333 4.666667
  14   34   49 5.903571 8.096429
  14   44   44 7.109524 6.890476
   5   14   18 2.214286 2.785714
  38  130   99 21.647619 16.352381
   3    6   10 1.133333 1.866667
  12   22   46 3.952381 8.047619
  10   28   31 4.795238 5.204762
   4   10   13 1.728571 2.271429
   5    6   26 0.928571 4.071429
  22   72   59 12.226190 9.773810
   2    0   12 0.000000 2.000000
  40  132  108 22.080952 17.919048
   3    6   12 1.019048 1.980952
  14   36   49 6.004762 7.995238
  10   34   27 5.577381 4.422619
   3    6   14 0.904762 2.095238
   1    0    5 0.000000 1.000000
  26   94   59 15.916667 10.083333
   1    0    6 0.000000 1.000000
  41  156   89 26.254762 14.745238
   1    0    7 0.000000 1.000000
  17   58   45 9.757143 7.242857
  14   48   35 8.095238 5.904762
  20   56   63 9.676190 10.323810
   1    0    7 0.000000 1.000000
  44  180   82 30.225000 13.775000
  21   82   47 13.628571 7.371429
  17   54   43 9.422619 7.577381
  20   76   45 12.490476 7.509524
   2    2    8 0.416667 1.583333
  36  142   78 23.528571 12.471429
  25  104   48 17.255952 7.744048
  20   84   36 14.178571 5.821429
  16   32   62 5.546429 10.453571
   1    0    7 0.000000 1.000000
  40  160   83 26.857143 13.142857
  23   80   56 13.595238 9.404762
  17   68   33 11.504762 5.495238
   8   16   33 2.666667 5.333333
   4    6   20 0.952381 3.047619
  38  136   93 22.785714 15.214286
  33  120   75 20.410714 12.589286
  15   56   36 9.301190 5.698810
  12   34   41 5.592857 6.407143
   4    2   23 0.342857 3.657143
  27   74   84 12.800000 14.200000
  42  184   66 30.780952 11.219048
  11   24   41 4.273810 6.726190
  10   20   41 3.300000 6.700000
   7   12   32 1.971429 5.028571
  35  122   88 20.438095 14.561905
  37  140   80 23.738095 13.261905
  10   30   28 5.161905 4.838095
  13   34   42 5.861905 7.138095
   4    4   19 0.733333 3.266667
  26   72   80 12.228571 13.771429
  47  202   89 33.052381 13.947619
   8   16   33 2.580952 5.419048
   8   20   28 3.352381 4.647619
   5    6   24 1.033333 3.966667
  26   78   80 12.808333 13.191667
  53  214  101 35.853571 17.146429
  12   44   29 7.409524 4.590476
  11   28   34 4.988095 6.011905
   3    2   17 0.309524 2.690476
  23   74   62 12.554762 10.445238
  51  242   68 40.141667 10.858333
   9   24   31 3.990476 5.009524
   7   14   30 2.261905 4.738095
   4    6   20 0.928571 3.071429
  22   64   65 11.016667 10.983333
  58  264   82 44.185714 13.814286
  13   50   28 8.266667 4.733333
   6   10   26 1.709524 4.290476
   1    0    6 0.000000 1.000000
  22   86   47 14.479762 7.520238
  58  284   63 47.623810 10.376190
  11   34   32 5.719048 5.280952
   2    0   14 0.000000 2.000000
  22   82   53 13.638095 8.361905
  65  322   63 54.026190 10.973810
   7   22   20 3.623810 3.376190
   2    2   10 0.333333 1.666667
  20   58   65 9.736905 10.263095
  71  356   67 59.464286 11.535714
   5   12   17 2.066667 2.933333
   1    0    7 0.000000 1.000000
  23   70   67 11.954762 11.045238
  71  358   69 59.664286 11.335714
   3    4   13 0.700000 2.300000
   1    0    7 0.000000 1.000000
  35  130   79 22.027381 12.972619
  61  294   73 48.923810 12.076190
   4   10   13 1.819048 2.180952
   3    6   10 1.133333 1.866667
  29   94   79 15.903571 13.096429
  64  302   86 50.154762 13.845238
   4   10   11 2.016667 1.983333
  26   80   79 13.166667 12.833333
  70  330   90 54.967857 15.032143
   7   14   28 2.338095 4.661905
  27   86   77 14.490476 12.509524
  66  290  105 48.695238 17.304762
  11   36   27 6.238095 4.761905
  36  128   85 21.671429 14.328571
  53  218  106 35.832143 17.167857
  11   34   33 5.726190 5.273810
  29  104   72 17.380952 11.619048
  60  262   95 44.442857 15.557143
  10   26   33 4.623810 5.376190
  31  114   73 19.198810 11.801190
  59  270   84 44.957143 14.042857
  13   42   38 6.780952 6.219048
  40  170   74 28.088095 11.911905
  47  188   88 31.811905 15.188095
  13   46   34 7.657143 5.342857
  34  112   92 18.764286 15.235714
  53  218   98 36.735714 16.264286
  10   26   33 4.383333 5.616667
  40  150   84 25.727381 14.272619
  50  200  107 32.741667 17.258333
   9   20   35 3.438095 5.561905
  39  144   93 23.991667 15.008333
  52  212   96 35.935714 16.064286
  13   32   42 5.602381 7.397619
  31   76  110 12.818254 18.181746
  56  226  114 37.720238 18.279762
  11   26   40 4.380952 6.619048
  37  136   90 22.616667 14.383333
  52  206  102 34.904762 17.095238
  12   30   44 5.085714 6.914286
  26   76   80 12.790476 13.209524
  62  280   90 46.959524 15.040476
  10   16   45 2.614286 7.385714
  33  104   89 17.798810 15.201190
  57  242  104 40.300000 16.700000
   9   16   38 2.709524 6.290476
  35  128   82 21.309524 13.690476
  56  238   98 39.898810 16.101190
   6    8   25 1.552381 4.447619
  31   94   93 15.557143 15.442857
  63  278  102 46.461905 16.538095
   6   10   28 1.571429 4.428571
  26   76   79 12.873016 13.126984
  68  316   91 53.048810 14.951190
   6   12   26 1.833333 4.166667
  23   68   71 11.257143 11.742857
  71  342   81 57.238095 13.761905
   7   16   24 2.866667 4.133333
  15   44   47 7.338095 7.661905
  78  410   59 68.211905 9.788095
   2    0   12 0.000000 2.000000
  11   26   41 4.438095 6.561905
  87  476   45 79.580952 7.419048
   1    0    6 0.000000 1.000000
  13   38   41 6.271429 6.728571
  86  472   43 78.676190 7.323810
   3    0   20 0.000000 3.000000
  97  560   20 93.577381 3.422619
   1    0    6 0.000000 1.000000
  99  588    6 98.014286 0.985714
 100  600    0 100.000000 0.000000
