   1    0    6 0.000000 1.000000
   1    0    6 0.000000 1.000000
   1    0    6 0.000000 1.000000
   1    0    5 0.000000 1.000000
   1    0    6 0.000000 1.000000
   1    0    7 0.000000 1.000000
   1    0    6 0.000000 1.000000
   2    2   10 0.333333 1.666667
   1    0    5 0.000000 1.000000
   1    0    7 0.000000 1.000000
   4   10   12 1.861905 2.138095
   1    0    6 0.000000 1.000000
   1    0    6 0.000000 1.000000
   1    0    5 0.000000 1.000000
   2    2   11 0.309524 1.690476
   7   20   21 3.485714 3.514286
   4   10   13 1.761905 2.238095
   1    0    7 0.000000 1.000000
   1    0    7 0.000000 1.000000
   1    0    8 0.000000 1.000000
   1    0    7 0.000000 1.000000
   8   22   22 4.004762 3.995238
   3    4   16 0.595238 2.404762
   1    0    6 0.000000 1.000000
   1    0    6 0.000000 1.000000
   1    0    5 0.000000 1.000000
   2    2   12 0.285714 1.714286
   1    0    6 0.000000 1.000000
   1    0    6 0.000000 1.000000
   2    2   10 0.333333 1.666667
   1    0    5 0.000000 1.000000
   1    0    6 0.000000 1.000000
   1    0    7 0.000000 1.000000
   1    0    5 0.000000 1.000000
   2    2    9 0.366667 1.633333
   1    0    6 0.000000 1.000000
   1    0    7 0.000000 1.000000
   2    2    9 0.366667 1.633333
   4    8   16 1.333333 2.666667
   2    2   10 0.342857 1.657143
   2    2   10 0.333333 1.666667
   1    0    7 0.000000 1.000000
   4    8   15 1.366667 2.633333
   1    0    6 0.000000 1.000000
   1    0    6 0.000000 1.000000
   2    2   10 0.333333 1.666667
   1    0    6 0.000000 1.000000
   3    4   13 0.700000 2.300000
   3    6   11 1.066667 1.933333
   3    4   16 0.595238 2.404762
   1    0    7 0.000000 1.000000
   1    0    6 0.000000 1.000000
   2    2    8 0.416667 1.583333
   2    2   12 0.285714 1.714286
   2    0   13 0.000000 2.000000
   1    0    7 0.000000 1.000000
   3    4   13 0.700000 2.300000
   4    4   21 0.709524 3.290476
   1    0    7 0.000000 1.000000
   1    0    6 0.000000 1.000000
   3    4   13 0.700000 2.300000
   1    0    5 0.000000 1.000000
   4   10   14 1.719048 2.280952
   1    0    7 0.000000 1.000000
   1    0    6 0.000000 1.000000
   6   18   19 3.150794 2.849206
   2    2    9 0.366667 1.633333
  10   22   39 3.619048 6.380952
   2    0   13 0.000000 2.000000
   1    0    7 0.000000 1.000000
   3    4   14 0.676190 2.323810
   1    0    6 0.000000 1.000000
   5   10   20 1.680952 3.319048
   1    0    6 0.000000 1.000000
   3    4   12 0.766667 2.233333
   3    6   11 1.066667 1.933333
   3    2   13 0.400000 2.600000
   4    8   18 1.261905 2.738095
  13   40   36 6.876190 6.123810
   4   10   14 1.661905 2.338095
   1    0    6 0.000000 1.000000
   4   10   14 1.714286 2.285714
   1    0    7 0.000000 1.000000
   2    2   10 0.333333 1.666667
   2    2   13 0.267857 1.732143
   5   10   19 1.719048 3.280952
   2    2   11 0.309524 1.690476
   2    2    8 0.400000 1.600000
   2    2    9 0.366667 1.633333
   1    0    6 0.000000 1.000000
   2    2   10 0.342857 1.657143
   3    6   11 1.066667 1.933333
   3    6   15 0.857143 2.142857
   4    8   15 1.400000 2.600000
   9   26   29 4.285714 4.714286
   5    8   22 1.376190 3.623810
   8   14   32 2.433333 5.566667
   4    8   17 1.317857 2.682143
   5   10   20 1.680952 3.319048
   1    0    5 0.000000 1.000000
   2    2   10 0.333333 1.666667
   1    0    7 0.000000 1.000000
   2    2   12 0.285714 1.714286
   1    0    6 0.000000 1.000000
   2    2   10 0.342857 1.657143
   5    8   20 1.466667 3.533333
  16   60   36 9.928571 6.071429
   2    0   12 0.000000 2.000000
   2    2   10 0.333333 1.666667
   9   32   22 5.641667 3.358333
   2    2   12 0.285714 1.714286
   1    0    6 0.000000 1.000000
   6   14   20 2.566667 3.433333
   2    2   10 0.342857 1.657143
   1    0    6 0.000000 1.000000
   2    2   11 0.309524 1.690476
   2    2   10 0.333333 1.666667
   2    2   12 0.285714 1.714286
   1    0    6 0.000000 1.000000
   3    2   17 0.333333 2.666667
   1    0    5 0.000000 1.000000
  11   30   36 5.158333 5.841667
   7   20   20 3.607143 3.392857
   8   26   23 4.333333 3.666667
   2    2   10 0.333333 1.666667
   4    6   18 1.000000 3.000000
   4   10   12 1.800000 2.200000
   3    4   13 0.742857 2.257143
   1    0    6 0.000000 1.000000
   1    0    7 0.000000 1.000000
  19   66   45 11.242857 7.757143
   2    2   11 0.309524 1.690476
   2    2   10 0.333333 1.666667
  12   42   29 7.090476 4.909524
   2    0   13 0.000000 2.000000
   9   28   27 4.759524 4.240476
   1    0    7 0.000000 1.000000
   4   10   15 1.619048 2.380952
   3    4   13 0.733333 2.266667
   3    4   15 0.642857 2.357143
   6   10   22 1.952381 4.047619
   1    0    8 0.000000 1.000000
  17   56   45 9.439286 7.560714
   7   18   25 2.942857 4.057143
   4   10   14 1.719048 2.280952
   2    2    9 0.366667 1.633333
   3    4   16 0.667857 2.332143
   1    0    7 0.000000 1.000000
   2    2   12 0.285714 1.714286
   2    2   11 0.309524 1.690476
  32  122   66 20.603571 11.396429
   3    6   11 1.085714 1.914286
   1    0    6 0.000000 1.000000
   1    0    5 0.000000 1.000000
   8   24   26 3.958333 4.041667
   1    0    6 0.000000 1.000000
   1    0    6 0.000000 1.000000
   1    0    8 0.000000 1.000000
  14   52   30 9.035714 4.964286
  18   60   47 10.242857 7.757143
   7   14   27 2.466667 4.533333
   7   26   17 4.523810 2.476190
   6    8   25 1.485714 4.514286
   5   12   17 2.033333 2.966667
  27   88   77 14.540476 12.459524
   5   14   16 2.380952 2.619048
   1    0    6 0.000000 1.000000
   7   18   26 2.880952 4.119048
   4    6   17 1.109524 2.890476
  11   30   37 4.933333 6.066667
  16   44   53 7.333333 8.666667
  22   82   50 13.646429 8.353571
   1    0    8 0.000000 1.000000
   3    2   17 0.325000 2.675000
   4    8   15 1.452381 2.547619
  24   52   86 9.000000 15.000000
   4    6   20 0.952381 3.047619
  11   28   39 4.638095 6.361905
   5   10   20 1.666667 3.333333
  16   58   40 9.614286 6.385714
  11   28   38 4.690476 6.309524
  27  112   51 18.814286 8.185714
   3    4   14 0.666667 2.333333
  19   38   74 6.319048 12.680952
   4    6   18 1.000000 3.000000
  15   44   45 7.361905 7.638095
   6    8   27 1.366667 4.633333
  24   90   55 15.009524 8.990476
   6   10   27 1.580952 4.419048
  25   96   54 16.019048 8.980952
   6   18   18 2.995238 3.004762
  17   46   54 7.861905 9.138095
   4    8   15 1.419048 2.580952
  12   38   36 6.180952 5.819048
   5    8   24 1.291667 3.708333
  19   50   61 8.647619 10.352381
   4    4   24 0.577381 3.422619
  28  108   56 18.328571 9.671429
   2    0   12 0.000000 2.000000
  22   82   49 13.814286 8.185714
  11   30   35 5.123810 5.876190
   9   24   33 3.809524 5.190476
   1    0    7 0.000000 1.000000
  15   42   48 7.066667 7.933333
   8   16   33 2.576190 5.423810
  32  124   66 20.804762 11.195238
   1    0    6 0.000000 1.000000
  14   40   41 6.757143 7.242857
  18   72   37 12.028571 5.971429
  11   34   34 5.638095 5.361905
  12   40   33 6.657143 5.342857
   5    8   22 1.416667 3.583333
  31  104   79 17.490476 13.509524
   1    0    7 0.000000 1.000000
  24   76   68 12.802381 11.197619
  18   74   35 12.377381 5.622619
   9   22   32 3.652381 5.347619
   7   14   28 2.295238 4.704762
  13   34   44 5.907143 7.092857
  27   70   89 11.852381 15.147619
  30  112   70 18.560714 11.439286
  14   42   43 7.009524 6.990476
   9   26   28 4.285714 4.714286
   8   22   27 3.722619 4.277381
   6   10   27 1.661905 4.338095
  20   44   77 7.366667 12.633333
  34  112   86 18.957143 15.042857
  28   98   73 16.307143 11.692857
   4    4   20 0.709524 3.290476
   3    2   15 0.342857 2.657143
   5    8   24 1.292857 3.707143
  30  100   80 16.880952 13.119048
  27   84   77 14.195238 12.804762
  30  106   76 17.690476 12.309524
   5    8   20 1.433333 3.566667
   5   10   19 1.666667 3.333333
  34  114   94 18.819048 15.180952
  22   66   70 10.702381 11.297619
  37  150   67 25.161905 11.838095
   2    2    8 0.400000 1.600000
   8   24   23 4.071429 3.928571
  27   68   96 11.494048 15.505952
  26   78   76 13.219048 12.780952
  37  148   74 24.854762 12.145238
   2    2   11 0.325000 1.675000
   9   30   26 4.995238 4.004762
  20   38   84 6.311905 13.688095
  27   90   70 15.292857 11.707143
  43  168   88 28.390873 14.609127
   1    0    6 0.000000 1.000000
   4    6   19 0.952381 3.047619
  28   82   88 13.601190 14.398810
  34  132   69 22.314286 11.685714
  34  138   66 23.105952 10.894048
   3    4   13 0.733333 2.266667
  25   78   75 13.142857 11.857143
  40  164   73 27.709524 12.290476
  32  114   79 18.990476 13.009524
  23   74   67 12.252381 10.747619
  40  154   87 25.532143 14.467857
  37  148   70 24.904762 12.095238
  21   62   65 10.452381 10.547619
  38  158   69 26.504762 11.495238
  41  174   72 29.038095 11.961905
  18   42   64 7.128571 10.871429
  39  172   64 28.666667 10.333333
  43  200   58 33.552381 9.447619
  24   72   71 12.107143 11.892857
  37  148   74 24.859524 12.140476
  39  168   67 28.112698 10.887302
  25   86   65 14.333333 10.666667
  36  148   67 24.828571 11.171429
  39  180   54 30.130952 8.869048
  33  128   66 21.723810 11.276190
  34  144   62 23.916667 10.083333
  33  146   54 24.200000 8.800000
  34  122   83 20.460714 13.539286
  36  140   73 23.667857 12.332143
  30  128   54 21.266667 8.733333
  30   96   88 15.935714 14.064286
  29  100   74 16.761905 12.238095
  41  174   68 29.542857 11.457143
  37  132   94 21.883333 15.116667
  29   96   78 15.800000 13.200000
  34  122   78 20.661905 13.338095
  37  118  103 19.875000 17.125000
  26   80   76 13.745238 12.254762
  37  132   91 22.565476 14.434524
  44  156  108 26.290476 17.709524
  18   40   65 6.952381 11.047619
  38  142   89 23.783333 14.216667
  50  212   86 35.723810 14.276190
  17   42   60 7.133333 9.866667
  33  120   80 20.033333 12.966667
  54  248   74 41.698810 12.301190
  19   42   73 6.995238 12.004762
  27   84   79 13.966667 13.033333
  68  328   76 55.057143 12.942857
  17   32   68 5.461905 11.538095
  15   36   60 5.784524 9.215476
  79  408   65 68.114286 10.885714
   8    8   40 1.400000 6.600000
  13   32   47 5.380952 7.619048
  79  436   40 72.616667 6.383333
   5   12   18 2.195238 2.804762
  16   62   32 10.621429 5.378571
  86  484   31 80.861905 5.138095
   2    2   11 0.309524 1.690476
  12   44   28 7.296429 4.703571
  75  408   44 67.776190 7.223810
   8   24   23 4.085714 3.914286
  17   66   35 11.197619 5.802381
  82  436   54 73.007143 8.992857
   4    6   19 0.961905 3.038095
  14   40   45 6.757143 7.242857
  79  416   59 69.319048 9.680952
   6   14   22 2.352381 3.647619
  15   42   47 7.138095 7.861905
  83  442   58 73.626190 9.373810
   3    4   15 0.642857 2.357143
  14   30   51 5.171429 8.828571
  92  516   35 86.330952 5.669048
   2    2   11 0.309524 1.690476
   6    8   28 1.352381 4.647619
  85  452   59 75.400000 9.600000
   5    8   21 1.419048 3.580952
  10   16   44 2.711905 7.288095
  76  398   63 65.820238 10.179762
   7   14   24 2.500000 4.500000
  17   40   61 6.800000 10.200000
  72  362   67 60.689286 11.310714
   8   18   32 3.054762 4.945238
  20   58   63 9.728571 10.271429
  69  320   89 54.057143 14.942857
  12   36   37 6.019048 5.980952
  19   52   66 8.723810 10.276190
  74  368   75 61.710714 12.289286
   7   10   33 1.661905 5.338095
  19   58   56 9.733333 9.266667
  81  410   71 68.978571 12.021429
   5    6   26 0.952381 4.047619
  14   42   45 6.926190 7.073810
  79  414   59 69.164286 9.835714
   4   10   15 1.683333 2.316667
  17   58   44 9.671429 7.328571
  80  422   54 71.007143 8.992857
   1    0    8 0.000000 1.000000
  19   70   46 11.894048 7.105952
  79  412   59 68.942857 10.057143
  21   70   59 11.663095 9.336905
  81  428   57 71.559524 9.440476
  19   58   57 9.576190 9.423810
  89  476   55 79.930952 9.069048
  11   14   55 2.295238 8.704762
  89  482   49 80.694048 8.305952
  11   20   49 3.219048 7.780952
  87  486   39 80.779762 6.220238
  13   36   39 6.183333 6.816667
  95  544   26 90.714286 4.285714
   5    4   26 0.676190 4.323810
  99  586    7 97.740476 1.259524
   1    0    7 0.000000 1.000000
 100  600    0 100.000000 0.000000
