   3    4   15 0.642857 2.357143
   1    0    6 0.000000 1.000000
   3    6   11 1.066667 1.933333
   5   14   14 2.466667 2.533333
   1    0    7 0.000000 1.000000
   2    2   11 0.309524 1.690476
   1    0    7 0.000000 1.000000
   2    2   10 0.333333 1.666667
   2    2   10 0.333333 1.666667
   1    0    6 0.000000 1.000000
   1    0    6 0.000000 1.000000
   2    2   10 0.342857 1.657143
   2    2   12 0.291667 1.708333
   2    2   10 0.333333 1.666667
   2    2    9 0.366667 1.633333
   3    6   13 0.983333 2.016667
   1    0    6 0.000000 1.000000
   1    0    6 0.000000 1.000000
   2    2    8 0.400000 1.600000
   1    0    6 0.000000 1.000000
   1    0    7 0.000000 1.000000
   3    6   11 1.085714 1.914286
   3    6   12 1.019048 1.980952
   1    0    6 0.000000 1.000000
   2    2    9 0.366667 1.633333
   2    2   10 0.333333 1.666667
   4    8   14 1.500000 2.500000
   1    0    5 0.000000 1.000000
   1    0    5 0.000000 1.000000
   2    2   11 0.309524 1.690476
   1    0    6 0.000000 1.000000
   1    0    6 0.000000 1.000000
   2    2   10 0.333333 1.666667
   3    4   13 0.733333 2.266667
   3    6   13 0.952381 2.047619
   1    0    7 0.000000 1.000000
   3    4   13 0.700000 2.300000
   1    0    6 0.000000 1.000000
   1    0    5 0.000000 1.000000
   1    0    6 0.000000 1.000000
   1    0    7 0.000000 1.000000
   1    0    7 0.000000 1.000000
   1    0    7 0.000000 1.000000
   2    0   11 0.000000 2.000000
   1    0    6 0.000000 1.000000
   2    2   10 0.333333 1.666667
   3    4   14 0.709524 2.290476
   1    0    7 0.000000 1.000000
   1    0    6 0.000000 1.000000
   1    0    6 0.000000 1.000000
   1    0    6 0.000000 1.000000
   1    0    6 0.000000 1.000000
   1    0    6 0.000000 1.000000
   1    0    6 0.000000 1.000000
   2    2   11 0.309524 1.690476
   1    0    5 0.000000 1.000000
   1    0    8 0.000000 1.000000
   2    2    9 0.366667 1.633333
   1    0    6 0.000000 1.000000
   4    4   19 0.709524 3.290476
   3    4   13 0.700000 2.300000
   5    8   21 1.442857 3.557143
   2    2   10 0.333333 1.666667
   1    0    5 0.000000 1.000000
   1    0    6 0.000000 1.000000
   1    0    7 0.000000 1.000000
   4    4   21 0.642857 3.357143
   1    0    6 0.000000 1.000000
   1    0    6 0.000000 1.000000
   2    2   12 0.285714 1.714286
   5    8   23 1.314286 3.685714
   1    0    6 0.000000 1.000000
   4    8   18 1.238095 2.761905
   1    0    7 0.000000 1.000000
   2    2    9 0.366667 1.633333
   1    0    7 0.000000 1.000000
   3    4   15 0.619048 2.380952
   1    0    6 0.000000 1.000000
   1    0    6 0.000000 1.000000
   5   10   23 1.577381 3.422619
   1    0    6 0.000000 1.000000
   2    2   10 0.333333 1.666667
   2    2   10 0.333333 1.666667
   5   14   17 2.400000 2.600000
   5   14   14 2.528571 2.471429
   2    2   10 0.333333 1.666667
   2    2    8 0.400000 1.600000
   1    0    6 0.000000 1.000000
   1    0    6 0.000000 1.000000
   1    0    7 0.000000 1.000000
   4    8   15 1.442857 2.557143
   5   12   17 2.028571 2.971429
   4    4   18 0.733333 3.266667
   3    6   10 1.133333 1.866667
   2    2    9 0.366667 1.633333
   1    0    7 0.000000 1.000000
   4    6   18 1.019048 2.980952
   6   18   18 3.000000 3.000000
   2    2   11 0.309524 1.690476
   3    4   14 0.709524 2.290476
   8   22   27 3.642857 4.357143
   5   10   19 1.861905 3.138095
   3    6   13 0.952381 2.047619
   4    4   19 0.766667 3.233333
   2    2   10 0.333333 1.666667
   3    6   11 1.066667 1.933333
   3    2   14 0.366667 2.633333
   1    0    6 0.000000 1.000000
   7   10   34 1.702381 5.297619
   2    2   10 0.333333 1.666667
   3    6   13 0.952381 2.047619
   1    0    6 0.000000 1.000000
   1    0    7 0.000000 1.000000
   1    0    6 0.000000 1.000000
   1    0    6 0.000000 1.000000
   3    6   12 1.019048 1.980952
   6   16   20 2.591667 3.408333
  10   26   33 4.357143 5.642857
   3    4   14 0.676190 2.323810
   4    4   18 0.766667 3.233333
   1    0    6 0.000000 1.000000
  12   36   34 6.161905 5.838095
   3    6   14 0.904762 2.095238
   1    0    6 0.000000 1.000000
   2    2   10 0.333333 1.666667
   5   12   19 1.957143 3.042857
   1    0    7 0.000000 1.000000
   3    4   15 0.616667 2.383333
  11   28   38 4.785714 6.214286
   5    6   23 1.085714 3.914286
   3    4   14 0.666667 2.333333
   2    2   10 0.333333 1.666667
   3    0   19 0.000000 3.000000
   1    0    5 0.000000 1.000000
   7   18   23 3.071429 3.928571
   2    2   11 0.309524 1.690476
   4    8   14 1.466667 2.533333
   6   18   18 3.147619 2.852381
   1    0    7 0.000000 1.000000
   4    6   20 0.959524 3.040476
   4    4   23 0.625000 3.375000
  20   74   48 12.221429 7.778571
   2    2   10 0.333333 1.666667
   4    8   16 1.328571 2.671429
  11   30   32 5.357143 5.642857
   4    8   13 1.600000 2.400000
   1    0    6 0.000000 1.000000
   1    0    6 0.000000 1.000000
   3    2   14 0.400000 2.600000
   3    2   19 0.291667 2.708333
  14   46   36 7.919048 6.080952
   6   10   27 1.669048 4.330952
   4    6   20 0.952381 3.047619
   1    0    7 0.000000 1.000000
   6   12   23 2.100000 3.900000
   1    0    6 0.000000 1.000000
   6   10   24 1.833333 4.166667
   2    0   11 0.000000 2.000000
   4    8   15 1.433333 2.566667
   7   18   25 2.900000 4.100000
  17   50   52 8.488095 8.511905
   2    0   14 0.000000 2.000000
  19   64   48 10.838095 8.161905
   4   10   14 1.685714 2.314286
   1    0    7 0.000000 1.000000
   5    6   25 0.985714 4.014286
   5    6   25 0.952381 4.047619
  13   36   41 6.085714 6.914286
   4    6   19 1.000000 3.000000
   8   26   23 4.352381 3.647619
   5   14   16 2.333333 2.666667
   1    0    6 0.000000 1.000000
   4    8   17 1.328571 2.671429
   5    8   21 1.385714 3.614286
   4    6   20 0.904762 3.095238
   8   20   29 3.238095 4.761905
  11   20   44 3.528571 7.471429
   6   12   25 1.938095 4.061905
  12   22   46 4.109524 7.890476
   5   14   17 2.341667 2.658333
   4   10   12 1.866667 2.133333
   3    4   13 0.700000 2.300000
   3    4   15 0.642857 2.357143
  16   54   43 8.971429 7.028571
   2    2   11 0.325000 1.675000
  11   40   26 6.671429 4.328571
   2    0   13 0.000000 2.000000
   1    0    7 0.000000 1.000000
   1    0    7 0.000000 1.000000
   6   10   27 1.619048 4.380952
   3    2   16 0.333333 2.666667
   7   12   28 2.133333 4.866667
  11   30   36 4.976190 6.023810
   8   22   23 3.900000 4.100000
  16   34   59 5.997619 10.002381
   3    6   12 1.019048 1.980952
   7   14   30 2.275000 4.725000
   3    4   17 0.601190 2.398810
   2    2    9 0.366667 1.633333
  17   48   52 8.325000 8.675000
   8   22   26 3.855556 4.144444
   1    0    7 0.000000 1.000000
   6   18   17 3.095238 2.904762
   5   14   14 2.585714 2.414286
   6   12   22 2.200000 3.800000
  13   36   43 5.971429 7.028571
   7   22   20 3.719048 3.280952
  20   56   68 9.214286 10.785714
   2    2    9 0.366667 1.633333
  10   20   40 3.323810 6.676190
   4    6   17 1.052381 2.947619
   4   10   15 1.595238 2.404762
  23   76   60 12.728571 10.271429
   7   12   30 2.052381 4.947619
   1    0    7 0.000000 1.000000
   1    0    8 0.000000 1.000000
   3    6   13 0.952381 2.047619
   5    8   21 1.385714 3.614286
  14   32   51 5.542857 8.457143
   6   14   21 2.419048 3.580952
  25   76   79 12.553571 12.446429
   3    6   10 1.133333 1.866667
   4    2   20 0.400000 3.600000
   6   16   21 2.614286 3.385714
   3    4   14 0.709524 2.290476
  21   82   46 13.500000 7.500000
   3    0   19 0.000000 3.000000
   2    0   11 0.000000 2.000000
   1    0    6 0.000000 1.000000
   4    6   19 0.976190 3.023810
   7   14   28 2.447619 4.552381
  14   24   59 4.000000 10.000000
   3    6   13 0.971429 2.028571
  25   62   86 10.566667 14.433333
   6   12   23 2.104762 3.895238
   5    6   23 1.085714 3.914286
   8   26   21 4.476190 3.523810
  31  124   61 20.821429 10.178571
   1    0    6 0.000000 1.000000
   3    6   13 0.983333 2.016667
   2    2   11 0.309524 1.690476
   7   16   27 2.690476 4.309524
  13   28   47 4.871429 8.128571
   3    6   11 1.066667 1.933333
  22   62   74 10.248810 11.751190
   5   14   17 2.347619 2.652381
   5   14   14 2.495238 2.504762
   4    6   20 0.928571 3.071429
  18   66   40 11.209524 6.790476
   2    2   11 0.309524 1.690476
   9   16   36 2.809524 6.190476
  15   44   45 7.466667 7.533333
   5    8   24 1.261905 3.738095
  35  124   83 20.795238 14.204762
   5   12   21 1.809524 3.190476
   7   20   22 3.416667 3.583333
   1    0    6 0.000000 1.000000
  23   88   51 14.553571 8.446429
  15   46   44 7.700000 7.300000
  17   52   46 8.911905 8.088095
   6   14   23 2.233333 3.766667
  26   88   69 14.747619 11.252381
   1    0    7 0.000000 1.000000
  11   36   30 6.057143 4.942857
   2    2   10 0.333333 1.666667
  21   86   38 14.566667 6.433333
  10   22   39 3.604762 6.395238
   5    6   23 1.052381 3.947619
   5   10   19 1.719048 3.280952
  39  150   86 25.119048 13.880952
   1    0    6 0.000000 1.000000
  17   64   39 10.580952 6.419048
   2    2   10 0.342857 1.657143
  20   74   43 12.466667 7.533333
   3    2   16 0.333333 2.666667
   4    6   15 1.166667 2.833333
   9   20   35 3.338095 5.661905
  42  148  106 24.509524 17.490476
  20   68   55 11.200000 8.800000
   3    4   15 0.642857 2.357143
  18   56   52 9.413095 8.586905
   6   16   19 2.733333 3.266667
   8   14   37 2.257143 5.742857
   9   22   31 3.895238 5.104762
  39  138   92 23.510714 15.489286
  17   54   50 9.017857 7.982143
   1    0    6 0.000000 1.000000
  19   48   65 8.207143 10.792857
  10   30   31 5.069048 4.930952
   7   14   27 2.461905 4.538095
   4    2   23 0.333333 3.666667
  48  206   83 34.519048 13.480952
  11   26   39 4.509524 6.490476
  21   48   74 8.204762 12.795238
   8   14   33 2.414286 5.585714
   4    8   15 1.395238 2.604762
   3    6   12 1.019048 1.980952
  53  228   97 37.671429 15.328571
  11   26   39 4.480952 6.519048
  27   94   73 15.451190 11.548810
  11   36   31 5.805952 5.194048
   5   10   19 1.861905 3.138095
   1    0    6 0.000000 1.000000
  45  168   96 28.320238 16.679762
  11   28   39 4.688095 6.311905
  39  150   82 25.266667 13.733333
  12   40   31 6.938095 5.061905
   4    6   18 1.000000 3.000000
  32  114   79 19.076190 12.923810
  13   28   52 4.619048 8.380952
  41  144  104 24.061905 16.938095
  11   30   36 5.023810 5.976190
   9   28   26 4.628571 4.371429
  29   92   82 15.607143 13.392857
  10   16   42 2.852381 7.147619
  43  154  107 25.483333 17.516667
  20   60   59 10.090476 9.909524
  14   44   39 7.471429 6.528571
  16   38   56 6.480952 9.519048
   7   12   31 1.992857 5.007143
  44  174   86 29.502381 14.497619
  12   28   46 4.623810 7.376190
  26  100   55 16.939286 9.060714
  11   32   40 5.145635 5.854365
   7   10   29 1.819048 5.180952
  50  206   89 34.823810 15.176190
   6   10   28 1.571429 4.428571
  26   92   63 15.333333 10.666667
   7   10   32 1.638095 5.361905
  11   28   42 4.428571 6.571429
  59  260   88 43.879762 15.120238
   4   10   13 1.761905 2.238095
  19   60   57 9.801190 9.198810
   5   10   22 1.614286 3.385714
  13   34   46 5.714286 7.285714
  55  238   92 39.834524 15.165476
   7   14   29 2.295238 4.704762
  21   68   58 11.357143 9.642857
   7   16   27 2.676190 4.323810
  10   16   42 2.685714 7.314286
  53  238   81 39.642857 13.357143
   9   32   22 5.466667 3.533333
  26  100   57 16.657937 9.342063
   5    8   22 1.366667 3.633333
   7   12   28 2.133333 4.866667
  57  262   78 43.864286 13.135714
  11   28   35 4.927381 6.072619
  21   66   64 10.804762 10.195238
   9   16   38 2.600000 6.400000
   2    2   11 0.309524 1.690476
  63  278   96 46.773810 16.226190
   8   10   40 1.642857 6.357143
  18   42   69 6.898810 11.101190
   7   10   30 1.776190 5.223810
   4    6   19 0.994048 3.005952
  68  310   93 52.347619 15.652381
   8   10   36 1.752381 6.247619
  14   42   46 6.907143 7.092857
   7    6   37 0.995238 6.004762
   3    0   20 0.000000 3.000000
  61  272   91 45.773810 15.226190
  11   26   38 4.522619 6.477381
  17   44   60 7.409524 9.590476
   9   22   34 3.600000 5.400000
   2    0   13 0.000000 2.000000
  69  324   91 53.941667 15.058333
   3    0   18 0.000000 3.000000
  12   20   51 3.466667 8.533333
  12   40   31 6.675000 5.325000
   4    4   21 0.642857 3.357143
  66  308   91 51.297619 14.702381
   3    0   19 0.000000 3.000000
  11   22   42 3.900000 7.100000
  13   36   39 6.438095 6.561905
   7   20   23 3.358333 3.641667
  68  304  103 50.800000 17.200000
   3    4   16 0.619048 2.380952
  12   24   48 3.961905 8.038095
  12   36   37 6.090476 5.909524
   5    8   20 1.433333 3.566667
  67  304  101 50.648810 16.351190
   3    2   14 0.400000 2.600000
  14   36   48 6.240476 7.759524
   6   10   25 1.685714 4.314286
  10   32   28 5.419048 4.580952
  57  240  103 40.209524 16.790476
   7   10   33 1.604762 5.395238
  17   42   58 7.100000 9.900000
   6   18   17 3.100000 2.900000
  13   46   33 7.657143 5.342857
  57  242  101 40.402381 16.597619
   8   22   28 3.652381 4.347619
  20   54   66 9.076190 10.923810
   1    0    5 0.000000 1.000000
  14   40   42 6.878571 7.121429
  58  258   90 43.078571 14.921429
   8   20   30 3.261905 4.738095
  15   38   53 6.302381 8.697619
   2    2   11 0.309524 1.690476
  17   52   46 9.119048 7.880952
  59  266   85 44.913095 14.086905
   1    0    7 0.000000 1.000000
  19   56   57 9.561905 9.438095
   1    0    6 0.000000 1.000000
  20   60   63 9.840476 10.159524
  47  204   81 33.977778 13.022222
  19   62   53 10.319048 8.680952
   1    0    5 0.000000 1.000000
  33  108   87 18.207143 14.792857
  46  202   75 33.729762 12.270238
  22   70   59 11.866667 10.133333
   2    2    9 0.366667 1.633333
  30  104   79 17.340476 12.659524
  40  154   82 25.938095 14.061905
  27   96   66 16.228571 10.771429
   3    6   13 0.952381 2.047619
  30  106   77 17.685714 12.314286
  37  154   67 26.023810 10.976190
  33  120   78 20.034524 12.965476
   5    8   22 1.342857 3.657143
  25   60   91 10.138095 14.861905
  41  154   90 26.071429 14.928571
  26   78   79 13.020238 12.979762
   1    0    6 0.000000 1.000000
  32   86  107 14.390476 17.609524
  40  164   81 27.182143 12.817857
  24   64   78 10.966667 13.033333
   2    2    9 0.366667 1.633333
  34  112   90 19.133333 14.866667
  42  180   71 30.215476 11.784524
  25   82   66 13.808333 11.191667
  33  112   89 18.625000 14.375000
  52  234   76 39.215476 12.784524
  25   68   82 11.492857 13.507143
  23   52   88 8.642857 14.357143
  52  226   87 37.884524 14.115476
  33  112   85 18.904762 14.095238
  15   42   48 7.245238 7.754762
  54  238   91 39.626190 14.373810
  25   70   75 12.176190 12.823810
  21   64   62 10.857143 10.142857
  56  242   99 40.151190 15.848810
  24   60   84 10.288095 13.711905
  20   40   75 7.061905 12.938095
  65  306   85 51.120635 13.879365
  17   38   64 6.480952 10.519048
  18   50   57 8.569048 9.430952
  68  336   71 56.161905 11.838095
  17   46   57 7.780952 9.219048
  15   42   48 7.033333 7.966667
  74  370   76 61.715476 12.284524
  13   22   56 3.638095 9.361905
  13   28   48 4.904762 8.095238
  76  378   79 63.211905 12.788095
  12   22   52 3.571429 8.428571
  12   36   33 6.266667 5.733333
  82  432   62 72.038095 9.961905
   8   10   39 1.647619 6.352381
  10   22   35 3.866667 6.133333
  81  428   57 71.355952 9.644048
   4    6   17 1.066667 2.933333
  15   42   50 7.019048 7.980952
  75  378   71 63.144048 11.855952
   7   14   29 2.323810 4.676190
  18   46   62 7.827381 10.172619
  77  420   43 69.951190 7.048810
   7   18   24 3.066667 3.933333
  16   58   37 9.838095 6.161905
  77  404   59 67.409524 9.590476
   9   18   37 3.038095 5.961905
  14   32   50 5.700000 8.300000
  71  376   55 62.380952 8.619048
   6   10   25 1.785714 4.214286
  23   70   64 12.014286 10.985714
  73  386   54 64.315476 8.684524
   4   10   12 1.833333 2.166667
  23   76   62 12.780952 10.219048
  70  360   57 60.347619 9.652381
   9   28   26 4.614286 4.385714
  21   64   65 10.475000 10.525000
  68  360   49 60.005952 7.994048
  19   70   40 12.190476 6.809524
  13   34   47 5.625000 7.375000
  72  358   69 60.376190 11.623810
  18   52   59 8.567857 9.432143
  10   24   38 4.057143 5.942857
  70  352   64 59.242857 10.757143
  15   38   55 6.336905 8.663095
  15   42   49 7.123810 7.876190
  49  224   77 36.961905 12.038095
  27   94   66 15.942857 11.057143
  24   76   63 13.009524 10.990476
  57  252   84 42.700000 14.300000
  16   50   49 8.248810 7.751190
  27   80   85 13.473810 13.526190
  63  294   85 49.021429 13.978571
   6   10   28 1.500000 4.500000
  31  102   81 17.355952 13.644048
  63  280   94 46.967857 16.032143
   5    8   25 1.214286 3.785714
  32  112   81 18.866667 13.133333
  65  312   79 51.829762 13.170238
   6   14   23 2.411905 3.588095
  29   98   74 16.344048 12.655952
  73  364   73 61.019048 11.980952
  27   90   73 15.070238 11.929762
  66  322   78 53.605952 12.394048
  34  122   78 20.769048 13.230952
  70  348   73 58.063095 11.936905
  30  106   73 17.700000 12.300000
  66  312   83 52.066667 13.933333
  34  122   83 20.267857 13.732143
  64  328   59 54.500000 9.500000
  36  154   59 26.070238 9.929762
  67  328   71 54.975000 12.025000
  33  130   71 21.515476 11.484524
  79  416   58 69.319048 9.680952
  21   68   58 11.273810 9.726190
  81  428   58 71.485714 9.514286
  19   56   58 9.319048 9.680952
  76  402   54 67.151190 8.848810
  24   90   54 15.165476 8.834524
  81  440   47 73.309524 7.690476
  19   66   47 11.138095 7.861905
  82  450   43 74.885714 7.114286
  18   64   43 10.895238 7.104762
  81  436   52 72.705952 8.294048
  19   60   52 10.142857 8.857143
  86  468   46 78.152381 7.847619
  14   40   46 6.461905 7.538095
  87  492   33 81.880952 5.119048
  13   42   33 7.266667 5.733333
  90  504   38 84.000000 6.000000
  10   20   38 3.538095 6.461905
  99  588    6 98.022619 0.977381
   1    0    6 0.000000 1.000000
  98  578   10 96.371429 1.628571
   2    2   10 0.333333 1.666667
 100  600    0 100.000000 0.000000
