   2    2   12 0.285714 1.714286
   2    2   10 0.342857 1.657143
   1    0    6 0.000000 1.000000
   1    0    6 0.000000 1.000000
   1    0    6 0.000000 1.000000
   3    4   13 0.733333 2.266667
   1    0    7 0.000000 1.000000
   1    0    6 0.000000 1.000000
   1    0    6 0.000000 1.000000
   4    8   16 1.416667 2.583333
   1    0    6 0.000000 1.000000
   1    0    7 0.000000 1.000000
   2    2   10 0.342857 1.657143
   5   14   15 2.428571 2.571429
   1    0    6 0.000000 1.000000
   3    4   13 0.733333 2.266667
   1    0    5 0.000000 1.000000
   3    4   15 0.619048 2.380952
   2    2    9 0.366667 1.633333
   1    0    7 0.000000 1.000000
   1    0    6 0.000000 1.000000
   1    0    7 0.000000 1.000000
   1    0    7 0.000000 1.000000
   1    0    6 0.000000 1.000000
   3    4   13 0.700000 2.300000
   3    6   12 1.019048 1.980952
   3    4   14 0.666667 2.333333
   1    0    7 0.000000 1.000000
   3    6   15 0.869048 2.130952
   3    4   12 0.766667 2.233333
   1    0    5 0.000000 1.000000
   1    0    5 0.000000 1.000000
   1    0    7 0.000000 1.000000
   2    2   10 0.333333 1.666667
   1    0    7 0.000000 1.000000
   1    0    5 0.000000 1.000000
   2    2   11 0.309524 1.690476
   1    0    5 0.000000 1.000000
   3    4   13 0.700000 2.300000
   1    0    6 0.000000 1.000000
   1    0    6 0.000000 1.000000
   2    2   11 0.325000 1.675000
   1    0    6 0.000000 1.000000
   2    2   10 0.333333 1.666667
   6   12   21 2.161905 3.838095
   1    0    6 0.000000 1.000000
   3    6   11 1.119048 1.880952
   1    0    6 0.000000 1.000000
   1    0    7 0.000000 1.000000
   1    0    7 0.000000 1.000000
   1    0    6 0.000000 1.000000
   2    2   10 0.333333 1.666667
   2    2   10 0.333333 1.666667
   1    0    6 0.000000 1.000000
   1    0    7 0.000000 1.000000
   3    6   10 1.133333 1.866667
   1    0    6 0.000000 1.000000
   3    4   13 0.700000 2.300000
   1    0    8 0.000000 1.000000
   3    6   12 1.019048 1.980952
   1    0    7 0.000000 1.000000
   1    0    6 0.000000 1.000000
   1    0    7 0.000000 1.000000
   2    2    9 0.366667 1.633333
   2    2   11 0.309524 1.690476
   1    0    6 0.000000 1.000000
   6   14   24 2.242857 3.757143
   4    8   16 1.383333 2.616667
   1    0    6 0.000000 1.000000
   8   28   22 4.571429 3.428571
   2    2   12 0.291667 1.708333
   3    2   16 0.333333 2.666667
   1    0    5 0.000000 1.000000
   4    6   18 1.000000 3.000000
   3    6   13 0.952381 2.047619
   1    0    6 0.000000 1.000000
   2    2    8 0.416667 1.583333
   5    8   21 1.369048 3.630952
   4    8   15 1.442857 2.557143
   2    2   10 0.333333 1.666667
   2    2    9 0.366667 1.633333
   2    2   10 0.333333 1.666667
   1    0    7 0.000000 1.000000
   3    4   12 0.766667 2.233333
   2    2   12 0.291667 1.708333
   1    0    7 0.000000 1.000000
   1    0    6 0.000000 1.000000
   4    8   14 1.485714 2.514286
  10   34   24 5.814286 4.185714
   3    4   14 0.666667 2.333333
   3    4   12 0.766667 2.233333
   1    0    6 0.000000 1.000000
   2    2   10 0.333333 1.666667
   3    6   12 1.019048 1.980952
   3    6   13 0.952381 2.047619
   2    2    8 0.400000 1.600000
   2    2    9 0.366667 1.633333
   2    2   10 0.333333 1.666667
   3    4   16 0.595238 2.404762
  10   24   35 4.123810 5.876190
  12   30   42 5.066667 6.933333
   1    0    6 0.000000 1.000000
  10   36   23 6.125000 3.875000
   2    2   10 0.333333 1.666667
   2    2    9 0.366667 1.633333
   2    2   12 0.291667 1.708333
   4    8   16 1.352381 2.647619
   2    2    8 0.400000 1.600000
   3    2   16 0.333333 2.666667
   8   18   31 2.942857 5.057143
   3    6   13 0.952381 2.047619
   3    4   13 0.700000 2.300000
   3    4   15 0.685714 2.314286
   1    0    6 0.000000 1.000000
   1    0    6 0.000000 1.000000
   4    6   18 0.952381 3.047619
   8   22   25 3.733333 4.266667
   2    2   10 0.333333 1.666667
   3    4   16 0.595238 2.404762
   4   10   14 1.666667 2.333333
   5   14   16 2.338095 2.661905
   1    0    6 0.000000 1.000000
   4    8   16 1.333333 2.666667
   2    0   13 0.000000 2.000000
   8   12   35 2.061905 5.938095
   8   18   31 3.038095 4.961905
  13   38   40 6.545238 6.454762
   4    6   18 1.042857 2.957143
   3    4   13 0.742857 2.257143
   2    2   10 0.333333 1.666667
   7   18   23 3.152381 3.847619
   2    2   11 0.309524 1.690476
   2    2   10 0.333333 1.666667
   4    2   25 0.333333 3.666667
   4   10   13 1.728571 2.271429
   9   32   21 5.409524 3.590476
   2    2   10 0.333333 1.666667
   1    0    6 0.000000 1.000000
   2    0   12 0.000000 2.000000
   3    4   14 0.666667 2.333333
   6   16   20 2.604762 3.395238
   4   10   14 1.666667 2.333333
   4    8   15 1.395238 2.604762
   3    6   12 1.019048 1.980952
   4    8   16 1.428571 2.571429
   7   14   30 2.190476 4.809524
   2    2   10 0.333333 1.666667
   4    4   23 0.616667 3.383333
  14   32   43 5.833333 8.166667
  15   46   46 7.707143 7.292857
   3    2   16 0.333333 2.666667
   1    0    6 0.000000 1.000000
   9   18   35 3.076190 5.923810
   1    0    6 0.000000 1.000000
   1    0    6 0.000000 1.000000
   1    0    6 0.000000 1.000000
   3    6   12 1.019048 1.980952
  13   42   37 7.019048 5.980952
   3    6   12 1.019048 1.980952
   1    0    7 0.000000 1.000000
   2    0   13 0.000000 2.000000
  10   26   34 4.442857 5.557143
   2    2   10 0.333333 1.666667
   1    0    6 0.000000 1.000000
   4    8   14 1.495238 2.504762
   2    2   11 0.309524 1.690476
   7   16   25 2.761905 4.238095
   1    0    6 0.000000 1.000000
   6    8   28 1.333333 4.666667
  12   32   38 5.428571 6.571429
   9   12   47 1.929762 7.070238
   1    0    6 0.000000 1.000000
   2    2   10 0.333333 1.666667
  23   86   50 14.547619 8.452381
   4    8   16 1.333333 2.666667
  10   36   23 6.133333 3.866667
   1    0    7 0.000000 1.000000
   3    2   16 0.333333 2.666667
   2    0   11 0.000000 2.000000
  12   42   31 6.880952 5.119048
   1    0    7 0.000000 1.000000
   2    2    9 0.366667 1.633333
   4   10   15 1.647619 2.352381
  13   46   35 7.590476 5.409524
  12   32   40 5.442857 6.557143
  11   20   43 3.580952 7.419048
   4   10   14 1.666667 2.333333
  18   68   42 11.280952 6.719048
   5   10   18 1.766667 3.233333
  12   46   24 7.866667 4.133333
   2    0   11 0.000000 2.000000
   2    2   11 0.309524 1.690476
  14   52   33 8.714286 5.285714
   1    0    7 0.000000 1.000000
   4    8   16 1.385714 2.614286
   6   14   21 2.333333 3.666667
  12   28   40 4.900000 7.100000
  12   20   51 3.423810 8.576190
  12   20   54 3.257143 8.742857
   4    4   20 0.676190 3.323810
  14   52   33 8.666667 5.333333
   6   14   23 2.492857 3.507143
   5   10   22 1.595238 3.404762
   6   18   20 2.809524 3.190476
   2    2   10 0.333333 1.666667
  17   52   48 8.900000 8.100000
   3    4   13 0.700000 2.300000
   7   20   21 3.338095 3.661905
  18   60   46 10.123810 7.876190
  11   28   41 4.600000 6.400000
   6   10   25 1.733333 4.266667
   4    4   20 0.700000 3.300000
  14   54   33 8.780952 5.219048
   7    4   37 0.700000 6.300000
   6   12   23 1.971429 4.028571
   1    0    6 0.000000 1.000000
   1    0    7 0.000000 1.000000
  22   70   62 11.780952 10.219048
   4   10   15 1.595238 2.404762
   4    6   21 0.952381 3.047619
  21   90   38 15.005952 5.994048
   8   16   30 2.911905 5.088095
  10   12   49 2.061905 7.938095
   3    4   16 0.625000 2.375000
  10   22   38 3.719048 6.280952
   7   10   30 1.738095 5.261905
   3    2   16 0.333333 2.666667
   3    6   10 1.133333 1.866667
  27   92   67 15.676190 11.323810
   6   14   23 2.271429 3.728571
   2    0   13 0.000000 2.000000
  14   38   44 6.519048 7.480952
   9   16   35 2.911905 6.088095
  12   24   53 3.853571 8.146429
   8   22   27 3.547619 4.452381
   3    4   16 0.595238 2.404762
  14   32   50 5.609524 8.390476
   2    0   13 0.000000 2.000000
   3    2   16 0.342857 2.657143
  27   86   72 14.766667 12.233333
   8   24   29 3.791667 4.208333
   4    4   21 0.709524 3.290476
  23   92   43 15.771429 7.228571
   5   10   18 1.785714 3.214286
   8   14   33 2.328571 5.671429
  11   32   32 5.419048 5.580952
  11   22   45 3.690476 7.309524
   1    0    7 0.000000 1.000000
   1    0    6 0.000000 1.000000
  28  100   68 16.647619 11.352381
   7   14   26 2.466667 4.533333
   1    0    6 0.000000 1.000000
  24   94   49 15.830952 8.169048
   3    6   12 1.019048 1.980952
   8   12   33 2.176190 5.823810
   7   16   26 2.690476 4.309524
  19   60   59 9.938095 9.061905
  31  126   61 21.038095 9.961905
   4    6   17 1.033333 2.966667
  21   66   62 10.929762 10.070238
   2    2   10 0.342857 1.657143
  11   24   41 4.076190 6.923810
   8   16   34 2.523810 5.476190
  15   38   51 6.423810 8.576190
  39  166   67 27.900000 11.100000
   5   14   17 2.285714 2.714286
  21   72   49 12.202381 8.797619
   4    8   15 1.366667 2.633333
  10   22   39 3.822619 6.177381
  11   28   38 4.709524 6.290476
  12   22   51 3.642857 8.357143
  37  148   77 24.509524 12.490476
   3    2   19 0.291667 2.708333
  22   62   68 10.755952 11.244048
   3    2   15 0.400000 2.600000
   9   18   36 3.004762 5.995238
  19   70   45 11.600000 7.400000
  15   34   53 5.990476 9.009524
  29  108   68 17.942857 11.057143
   2    2   10 0.333333 1.666667
  22   84   45 14.314286 7.685714
   5    6   26 0.952381 4.047619
   8   18   31 2.980952 5.019048
  23   72   59 12.480952 10.519048
   7   12   33 1.857143 5.142857
  33  142   60 23.440476 9.559524
   3    4   16 0.595238 2.404762
  15   46   43 7.823810 7.176190
   7   14   29 2.319048 4.680952
   8   18   29 3.104762 4.895238
  26   88   65 15.304762 10.695238
   5    8   24 1.285714 3.714286
  36  150   66 25.233333 10.766667
  12   46   26 7.685714 4.314286
  12   40   31 6.857143 5.142857
   3    6   11 1.066667 1.933333
  10   30   31 5.138095 4.861905
  16   32   66 5.290476 10.709524
  47  206   75 34.445238 12.554762
  16   58   37 9.933333 6.066667
  11   26   39 4.395238 6.604762
   4    6   17 1.052381 2.947619
  15   44   46 7.570238 7.429762
  18   40   71 6.690476 11.309524
  36  136   80 22.671429 13.328571
  12   36   36 6.126190 5.873810
  18   56   49 9.588095 8.411905
   3    2   14 0.400000 2.600000
  19   66   52 10.804762 8.195238
  13   28   51 4.652381 8.347619
  35  136   74 22.723810 12.276190
   6   16   20 2.600000 3.400000
  19   60   55 9.948810 9.051190
   5   12   19 2.000000 3.000000
  25   94   59 15.553968 9.446032
   8   14   34 2.295238 5.704762
  37  140   77 24.052381 12.947619
   8    8   43 1.295238 6.704762
  29   90   83 15.500000 13.500000
   7   16   25 2.876190 4.123810
  13   26   50 4.476190 8.523810
   6   14   22 2.461905 3.538095
  37  146   77 24.461905 12.538095
  10   24   34 4.133333 5.866667
  17   38   64 6.466667 10.533333
   5    4   26 0.676190 4.323810
  19   60   53 10.128571 8.871429
   8   24   24 4.133333 3.866667
  41  142  107 23.409524 17.590476
  12   22   51 3.590476 8.409524
  12   40   32 6.659524 5.340476
   3    2   17 0.333333 2.666667
  18   68   41 11.390476 6.609524
  11   38   29 6.309524 4.690476
  44  160  100 27.121429 16.878571
   9    8   49 1.295238 7.704762
   6    4   32 0.676190 5.323810
   8   22   29 3.561905 4.438095
  23   74   65 12.271429 10.728571
  14   36   45 6.176190 7.823810
  40  128  108 21.745238 18.254762
   4    2   22 0.366667 3.633333
   7   22   19 3.838095 3.161905
  10   20   40 3.357143 6.642857
  15   40   49 6.608333 8.391667
  16   40   57 6.600000 9.400000
  48  172  117 28.578571 19.421429
   5   12   18 2.038095 2.961905
   3    2   17 0.366667 2.633333
  10   18   40 3.100000 6.900000
  24   80   63 13.553571 10.446429
  10   16   45 2.590476 7.409524
  48  182  107 30.554762 17.445238
   1    0    6 0.000000 1.000000
   1    0    7 0.000000 1.000000
   8   12   35 2.042857 5.957143
  25   70   83 11.471429 13.528571
  11   20   44 3.404762 7.595238
  54  230   93 38.378571 15.621429
   2    2   11 0.309524 1.690476
  17   58   41 9.890476 7.109524
  28   84   87 14.138095 13.861905
   6    4   33 0.709524 5.290476
  47  196   84 33.098810 13.901190
   2    2    9 0.366667 1.633333
  12   28   46 4.633333 7.366667
  42  132  115 22.688095 19.311905
   5    4   26 0.700000 4.300000
  39  132  106 21.800000 17.200000
   4    8   16 1.371429 2.628571
  15   44   47 7.333333 7.666667
  38  134   98 22.121429 15.878571
   1    0    6 0.000000 1.000000
  42  142  105 24.419048 17.580952
   5    6   22 1.133333 3.866667
  15   42   53 6.569048 8.430952
  37  120  102 20.435714 16.564286
  43  146  109 24.880952 18.119048
   6    6   27 1.159524 4.840476
  13   18   62 2.923810 10.076190
  43  140  116 23.623810 19.376190
  38  122  109 20.178571 17.821429
   5    4   25 0.759524 4.240476
  14   34   50 5.783333 8.216667
  36  124   92 20.933333 15.066667
  45  188   83 31.394048 13.605952
   7    6   32 1.159524 5.840476
  16   46   48 7.991667 8.008333
  38  134   96 22.316667 15.683333
  39  166   72 27.457143 11.542857
   7   12   28 2.100000 4.900000
  18   50   59 8.338095 9.661905
  36  118  101 19.819048 16.180952
  39  154   78 25.980952 13.019048
   2    2    9 0.366667 1.633333
  12   26   45 4.395238 7.604762
  49  210   89 34.734524 14.265476
  37  148   71 24.928571 12.071429
   2    2    9 0.366667 1.633333
  18   54   53 9.282143 8.717857
  52  210  100 35.376190 16.623810
  28  108   64 17.646429 10.353571
   1    0    5 0.000000 1.000000
  14   38   50 6.151190 7.848810
  58  244  101 41.045238 16.954762
  27   88   74 14.766667 12.233333
   5    8   21 1.385714 3.614286
  17   50   53 8.509524 8.490476
  67  314   86 52.719048 14.280952
  11   22   46 3.704762 7.295238
   7   14   29 2.357143 4.642857
  25   74   75 12.540476 12.459524
  60  272   89 45.527381 14.472619
   8    6   41 1.042857 6.957143
  10   22   40 3.490476 6.509524
  25   72   76 12.298810 12.701190
  64  290   94 48.628571 15.371429
   1    0    6 0.000000 1.000000
   5    4   27 0.652381 4.347619
  32  110   85 18.221429 13.778571
  63  288   86 48.245238 14.754762
   5    4   27 0.700000 4.300000
  32  102   89 17.297619 14.702381
  63  288   90 48.244048 14.755952
   4    6   17 1.066667 2.933333
  35  120   94 19.542857 15.457143
  61  262  101 43.819048 17.180952
  10   30   29 5.173810 4.826190
  28   88   77 14.796429 13.203571
  62  298   78 49.495238 12.504762
   7   16   25 2.761905 4.238095
  24   58   89 9.847619 14.152381
  69  324   88 54.345238 14.654762
   9   22   31 3.790476 5.209524
  17   28   77 4.486905 12.513095
  74  366   76 61.419048 12.580952
   8   14   32 2.461905 5.538095
  29   94   77 15.914286 13.085714
  63  294   89 48.638095 14.361905
  12   42   28 7.247619 4.752381
  31  106   83 17.794048 13.205952
  57  252   89 42.142857 14.857143
  10   26   34 4.347619 5.652381
  19   38   78 6.315476 12.684524
  71  328   96 55.003571 15.996429
  10   30   31 4.852381 5.147619
  23   46   89 7.861905 15.138095
  67  310   94 51.767857 15.232143
  11   36   29 6.166667 4.833333
  23   46   96 7.561905 15.438095
  66  286  107 48.150000 17.850000
   9   16   35 2.833333 6.166667
  24   70   71 12.040476 11.959524
  67  318   90 52.395238 14.604762
   7   12   30 1.983333 5.016667
  26   78   79 12.946032 13.053968
  67  312   89 52.054762 14.945238
   6    8   27 1.385714 4.614286
  19   54   60 9.123810 9.876190
  75  366   85 61.228571 13.771429
   5    6   23 1.042857 3.957143
  16   32   61 5.397619 10.602381
  79  398   80 66.092857 12.907143
   2    0   11 0.000000 2.000000
  21   62   63 10.523810 10.476190
  77  390   74 65.130952 11.869048
   1    0    7 0.000000 1.000000
  12   26   49 4.252381 7.747619
  87  462   56 77.559524 9.440476
   1    0    6 0.000000 1.000000
   7   14   31 2.202381 4.797619
  92  512   37 85.585714 6.414286
   8   16   31 2.742857 5.257143
  92  522   31 87.038095 4.961905
  13   52   27 8.752381 4.247619
  87  494   27 82.466667 4.533333
  14   42   40 7.185714 6.814286
  86  478   40 79.623810 6.376190
   8   26   23 4.242857 3.757143
  92  528   23 88.028571 3.971429
  10   28   31 4.757143 5.242857
  90  510   31 85.028571 4.971429
   9   16   38 2.809524 6.190476
  91  508   38 84.892857 6.107143
  10   22   35 3.930952 6.069048
  90  508   35 84.461905 5.538095
  11   26   40 4.385714 6.614286
  89  494   40 82.433333 6.566667
  14   28   53 4.927381 9.072619
  86  466   53 77.466667 8.533333
  15   26   62 4.647619 10.352381
  85  450   62 74.915476 10.084524
  10   12   48 2.061905 7.938095
  90  492   48 82.076190 7.923810
   9   12   41 2.066667 6.933333
  91  506   41 84.342857 6.657143
   4    2   20 0.366667 3.633333
  96  558   20 92.728571 3.271429
   1    0    6 0.000000 1.000000
  99  588    6 98.014286 0.985714
 100  600    0 100.000000 0.000000
