   2    2    8 0.400000 1.600000
   2    2   10 0.333333 1.666667
   4   10   13 1.869048 2.130952
   1    0    6 0.000000 1.000000
   1    0    7 0.000000 1.000000
   1    0    6 0.000000 1.000000
   2    2   10 0.333333 1.666667
   2    2   11 0.309524 1.690476
   1    0    7 0.000000 1.000000
   1    0    8 0.000000 1.000000
   1    0    7 0.000000 1.000000
   1    0    7 0.000000 1.000000
   1    0    7 0.000000 1.000000
   1    0    7 0.000000 1.000000
   1    0    5 0.000000 1.000000
   1    0    7 0.000000 1.000000
   3    6   11 1.066667 1.933333
   2    2    9 0.366667 1.633333
   1    0    6 0.000000 1.000000
   4    6   18 1.019048 2.980952
   1    0    7 0.000000 1.000000
   1    0    7 0.000000 1.000000
   1    0    6 0.000000 1.000000
   2    2    9 0.366667 1.633333
   2    2   10 0.342857 1.657143
   3    6   10 1.133333 1.866667
   1    0    5 0.000000 1.000000
   1    0    5 0.000000 1.000000
   1    0    6 0.000000 1.000000
   1    0    5 0.000000 1.000000
   1    0    6 0.000000 1.000000
   1    0    6 0.000000 1.000000
   1    0    6 0.000000 1.000000
   1    0    7 0.000000 1.000000
   1    0    6 0.000000 1.000000
   2    2    8 0.400000 1.600000
   3    6   13 0.952381 2.047619
   1    0    6 0.000000 1.000000
   2    2   10 0.333333 1.666667
   1    0    7 0.000000 1.000000
   3    4   14 0.676190 2.323810
   3    4   12 0.766667 2.233333
   1    0    7 0.000000 1.000000
   2    2    9 0.366667 1.633333
   3    6   11 1.085714 1.914286
   1    0    6 0.000000 1.000000
   3    6   13 0.952381 2.047619
   1    0    6 0.000000 1.000000
   1    0    7 0.000000 1.000000
   1    0    6 0.000000 1.000000
   1    0    7 0.000000 1.000000
   2    0   12 0.000000 2.000000
   1    0    5 0.000000 1.000000
   1    0    7 0.000000 1.000000
   1    0    6 0.000000 1.000000
   3    6   12 1.000000 2.000000
   1    0    6 0.000000 1.000000
   1    0    6 0.000000 1.000000
   5   10   19 1.666667 3.333333
   1    0    6 0.000000 1.000000
   1    0    7 0.000000 1.000000
   2    2    9 0.366667 1.633333
   2    2    9 0.366667 1.633333
   1    0    7 0.000000 1.000000
  11   36   28 6.371429 4.628571
   5   14   16 2.304762 2.695238
   3    6   11 1.085714 1.914286
   1    0    6 0.000000 1.000000
   1    0    6 0.000000 1.000000
   2    2   10 0.333333 1.666667
   1    0    7 0.000000 1.000000
   4   10   16 1.635714 2.364286
   1    0    8 0.000000 1.000000
   8   10   33 1.866667 6.133333
   1    0    6 0.000000 1.000000
   1    0    6 0.000000 1.000000
   1    0    9 0.000000 1.000000
   3    6   11 1.085714 1.914286
   5   10   18 1.861905 3.138095
   8   26   20 4.485714 3.514286
   4    8   17 1.328571 2.671429
   5   10   22 1.547619 3.452381
   1    0    6 0.000000 1.000000
   1    0    5 0.000000 1.000000
   9   28   29 4.452381 4.547619
   2    2    8 0.400000 1.600000
   3    4   14 0.652381 2.347619
   2    2    9 0.366667 1.633333
   3    6   11 1.066667 1.933333
   1    0    6 0.000000 1.000000
   6   12   27 1.927381 4.072619
   4    6   19 0.961905 3.038095
   2    2   11 0.309524 1.690476
  14   52   33 8.679762 5.320238
   7   16   25 2.816667 4.183333
   5   12   17 2.176190 2.823810
   5   10   18 1.761905 3.238095
   2    2    9 0.366667 1.633333
   1    0    6 0.000000 1.000000
   5   14   17 2.360714 2.639286
   4    6   18 1.000000 3.000000
   1    0    6 0.000000 1.000000
   2    2    9 0.366667 1.633333
   3    4   14 0.709524 2.290476
   4    8   17 1.285714 2.714286
   1    0    7 0.000000 1.000000
   5   14   18 2.185714 2.814286
  13   38   38 6.457143 6.542857
   5    8   22 1.376190 3.623810
   3    6   12 1.019048 1.980952
   2    2   10 0.333333 1.666667
   1    0    7 0.000000 1.000000
   8   28   20 4.847619 3.152381
   1    0    6 0.000000 1.000000
   4    8   14 1.500000 2.500000
   2    2   12 0.291667 1.708333
   7   22   22 3.547619 3.452381
  11   24   40 4.128571 6.871429
   5    8   22 1.352381 3.647619
   4    8   15 1.366667 2.633333
   8   28   21 4.709524 3.290476
   4    8   16 1.295238 2.704762
   3    6   12 1.019048 1.980952
   2    2   12 0.285714 1.714286
   3    4   14 0.652381 2.347619
   1    0    6 0.000000 1.000000
   5   10   22 1.595238 3.404762
  22   92   41 15.414286 6.585714
   5   12   16 2.195238 2.804762
   6   12   24 2.014286 3.985714
   1    0    7 0.000000 1.000000
   5   14   14 2.500000 2.500000
   3    4   13 0.700000 2.300000
   4    6   17 1.076190 2.923810
   1    0    6 0.000000 1.000000
   5   10   20 1.728571 3.271429
  12   32   41 5.309524 6.690476
   4    4   20 0.666667 3.333333
   4    4   22 0.642857 3.357143
   4    8   16 1.428571 2.571429
   1    0    7 0.000000 1.000000
   4    6   18 1.042857 2.957143
   7   14   27 2.452381 4.547619
   1    0    7 0.000000 1.000000
   8   24   25 3.995238 4.004762
  21   76   47 12.838095 8.161905
   2    0   14 0.000000 2.000000
  11   40   25 6.814286 4.185714
   6   14   24 2.238095 3.761905
   3    2   16 0.333333 2.666667
   3    6   11 1.085714 1.914286
   4    6   14 1.216667 2.783333
  10   22   38 3.709524 6.290476
  21   78   47 13.077381 7.922619
  12   34   35 5.952381 6.047619
   9   26   29 4.275000 4.725000
   2    0   11 0.000000 2.000000
   1    0    7 0.000000 1.000000
   1    0    6 0.000000 1.000000
   5    6   23 1.076190 3.923810
  19   74   42 12.252381 6.747619
   3    4   14 0.652381 2.347619
   6    8   29 1.359524 4.640476
   4    2   23 0.309524 3.690476
   3    6   13 0.952381 2.047619
   4    8   15 1.366667 2.633333
   9   32   24 5.171429 3.828571
  33  142   56 23.700000 9.300000
   7   16   27 2.638095 4.361905
  13   34   43 5.857143 7.142857
   1    0    5 0.000000 1.000000
   1    0    7 0.000000 1.000000
   1    0    7 0.000000 1.000000
   1    0    6 0.000000 1.000000
   8   20   25 3.538095 4.461905
   5   12   20 1.900000 3.100000
   4    2   22 0.333333 3.666667
   3    4   12 0.766667 2.233333
   2    2   11 0.309524 1.690476
  12   40   31 6.801190 5.198810
  11   34   33 5.576190 5.423810
  37  168   52 28.266667 8.733333
   4    6   18 1.085714 2.914286
  14   28   56 4.742857 9.257143
   1    0    7 0.000000 1.000000
   1    0    6 0.000000 1.000000
   2    2   10 0.333333 1.666667
   7   20   21 3.404762 3.595238
   2    2   10 0.333333 1.666667
   3    6   11 1.066667 1.933333
   7   18   24 3.000000 4.000000
   2    2   10 0.333333 1.666667
   9   26   30 4.385714 4.614286
   9   24   28 4.171429 4.828571
  35  140   70 23.580952 11.419048
   4   10   14 1.661905 2.338095
  16   46   52 7.685714 8.314286
   1    0    7 0.000000 1.000000
   1    0    7 0.000000 1.000000
   1    0    6 0.000000 1.000000
  13   50   28 8.433333 4.566667
   4    8   15 1.400000 2.600000
   2    2   11 0.309524 1.690476
   9   18   34 3.023810 5.976190
   2    2    9 0.366667 1.633333
   3    4   15 0.619048 2.380952
  12   32   40 5.457143 6.542857
  49  202   91 33.967857 15.032143
   1    0    6 0.000000 1.000000
   7   14   28 2.333333 4.666667
   2    0   12 0.000000 2.000000
  12   38   35 6.216667 5.783333
   1    0    5 0.000000 1.000000
  15   30   62 4.909524 10.090476
   1    0    5 0.000000 1.000000
  16   44   50 7.461905 8.538095
  49  204   95 33.641667 15.358333
   1    0    7 0.000000 1.000000
   5    8   19 1.416667 3.583333
   3    4   15 0.619048 2.380952
   8   18   28 3.176190 4.823810
   2    2   11 0.309524 1.690476
  14   38   45 6.459524 7.540476
   2    2   10 0.333333 1.666667
  17   44   61 7.285714 9.714286
  44  180   81 30.295238 13.704762
   2    0   12 0.000000 2.000000
   1    0    6 0.000000 1.000000
   4    4   20 0.676190 3.323810
   1    0    6 0.000000 1.000000
  31  114   72 19.016667 11.983333
  18   46   63 7.704762 10.295238
  47  192   88 32.413095 14.586905
   2    2   11 0.309524 1.690476
   6   12   23 2.075000 3.925000
   2    2   10 0.342857 1.657143
  25   80   71 13.513095 11.486905
  11   22   42 3.919048 7.080952
  60  242  114 41.157143 18.842857
   8   16   32 2.752381 5.247619
   1    0    7 0.000000 1.000000
  20   50   75 8.109524 11.890476
  11   18   49 3.053571 7.946429
  56  228  105 38.538095 17.461905
   8   10   38 1.728571 6.271429
  25   74   78 12.409524 12.590476
   8    8   42 1.285714 6.714286
  49  184  105 31.183333 17.816667
   9   22   33 3.566667 5.433333
  34  122   84 20.371429 13.628571
  10   16   47 2.619048 7.380952
  50  196  101 33.057143 16.942857
   7   14   27 2.328571 4.671429
  33  114   85 18.970238 14.029762
   7    4   42 0.619048 6.380952
  53  220   93 37.345238 15.654762
   7   18   25 2.933333 4.066667
  33  122   76 20.229762 12.770238
   8   12   38 1.957143 6.042857
  58  256   95 42.557143 15.442857
   5   10   18 1.766667 3.233333
  29   86   85 14.857143 14.142857
   9   20   35 3.379762 5.620238
  66  304   92 50.946429 15.053571
   5    8   21 1.366667 3.633333
  20   54   66 9.202381 10.797619
  15   50   40 8.400000 6.600000
  64  306   79 51.190476 12.809524
   3    4   13 0.700000 2.300000
  18   64   44 10.785714 7.214286
   8   16   34 2.590476 5.409524
  69  330   85 55.190476 13.809524
   5   12   17 2.123810 2.876190
  18   56   50 9.590476 8.409524
   4    4   19 0.666667 3.333333
  83  442   56 73.666667 9.333333
   5   10   22 1.560714 3.439286
   8   20   27 3.375000 4.625000
   1    0    8 0.000000 1.000000
  84  446   55 74.540476 9.459524
   7   18   27 2.838095 4.161905
   8   16   30 2.704762 5.295238
  87  476   52 78.733333 8.266667
   3    2   13 0.400000 2.600000
  10   18   39 3.219048 6.780952
  90  504   37 83.885714 6.114286
   2    0   11 0.000000 2.000000
   8   22   26 3.838095 4.161905
  95  546   24 91.033333 3.966667
   1    0    5 0.000000 1.000000
   4    6   19 0.952381 3.047619
  94  536   27 89.555952 4.444048
   1    0    6 0.000000 1.000000
   5   10   21 1.600000 3.400000
  93  538   19 89.790476 3.209524
   7   24   19 3.928571 3.071429
  94  538   24 89.884524 4.115476
   6   14   24 2.236905 3.763095
 100  600    0 100.000000 0.000000
