   1    0    5 0.000000 1.000000
   1    0    6 0.000000 1.000000
   2    2   11 0.309524 1.690476
   1    0    5 0.000000 1.000000
   4   10   13 1.733333 2.266667
   1    0    6 0.000000 1.000000
   1    0    5 0.000000 1.000000
   2    2   10 0.342857 1.657143
   1    0    6 0.000000 1.000000
   1    0    6 0.000000 1.000000
   1    0    6 0.000000 1.000000
   1    0    7 0.000000 1.000000
   1    0    5 0.000000 1.000000
   2    2   10 0.342857 1.657143
   1    0    7 0.000000 1.000000
   1    0    8 0.000000 1.000000
   2    2    8 0.400000 1.600000
   1    0    6 0.000000 1.000000
   1    0    6 0.000000 1.000000
   6   20   15 3.576190 2.423810
   1    0    8 0.000000 1.000000
   1    0    5 0.000000 1.000000
   2    2   11 0.309524 1.690476
   1    0    5 0.000000 1.000000
   5   14   16 2.328571 2.671429
   1    0    5 0.000000 1.000000
   1    0    6 0.000000 1.000000
   2    2   10 0.333333 1.666667
   1    0    6 0.000000 1.000000
   1    0    7 0.000000 1.000000
   1    0    6 0.000000 1.000000
   2    2   10 0.333333 1.666667
   2    2   12 0.291667 1.708333
   1    0    6 0.000000 1.000000
   2    2    7 0.450000 1.550000
   2    2   10 0.342857 1.657143
   3    6   12 1.019048 1.980952
   2    2   12 0.285714 1.714286
   1    0    6 0.000000 1.000000
   1    0    5 0.000000 1.000000
   1    0    6 0.000000 1.000000
   1    0    6 0.000000 1.000000
   1    0    6 0.000000 1.000000
   4    8   15 1.452381 2.547619
   1    0    5 0.000000 1.000000
   1    0    7 0.000000 1.000000
   2    2   11 0.309524 1.690476
   2    2   11 0.309524 1.690476
   1    0    6 0.000000 1.000000
   1    0    7 0.000000 1.000000
   3    4   15 0.642857 2.357143
   1    0    6 0.000000 1.000000
   1    0    7 0.000000 1.000000
   1    0    6 0.000000 1.000000
   2    2    9 0.366667 1.633333
   1    0    7 0.000000 1.000000
   2    2    8 0.400000 1.600000
   1    0    6 0.000000 1.000000
   1    0    6 0.000000 1.000000
   3    6   12 1.019048 1.980952
   1    0    6 0.000000 1.000000
   1    0    6 0.000000 1.000000
   2    2   10 0.333333 1.666667
   1    0    7 0.000000 1.000000
   2    2    9 0.366667 1.633333
   1    0    6 0.000000 1.000000
   8   22   27 3.661905 4.338095
   4    8   17 1.316667 2.683333
   3    4   15 0.642857 2.357143
   2    0   15 0.000000 2.000000
   2    2    9 0.366667 1.633333
   4   10   14 1.714286 2.285714
   2    2    9 0.366667 1.633333
   6   12   26 1.880952 4.119048
   7   20   21 3.433333 3.566667
   1    0    5 0.000000 1.000000
   6   16   20 2.638095 3.361905
   4    8   13 1.500000 2.500000
   1    0    7 0.000000 1.000000
   2    0   12 0.000000 2.000000
   4    6   17 1.066667 2.933333
   1    0    6 0.000000 1.000000
   3    4   15 0.619048 2.380952
   2    0   11 0.000000 2.000000
   1    0    7 0.000000 1.000000
   4   10   14 1.719048 2.280952
   1    0    6 0.000000 1.000000
   3    6   11 1.066667 1.933333
   2    2   10 0.333333 1.666667
   4    8   17 1.241667 2.758333
   2    2   10 0.333333 1.666667
   3    6   12 1.000000 2.000000
   1    0    7 0.000000 1.000000
   2    2   11 0.309524 1.690476
   1    0    6 0.000000 1.000000
   1    0    7 0.000000 1.000000
   2    2    9 0.366667 1.633333
   4   10   12 1.828571 2.171429
   3    4   12 0.733333 2.266667
   2    0   13 0.000000 2.000000
   2    2   11 0.309524 1.690476
   7   20   23 3.264286 3.735714
   7   10   30 1.766667 5.233333
   1    0    6 0.000000 1.000000
   3    6   14 0.916667 2.083333
   1    0    7 0.000000 1.000000
   2    2   10 0.333333 1.666667
   4    6   18 1.000000 3.000000
   9   26   29 4.261905 4.738095
   2    2    8 0.400000 1.600000
   3    4   11 0.800000 2.200000
   1    0    6 0.000000 1.000000
   1    0    6 0.000000 1.000000
   2    2   11 0.309524 1.690476
   7   16   26 2.690476 4.309524
   4    4   22 0.619048 3.380952
   6    8   26 1.466667 4.533333
   3    4   15 0.642857 2.357143
   2    2   10 0.333333 1.666667
   1    0    5 0.000000 1.000000
   6   14   24 2.200000 3.800000
   5   14   18 2.364286 2.635714
  12   42   28 7.133333 4.866667
   3    6   10 1.133333 1.866667
   1    0    5 0.000000 1.000000
   1    0    7 0.000000 1.000000
   2    2    9 0.366667 1.633333
   8   22   27 3.571429 4.428571
   6   10   26 1.704762 4.295238
   1    0    6 0.000000 1.000000
   7   16   23 2.900000 4.100000
   1    0    6 0.000000 1.000000
   3    2   17 0.309524 2.690476
   8   12   40 1.857143 6.142857
   2    2   11 0.309524 1.690476
   2    2    9 0.366667 1.633333
  10   20   41 3.266667 6.733333
   5    6   24 1.000000 4.000000
  13   38   39 6.500000 6.500000
   1    0    7 0.000000 1.000000
   3    4   14 0.666667 2.333333
  12   24   45 4.195238 7.804762
   7   22   19 3.795238 3.204762
   8   26   22 4.466667 3.533333
   1    0    6 0.000000 1.000000
   1    0    6 0.000000 1.000000
   1    0    6 0.000000 1.000000
   9   30   23 5.171429 3.828571
   7   12   31 1.990476 5.009524
   2    2    9 0.366667 1.633333
   7   22   21 3.604762 3.395238
   1    0    7 0.000000 1.000000
   7   10   34 1.628571 5.371429
   1    0    6 0.000000 1.000000
   4    8   16 1.350000 2.650000
   5    6   23 1.019048 3.980952
   5    6   24 1.019048 3.980952
  19   54   59 9.235714 9.764286
   7   22   22 3.495238 3.504762
   5   10   20 1.704762 3.295238
  10   24   33 4.252381 5.747619
   9   28   25 4.800000 4.200000
   1    0    6 0.000000 1.000000
   1    0    7 0.000000 1.000000
   6   12   24 2.016667 3.983333
   9   20   34 3.520238 5.479762
   4    4   19 0.700000 3.300000
   4    2   22 0.342857 3.657143
   1    0    6 0.000000 1.000000
   7   16   25 2.785714 4.214286
   1    0    6 0.000000 1.000000
   5    4   28 0.619048 4.380952
   8   14   32 2.452381 5.547619
  18   42   67 6.842857 11.157143
   9   24   30 3.971429 5.028571
   2    0   12 0.000000 2.000000
  20   78   44 13.036905 6.963095
   6   16   19 2.738095 3.261905
   5   10   18 1.785714 3.214286
   5   10   20 1.709524 3.290476
   2    2   10 0.342857 1.657143
   1    0    6 0.000000 1.000000
   8   22   26 3.709524 4.290476
   6   10   24 1.842857 4.157143
  13   40   42 6.485714 6.514286
  22   76   54 13.001190 8.998810
  12   46   26 7.847619 4.152381
   2    2   12 0.291667 1.708333
  22   84   49 14.023810 7.976190
   2    2    9 0.366667 1.633333
  10   36   24 6.042857 3.957143
   4    4   20 0.666667 3.333333
   4    6   16 1.100000 2.900000
   3    6   13 0.971429 2.028571
  10   30   30 5.038095 4.961905
   2    2    8 0.400000 1.600000
  21   70   56 11.836905 9.163095
  17   54   47 9.061905 7.938095
  10   26   35 4.266667 5.733333
   3    4   15 0.619048 2.380952
  15   42   48 7.085714 7.914286
   1    0    8 0.000000 1.000000
  12   44   27 7.438095 4.561905
   3    2   15 0.366667 2.633333
   2    2   11 0.309524 1.690476
   9   30   23 5.176190 3.823810
   5    4   25 0.700000 4.300000
   3    6    9 1.233333 1.766667
  13   26   53 4.332143 8.667857
  21   78   48 13.090476 7.909524
  10   24   37 4.000000 6.000000
   3    6   13 0.952381 2.047619
  19   66   51 10.621429 8.378571
  13   42   36 7.047619 5.952381
   2    0   12 0.000000 2.000000
   3    4   15 0.691667 2.308333
   3    2   16 0.333333 2.666667
  10   34   25 5.833333 4.166667
  21   76   49 12.942857 8.057143
  20   58   63 9.609524 10.390476
   5    6   22 1.100000 3.900000
   2    2   10 0.342857 1.657143
  21   74   54 12.257143 8.742857
  22   84   48 14.008333 7.991667
   2    2   12 0.291667 1.708333
  18   64   40 10.947619 7.052381
  15   46   44 7.600000 7.400000
  11   20   46 3.402381 7.597619
   6    8   28 1.352381 4.647619
   3    4   12 0.766667 2.233333
  23   92   50 15.248810 7.751190
  21   80   45 13.495238 7.504762
  20   78   42 13.152381 6.847619
  20   80   40 13.419048 6.580952
  10   28   34 4.647619 5.352381
   4    6   18 0.985714 3.014286
   1    0    6 0.000000 1.000000
  24   88   55 14.896429 9.103571
  30  132   50 22.108333 7.891667
  12   40   34 6.561905 5.438095
  23   82   51 14.180952 8.819048
   9   22   34 3.600000 5.400000
   6   14   21 2.433333 3.566667
  20   74   46 12.390476 7.609524
  32  134   59 22.404762 9.595238
   9   30   24 5.046429 3.953571
  27   88   74 14.838095 12.161905
   9   18   34 3.247619 5.752381
   1    0    6 0.000000 1.000000
  22   86   47 14.366667 7.633333
  26  102   57 16.826190 9.173810
  11   34   28 5.880952 5.119048
  35  130   79 22.071429 12.928571
   7   10   35 1.608333 5.391667
   2    2   10 0.333333 1.666667
  19   38   75 6.433333 12.566667
  33  140   60 23.370238 9.629762
  14   50   33 8.361905 5.638095
  38  162   65 27.284524 10.715476
   4    2   22 0.366667 3.633333
   2    2   10 0.333333 1.666667
   9   20   34 3.414286 5.585714
  31  124   65 20.433333 10.566667
   8   22   28 3.609524 4.390476
  45  180   83 30.573810 14.426190
   3    2   18 0.333333 2.666667
   5    8   22 1.361905 3.638095
   8   18   30 3.000000 5.000000
  28  110   62 18.282143 9.717857
   9   24   26 4.164286 4.835714
  44  200   61 33.726190 10.273810
   3    2   18 0.309524 2.690476
   8   24   26 3.890476 4.109524
   8   22   25 3.733333 4.266667
  28   92   76 15.582143 12.417857
   9   20   35 3.409524 5.590476
  37  134   88 22.583333 14.416667
   7   14   28 2.347619 4.652381
   8   22   25 3.728571 4.271429
  11   34   32 5.823810 5.176190
  19   58   57 9.619048 9.380952
  14   38   45 6.400000 7.600000
  47  216   62 36.522619 10.477381
  11   22   46 3.635714 7.364286
   5    6   22 1.100000 3.900000
   4    4   24 0.595238 3.404762
  16   44   56 7.123810 8.876190
  14   38   44 6.504762 7.495238
  52  252   61 42.147619 9.852381
  14   38   44 6.533333 7.466667
   3    0   17 0.000000 3.000000
   1    0    6 0.000000 1.000000
  24   92   50 15.589286 8.410714
   7    8   31 1.450000 5.550000
  56  270   66 45.389286 10.610714
  10   18   45 2.976190 7.023810
   2    0   14 0.000000 2.000000
   1    0    6 0.000000 1.000000
  26   86   69 14.604762 11.395238
   3    0   19 0.000000 3.000000
  57  256   87 42.803571 14.196429
   7   18   26 2.933333 4.066667
   2    2    9 0.366667 1.633333
   5   12   16 2.133333 2.866667
  26   90   66 15.066667 10.933333
  64  320   67 53.264286 10.735714
   8   14   32 2.419048 5.580952
   2    2    9 0.366667 1.633333
  34  142   59 24.028571 9.971429
  62  318   58 52.789286 9.210714
   4    4   19 0.709524 3.290476
  35  128   85 21.361905 13.638095
  58  254   92 42.597619 15.402381
   7   16   25 2.719048 4.280952
  33  118   84 19.480952 13.519048
  64  284   95 48.100000 15.900000
   3    2   17 0.309524 2.690476
  18   40   68 6.814286 11.185714
  81  414   72 69.139286 11.860714
   1    0    6 0.000000 1.000000
  21   62   67 10.276190 10.723810
  78  392   72 66.008333 11.991667
   1    0    7 0.000000 1.000000
  20   54   69 8.790476 11.209524
  78  390   75 65.453571 12.546429
   2    2   10 0.342857 1.657143
  20   64   59 10.522619 9.477381
  80  418   59 69.997619 10.002381
  15   40   50 6.798810 8.201190
  85  460   50 76.666667 8.333333
  18   36   70 6.276190 11.723810
  82  424   70 70.875000 11.125000
  19   50   62 8.490476 10.509524
  81  426   62 71.048810 9.951190
  32  102   89 17.208333 14.791667
  68  320   89 53.165476 14.834524
  20   68   54 11.280952 8.719048
  80  424   54 71.001190 8.998810
  20   66   53 11.209524 8.790476
  80  428   53 71.488095 8.511905
  30  112   66 18.876190 11.123810
  70  356   66 59.208333 10.791667
  29  100   72 16.871429 12.128571
  71  356   72 59.320238 11.679762
  25   84   68 13.980952 11.019048
  75  380   68 63.640476 11.359524
  25   90   58 15.142857 9.857143
  75  394   58 65.660714 9.339286
  29  102   75 16.880952 12.119048
  71  348   75 58.390476 12.609524
  38  142   87 23.647619 14.352381
  62  284   87 47.385714 14.614286
  24   52   96 8.742460 15.257540
  76  356   96 59.628571 16.371429
  20   46   71 7.914286 12.085714
  80  412   71 68.501190 11.498810
  28  102   66 17.261905 10.738095
  72  366   66 61.319048 10.680952
  19   58   58 9.714286 9.285714
  81  426   58 71.142857 9.857143
  27   92   71 15.295238 11.704762
  73  366   71 60.976190 12.023810
  27   84   77 14.026190 12.973810
  73  362   77 60.297619 12.702381
  30  100   79 16.929762 13.070238
  70  342   79 57.140476 12.859524
  30   90   88 15.273810 14.726190
  70  334   88 55.600000 14.400000
  22   54   76 9.214286 12.785714
  78  394   76 65.738095 12.261905
  19   54   60 8.961905 10.038095
  81  426   60 71.100000 9.900000
  17   44   62 7.322619 9.677381
  83  432   62 72.389286 10.610714
  20   64   55 10.938095 9.061905
  80  426   55 70.969048 9.030952
  19   52   59 9.045238 9.954762
  81  430   59 71.544048 9.455952
  22   76   55 12.870238 9.129762
  78  414   55 69.014286 8.985714
  16   42   52 7.214286 8.785714
  84  454   52 75.579762 8.420238
   7   14   31 2.209524 4.790476
  93  524   31 87.692857 5.307143
   2    0   12 0.000000 2.000000
  98  576   12 96.028571 1.971429
   7   22   20 3.788095 3.211905
  93  538   20 89.664286 3.335714
   8   16   32 2.628571 5.371429
  92  520   32 86.623810 5.376190
   6   10   28 1.595238 4.404762
  94  534   28 89.323810 4.676190
   5    8   23 1.333333 3.666667
  95  546   23 91.140476 3.859524
   2    0   12 0.000000 2.000000
  98  576   12 96.022619 1.977381
 100  600    0 100.000000 0.000000
