   1    0    7 0.000000 1.000000
   2    0   12 0.000000 2.000000
   1    0    6 0.000000 1.000000
   1    0    6 0.000000 1.000000
   2    2    8 0.400000 1.600000
   1    0    6 0.000000 1.000000
   1    0    6 0.000000 1.000000
   4    6   17 1.109524 2.890476
   1    0    7 0.000000 1.000000
   3    4   13 0.700000 2.300000
   2    2    8 0.400000 1.600000
   2    2   11 0.309524 1.690476
   1    0    6 0.000000 1.000000
   2    2    9 0.366667 1.633333
   4   10   14 1.719048 2.280952
   1    0    5 0.000000 1.000000
   1    0    6 0.000000 1.000000
   2    2   10 0.342857 1.657143
   1    0    6 0.000000 1.000000
   4    8   15 1.433333 2.566667
   3    6   12 1.019048 1.980952
   1    0    6 0.000000 1.000000
   2    2    9 0.366667 1.633333
   1    0    7 0.000000 1.000000
   2    2    9 0.366667 1.633333
   1    0    7 0.000000 1.000000
   2    2   11 0.309524 1.690476
   2    2    9 0.366667 1.633333
   2    2   11 0.309524 1.690476
   1    0    6 0.000000 1.000000
   1    0    7 0.000000 1.000000
   1    0    7 0.000000 1.000000
   1    0    6 0.000000 1.000000
   1    0    6 0.000000 1.000000
   3    6   12 1.019048 1.980952
   1    0    7 0.000000 1.000000
   2    2   13 0.267857 1.732143
   1    0    6 0.000000 1.000000
   2    2   11 0.309524 1.690476
   1    0    5 0.000000 1.000000
   1    0    5 0.000000 1.000000
   1    0    7 0.000000 1.000000
   4    8   16 1.404762 2.595238
   1    0    6 0.000000 1.000000
   5   14   17 2.314286 2.685714
   1    0    7 0.000000 1.000000
   2    2   10 0.333333 1.666667
   2    2    9 0.366667 1.633333
   1    0    6 0.000000 1.000000
   1    0    5 0.000000 1.000000
   3    6   11 1.085714 1.914286
   2    2   10 0.333333 1.666667
   3    6   11 1.066667 1.933333
   1    0    8 0.000000 1.000000
   1    0    6 0.000000 1.000000
   3    2   15 0.366667 2.633333
   2    0   12 0.000000 2.000000
   2    0   14 0.000000 2.000000
   1    0    6 0.000000 1.000000
   1    0    7 0.000000 1.000000
   4    8   15 1.433333 2.566667
   1    0    7 0.000000 1.000000
   2    2   11 0.309524 1.690476
   6   16   18 2.871429 3.128571
   1    0    8 0.000000 1.000000
   7   16   27 2.670238 4.329762
   2    2   10 0.333333 1.666667
   3    4   14 0.676190 2.323810
   3    4   12 0.733333 2.266667
   1    0    6 0.000000 1.000000
   1    0    5 0.000000 1.000000
   5    8   21 1.385714 3.614286
   5   14   17 2.371429 2.628571
   1    0    7 0.000000 1.000000
   2    2   10 0.333333 1.666667
   1    0    6 0.000000 1.000000
   1    0    6 0.000000 1.000000
   1    0    6 0.000000 1.000000
   2    2   10 0.333333 1.666667
   4   10   15 1.671429 2.328571
   1    0    6 0.000000 1.000000
   2    2   11 0.309524 1.690476
   3    4   13 0.700000 2.300000
   5   12   16 2.104762 2.895238
   8   26   22 4.290476 3.709524
   2    2   10 0.342857 1.657143
   3    4   14 0.666667 2.333333
   1    0    7 0.000000 1.000000
   4    6   16 1.100000 2.900000
   1    0    6 0.000000 1.000000
   8   22   24 3.933333 4.066667
   1    0    5 0.000000 1.000000
   2    0   14 0.000000 2.000000
   1    0    7 0.000000 1.000000
   2    0   11 0.000000 2.000000
   3    6   13 0.971429 2.028571
   3    2   17 0.342857 2.657143
   2    2   10 0.333333 1.666667
   2    0   11 0.000000 2.000000
  12   44   26 7.515476 4.484524
   7   16   26 2.671429 4.328571
   5    8   19 1.500000 3.500000
  10   24   35 4.133333 5.866667
   3    2   15 0.333333 2.666667
   6   12   24 2.100000 3.900000
   2    2   11 0.309524 1.690476
   7   16   26 2.666667 4.333333
   1    0    6 0.000000 1.000000
   1    0    6 0.000000 1.000000
   3    4   15 0.642857 2.357143
   3    4   15 0.642857 2.357143
   6   18   19 3.054762 2.945238
   3    6   13 0.952381 2.047619
   2    0   14 0.000000 2.000000
   1    0    7 0.000000 1.000000
   9   30   23 5.080952 3.919048
   6   12   23 2.095238 3.904762
   1    0    7 0.000000 1.000000
   4    6   16 1.100000 2.900000
   4    8   13 1.566667 2.433333
   1    0    6 0.000000 1.000000
  14   50   36 8.489286 5.510714
  15   50   41 8.433333 6.566667
   5   10   20 1.695238 3.304762
  10   22   38 3.690476 6.309524
   5    6   23 1.066667 3.933333
   8   20   29 3.257143 4.742857
   5    8   22 1.333333 3.666667
   5    8   23 1.385714 3.614286
   2    2   11 0.309524 1.690476
   2    0   13 0.000000 2.000000
   5    8   21 1.442857 3.557143
   1    0    5 0.000000 1.000000
   6   12   25 2.142857 3.857143
   7   14   27 2.395238 4.604762
   3    6   11 1.066667 1.933333
   2    2   11 0.309524 1.690476
   7   22   20 3.752381 3.247619
  10   16   45 2.633333 7.366667
  16   48   47 8.185714 7.814286
   7   20   20 3.523810 3.476190
   7   16   26 2.780952 4.219048
   8   24   24 4.100000 3.900000
  13   34   42 5.857143 7.142857
   2    2    9 0.366667 1.633333
   8   24   24 4.083333 3.916667
   1    0    7 0.000000 1.000000
   5   10   20 1.742857 3.257143
   7   22   21 3.657143 3.342857
   4    4   23 0.571429 3.428571
   9   28   27 4.650000 4.350000
   1    0    6 0.000000 1.000000
   6   18   19 2.966667 3.033333
  12   38   33 6.438095 5.561905
  13   36   40 6.289286 6.710714
   8   20   28 3.347619 4.652381
   7   10   31 1.685714 5.314286
   5    6   23 1.019048 3.980952
   9   22   31 3.800000 5.200000
   3    6   14 0.904762 2.095238
   9   18   37 2.938095 6.061905
   5   14   17 2.261905 2.738095
   4    8   15 1.400000 2.600000
   6   12   25 1.971429 4.028571
   3    4   14 0.676190 2.323810
   4    6   19 0.952381 3.047619
   8   22   26 3.516667 4.483333
  17   56   44 9.580952 7.419048
  16   30   65 5.166667 10.833333
   9   20   35 3.314286 5.685714
   3    4   14 0.652381 2.347619
   6    8   28 1.442857 4.557143
   6   18   18 3.000000 3.000000
   2    0   12 0.000000 2.000000
  13   28   51 4.700000 8.300000
   3    4   14 0.709524 2.290476
   3    0   16 0.000000 3.000000
   8   24   25 3.995238 4.004762
   2    2   11 0.309524 1.690476
   2    2    8 0.400000 1.600000
  11   28   37 4.747619 6.252381
  21   82   46 13.661905 7.338095
  22   68   64 11.566667 10.433333
   5    6   26 0.938095 4.061905
   2    2   10 0.333333 1.666667
   5    6   24 0.995238 4.004762
   5   10   19 1.695238 3.304762
   2    2   10 0.342857 1.657143
   6    8   28 1.376190 4.623810
   2    0   13 0.000000 2.000000
   9   26   28 4.410714 4.589286
   5    8   21 1.419048 3.580952
   3    6   12 1.000000 2.000000
   1    0    8 0.000000 1.000000
   7   16   22 2.966667 4.033333
  24   92   55 15.242857 8.757143
  19   62   54 10.220238 8.779762
   1    0    7 0.000000 1.000000
   5    4   26 0.733333 4.266667
   7   12   30 2.001190 4.998810
   8   24   22 4.100000 3.900000
   3    6   12 1.019048 1.980952
   8   20   28 3.328571 4.671429
   7   14   29 2.288889 4.711111
  10   34   23 5.942857 4.057143
   2    0   13 0.000000 2.000000
  33  112   83 18.998810 14.001190
  12   32   42 5.345238 6.654762
   9   28   25 4.833333 4.166667
   6   10   26 1.619048 4.380952
  10   30   31 5.033333 4.966667
   2    2   10 0.333333 1.666667
   8   18   29 3.071429 4.928571
   3    2   16 0.333333 2.666667
  15   54   37 9.100000 5.900000
   3    0   20 0.000000 3.000000
  41  162   81 27.505952 13.494048
  18   50   54 8.619048 9.380952
   8   18   31 2.942857 5.057143
   6   10   27 1.704762 4.295238
   6   10   25 1.719048 4.280952
   7   16   29 2.657143 4.342857
   3    2   18 0.309524 2.690476
   8   20   27 3.528571 4.471429
   1    0    6 0.000000 1.000000
  50  214   89 35.520238 14.479762
  13   32   47 5.427381 7.572619
  11   28   35 4.828571 6.171429
   3    4   16 0.625000 2.375000
   5   10   17 1.833333 3.166667
   5    8   22 1.419048 3.580952
   3    4   12 0.792857 2.207143
   9   10   46 1.695238 7.304762
  45  172  100 28.442857 16.557143
  13   36   43 6.019048 6.980952
   9   30   26 4.820238 4.179762
   4    8   15 1.525000 2.475000
   8   18   30 2.976190 5.023810
   5    6   26 0.959524 4.040476
   3    6   12 1.019048 1.980952
  13   28   44 5.090476 7.909524
  45  186   89 30.858333 14.141667
  20   78   37 13.500000 6.500000
   8   18   28 3.095238 4.904762
   6   18   17 3.104762 2.895238
   6   16   19 2.771429 3.228571
   1    0    6 0.000000 1.000000
   2    2   11 0.309524 1.690476
  12   34   41 5.480952 6.519048
  51  206  101 34.458333 16.541667
  20   72   50 11.976190 8.023810
   7   12   26 2.211905 4.788095
   4    8   17 1.285714 2.714286
   5   12   19 1.952381 3.047619
   1    0    7 0.000000 1.000000
  12   20   50 3.452381 8.547619
  64  298   83 50.323810 13.676190
  19   78   38 13.092857 5.907143
   1    0    6 0.000000 1.000000
   3    4   15 0.619048 2.380952
   5   10   20 1.733333 3.266667
   8   10   38 1.704762 6.295238
  60  260  103 43.294048 16.705952
  17   54   47 9.085714 7.914286
   1    0    7 0.000000 1.000000
   2    2   12 0.285714 1.714286
   6   12   22 2.185714 3.814286
  14   24   57 4.271429 9.728571
  58  250   95 42.202381 15.797619
  17   54   50 8.861905 8.138095
   2    2   10 0.333333 1.666667
   2    2   10 0.333333 1.666667
  14   54   28 9.238095 4.761905
   7    6   39 0.952381 6.047619
  39  128  109 21.404762 17.595238
  21   66   60 11.238095 9.761905
   2    2   11 0.325000 1.675000
   3    6   13 0.983333 2.016667
  19   66   45 11.176190 7.823810
  16   38   56 6.621429 9.378571
  39  132  105 21.958333 17.041667
  16   46   49 7.733333 8.266667
   1    0    7 0.000000 1.000000
   5    6   20 1.150000 3.850000
  17   62   44 10.182143 6.817857
  22   62   67 10.604762 11.395238
  42  148  101 25.119048 16.880952
  18   46   64 7.630952 10.369048
   9   30   26 5.022619 3.977381
   3    4   14 0.652381 2.347619
  11   26   39 4.361905 6.638095
  17   46   56 7.647619 9.352381
  34  100  104 16.757143 17.242857
  26   76   79 12.970238 13.029762
   5    6   25 0.976190 4.023810
   8   22   25 3.785714 4.214286
  13   36   42 6.066667 6.933333
  14   40   45 6.703571 7.296429
  21   62   63 10.500000 10.500000
  40  154   91 25.304762 14.695238
   4    6   19 1.050000 2.950000
  19   68   43 11.673810 7.326190
  16   50   44 8.628571 7.371429
  21   72   54 12.123810 8.876190
  41  154   91 25.866667 15.133333
   4    4   20 0.652381 3.347619
  16   54   44 9.076190 6.923810
  18   44   63 7.520238 10.479762
  17   50   51 8.519048 8.480952
  44  168   98 28.054762 15.945238
   3    6   13 0.971429 2.028571
  17   48   50 8.190476 8.809524
  19   64   52 10.604762 8.395238
  13   30   53 4.685714 8.314286
  47  180  100 30.366667 16.633333
   4    8   15 1.476190 2.523810
  13   26   54 4.214286 8.785714
  23   78   56 13.357143 9.642857
  12   22   49 3.804762 8.195238
  30  100   86 16.457143 13.542857
   5   10   19 1.671429 3.328571
  26   94   61 15.703571 10.296429
  27   82   77 13.938095 13.061905
   6   10   25 1.819048 4.180952
  38  146   87 24.114286 13.885714
   4    4   18 0.733333 3.266667
  22   70   59 11.890476 10.109524
  30   94   87 15.714286 14.285714
   4    2   22 0.333333 3.666667
  45  202   68 33.808333 11.191667
  11   28   38 4.695238 6.304762
  21   72   56 12.105952 8.894048
  19   44   68 7.523810 11.476190
   4    6   16 1.209524 2.790476
  42  160   93 26.671429 15.328571
   9   30   25 4.971429 4.028571
  29  120   53 20.119048 8.880952
  16   32   65 5.376190 10.623810
   6    8   28 1.338095 4.661905
  52  186  127 31.136905 20.863095
   7   16   23 2.933333 4.066667
  21   68   60 11.228571 9.771429
  14   30   54 5.160714 8.839286
   5    6   23 1.042857 3.957143
  51  218   91 36.239286 14.760714
   5   14   16 2.390476 2.609524
  22   70   59 12.063095 9.936905
  17   46   57 7.628571 9.371429
   4    4   22 0.619048 3.380952
  47  184   97 30.846429 16.153571
   5   14   16 2.328571 2.671429
  29   96   79 16.028571 12.971429
  15   36   52 6.180952 8.819048
  10   34   24 5.838095 4.161905
  36  126   94 20.957143 15.042857
  10   24   35 4.104762 5.895238
  25   78   72 13.265476 11.734524
  19   44   69 7.523810 11.476190
   8   20   30 3.176190 4.823810
  36  114  106 18.865476 17.134524
  15   40   49 6.695238 8.304762
  24   64   78 10.742857 13.257143
  17   28   71 5.092857 11.907143
  10   36   23 6.166667 3.833333
  37  130   93 21.676190 15.323810
   8   14   34 2.386905 5.613095
  31  108   80 18.046429 12.953571
  14   30   52 5.138095 8.861905
   9   26   30 4.195238 4.804762
  40  140   99 23.746429 16.253571
   8   16   28 2.985714 5.014286
  34  120   84 20.228571 13.771429
   9   18   39 2.880952 6.119048
  10   22   41 3.638095 6.361905
  49  180  113 30.439286 18.560714
   6    8   30 1.285714 4.714286
  26   82   73 13.676190 12.323810
   9   16   35 2.800000 6.200000
   6    8   31 1.286905 4.713095
  63  288   91 48.275000 14.725000
  14   30   56 5.052381 8.947619
  17   46   50 8.133333 8.866667
  20   62   57 10.580952 9.419048
  49  194   99 32.576190 16.423810
  18   42   67 6.988095 11.011905
  13   34   45 5.878571 7.121429
  20   58   65 9.619048 10.380952
  44  164   95 27.911905 16.088095
  12   14   61 2.323810 9.676190
  24   84   59 14.214286 9.785714
  25   98   55 16.308333 8.691667
  44  192   73 32.114286 11.885714
  11   18   47 3.138095 7.861905
  20   74   43 12.809524 7.190476
  21   80   48 13.361905 7.638095
  49  216   78 36.100000 12.900000
  10   14   46 2.385714 7.614286
  20   72   46 12.141667 7.858333
  35  150   59 25.204762 9.795238
  34  138   68 22.844048 11.155952
  13   22   57 3.738095 9.261905
  18   58   48 9.909524 8.090476
  47  218   65 36.455952 10.544048
  28   96   74 15.911905 12.088095
  13   30   47 5.380952 7.619048
  12   36   34 6.055952 5.944048
  41  198   51 32.738095 8.261905
  26   92   62 15.178571 10.821429
  18   66   42 10.990476 7.009524
  15   44   45 7.528571 7.471429
  41  184   61 30.700000 10.300000
  30  108   70 18.300000 11.700000
  14   40   45 6.530952 7.469048
  15   38   54 6.340476 8.659524
  44  204   60 34.305952 9.694048
  22   84   51 13.835714 8.164286
  18   54   55 8.995238 9.004762
  16   48   44 8.361905 7.638095
  40  168   72 27.997619 12.002381
  29  106   64 18.251587 10.748413
  17   48   55 8.190476 8.809524
  14   40   47 6.417857 7.582143
  31   96   91 15.928571 15.071429
  25   94   60 15.439286 9.560714
  18   48   60 8.115476 9.884524
  26   96   55 16.352381 9.647619
  36  136   78 22.902381 13.097619
  27   90   75 14.957143 12.042857
  11   20   46 3.385714 7.614286
  26   88   67 14.947619 11.052381
  28  116   57 19.215476 8.784524
  23   82   53 13.828571 9.171429
  16   48   43 8.342857 7.657143
  33  140   61 23.213095 9.786905
  19   54   59 9.080952 9.919048
  30  124   53 20.992857 9.007143
  16   42   57 6.978571 9.021429
  35  142   69 23.747619 11.252381
  21   72   52 12.190476 8.809524
  24   76   70 12.675000 11.325000
   9   24   27 4.300000 4.700000
  46  202   77 33.616667 12.383333
  16   60   35 10.214286 5.785714
  38  154   76 25.767857 12.232143
  11   36   31 5.957143 5.042857
  35  144   64 24.190476 10.809524
  17   42   58 7.266667 9.733333
  30  100   80 16.932143 13.067857
   5    6   25 0.961905 4.038095
  48  222   67 37.219048 10.780952
  12   22   48 3.733333 8.266667
  28   84   87 13.880952 14.119048
   4    4   18 0.766667 3.233333
  56  254   83 42.158333 13.841667
  15   30   62 4.938095 10.061905
  36  122   94 20.341667 15.658333
   7   10   33 1.671429 5.328571
  42  170   79 28.485714 13.514286
   9   16   37 2.771429 6.228571
  43  162   94 27.351190 15.648810
   7   10   31 1.800000 5.200000
  41  170   80 28.217063 12.782937
  11   24   40 4.228571 6.771429
  48  206   87 33.998810 14.001190
   7   14   28 2.385714 4.614286
  34  132   69 22.326190 11.673810
  10   14   44 2.385714 7.614286
  54  238   93 39.427381 14.572619
   5    6   22 1.133333 3.866667
  31  110   73 18.669048 12.330952
   2    0   12 0.000000 2.000000
  54  226   97 37.938095 16.061905
  14   34   52 5.704762 8.295238
  30  104   75 17.547619 12.452381
   3    4   15 0.642857 2.357143
  52  218   89 36.962698 15.037302
   9   22   35 3.633333 5.366667
  36  128   89 21.572619 14.427381
   3    4   13 0.742857 2.257143
  52  232   83 38.652381 13.347619
   6    6   28 1.066667 4.933333
  39  160   74 26.698810 12.301190
   5    8   19 1.516667 3.483333
  52  222   90 37.139286 14.860714
   5   10   19 1.761905 3.238095
  38  154   78 25.586905 12.413095
   6    8   25 1.466667 4.533333
  44  178   84 29.961905 14.038095
  10   26   36 4.248810 5.751190
  40  162   81 26.928571 13.071429
   4    6   17 1.066667 2.933333
  43  184   72 30.983333 12.016667
   4    2   25 0.309524 3.690476
  49  208   86 34.757143 14.242857
   6    8   29 1.283333 4.716667
  42  166   80 28.447619 13.552381
   7   10   30 1.685714 5.314286
  45  184   93 30.290476 14.709524
  14   38   44 6.488095 7.511905
  47  196   94 32.222619 14.777381
   9   20   36 3.367857 5.632143
  30   94   78 16.185714 13.814286
  10   20   41 3.280952 6.719048
  40  154   85 25.878571 14.121429
  10   26   34 4.342857 5.657143
  40  156   84 25.952381 14.047619
  11   34   31 5.811905 5.188095
  41  170   74 28.716667 12.283333
   7   18   27 2.809524 4.190476
  41  178   68 29.600000 11.400000
  12   36   33 6.180952 5.819048
  47  206   76 34.450000 12.550000
   5   14   16 2.333333 2.666667
  36  144   75 24.148810 11.851190
  16   50   44 8.633333 7.366667
  45  182   90 30.304762 14.695238
   5    8   22 1.338095 3.661905
  34  118   86 19.923810 14.076190
  14   46   38 7.697619 6.302381
  56  228  109 38.127381 17.872619
   7   20   22 3.366667 3.633333
  23   60   77 10.035714 12.964286
  21   80   47 13.411905 7.588095
  47  174  104 29.357143 17.642857
   6   16   19 2.714286 3.285714
  26   84   76 14.009524 11.990476
  16   50   45 8.338095 7.661905
  54  234   93 39.114286 14.885714
   1    0    5 0.000000 1.000000
  29   98   75 16.382143 12.617857
  14   52   31 8.733333 5.266667
  56  248   87 41.744048 14.255952
   1    0    6 0.000000 1.000000
  29  108   68 18.167857 10.832143
  17   60   43 9.978571 7.021429
  44  182   81 30.413095 13.586905
  39  168   66 28.133333 10.866667
  11   30   37 4.933333 6.066667
  47  186   95 31.364286 15.635714
  42  182   70 30.333333 11.666667
   7   18   24 3.071429 3.928571
  42  144  106 24.465476 17.534524
  51  218   90 36.159524 14.840476
   5   14   19 2.113095 2.886905
  44  168   91 28.497619 15.502381
  51  220   88 36.384524 14.615476
   5   12   19 1.952381 3.047619
  44  184   79 30.909524 13.090476
  51  228   78 38.028571 12.971429
   5   10   20 1.733333 3.266667
  43  158   99 26.644048 16.355952
  52  226   87 37.823810 14.176190
  45  164  104 27.657143 17.342857
  55  228  104 38.067857 16.932143
  53  222   99 36.983333 16.016667
  47  180   99 30.504762 16.495238
  61  254  109 42.701190 18.298810
  39  128  109 21.226190 17.773810
  54  230   92 38.590476 15.409524
  46  186   92 30.933333 15.066667
  53  236   81 39.490476 13.509524
  47  202   81 33.780952 13.219048
  44  200   65 33.572619 10.427381
  56  270   65 45.357143 10.642857
  45  204   66 33.938095 11.061905
  55  264   66 44.094048 10.905952
  46  200   71 33.711905 12.288095
  54  258   71 42.548810 11.451190
  48  208   81 34.780952 13.219048
  52  230   81 38.646429 13.353571
  58  262   83 44.255952 13.744048
  42  172   83 28.333333 13.666667
  66  286  104 48.365476 17.634524
  34  106  104 17.441667 16.558333
  56  210  122 35.266667 20.733333
  44  146  122 24.128571 19.871429
  51  202  103 34.020238 16.979762
  49  192  103 32.341667 16.658333
  51  202  104 34.032143 16.967857
  49  190  104 31.921429 17.078571
  44  166   96 28.033333 15.966667
  56  242   96 40.415476 15.584524
  36  126   91 21.038095 14.961905
  64  292   91 48.828571 15.171429
  36  140   82 23.096429 12.903571
  64  296   82 49.908333 14.091667
  45  172   97 28.909524 16.090476
  55  234   97 39.314286 15.685714
  52  222   92 36.876190 15.123810
  48  194   92 32.585714 15.414286
  49  206   92 34.336905 14.663095
  51  210   92 35.321429 15.678571
  53  222   94 37.383333 15.616667
  47  190   94 31.619048 15.380952
  55  250   80 41.735714 13.264286
  45  190   80 31.958333 13.041667
  56  262   73 44.025000 11.975000
  44  192   73 32.101587 11.898413
  71  358   71 59.452381 11.547619
  29  100   71 16.783333 12.216667
  78  412   58 68.719048 9.280952
  22   72   58 12.285714 9.714286
  83  458   41 76.377381 6.622619
  17   60   41 10.114286 6.885714
  86  480   36 80.280952 5.719048
  14   48   36 7.990476 6.009524
  76  394   60 66.033333 9.966667
  24   86   60 14.285714 9.714286
  76  402   56 66.929762 9.070238
  24   86   56 14.667857 9.332143
  78  408   60 68.111905 9.888095
  22   72   60 12.175000 9.825000
  57  284   62 47.185714 9.814286
  43  192   62 32.433333 10.566667
  42  178   72 29.923810 12.076190
  58  278   72 46.228571 11.771429
  52  232   76 39.097619 12.902381
  48  216   76 35.895238 12.104762
  49  208   86 35.017857 13.982143
  51  220   86 36.852381 14.147619
  38  122  104 20.754762 17.245238
  62  270  104 45.071429 16.928571
  38  132   94 22.376190 15.623810
  62  280   94 46.579762 15.420238
  43  190   71 31.584524 11.415476
  57  268   71 44.995238 12.004762
  29   96   75 16.330952 12.669048
  71  354   75 58.932143 12.067857
  36  146   68 24.590476 11.409524
  64  318   68 52.998810 11.001190
  39  148   83 25.104762 13.895238
  61  286   83 47.665476 13.334524
  28  108   62 18.029762 9.970238
  72  368   62 61.739286 10.260714
  32  120   74 19.827381 12.172619
  68  332   74 55.757143 12.242857
  29  100   77 16.788095 12.211905
  71  346   77 58.209524 12.790476
  25   84   68 13.714286 11.285714
  75  380   68 63.423810 11.576190
  26   94   60 15.894048 10.105952
  74  386   60 64.353571 9.646429
  34  138   68 22.992857 11.007143
  66  326   68 54.486905 11.513095
  27   94   72 15.403571 11.596429
  73  362   72 60.898810 12.101190
  27   94   67 15.988095 11.011905
  73  372   67 61.983333 11.016667
  32  118   74 20.004762 11.995238
  68  334   74 55.779762 12.220238
  21   76   54 12.511905 8.488095
  79  416   54 69.636905 9.363095
  17   50   50 8.514286 8.485714
  83  450   50 74.950000 8.050000
   9   18   36 3.019048 5.980952
  91  510   36 85.142857 5.857143
   5    8   23 1.261905 3.738095
  95  546   23 91.227381 3.772619
   6   16   21 2.566667 3.433333
  94  542   21 90.400000 3.600000
   3    0   18 0.000000 3.000000
  97  564   18 93.904762 3.095238
   5   10   18 1.833333 3.166667
  95  554   18 92.239286 2.760714
   3    4   12 0.766667 2.233333
  97  572   12 95.157143 1.842857
   2    2   12 0.285714 1.714286
  98  574   12 95.898810 2.101190
 100  600    0 100.000000 0.000000
