   1    0    7 0.000000 1.000000
   2    2   10 0.342857 1.657143
   2    2   12 0.291667 1.708333
   1    0    7 0.000000 1.000000
   1    0    5 0.000000 1.000000
   1    0    5 0.000000 1.000000
   1    0    6 0.000000 1.000000
   1    0    6 0.000000 1.000000
   1    0    6 0.000000 1.000000
   1    0    7 0.000000 1.000000
   1    0    6 0.000000 1.000000
   3    4   12 0.766667 2.233333
   1    0    6 0.000000 1.000000
   1    0    6 0.000000 1.000000
   1    0    6 0.000000 1.000000
   1    0    6 0.000000 1.000000
   8   16   28 2.885714 5.114286
   2    2   10 0.333333 1.666667
   1    0    6 0.000000 1.000000
   1    0    6 0.000000 1.000000
   2    2   11 0.309524 1.690476
   5   14   18 2.190476 2.809524
   1    0    7 0.000000 1.000000
   1    0    7 0.000000 1.000000
   1    0    5 0.000000 1.000000
   1    0    7 0.000000 1.000000
   1    0    7 0.000000 1.000000
   4    6   20 0.971429 3.028571
   1    0    6 0.000000 1.000000
   2    2   10 0.342857 1.657143
   5   14   17 2.238095 2.761905
   1    0    5 0.000000 1.000000
   3    4   15 0.642857 2.357143
   1    0    6 0.000000 1.000000
   2    2    9 0.366667 1.633333
   2    0   13 0.000000 2.000000
   7   22   20 3.680952 3.319048
   2    2    8 0.400000 1.600000
   1    0    5 0.000000 1.000000
   1    0    6 0.000000 1.000000
   1    0    6 0.000000 1.000000
   2    2    9 0.366667 1.633333
   6   16   17 2.933333 3.066667
   1    0    7 0.000000 1.000000
   2    2    8 0.400000 1.600000
   1    0    6 0.000000 1.000000
   4    8   17 1.309524 2.690476
   1    0    5 0.000000 1.000000
   1    0    6 0.000000 1.000000
   1    0    8 0.000000 1.000000
   1    0    6 0.000000 1.000000
   1    0    6 0.000000 1.000000
   1    0    6 0.000000 1.000000
   1    0    6 0.000000 1.000000
   1    0    6 0.000000 1.000000
   5   12   16 2.195238 2.804762
   1    0    7 0.000000 1.000000
   2    2   10 0.333333 1.666667
   1    0    5 0.000000 1.000000
   4   10   16 1.536905 2.463095
   2    2   10 0.333333 1.666667
   3    4   14 0.666667 2.333333
   3    6   10 1.185714 1.814286
   1    0    6 0.000000 1.000000
   2    2   11 0.309524 1.690476
   2    2   10 0.333333 1.666667
   1    0    6 0.000000 1.000000
   1    0    7 0.000000 1.000000
   1    0    7 0.000000 1.000000
  11   30   34 5.190476 5.809524
   1    0    7 0.000000 1.000000
   2    2   10 0.333333 1.666667
   1    0    6 0.000000 1.000000
   1    0    6 0.000000 1.000000
   1    0    6 0.000000 1.000000
   8   26   22 4.414286 3.585714
   1    0    6 0.000000 1.000000
  10   26   37 4.271429 5.728571
   1    0    6 0.000000 1.000000
   4    2   20 0.333333 3.666667
  10   26   34 4.271429 5.728571
   3    4   15 0.642857 2.357143
  13   32   42 5.747619 7.252381
   1    0    7 0.000000 1.000000
   2    2   11 0.309524 1.690476
   2    2   10 0.342857 1.657143
  10   30   29 5.195238 4.804762
   1    0    7 0.000000 1.000000
   1    0    6 0.000000 1.000000
   1    0    5 0.000000 1.000000
   3    2   14 0.400000 2.600000
   4    8   16 1.333333 2.666667
   1    0    7 0.000000 1.000000
   1    0    6 0.000000 1.000000
   1    0    6 0.000000 1.000000
   8   20   29 3.314286 4.685714
   2    2    9 0.366667 1.633333
   2    2   10 0.333333 1.666667
   2    2   10 0.333333 1.666667
  14   38   48 6.233333 7.766667
   1    0    6 0.000000 1.000000
  14   36   48 5.957143 8.042857
   4   10   16 1.541667 2.458333
   3    2   16 0.333333 2.666667
   4    8   16 1.319048 2.680952
  18   58   49 9.790476 8.209524
   2    2   10 0.342857 1.657143
   1    0    5 0.000000 1.000000
   2    2   11 0.309524 1.690476
  12   38   34 6.338095 5.661905
   2    0   12 0.000000 2.000000
   2    0   11 0.000000 2.000000
   4    6   17 1.000000 3.000000
   3    4   14 0.666667 2.333333
   4    8   17 1.304762 2.695238
   1    0    6 0.000000 1.000000
   8   20   29 3.209524 4.790476
  19   52   60 8.909524 10.090476
   6   16   20 2.704762 3.295238
   3    4   14 0.652381 2.347619
   3    4   15 0.619048 2.380952
  31  100   86 16.538095 14.461905
   1    0    8 0.000000 1.000000
  15   52   38 8.604762 6.395238
   6    8   26 1.476190 4.523810
   6   16   17 2.900000 3.100000
   5    8   25 1.160714 3.839286
   1    0    6 0.000000 1.000000
  10   20   41 3.404762 6.595238
  18   50   55 8.452381 9.547619
   9   22   33 3.670238 5.329762
  29   96   79 15.948810 13.051190
   2    2   10 0.342857 1.657143
  19   64   47 11.121429 7.878571
   6   16   19 2.842857 3.157143
   2    2   10 0.342857 1.657143
   4    2   23 0.333333 3.666667
   9   14   39 2.485714 6.514286
  22   64   70 10.714286 11.285714
   6    8   28 1.319048 4.680952
  30   94   88 15.795238 14.204762
   1    0    7 0.000000 1.000000
  23   90   50 15.009524 7.990476
  10   24   35 4.152381 5.847619
   4   10   13 1.761905 2.238095
   3    4   14 0.652381 2.347619
  13   20   57 3.538095 9.461905
  21   52   72 8.876190 12.123810
   4    6   19 0.976190 3.023810
  21   50   77 8.409524 12.590476
  26   96   60 16.204762 9.795238
   5   10   20 1.719048 3.280952
   5   10   19 1.661905 3.338095
   2    0   12 0.000000 2.000000
  18   44   63 7.428571 10.571429
  14   22   63 3.566667 10.433333
   4    8   18 1.261905 2.738095
  26   86   69 14.423810 11.576190
  41  178   73 29.539286 11.460714
   4    8   16 1.352381 2.647619
   2    0   10 0.000000 2.000000
  14   30   54 5.047619 8.952381
  11   18   51 2.842857 8.157143
  28   90   72 15.470238 12.529762
  55  258   68 43.433333 11.566667
   2    0   14 0.000000 2.000000
   3    6   11 1.066667 1.933333
  11   22   44 3.784524 7.215476
  12   20   52 3.328571 8.671429
  17   42   63 7.042857 9.957143
  61  284   79 47.609524 13.390476
   3    2   16 0.366667 2.633333
   1    0    6 0.000000 1.000000
   6    8   30 1.292857 4.707143
  14   30   55 4.933333 9.066667
  15   28   62 4.728571 10.271429
  62  276   93 46.359524 15.640476
   3    2   16 0.333333 2.666667
   1    0    7 0.000000 1.000000
   5   10   23 1.458333 3.541667
  11   20   46 3.280952 7.719048
  18   38   69 6.520238 11.479762
  64  286  101 47.410714 16.589286
   1    0    6 0.000000 1.000000
   3    4   12 0.766667 2.233333
   8   28   20 4.719048 3.280952
   5    4   25 0.733333 4.266667
  19   48   66 8.009524 10.990476
  61  256  111 42.395238 18.604762
   1    0    6 0.000000 1.000000
   8   20   31 3.119048 4.880952
   9   20   34 3.290476 5.709524
  21   58   64 9.857143 11.142857
  62  262  107 44.092857 17.907143
   3    2   16 0.342857 2.657143
   5    8   22 1.395238 3.604762
  30   90   93 14.835714 15.164286
  61  268   93 45.240476 15.759524
   7   16   26 2.719048 4.280952
  32  122   75 20.076190 11.923810
  64  290   97 48.088095 15.911905
   7   10   31 1.719048 5.280952
  29   80   92 13.588095 15.411905
  69  312  102 52.142857 16.857143
   6   12   24 1.975000 4.025000
  25   46  104 7.723810 17.276190
  76  370   84 62.019048 13.980952
   3    2   14 0.400000 2.600000
  21   50   80 8.411905 12.588095
  85  430   71 72.796429 12.203571
  15   28   71 4.422619 10.577381
  87  484   39 80.619048 6.380952
  13   38   39 6.609524 6.390476
  83  456   46 75.689286 7.310714
  17   52   46 8.861905 8.138095
  78  424   50 70.320238 7.679762
  22   76   50 13.248810 8.751190
  72  370   63 61.776190 10.223810
  28  104   63 17.561905 10.438095
  67  324   82 53.473810 13.526190
  33  112   82 19.000000 14.000000
  64  296   86 49.680952 14.319048
  36  132   86 22.215476 13.784524
  59  244  105 41.202381 17.797619
  41  146  105 23.975000 17.025000
  58  234  108 39.404762 18.595238
  42  150  108 24.890476 17.109524
  65  302   87 50.557143 14.442857
  35  124   87 20.720635 14.279365
  66  298   95 50.090476 15.909524
  34  112   95 18.720238 15.279762
  61  274   92 45.941667 15.058333
  39  142   92 23.865476 15.134524
  63  294   84 49.105952 13.894048
  37  138   84 23.057143 13.942857
  56  254   82 42.489286 13.510714
  44  182   82 30.533333 13.466667
  60  284   76 47.284524 12.715476
  40  164   76 27.530952 12.469048
  60  270   89 45.135714 14.864286
  40  152   89 25.657540 14.342460
  64  310   70 52.113095 11.886905
  36  150   70 24.866667 11.133333
  64  306   80 51.115476 12.884524
  36  134   80 22.533333 13.466667
  53  238   87 39.078571 13.921429
  47  188   87 31.958333 15.041667
  39  132  101 22.163095 16.836905
  61  266  101 44.323810 16.676190
  49  214   80 35.785714 13.214286
  51  226   80 37.836905 13.163095
  39  164   74 27.090476 11.909524
  61  288   74 48.521429 12.478571
  28   88   81 14.689286 13.310714
  72  350   81 58.394048 13.605952
  19   38   71 6.726190 12.273810
  81  420   71 69.551190 11.448810
  26   78   75 13.217857 12.782143
  74  372   75 61.716667 12.283333
  26   70   89 11.475000 14.525000
  74  352   89 58.997619 15.002381
  31   90   93 15.252381 15.747619
  69  324   93 53.828571 15.171429
  40  126  112 21.378571 18.621429
  60  250  112 41.819048 18.180952
  31   88   99 14.983333 16.016667
  69  314   99 52.857143 16.142857
  30  100   79 16.947619 13.052381
  70  342   79 57.142857 12.857143
  22   60   67 10.495238 11.504762
  78  406   67 67.471429 10.528571
  33  112   91 18.530952 14.469048
  67  306   91 51.527381 15.472619
  30   94   84 15.866667 14.133333
  70  338   84 56.488095 13.511905
  26   78   80 13.120238 12.879762
  74  362   80 60.547619 13.452381
  22   66   65 11.076190 10.923810
  78  404   65 67.533333 10.466667
  13   30   49 5.076190 7.923810
  87  472   49 78.685714 8.314286
  12   34   35 5.914286 6.085714
  88  496   35 82.671429 5.328571
   8   18   27 3.285714 4.714286
  92  528   27 87.789286 4.210714
  11   30   38 4.980952 6.019048
  89  494   38 82.532143 6.467857
  11   32   38 5.067857 5.932143
  89  492   38 82.485714 6.514286
  13   34   41 5.947619 7.052381
  87  484   41 80.351190 6.648810
  13   38   43 6.100000 6.900000
  87  476   43 79.719048 7.280952
  10   20   39 3.535714 6.464286
  90  502   39 83.757143 6.242857
  11   24   44 4.038095 6.961905
  89  488   44 81.803571 7.196429
   7   12   32 1.923810 5.076190
  93  524   32 87.500000 5.500000
  10   28   36 4.704762 5.295238
  90  500   36 83.790476 6.209524
   6    8   25 1.500000 4.500000
  94  542   25 90.052381 3.947619
   8   10   36 1.733333 6.266667
  92  518   36 86.215476 5.784524
  12   26   46 4.442857 7.557143
  88  482   46 80.336905 7.663095
  11   26   38 4.561905 6.438095
  89  498   38 82.954762 6.045238
   8   14   35 2.323810 5.676190
  92  516   35 86.107143 5.892857
   9   26   27 4.376190 4.623810
  91  520   27 86.535714 4.464286
   5    8   21 1.333333 3.666667
  95  550   21 91.528571 3.471429
   1    0    6 0.000000 1.000000
  99  588    6 98.038095 0.961905
 100  600    0 100.000000 0.000000
