   1    0    7 0.000000 1.000000
   2    2   10 0.333333 1.666667
   3    6    9 1.233333 1.766667
   1    0    7 0.000000 1.000000
   3    6   12 1.000000 2.000000
   3    6   13 0.952381 2.047619
   1    0    7 0.000000 1.000000
   2    2   12 0.291667 1.708333
   1    0    7 0.000000 1.000000
   1    0    7 0.000000 1.000000
   1    0    7 0.000000 1.000000
   3    6   13 0.952381 2.047619
   4   10   13 1.761905 2.238095
   1    0    7 0.000000 1.000000
   1    0    7 0.000000 1.000000
   2    2    9 0.366667 1.633333
   2    2    9 0.366667 1.633333
   1    0    6 0.000000 1.000000
   2    2   10 0.342857 1.657143
   1    0    5 0.000000 1.000000
   1    0    7 0.000000 1.000000
   1    0    6 0.000000 1.000000
   2    2   10 0.333333 1.666667
   1    0    6 0.000000 1.000000
   1    0    6 0.000000 1.000000
   1    0    6 0.000000 1.000000
   2    2    8 0.400000 1.600000
   1    0    6 0.000000 1.000000
   1    0    7 0.000000 1.000000
   8   22   27 3.628571 4.371429
   5    8   23 1.241667 3.758333
   2    2   10 0.333333 1.666667
   4   10   12 1.833333 2.166667
   2    2    9 0.366667 1.633333
   1    0    6 0.000000 1.000000
   1    0    6 0.000000 1.000000
   2    2   10 0.333333 1.666667
   1    0    6 0.000000 1.000000
   1    0    6 0.000000 1.000000
   1    0    6 0.000000 1.000000
   2    2    8 0.400000 1.600000
   3    6   10 1.166667 1.833333
   2    2    9 0.366667 1.633333
   1    0    7 0.000000 1.000000
   1    0    7 0.000000 1.000000
   3    4   14 0.709524 2.290476
   1    0    6 0.000000 1.000000
   1    0    6 0.000000 1.000000
   1    0    7 0.000000 1.000000
   2    2   10 0.333333 1.666667
   1    0    6 0.000000 1.000000
   1    0    5 0.000000 1.000000
   2    2   10 0.333333 1.666667
   1    0    5 0.000000 1.000000
   3    4   14 0.676190 2.323810
   2    2   10 0.333333 1.666667
   3    4   13 0.733333 2.266667
   8   28   20 4.714286 3.285714
   4    8   15 1.366667 2.633333
   1    0    6 0.000000 1.000000
   1    0    6 0.000000 1.000000
   2    2    8 0.400000 1.600000
   5   14   18 2.364286 2.635714
   3    4   13 0.685714 2.314286
   1    0    6 0.000000 1.000000
   2    2    8 0.400000 1.600000
   7   22   20 3.776190 3.223810
   3    6   12 1.019048 1.980952
   1    0    6 0.000000 1.000000
   2    0   15 0.000000 2.000000
   2    2    9 0.366667 1.633333
   1    0    6 0.000000 1.000000
   2    2   10 0.333333 1.666667
   4    8   16 1.333333 2.666667
   1    0    6 0.000000 1.000000
   6   10   25 1.704762 4.295238
   5    4   25 0.766667 4.233333
   1    0    6 0.000000 1.000000
   3    6   14 0.904762 2.095238
   4   10   14 1.719048 2.280952
   1    0    7 0.000000 1.000000
   1    0    7 0.000000 1.000000
   1    0    6 0.000000 1.000000
   2    2   11 0.309524 1.690476
   5   14   14 2.500000 2.500000
   1    0    6 0.000000 1.000000
   5   12   20 1.880952 3.119048
   2    2   10 0.342857 1.657143
   2    0   12 0.000000 2.000000
   1    0    6 0.000000 1.000000
   2    2   11 0.309524 1.690476
   3    4   13 0.700000 2.300000
   2    2    8 0.400000 1.600000
   8   20   28 3.328571 4.671429
   5    8   22 1.385714 3.614286
  15   52   36 8.952381 6.047619
   2    0   12 0.000000 2.000000
   2    2   10 0.333333 1.666667
  20   76   41 12.988095 7.011905
   1    0    7 0.000000 1.000000
   1    0    7 0.000000 1.000000
   1    0    7 0.000000 1.000000
   2    2    9 0.366667 1.633333
   1    0    6 0.000000 1.000000
   2    2   11 0.309524 1.690476
   1    0    7 0.000000 1.000000
   3    2   17 0.309524 2.690476
   2    0   12 0.000000 2.000000
   6   14   22 2.380952 3.619048
   1    0    5 0.000000 1.000000
   2    2   10 0.342857 1.657143
   7   22   19 3.861905 3.138095
   5   14   15 2.457143 2.542857
   1    0    6 0.000000 1.000000
   3    0   19 0.000000 3.000000
   2    0   14 0.000000 2.000000
   1    0    7 0.000000 1.000000
   1    0    7 0.000000 1.000000
   2    2   10 0.333333 1.666667
   1    0    6 0.000000 1.000000
   5   12   19 2.028571 2.971429
   9   16   37 2.738095 6.261905
   8   14   35 2.328571 5.671429
  13   42   34 7.133333 5.866667
   3    2   17 0.333333 2.666667
   1    0    6 0.000000 1.000000
  19   66   49 11.083333 7.916667
   1    0    6 0.000000 1.000000
   1    0    5 0.000000 1.000000
   1    0    6 0.000000 1.000000
   6   16   20 2.853571 3.146429
   2    2   11 0.309524 1.690476
   3    4   13 0.742857 2.257143
   2    2   11 0.309524 1.690476
   6   18   19 3.042857 2.957143
   2    2    9 0.366667 1.633333
   6   16   20 2.719048 3.280952
   2    2   11 0.309524 1.690476
   3    6   11 1.066667 1.933333
   2    2   12 0.285714 1.714286
   1    0    6 0.000000 1.000000
   4    8   13 1.500000 2.500000
   6   18   19 2.942857 3.057143
   8   20   29 3.366667 4.633333
  10   12   48 2.104762 7.895238
   8   18   30 2.994048 5.005952
   3    2   17 0.309524 2.690476
   4   10   13 1.733333 2.266667
  13   28   53 4.689286 8.310714
   1    0    6 0.000000 1.000000
   3    6   11 1.085714 1.914286
   6   12   21 2.161905 3.838095
   3    6   11 1.066667 1.933333
   3    4   12 0.733333 2.266667
   3    4   12 0.766667 2.233333
  10   32   27 5.428571 4.571429
   3    2   17 0.309524 2.690476
   2    2   10 0.333333 1.666667
   8   24   23 4.278571 3.721429
   2    2   10 0.333333 1.666667
   1    0    7 0.000000 1.000000
   3    2   20 0.267857 2.732143
   7   16   24 2.800000 4.200000
  11   26   38 4.414286 6.585714
  11   18   51 2.885714 8.114286
   7    6   34 1.109524 5.890476
   2    2   11 0.309524 1.690476
  10   18   43 3.087302 6.912698
   4    6   20 0.952381 3.047619
   4    6   16 1.133333 2.866667
   8   24   23 4.085714 3.914286
   8   20   27 3.736905 4.263095
   3    4   15 0.642857 2.357143
   8   18   29 3.071429 4.928571
   6   18   17 3.100000 2.900000
   1    0    6 0.000000 1.000000
   4   10   14 1.685714 2.314286
   1    0    7 0.000000 1.000000
   1    0    6 0.000000 1.000000
   4    2   25 0.309524 3.690476
   8   22   28 3.576190 4.423810
   8   12   37 2.019048 5.980952
  11   22   45 3.620238 7.379762
   7   12   31 2.080952 4.919048
   3    4   12 0.766667 2.233333
  15   38   50 6.500000 8.500000
   3    4   14 0.709524 2.290476
   6   12   25 2.003571 3.996429
   3    6   12 1.000000 2.000000
   8   16   31 2.766667 5.233333
   6   14   22 2.271429 3.728571
   8   18   30 2.990476 5.009524
   6   12   21 2.219048 3.780952
   3    6   11 1.085714 1.914286
   1    0    7 0.000000 1.000000
   4    6   20 0.916667 3.083333
   9   18   40 2.809524 6.190476
   9   20   35 3.209524 5.790476
   4    4   21 0.642857 3.357143
   3    2   19 0.285714 2.714286
   3    6   10 1.133333 1.866667
  22   66   63 11.261905 10.738095
   5   10   20 1.685714 3.314286
   8   18   30 2.952381 5.047619
   8   14   30 2.633333 5.366667
   4    4   23 0.601190 3.398810
   4    4   21 0.642857 3.357143
  11   34   28 5.904762 5.095238
   3    4   13 0.685714 2.314286
   2    2   11 0.309524 1.690476
   5    8   22 1.338095 3.661905
  10   18   35 3.328571 6.671429
  12   24   47 4.066667 7.933333
   4    6   17 1.085714 2.914286
   2    0   12 0.000000 2.000000
   2    0   13 0.000000 2.000000
  24   64   80 10.607143 13.392857
   1    0    6 0.000000 1.000000
  10   24   38 3.938095 6.061905
   9   22   34 3.603571 5.396429
   3    2   18 0.309524 2.690476
   1    0    6 0.000000 1.000000
  11   32   35 5.390476 5.609524
   2    2   11 0.309524 1.690476
   2    2    8 0.400000 1.600000
   7   22   22 3.675000 3.325000
  17   54   46 9.133333 7.866667
  20   60   61 10.146429 9.853571
   9   30   24 4.952381 4.047619
   1    0    6 0.000000 1.000000
  18   42   63 7.228571 10.771429
   1    0    7 0.000000 1.000000
   5    8   23 1.295238 3.704762
  14   42   45 6.933333 7.066667
   4    8   15 1.476190 2.523810
   5    8   20 1.485714 3.514286
   2    2   11 0.309524 1.690476
   4    8   17 1.261905 2.738095
  13   34   48 5.648810 7.351190
  22   54   74 9.247619 12.752381
   9   24   31 3.985714 5.014286
   2    2    9 0.366667 1.633333
  13   40   39 6.623810 6.376190
  10   38   22 6.442857 3.557143
  15   46   45 7.696429 7.303571
   1    0    6 0.000000 1.000000
   7   20   21 3.467857 3.532143
   7   22   19 3.819048 3.180952
   1    0    6 0.000000 1.000000
  17   66   39 10.719048 6.280952
  16   38   55 6.557143 9.442857
  15   50   42 8.480952 6.519048
  19   54   55 9.414286 9.585714
   9   26   29 4.385714 4.614286
   8   16   35 2.619048 5.380952
   8   26   21 4.328571 3.671429
   7   20   22 3.419048 3.580952
   1    0    6 0.000000 1.000000
   7    6   35 1.009524 5.990476
  13   26   54 4.304762 8.695238
  11   34   34 5.572619 5.427381
  22   72   59 12.204762 9.795238
  12   40   30 6.890476 5.109524
   5    8   23 1.285714 3.714286
  16   52   46 8.515476 7.484524
  14   54   27 9.219048 4.780952
   8   12   36 2.071429 5.928571
  17   38   62 6.590476 10.409524
  14   44   42 7.388095 6.611905
  23   60   75 10.195238 12.804762
  11   36   30 6.176190 4.823810
  17   38   67 6.219048 10.780952
  10   24   36 4.042857 5.957143
   8    6   39 1.100000 6.900000
  23   64   78 10.405952 12.594048
  19   60   51 10.376190 8.623810
  26   80   74 13.441667 12.558333
   9   24   31 3.923810 5.076190
  13   36   45 5.878571 7.121429
   2    2   10 0.333333 1.666667
   6    8   29 1.280952 4.719048
  26   82   71 13.885714 12.114286
   8   14   34 2.338095 5.661905
  23   60   79 10.072619 12.927381
  18   56   52 9.452381 8.547619
  15   38   53 6.413095 8.586905
   4   10   14 1.661905 2.338095
   2    2   10 0.333333 1.666667
  32  106   82 17.950000 14.050000
   9   18   38 2.933333 6.066667
  28   80   87 13.453571 14.546429
  19   46   69 7.664286 11.335714
   8   14   36 2.280952 5.719048
   2    0   12 0.000000 2.000000
   1    0    6 0.000000 1.000000
  30  114   66 19.057143 10.942857
  10   18   43 3.077381 6.922619
  35  134   76 22.534524 12.465476
  12   32   41 5.416667 6.583333
  12   32   38 5.600000 6.400000
   1    0    8 0.000000 1.000000
  34  140   59 23.814286 10.185714
   9   24   28 4.257143 4.742857
  33  128   70 21.373810 11.626190
  13   46   31 7.904762 5.095238
  10   12   54 1.848810 8.151190
   6    8   28 1.342857 4.657143
  34  140   63 23.625000 10.375000
   1    0    6 0.000000 1.000000
  26   94   63 15.795238 10.204762
  12   40   32 6.822619 5.177381
  21   52   74 8.814286 12.185714
   7   16   26 2.661905 4.338095
  31  112   77 18.657143 12.342857
  35  138   67 23.523810 11.476190
  10   30   28 5.342857 4.657143
  17   48   58 8.000000 9.000000
   9   20   36 3.300000 5.700000
  36  138   75 23.192857 12.807143
  31  122   62 20.723810 10.276190
   6   18   18 2.995238 3.004762
  18   42   69 6.914286 11.085714
  10   24   40 3.973810 6.026190
  40  150   88 25.130952 14.869048
  30  106   72 17.895238 12.104762
   8   28   20 4.753571 3.246429
  12   18   54 3.071429 8.928571
  15   46   45 7.782143 7.217857
  41  164   80 27.657143 13.342857
  28  106   62 17.651190 10.348810
   9   22   34 3.509524 5.490476
   7    4   37 0.709524 6.290476
  18   58   47 10.047619 7.952381
  48  206   83 34.321429 13.678571
  17   46   56 7.680952 9.319048
   8   10   42 1.523810 6.476190
   9   26   26 4.535714 4.464286
  22   72   60 12.098810 9.901190
  42  172   79 28.850000 13.150000
  15   46   44 7.600000 7.400000
  12   26   46 4.428571 7.571429
   9   18   37 2.885714 6.114286
  12   30   40 5.257143 6.742857
  49  202   94 33.523810 15.476190
  16   42   52 7.157143 8.842857
  18   52   55 8.842857 9.157143
   5    8   25 1.261905 3.738095
  11   28   37 4.800000 6.200000
  48  186  101 31.252381 16.747619
  15   28   64 4.641667 10.358333
  23   70   67 11.852381 11.147619
   3    4   15 0.628571 2.371429
  12   32   41 5.352381 6.647619
  47  188   94 31.566667 15.433333
  10   12   47 2.038095 7.961905
  29  118   56 19.803571 9.196429
   2    2   10 0.342857 1.657143
   9   28   28 4.561905 4.438095
  50  214   82 36.361905 13.638095
  16   42   56 6.952381 9.047619
  24   86   58 14.469048 9.530952
   1    0    6 0.000000 1.000000
   7   18   23 3.190476 3.809524
  53  250   66 42.055556 10.944444
  11   26   40 4.371429 6.628571
  27   96   69 15.882143 11.117857
   2    2   10 0.342857 1.657143
   8   22   28 3.657143 4.342857
  50  216   80 36.640476 13.359524
   7   12   33 1.875000 5.125000
  32  110   82 18.471429 13.528571
   3    4   13 0.733333 2.266667
  15   52   37 8.809524 6.190476
  43  162   96 27.204762 15.795238
   4    6   20 0.904762 3.095238
  33   94  102 15.807143 17.192857
   5   10   21 1.638095 3.361905
  15   60   32 9.966667 5.033333
  49  196   97 32.766667 16.233333
   2    2   11 0.309524 1.690476
  31   90   94 15.233333 15.766667
   3    4   14 0.791667 2.208333
  11   36   30 6.085714 4.914286
  51  200  106 33.694048 17.305952
   3    6   12 1.000000 2.000000
  28   68   99 11.540476 16.459524
   7   24   19 4.023810 2.976190
  12   26   45 4.342857 7.657143
  56  244   90 40.926190 15.073810
   3    4   12 0.766667 2.233333
  15   26   67 4.283333 10.716667
  14   52   34 8.696429 5.303571
  14   36   49 6.045238 7.954762
  58  260   86 43.434524 14.565476
   1    0    6 0.000000 1.000000
  15   18   74 2.885714 12.114286
  12   34   37 5.739683 6.260317
  24   78   67 13.061905 10.938095
  52  214   96 35.807143 16.192857
   2    2   10 0.333333 1.666667
  13   18   62 2.947619 10.052381
   9   28   25 4.757143 4.242857
  35  140   68 23.514286 11.485714
  49  206   89 34.333333 14.666667
   1    0    6 0.000000 1.000000
  11   18   48 3.023810 7.976190
   4    8   17 1.285714 2.714286
  54  248   76 41.380952 12.619048
  42  172   80 28.740476 13.259524
   1    0    6 0.000000 1.000000
   3    2   16 0.366667 2.633333
  62  284   85 47.892857 14.107143
  35  134   81 22.147619 12.852381
   3    2   14 0.400000 2.600000
  56  228  114 37.447619 18.552381
  37  120   97 20.538095 16.461905
   7   12   29 2.161905 4.838095
  57  230  114 38.440476 18.559524
  39  126  106 21.279365 17.720635
   4    4   20 0.700000 3.300000
  45  144  122 24.552381 20.447619
  51  192  119 31.823810 19.176190
   4    4   19 0.700000 3.300000
  40  142  104 23.539286 16.460714
  59  244  103 41.444048 17.555952
   1    0    7 0.000000 1.000000
  42  122  122 21.123810 20.876190
  58  234  122 38.565476 19.434524
  39  128  109 21.388095 17.611905
  61  254  109 43.017857 17.982143
  38  148   79 24.879762 13.120238
  62  294   79 48.971429 13.028571
  32  116   76 19.348810 12.651190
  68  332   76 55.404762 12.595238
  32  120   72 20.164286 11.835714
  68  336   72 56.092857 11.907143
  38  152   81 25.083333 12.916667
  62  286   81 48.089286 13.910714
  39  150   84 25.304762 13.695238
  61  282   84 47.175000 13.825000
  40  154   89 25.547619 14.452381
  60  268   89 45.077381 14.922619
  37  142   81 23.752381 13.247619
  63  296   81 49.478175 13.521825
  39  150   81 25.140476 13.859524
  61  288   81 47.728571 13.271429
  42  158   95 26.311905 15.688095
  58  252   95 42.279762 15.720238
  49  212   84 35.300000 13.700000
  51  220   84 37.016667 13.983333
  43  156  105 26.013095 16.986905
  57  234  105 39.366667 17.633333
  39  120  116 20.047619 18.952381
  61  248  116 41.652381 19.347619
  21   42   84 7.014286 13.985714
  79  390   84 65.045238 13.954762
  25   92   59 15.459524 9.540476
  75  390   59 65.279762 9.720238
  17   48   52 8.123810 8.876190
  83  448   52 74.539286 8.460714
   8   12   36 2.000000 6.000000
  92  516   36 86.089286 5.910714
  11   24   40 4.061905 6.938095
  89  496   40 82.422619 6.577381
   8   22   27 3.623810 4.376190
  92  524   27 87.495238 4.504762
   3    2   17 0.333333 2.666667
  97  564   17 94.171429 2.828571
   3    6   13 0.952381 2.047619
  97  568   13 94.876190 2.123810
   1    0    6 0.000000 1.000000
  99  588    6 98.032143 0.967857
 100  600    0 100.000000 0.000000
