   1    0    6 0.000000 1.000000
   5   12   16 2.128571 2.871429
   5    6   22 1.109524 3.890476
   1    0    5 0.000000 1.000000
   1    0    7 0.000000 1.000000
   1    0    5 0.000000 1.000000
   1    0    8 0.000000 1.000000
   2    0   13 0.000000 2.000000
   1    0    7 0.000000 1.000000
   2    2   11 0.309524 1.690476
   4    6   16 1.085714 2.914286
   1    0    6 0.000000 1.000000
   3    4   14 0.666667 2.333333
   3    4   15 0.642857 2.357143
   2    2   11 0.309524 1.690476
   3    6   13 0.971429 2.028571
   2    2   11 0.309524 1.690476
   6   16   18 2.866667 3.133333
   3    4   13 0.733333 2.266667
   1    0    7 0.000000 1.000000
   1    0    5 0.000000 1.000000
   2    2   11 0.309524 1.690476
   2    2   11 0.309524 1.690476
   1    0    6 0.000000 1.000000
   2    2    8 0.400000 1.600000
   1    0    7 0.000000 1.000000
   1    0    6 0.000000 1.000000
   1    0    7 0.000000 1.000000
   1    0    6 0.000000 1.000000
   2    2    8 0.400000 1.600000
   2    2   10 0.342857 1.657143
   1    0    6 0.000000 1.000000
   3    4   15 0.642857 2.357143
   5   10   20 1.738095 3.261905
   1    0    7 0.000000 1.000000
   1    0    6 0.000000 1.000000
   1    0    6 0.000000 1.000000
   1    0    5 0.000000 1.000000
   1    0    6 0.000000 1.000000
   1    0    6 0.000000 1.000000
   2    2   10 0.333333 1.666667
   1    0    6 0.000000 1.000000
   1    0    7 0.000000 1.000000
   5   12   17 2.085714 2.914286
   2    2   10 0.333333 1.666667
   4   10   12 1.833333 2.166667
   1    0    6 0.000000 1.000000
   1    0    7 0.000000 1.000000
   1    0    5 0.000000 1.000000
   2    2   11 0.309524 1.690476
   1    0    7 0.000000 1.000000
   4    6   17 1.052381 2.947619
   9   26   28 4.352381 4.647619
   1    0    6 0.000000 1.000000
   2    2   10 0.333333 1.666667
   2    2    9 0.366667 1.633333
   5    8   23 1.285714 3.714286
   2    2   11 0.309524 1.690476
   5   10   21 1.600000 3.400000
   1    0    7 0.000000 1.000000
   2    2   11 0.309524 1.690476
   1    0    6 0.000000 1.000000
  12   42   28 7.265476 4.734524
   1    0    5 0.000000 1.000000
   1    0    6 0.000000 1.000000
   3    4   13 0.742857 2.257143
   1    0    8 0.000000 1.000000
   1    0    7 0.000000 1.000000
   2    2   10 0.333333 1.666667
   4    8   14 1.433333 2.566667
   6   18   19 2.909524 3.090476
   5    6   24 1.009524 3.990476
   5    6   25 0.976190 4.023810
   3    4   14 0.666667 2.333333
   2    2   10 0.342857 1.657143
   1    0    7 0.000000 1.000000
   1    0    6 0.000000 1.000000
   2    2   10 0.333333 1.666667
   5    4   24 0.733333 4.266667
   2    2   10 0.333333 1.666667
   4    6   18 1.009524 2.990476
   3    4   13 0.700000 2.300000
   1    0    6 0.000000 1.000000
   1    0    6 0.000000 1.000000
   4   10   14 1.719048 2.280952
  12   34   36 5.871429 6.128571
   2    2   10 0.342857 1.657143
   6   18   17 3.185714 2.814286
   2    0   13 0.000000 2.000000
   4    6   17 1.076190 2.923810
   7   24   18 4.128571 2.871429
   1    0    6 0.000000 1.000000
  17   64   39 10.580952 6.419048
   1    0    7 0.000000 1.000000
   4    4   22 0.619048 3.380952
   3    6   11 1.066667 1.933333
   7   20   20 3.490476 3.509524
   2    0   12 0.000000 2.000000
   4   10   12 1.833333 2.166667
   2    2    9 0.366667 1.633333
   1    0    6 0.000000 1.000000
   2    2   10 0.342857 1.657143
   6   14   23 2.252381 3.747619
   1    0    6 0.000000 1.000000
   6   14   25 2.244048 3.755952
   1    0    6 0.000000 1.000000
   3    6   12 1.000000 2.000000
   2    2   11 0.309524 1.690476
   6   14   20 2.500000 3.500000
  12   34   42 5.466667 6.533333
   1    0    7 0.000000 1.000000
   2    0   12 0.000000 2.000000
   3    2   14 0.400000 2.600000
   5    8   22 1.395238 3.604762
  21   76   52 12.509524 8.490476
   7    8   34 1.376190 5.623810
   3    6   13 0.971429 2.028571
  14   44   37 7.604762 6.395238
   1    0    6 0.000000 1.000000
   7   20   20 3.514286 3.485714
   2    2   13 0.267857 1.732143
   4    8   14 1.466667 2.533333
   2    2   10 0.342857 1.657143
   3    4   14 0.652381 2.347619
   2    2   10 0.333333 1.666667
   2    2   10 0.333333 1.666667
   3    4   14 0.666667 2.333333
  13   46   32 7.771429 5.228571
   8   20   30 3.304762 4.695238
   1    0    6 0.000000 1.000000
   4   10   14 1.661905 2.338095
   4    4   18 0.733333 3.266667
  22   68   62 11.426190 10.573810
   4    8   16 1.295238 2.704762
   4   10   14 1.708333 2.291667
  13   26   52 4.436905 8.563095
   7   18   26 2.857143 4.142857
   3    4   15 0.642857 2.357143
   1    0    6 0.000000 1.000000
   3    4   14 0.709524 2.290476
   4    6   19 0.976190 3.023810
   1    0    5 0.000000 1.000000
   2    2    9 0.366667 1.633333
   6   18   18 3.033333 2.966667
  13   44   33 7.392857 5.607143
  10   30   29 5.180952 4.819048
   1    0    5 0.000000 1.000000
   2    2   10 0.333333 1.666667
  25   86   62 14.542857 10.457143
   2    2   11 0.309524 1.690476
  12   44   26 7.576190 4.423810
   8   18   30 3.109524 4.890476
   5    4   25 0.726190 4.273810
   2    2   11 0.309524 1.690476
   2    2   11 0.309524 1.690476
   4    8   17 1.309524 2.690476
   2    2   12 0.285714 1.714286
   1    0    8 0.000000 1.000000
  11   28   38 4.666667 6.333333
  21   80   48 13.332143 7.667857
   5    6   25 1.028571 3.971429
   1    0    7 0.000000 1.000000
   1    0    5 0.000000 1.000000
  30  120   61 20.114286 9.885714
   1    0    6 0.000000 1.000000
   8   22   24 3.680952 4.319048
   4    8   14 1.428571 2.571429
   5    4   25 0.652381 4.347619
   6   18   20 2.955952 3.044048
   2    2   10 0.333333 1.666667
   4    6   16 1.100000 2.900000
  12   32   41 5.304762 6.695238
  24   82   60 13.833333 10.166667
   7    8   31 1.509524 5.490476
   3    6   14 0.916667 2.083333
  25   90   58 15.285714 9.714286
   1    0    6 0.000000 1.000000
   4   10   15 1.619048 2.380952
   7   16   28 2.619048 4.380952
   3    6   14 0.904762 2.095238
   4    6   18 1.000000 3.000000
   1    0    6 0.000000 1.000000
  10   28   32 4.686905 5.313095
  11   20   46 3.361905 7.638095
  21   54   72 9.211905 11.788095
   7   20   22 3.471429 3.528571
   1    0    6 0.000000 1.000000
  32  108   85 17.961905 14.038095
   4   10   13 1.733333 2.266667
   2    2   11 0.309524 1.690476
  12   38   34 6.501190 5.498810
   5   12   17 2.085714 2.914286
   2    2   11 0.309524 1.690476
   5    8   22 1.338095 3.661905
   9   16   37 2.623810 6.376190
  16   34   61 5.840476 10.159524
   5    8   23 1.261905 3.738095
  30   88   93 14.614286 15.385714
   5   14   16 2.328571 2.671429
   3    6   10 1.166667 1.833333
   9   20   35 3.304762 5.695238
  11   40   27 6.633333 4.366667
   4   10   13 1.766667 2.233333
   8   14   35 2.278571 5.721429
   9   20   33 3.347619 5.652381
   9   18   40 2.821429 6.178571
   6    6   29 1.083333 4.916667
  17   48   55 8.023810 8.976190
   4    6   16 1.100000 2.900000
   2    2   10 0.333333 1.666667
  20   58   59 9.976190 10.023810
  10   28   31 4.690476 5.309524
   4    8   15 1.400000 2.600000
  11   26   44 4.195238 6.804762
  17   62   39 10.514286 6.485714
   9   12   38 2.128571 6.871429
   6    6   28 1.133333 4.866667
  18   56   53 9.347619 8.652381
   7   18   24 3.000000 4.000000
   3    6   12 1.019048 1.980952
  19   62   55 10.228571 8.771429
   9   22   34 3.600000 5.400000
   3    6   11 1.066667 1.933333
  13   28   52 4.838095 8.161905
  13   26   51 4.491667 8.508333
   6   14   23 2.314286 3.685714
  12   26   46 4.385714 7.614286
   7   16   27 2.676190 4.323810
   3    4   15 0.642857 2.357143
  31  116   70 19.435714 11.564286
   7   12   32 1.890476 5.109524
   2    2   10 0.333333 1.666667
   8   16   30 2.795238 5.204762
  24   70   71 11.945238 12.054762
   6   14   22 2.400000 3.600000
  13   22   53 3.885714 9.114286
   8   10   37 1.752381 6.247619
  33  128   72 21.176190 11.823810
   3    2   19 0.285714 2.714286
   3    6   13 0.971429 2.028571
   8   16   31 2.771429 5.228571
  26   88   67 14.813095 11.186905
   6   12   26 1.880952 4.119048
   8   20   29 3.361905 4.638095
   3    4   16 0.619048 2.380952
  24   90   54 15.204762 8.795238
   1    0    6 0.000000 1.000000
   3    4   13 0.742857 2.257143
  16   66   28 11.252381 4.747619
  39  144   88 24.254762 14.745238
   2    0   13 0.000000 2.000000
   6    8   27 1.400000 4.600000
   5    8   22 1.342857 3.657143
  31  120   62 20.385714 10.614286
   1    0    8 0.000000 1.000000
   2    2   10 0.333333 1.666667
  12   42   28 7.295238 4.704762
  41  180   70 29.953571 11.046429
   4    4   19 0.700000 3.300000
   6   12   28 1.809524 4.190476
  23   68   68 11.647619 11.352381
  12   36   36 6.142857 5.857143
  55  228  101 38.259524 16.740476
   5    6   21 1.185714 3.814286
   2    2   11 0.309524 1.690476
  38  134   95 22.301190 15.698810
   9   10   44 1.719048 7.280952
  46  178   99 29.751190 16.248810
   6   10   27 1.623810 4.376190
   1    0    6 0.000000 1.000000
  36  152   63 25.619048 10.380952
   8    6   44 1.019048 6.980952
  49  202   90 34.052381 14.947619
   3    2   16 0.342857 2.657143
   1    0    6 0.000000 1.000000
  35  138   72 23.066667 11.933333
   4    4   19 0.700000 3.300000
  57  262   81 43.729762 13.270238
   2    2    9 0.366667 1.633333
   8   26   21 4.471429 3.528571
  40  164   76 27.454762 12.545238
   7   12   29 2.011905 4.988095
  43  170   91 28.097619 14.902381
   2    2   11 0.309524 1.690476
  13   38   38 6.633333 6.366667
  43  158   92 27.015476 15.984524
   6    8   28 1.391667 4.608333
  36  126   99 20.414286 15.585714
   2    2   11 0.309524 1.690476
  15   54   37 9.113095 5.886905
  50  228   74 37.984524 12.015476
   3    0   17 0.000000 3.000000
  30  108   69 18.292857 11.707143
  10   20   40 3.347619 6.652381
  52  226   87 37.884524 14.115476
   3    6   12 1.000000 2.000000
  35  130   79 21.976190 13.023810
  13   24   57 3.904762 9.095238
  37  150   72 25.200000 11.800000
   4   10   12 1.800000 2.200000
  46  198   77 33.166667 12.833333
  10   14   44 2.471429 7.528571
  34  138   69 22.936905 11.063095
   6   12   22 2.061905 3.938095
  50  222   79 36.835714 13.164286
  10   26   35 4.457143 5.542857
  32  134   58 22.461905 9.538095
  11   36   30 6.076190 4.923810
  47  206   75 34.598810 12.401190
  11   30   32 5.264286 5.735714
  34  120   83 20.123810 13.876190
  10   30   31 4.928571 5.071429
  45  178   96 29.617857 15.382143
   6   10   26 1.684524 4.315476
  37  134   89 22.559524 14.440476
  14   38   46 6.438095 7.561905
  43  150  107 25.122222 17.877778
   1    0    6 0.000000 1.000000
  41  134  109 22.471429 18.528571
  21   74   52 12.319048 8.680952
  37  118  107 19.634524 17.365476
  38  140   89 23.584524 14.415476
  36  138   80 22.922619 13.077381
  26   78   75 13.279762 12.720238
  39  158   76 26.547619 12.452381
  33  120   77 20.188095 12.811905
  28   94   75 15.644048 12.355952
  36  140   80 23.334524 12.665476
  29   90   78 15.469048 13.530952
  35  146   66 24.461905 10.538095
  25   72   75 12.161905 12.838095
  28   98   75 16.119048 11.880952
  47  208   72 34.942857 12.057143
  16   36   60 6.000000 10.000000
  37  138   85 23.382143 13.617857
  47  204   77 34.169048 12.830952
  12   26   46 4.428571 7.571429
  35  128   85 21.234524 13.765476
  53  238   77 40.000000 13.000000
   7   10   31 1.700000 5.300000
  42  180   74 29.966667 12.033333
  51  236   69 39.484524 11.515476
   3    0   19 0.000000 3.000000
  33  124   75 20.800000 12.200000
  64  304   78 51.028571 12.971429
   5    8   22 1.333333 3.666667
  34  130   74 21.795238 12.204762
  61  300   66 50.066667 10.933333
   2    2   11 0.309524 1.690476
  29  102   74 16.871429 12.128571
  69  342   69 57.400000 11.600000
   6   16   19 2.761905 3.238095
  24   76   71 12.478571 11.521429
  70  346   72 57.815476 12.184524
   2    0   12 0.000000 2.000000
  32  112   81 18.841667 13.158333
  66  310   85 51.708333 14.291667
   2    2   10 0.333333 1.666667
  23   62   74 10.614286 12.385714
  75  378   74 62.870238 12.129762
  24   64   81 10.480952 13.519048
  76  374   81 62.484524 13.515476
  18   56   49 9.709524 8.290476
  82  446   49 74.205952 7.794048
  24   70   71 12.097619 11.902381
  76  388   71 64.771429 11.228571
  19   50   60 8.623810 10.376190
  81  430   60 71.492857 9.507143
  19   44   70 7.419048 11.580952
  81  416   70 69.305952 11.694048
  21   66   62 10.985714 10.014286
  79  410   62 68.670238 10.329762
  16   48   46 8.319048 7.680952
  84  460   46 76.569048 7.430952
  11   24   41 4.128571 6.871429
  89  494   41 82.477381 6.522619
  13   40   38 6.728571 6.271429
  87  484   38 80.752381 6.247619
  15   48   43 7.995238 7.004762
  85  466   43 77.819048 7.180952
  13   36   40 6.216667 6.783333
  87  484   40 80.614286 6.385714
  18   68   41 11.455952 6.544048
  82  450   41 75.123810 6.876190
  17   52   47 8.938095 8.061905
  83  454   47 75.457143 7.542857
  10   28   32 4.661905 5.338095
  90  508   32 84.623810 5.376190
  14   38   45 6.395238 7.604762
  86  472   45 78.584524 7.415476
  14   26   53 4.742857 9.257143
  86  468   53 77.564286 8.435714
  14   32   51 5.361905 8.638095
  86  466   51 77.638095 8.361905
  16   36   65 5.860714 10.139286
  84  434   65 72.847619 11.152381
  16   34   64 5.753571 10.246429
  84  438   64 73.623810 10.376190
  18   34   76 5.709524 12.290476
  82  414   76 69.452381 12.547619
  19   42   71 6.970238 12.029762
  81  416   71 69.476190 11.523810
  17   30   72 5.223810 11.776190
  83  426   72 71.397619 11.602381
  10   20   44 3.166667 6.833333
  90  492   44 82.485714 7.514286
  23   62   73 10.480952 12.519048
  77  392   73 65.232143 11.767857
  16   36   67 5.648810 10.351190
  84  430   67 72.630952 11.369048
   7   10   29 1.816667 5.183333
  93  532   29 88.375000 4.625000
   9   14   37 2.514286 6.485714
  91  512   37 85.147619 5.852381
   5    8   22 1.376190 3.623810
  95  548   22 91.357143 3.642857
   2    0   12 0.000000 2.000000
  98  576   12 95.911905 2.088095
   6   12   25 1.952381 4.047619
  94  538   25 89.747619 4.252381
  20   78   44 13.079762 6.920238
  80  434   44 72.658333 7.341667
  18   64   43 10.975000 7.025000
  82  450   43 75.015476 6.984524
  14   38   44 6.442857 7.557143
  86  474   44 78.919048 7.080952
   7    8   34 1.319048 5.680952
  93  524   34 87.442857 5.557143
  10   22   35 4.058333 5.941667
  90  508   35 84.416667 5.583333
   9   24   32 3.909524 5.090476
  91  512   32 85.666667 5.333333
   8   28   22 4.639286 3.360714
  92  528   22 88.195238 3.804762
   5   10   20 1.661905 3.338095
  95  550   20 91.714286 3.285714
   7   18   26 2.919048 4.080952
  93  530   26 88.590476 4.409524
   6   16   20 2.633333 3.366667
  94  544   20 90.676190 3.323810
   9   20   33 3.375000 5.625000
  91  514   33 85.571429 5.428571
  14   38   46 6.409524 7.590476
  86  470   46 78.465079 7.534921
   9   12   41 2.169048 6.830952
  91  506   41 84.200000 6.800000
   9   22   32 3.741667 5.258333
  91  514   32 85.821429 5.178571
  10   26   35 4.400000 5.600000
  90  504   35 84.328571 5.671429
  16   48   46 8.234524 7.765476
  84  460   46 76.555952 7.444048
  13   30   47 5.066667 7.933333
  87  476   47 79.422619 7.577381
   5    2   29 0.366667 4.633333
  95  540   29 90.196429 4.803571
   4    2   22 0.400000 3.600000
  96  554   22 92.300000 3.700000
   2    2   11 0.309524 1.690476
  98  576   11 96.114286 1.885714
 100  600    0 100.000000 0.000000
