   1    0    7 0.000000 1.000000
   3    4   14 0.666667 2.333333
   3    4   12 0.766667 2.233333
   1    0    7 0.000000 1.000000
   3    2   15 0.366667 2.633333
   1    0    6 0.000000 1.000000
   1    0    8 0.000000 1.000000
   1    0    6 0.000000 1.000000
   1    0    6 0.000000 1.000000
   4    8   16 1.352381 2.647619
   1    0    6 0.000000 1.000000
   1    0    6 0.000000 1.000000
   4    6   17 1.066667 2.933333
   1    0    6 0.000000 1.000000
   2    2   12 0.311111 1.688889
   1    0    7 0.000000 1.000000
   2    2    8 0.400000 1.600000
   1    0    7 0.000000 1.000000
   1    0    5 0.000000 1.000000
   1    0    6 0.000000 1.000000
   2    2    9 0.366667 1.633333
   1    0    7 0.000000 1.000000
   1    0    6 0.000000 1.000000
   2    2    9 0.366667 1.633333
   2    2    7 0.450000 1.550000
   5   14   17 2.257143 2.742857
   1    0    6 0.000000 1.000000
   4    8   19 1.166667 2.833333
   1    0    7 0.000000 1.000000
   1    0    6 0.000000 1.000000
   1    0    6 0.000000 1.000000
   1    0    6 0.000000 1.000000
   2    0   13 0.000000 2.000000
   1    0    6 0.000000 1.000000
   5   14   14 2.500000 2.500000
   1    0    5 0.000000 1.000000
   2    2   10 0.333333 1.666667
   1    0    6 0.000000 1.000000
   1    0    5 0.000000 1.000000
   2    2   11 0.309524 1.690476
   2    2    9 0.366667 1.633333
   2    2   12 0.285714 1.714286
   2    2    9 0.366667 1.633333
   6   18   16 3.147619 2.852381
   3    4   15 0.619048 2.380952
   6   16   21 2.751190 3.248810
   1    0    6 0.000000 1.000000
   1    0    7 0.000000 1.000000
   5   12   17 2.100000 2.900000
   1    0    6 0.000000 1.000000
   5    8   21 1.366667 3.633333
   1    0    6 0.000000 1.000000
   4    8   14 1.466667 2.533333
   5    8   22 1.459524 3.540476
   4    8   17 1.304762 2.695238
   1    0    6 0.000000 1.000000
   1    0    5 0.000000 1.000000
   3    6   12 1.019048 1.980952
   1    0    6 0.000000 1.000000
   1    0    6 0.000000 1.000000
   1    0    7 0.000000 1.000000
   1    0    6 0.000000 1.000000
   1    0    5 0.000000 1.000000
   3    6   12 1.019048 1.980952
   2    2   11 0.309524 1.690476
   1    0    6 0.000000 1.000000
   2    2   11 0.309524 1.690476
   1    0    6 0.000000 1.000000
   2    2   11 0.309524 1.690476
   1    0    6 0.000000 1.000000
   3    4   12 0.766667 2.233333
   4   10   14 1.675000 2.325000
   1    0    6 0.000000 1.000000
   1    0    6 0.000000 1.000000
   1    0    5 0.000000 1.000000
   1    0    5 0.000000 1.000000
   3    4   16 0.583333 2.416667
   5   14   17 2.314286 2.685714
   1    0    6 0.000000 1.000000
   1    0    6 0.000000 1.000000
   2    2   12 0.285714 1.714286
   1    0    6 0.000000 1.000000
   1    0    6 0.000000 1.000000
  11   40   26 6.823810 4.176190
   2    2    8 0.400000 1.600000
   8   24   26 3.985714 4.014286
   6   20   17 3.357143 2.642857
   1    0    5 0.000000 1.000000
   2    2    9 0.366667 1.633333
   4   10   14 1.719048 2.280952
   3    6   12 1.019048 1.980952
   1    0    7 0.000000 1.000000
   5   14   15 2.519048 2.480952
  17   52   52 8.820238 8.179762
   6   14   21 2.395238 3.604762
   5   10   23 1.535714 3.464286
   2    2   10 0.333333 1.666667
   2    2    8 0.400000 1.600000
   1    0    5 0.000000 1.000000
   1    0    6 0.000000 1.000000
   2    2   11 0.309524 1.690476
   4    6   19 0.976190 3.023810
   1    0    6 0.000000 1.000000
   4   10   13 1.761905 2.238095
   2    2   10 0.333333 1.666667
   1    0    6 0.000000 1.000000
   3    2   16 0.333333 2.666667
   3    2   15 0.333333 2.666667
   4    8   15 1.452381 2.547619
   1    0    6 0.000000 1.000000
   1    0    7 0.000000 1.000000
   5   10   21 1.671429 3.328571
   1    0    7 0.000000 1.000000
   7   18   23 3.119048 3.880952
   8   18   29 3.033333 4.966667
   2    2   10 0.342857 1.657143
   4   10   14 1.771429 2.228571
   4    8   15 1.471429 2.528571
   5   12   17 2.066667 2.933333
   3    2   14 0.400000 2.600000
  12   36   40 5.939286 6.060714
   7   18   25 3.023810 3.976190
   9   18   34 3.057143 5.942857
   6   18   21 2.895238 3.104762
   1    0    7 0.000000 1.000000
   2    2    8 0.400000 1.600000
   5   14   16 2.419048 2.580952
   1    0    5 0.000000 1.000000
   2    0   13 0.000000 2.000000
   4    4   17 0.792857 3.207143
   1    0    5 0.000000 1.000000
  14   50   35 8.313095 5.686905
   1    0    7 0.000000 1.000000
   9   26   29 4.400000 4.600000
   9   24   29 4.147619 4.852381
   2    0   11 0.000000 2.000000
   7   18   25 2.952381 4.047619
  17   54   45 9.153571 7.846429
   5   10   22 1.503571 3.496429
   9   30   26 4.980952 4.019048
   5   10   18 1.833333 3.166667
   9   20   35 3.395238 5.604762
   4    6   20 0.904762 3.095238
   8   20   27 3.438095 4.561905
   6   18   16 3.133333 2.866667
   2    2   10 0.342857 1.657143
   2    2    7 0.450000 1.550000
   1    0    7 0.000000 1.000000
   1    0    6 0.000000 1.000000
  13   42   34 7.138095 5.861905
   9   18   38 2.871429 6.128571
   7   16   27 2.609524 4.390476
   2    2   12 0.285714 1.714286
  15   44   47 7.219048 7.780952
   2    2   10 0.333333 1.666667
   5   10   21 1.604762 3.395238
   1    0    8 0.000000 1.000000
  10   32   28 5.395238 4.604762
   5   10   17 1.875000 3.125000
  12   42   29 7.119048 4.880952
  11   26   39 4.516667 6.483333
   3    4   15 0.642857 2.357143
   2    2   11 0.309524 1.690476
   9   28   25 4.800000 4.200000
   8    8   39 1.433333 6.566667
  11   24   42 4.097619 6.902381
   6   12   25 1.941667 4.058333
   6   10   25 1.700000 4.300000
   3    4   13 0.733333 2.266667
  12   36   37 5.829762 6.170238
   1    0    6 0.000000 1.000000
   5    6   23 1.066667 3.933333
   2    2   11 0.309524 1.690476
  12   30   42 5.195238 6.804762
   7   16   27 2.695238 4.304762
   4    4   21 0.619048 3.380952
   1    0    7 0.000000 1.000000
  15   48   45 8.002381 6.997619
   5   10   21 1.666667 3.333333
  16   44   49 7.633333 8.366667
  11   28   35 4.866667 6.133333
   9   18   33 3.128571 5.871429
   5    4   26 0.666667 4.333333
   7   14   32 2.095238 4.904762
   4    8   16 1.428571 2.571429
   2    0   14 0.000000 2.000000
  22   74   59 12.209524 9.790476
   6   12   25 1.971429 4.028571
   6   12   24 2.071429 3.928571
   6    8   27 1.400000 4.600000
   5    6   26 0.967857 4.032143
  21   62   60 10.661905 10.338095
   7   14   26 2.485714 4.514286
   5    6   26 0.944048 4.055952
  11   24   43 4.028571 6.971429
   6    8   29 1.285714 4.714286
   7   22   19 3.938095 3.061905
   3    2   17 0.309524 2.690476
  19   58   52 10.038095 8.961905
   3    2   16 0.333333 2.666667
   4    6   20 0.916667 3.083333
   4    6   18 1.019048 2.980952
   9   18   34 3.104762 5.895238
  27   90   73 14.914286 12.085714
   2    0   11 0.000000 2.000000
   3    2   17 0.309524 2.690476
   9    8   43 1.442857 7.557143
  10   18   43 2.988095 7.011905
   5    8   22 1.376190 3.623810
   3    4   12 0.766667 2.233333
  27   98   67 16.078571 10.921429
   3    2   16 0.333333 2.666667
   6   12   24 2.042857 3.957143
   3    4   13 0.742857 2.257143
   4    4   20 0.642857 3.357143
  26   96   60 16.176190 9.823810
   1    0    7 0.000000 1.000000
   4    4   21 0.685714 3.314286
   4    4   19 0.652381 3.347619
   4    8   18 1.214286 2.785714
   6   18   18 2.986905 3.013095
   2    2   10 0.333333 1.666667
  30  110   68 18.505952 11.494048
   5   12   16 2.133333 2.866667
   5   10   20 1.685714 3.314286
  11   28   36 4.976190 6.023810
  28   98   74 16.276190 11.723810
   1    0    6 0.000000 1.000000
   2    2   12 0.285714 1.714286
   7   14   27 2.509524 4.490476
   4    8   16 1.328571 2.671429
   3    2   17 0.309524 2.690476
  30  104   80 17.182143 12.817857
   4    6   19 0.952381 3.047619
   3    4   13 0.733333 2.266667
  20   62   57 10.495238 9.504762
  26   82   69 14.009524 11.990476
   1    0    6 0.000000 1.000000
   6   14   18 2.550000 3.450000
   7   20   23 3.266667 3.733333
  10   36   24 6.038095 3.961905
   3    2   16 0.309524 2.690476
  29  114   62 18.704762 10.295238
   4    8   15 1.400000 2.600000
  19   70   46 11.644048 7.355952
  20   62   58 10.285714 9.714286
   2    2   10 0.333333 1.666667
   2    2   11 0.309524 1.690476
   7   14   27 2.483333 4.516667
  10   24   36 4.009524 5.990476
   6   14   19 2.533333 3.466667
  30  128   51 21.580952 8.419048
   5    8   22 1.361905 3.638095
  24   72   76 11.823810 12.176190
  14   40   43 6.652381 7.347619
   2    0   13 0.000000 2.000000
   8   24   23 4.004762 3.995238
   3    2   16 0.366667 2.633333
  17   48   50 8.226190 8.773810
   5   14   16 2.460714 2.539286
  25   96   53 16.274603 8.725397
   2    2   11 0.309524 1.690476
  22   76   62 12.404762 9.595238
  16   62   33 10.400000 5.600000
   2    2   10 0.333333 1.666667
   8   24   24 3.980952 4.019048
   4    4   22 0.642857 3.357143
  11   14   51 2.452381 8.547619
  17   54   45 9.233333 7.766667
   1    0    7 0.000000 1.000000
  30  116   63 19.446429 10.553571
  24  104   41 17.351190 6.648810
   5    6   25 1.025000 3.975000
   4    2   23 0.309524 3.690476
   8   22   25 3.761905 4.238095
  15   40   53 6.500000 8.500000
  22   74   56 12.519048 9.480952
   2    2    9 0.366667 1.633333
  26   94   62 15.742857 10.257143
  17   54   47 9.166667 7.833333
   6   10   27 1.619048 4.380952
   4    8   18 1.257143 2.742857
   4    4   23 0.625000 3.375000
  25   94   54 15.945238 9.054762
  21   60   63 10.214286 10.785714
   1    0    7 0.000000 1.000000
  27   92   70 15.496429 11.503571
  15   50   39 8.490476 6.509524
   3    2   16 0.342857 2.657143
   3    4   13 0.742857 2.257143
   5    8   23 1.295238 3.704762
  30  110   68 18.552381 11.447619
  27   78   81 13.207143 13.792857
  22   74   62 12.190476 9.809524
  10   22   39 3.714286 6.285714
   3    2   16 0.333333 2.666667
   2    2   11 0.309524 1.690476
   2    2   11 0.309524 1.690476
  41  168   76 28.233333 12.766667
  20   46   74 7.757143 12.242857
  30  102   78 17.076190 12.923810
   5    8   22 1.416667 3.583333
   1    0    5 0.000000 1.000000
  50  228   71 38.120238 11.879762
  14   36   49 6.033333 7.966667
  32  110   85 18.423810 13.576190
   3    4   12 0.733333 2.266667
   2    2   10 0.333333 1.666667
  46  216   61 36.222619 9.777381
  22   62   65 10.759524 11.240476
  30  102   82 16.883333 13.116667
   5   10   21 1.595238 3.404762
  47  200   84 33.205952 13.794048
  15   32   57 5.428571 9.571429
  33  108   88 18.259524 14.740476
   6   12   25 1.990476 4.009524
  52  222   86 37.271429 14.728571
  16   40   58 6.525000 9.475000
  26   86   71 14.261905 11.738095
   4    2   22 0.366667 3.633333
  54  252   71 42.261905 11.738095
  26   90   66 15.071429 10.928571
  16   38   59 6.333333 9.666667
   6   12   23 2.085714 3.914286
  61  302   67 50.486905 10.513095
  21   72   54 12.092857 8.907143
  12   34   36 5.814286 6.185714
   6    8   26 1.476190 4.523810
  68  334   78 55.350000 12.650000
  11   12   49 2.233333 8.766667
  15   48   45 7.861905 7.138095
   3    4   14 0.666667 2.333333
  80  432   45 72.276190 7.723810
   2    0   13 0.000000 2.000000
  15   56   36 9.247619 5.752381
   4   10   11 1.900000 2.100000
  79  418   56 69.761905 9.238095
   9   32   23 5.266667 3.733333
   8   14   36 2.302381 5.697619
   5   14   14 2.500000 2.500000
  75  402   54 66.885714 8.114286
  10   26   33 4.376190 5.623810
  10   14   43 2.419048 7.580952
   9   28   28 4.561905 4.438095
  74  374   67 62.471429 11.528571
   7   10   30 1.766667 5.233333
  10   16   47 2.690476 7.309524
   7   12   29 2.100000 4.900000
  69  346   69 57.690476 11.309524
   8   14   33 2.371429 5.628571
  16   40   57 6.616667 9.383333
   2    2    9 0.366667 1.633333
  68  344   64 57.450000 10.550000
  12   30   44 4.904762 7.095238
  18   54   53 9.214286 8.785714
  63  314   62 52.619048 10.380952
   9   22   33 3.735714 5.264286
  28  110   59 18.230952 9.769048
  71  348   73 58.632143 12.367857
   7   10   32 1.638095 5.361905
  22   82   55 13.417857 8.582143
  58  272   84 44.791667 13.208333
  15   40   44 7.140476 7.859524
  27   96   64 16.280952 10.719048
  50  220   85 36.342857 13.657143
  22   76   54 12.842857 9.157143
  28  108   57 18.340476 9.659524
  52  234   80 38.900000 13.100000
  27  100   60 16.932143 10.067857
  21   66   60 10.939286 10.060714
  62  274   93 46.060714 15.939286
  19   60   57 9.980952 9.019048
  19   44   72 7.104762 11.895238
  52  194  121 32.263095 19.736905
  23   70   67 11.814286 11.185714
  25   70   78 11.850000 13.150000
  54  232   91 38.976190 15.023810
  23   90   50 14.980952 8.019048
  23   64   73 10.885714 12.114286
  55  250   78 42.116667 12.883333
  27   98   61 16.721429 10.278571
  18   50   63 8.305952 9.694048
  60  288   74 48.171429 11.828571
  24   90   55 15.085714 8.914286
  16   48   45 8.342857 7.657143
  55  248   83 41.400000 13.600000
  28  100   68 16.777381 11.222619
  17   42   59 7.130159 9.869841
  56  236   99 39.514286 16.485714
  30  104   76 17.488095 12.511905
  14   24   61 4.084524 9.915476
  49  194  102 32.438095 16.561905
  30  112   69 18.757143 11.242857
  21   64   59 10.995238 10.004762
  41  154   88 26.023810 14.976190
  29  120   56 20.159524 8.840476
  30  118   64 19.807143 10.192857
  43  166   90 27.850000 15.150000
  37  142   82 23.860714 13.139286
  20   70   50 11.880952 8.119048
  52  224   87 37.511905 14.488095
  40  158   81 26.544048 13.455952
   8   14   36 2.257143 5.742857
  55  240   88 40.296429 14.703571
  31  114   76 19.013095 11.986905
  14   44   38 7.476190 6.523810
  64  302   82 50.352381 13.647619
  26   92   66 15.411905 10.588095
  10   24   34 4.061905 5.938095
  56  268   73 44.329762 11.670238
  30  126   51 21.328571 8.671429
  14   42   40 7.347619 6.652381
  52  238   75 39.566667 12.433333
  21   82   44 13.744048 7.255952
  27  106   55 17.852381 9.147619
  56  236   96 40.092857 15.907143
  23   92   47 15.395238 7.604762
  21   68   61 11.138095 9.861905
  57  242  101 40.555952 16.444048
  18   60   48 9.998810 8.001190
  25   82   67 13.909524 11.090476
  59  240  109 40.507143 18.492857
  15   52   41 8.528571 6.471429
  26   80   78 13.342857 12.657143
  57  240  105 40.002381 16.997619
  13   32   43 5.586905 7.413095
  30  104   76 17.442857 12.557143
  61  286   79 47.776190 13.223810
   4    4   21 0.616667 3.383333
  35  140   70 23.523810 11.476190
  60  286   72 47.990476 12.009524
   1    0    5 0.000000 1.000000
  39  168   69 28.117857 10.882143
  72  354   77 59.288095 12.711905
   1    0    6 0.000000 1.000000
  27   90   73 15.123810 11.876190
  72  356   74 59.620238 12.379762
  28   96   74 16.095238 11.904762
  70  350   71 58.259524 11.740476
  30  108   71 18.252381 11.747619
  75  374   74 62.919048 12.080952
  25   78   74 12.905952 12.094048
  75  368   84 61.047619 13.952381
  25   64   84 10.695238 14.304762
  69  334   80 55.857143 13.142857
  31  106   80 18.047619 12.952381
  71  356   71 59.333333 11.666667
  29  102   71 16.995238 12.004762
  64  304   77 51.241667 12.758333
  36  142   77 23.400000 12.600000
  58  268   83 44.546429 13.453571
  42  166   83 27.897619 14.102381
  57  266   82 44.098810 12.901190
  43  170   82 28.722222 14.277778
  60  268   89 45.090476 14.909524
  40  154   89 25.834524 14.165476
  65  308   81 51.519048 13.480952
  35  130   81 21.642857 13.357143
  72  352   84 58.176190 13.823810
  28   80   84 13.590476 14.409524
  61  270   99 45.130952 15.869048
  39  132   99 22.517857 16.482143
  63  296   78 49.634524 13.365476
  37  148   78 24.477381 12.522619
  65  310   78 52.221429 12.778571
  35  134   78 22.375000 12.625000
  64  304   79 50.742857 13.257143
  36  138   79 22.938095 13.061905
  55  254   77 42.273810 12.726190
  45  192   77 32.233333 12.766667
  57  268   78 44.635714 12.364286
  43  176   78 29.759524 13.240476
  56  278   58 46.628571 9.371429
  44  206   58 34.461905 9.538095
  49  216   76 36.288095 12.711905
  51  232   76 38.514286 12.485714
  40  172   71 28.476190 11.523810
  60  286   71 48.019048 11.980952
  43  180   77 30.461905 12.538095
  57  266   77 44.423810 12.576190
  43  194   65 32.347619 10.652381
  57  276   65 46.304762 10.695238
  57  260   77 43.785714 13.214286
  43  186   77 30.715476 12.284524
  52  234   79 39.061905 12.938095
  48  208   79 34.835714 13.164286
  54  228   95 38.414286 15.585714
  46  182   95 30.321429 15.678571
  54  236   91 39.215476 14.784524
  46  182   91 30.770238 15.229762
  45  190   84 31.648810 13.351190
  55  242   84 40.790476 14.209524
  48  204   86 34.102381 13.897619
  52  224   86 37.717857 14.282143
  55  238   89 40.038095 14.961905
  45  184   89 30.523810 14.476190
  58  252   91 42.354762 15.645238
  42  166   91 27.329762 14.670238
  63  278   98 46.471429 16.528571
  37  126   98 21.122619 15.877381
  69  336   78 56.189286 12.810714
  31  108   78 18.332143 12.667857
  79  434   43 72.059524 6.940476
  21   80   43 13.723810 7.276190
  73  362   76 60.271429 12.728571
  27   86   76 14.480952 12.519048
  78  390   75 65.460714 12.539286
  22   60   75 9.819048 12.180952
  92  512   37 85.622619 6.377381
   8   14   37 2.214286 5.785714
  88  490   39 81.530952 6.469048
  12   32   39 5.419048 6.580952
  91  514   32 85.883333 5.116667
   9   22   32 3.719048 5.280952
  94  538   26 89.722619 4.277381
   6   10   26 1.685714 4.314286
  95  554   18 92.179762 2.820238
   5   10   18 1.864286 3.135714
  96  562   14 93.697619 2.302381
   4   10   14 1.719048 2.280952
  99  588    6 97.980952 1.019048
   1    0    6 0.000000 1.000000
  97  566   14 94.545238 2.454762
   3    6   14 0.935714 2.064286
  89  512   26 85.133333 3.866667
  11   36   26 6.482143 4.517857
  89  502   33 83.571429 5.428571
  11   32   33 5.428571 5.571429
  97  564   18 93.976190 3.023810
   3    0   18 0.000000 3.000000
 100  600    0 100.000000 0.000000
