   1    0    6 0.000000 1.000000
   2    2   10 0.333333 1.666667
   4   10   14 1.714286 2.285714
   1    0    6 0.000000 1.000000
   2    2   10 0.342857 1.657143
   3    6   12 1.000000 2.000000
   2    2   10 0.333333 1.666667
   1    0    6 0.000000 1.000000
   1    0    6 0.000000 1.000000
   1    0    6 0.000000 1.000000
   1    0    6 0.000000 1.000000
   1    0    6 0.000000 1.000000
   1    0    6 0.000000 1.000000
   1    0    6 0.000000 1.000000
   6   12   23 2.095238 3.904762
   2    2   11 0.309524 1.690476
   3    4   14 0.709524 2.290476
   2    2    9 0.366667 1.633333
   2    2    9 0.366667 1.633333
   1    0    6 0.000000 1.000000
   1    0    6 0.000000 1.000000
   3    6   12 1.000000 2.000000
   1    0    6 0.000000 1.000000
   1    0    6 0.000000 1.000000
   2    2   10 0.333333 1.666667
   1    0    7 0.000000 1.000000
   2    0   13 0.000000 2.000000
   1    0    6 0.000000 1.000000
   3    4   12 0.842857 2.157143
   1    0    7 0.000000 1.000000
   1    0    6 0.000000 1.000000
   1    0    6 0.000000 1.000000
   3    4   14 0.709524 2.290476
   1    0    7 0.000000 1.000000
   2    2    9 0.366667 1.633333
   1    0    7 0.000000 1.000000
   1    0    7 0.000000 1.000000
   2    2   10 0.333333 1.666667
   1    0    6 0.000000 1.000000
   1    0    6 0.000000 1.000000
   1    0    6 0.000000 1.000000
   1    0    6 0.000000 1.000000
   3    4   13 0.700000 2.300000
   1    0    6 0.000000 1.000000
   3    4   15 0.642857 2.357143
   4   10   14 1.666667 2.333333
   2    2   11 0.309524 1.690476
   3    6   11 1.066667 1.933333
   2    2   10 0.342857 1.657143
   2    2   10 0.333333 1.666667
   2    2   11 0.309524 1.690476
   3    6   11 1.150000 1.850000
   3    4   14 0.709524 2.290476
   2    2    9 0.366667 1.633333
   1    0    6 0.000000 1.000000
   3    4   13 0.733333 2.266667
   1    0    6 0.000000 1.000000
   1    0    6 0.000000 1.000000
   1    0    5 0.000000 1.000000
   2    0   12 0.000000 2.000000
   4    6   16 1.100000 2.900000
   2    2   10 0.333333 1.666667
   1    0    6 0.000000 1.000000
   2    2    9 0.366667 1.633333
   2    2   10 0.333333 1.666667
   2    2   10 0.333333 1.666667
   1    0    7 0.000000 1.000000
   1    0    7 0.000000 1.000000
   1    0    7 0.000000 1.000000
   1    0    7 0.000000 1.000000
   5   12   19 1.980952 3.019048
   1    0    7 0.000000 1.000000
   2    2   10 0.333333 1.666667
   1    0    6 0.000000 1.000000
   2    2   10 0.333333 1.666667
   1    0    6 0.000000 1.000000
   5   14   14 2.528571 2.471429
   2    2   11 0.309524 1.690476
   1    0    6 0.000000 1.000000
   2    2    9 0.366667 1.633333
   2    2   11 0.309524 1.690476
   1    0    7 0.000000 1.000000
   3    6   11 1.066667 1.933333
   1    0    7 0.000000 1.000000
   3    6   11 1.085714 1.914286
   3    4   14 0.666667 2.333333
   1    0    6 0.000000 1.000000
   6   14   21 2.423810 3.576190
   5   12   18 2.000000 3.000000
   2    2   11 0.309524 1.690476
   2    2   10 0.342857 1.657143
   4    4   18 0.733333 3.266667
   5   12   19 1.904762 3.095238
   2    2   10 0.333333 1.666667
   3    2   15 0.342857 2.657143
   6   14   24 2.152381 3.847619
   3    4   14 0.666667 2.333333
   2    2   11 0.309524 1.690476
   4    8   14 1.466667 2.533333
   4   10   14 1.719048 2.280952
   1    0    6 0.000000 1.000000
   3    2   15 0.342857 2.657143
   8   24   24 4.052381 3.947619
   1    0    6 0.000000 1.000000
   2    2   10 0.333333 1.666667
   1    0    7 0.000000 1.000000
   2    2   10 0.342857 1.657143
   9   30   24 5.009524 3.990476
   1    0    6 0.000000 1.000000
   1    0    6 0.000000 1.000000
   2    2   10 0.333333 1.666667
   2    2   10 0.333333 1.666667
   1    0    6 0.000000 1.000000
   2    2   10 0.333333 1.666667
   5   14   16 2.380952 2.619048
   1    0    7 0.000000 1.000000
   2    2   11 0.309524 1.690476
   2    2   10 0.333333 1.666667
   8   18   28 3.219048 4.780952
   6   18   19 2.976190 3.023810
   2    2   11 0.309524 1.690476
   1    0    6 0.000000 1.000000
   7   10   33 1.661905 5.338095
   3    4   14 0.666667 2.333333
   1    0    6 0.000000 1.000000
   1    0    6 0.000000 1.000000
  12   42   28 7.195238 4.804762
   3    6   12 1.019048 1.980952
   3    4   13 0.733333 2.266667
   6   14   21 2.485714 3.514286
   3    6   11 1.085714 1.914286
   3    6   12 1.019048 1.980952
   3    2   16 0.333333 2.666667
   7   18   24 3.014286 3.985714
   1    0    7 0.000000 1.000000
   1    0    6 0.000000 1.000000
   2    2    8 0.400000 1.600000
   9   30   23 5.157143 3.842857
   1    0    6 0.000000 1.000000
   1    0    7 0.000000 1.000000
   1    0    6 0.000000 1.000000
   2    2   10 0.333333 1.666667
   6   12   24 2.038095 3.961905
   2    2    9 0.366667 1.633333
   1    0    5 0.000000 1.000000
   8   20   32 3.123810 4.876190
  10   26   34 4.376190 5.623810
   1    0    6 0.000000 1.000000
  11   38   27 6.533333 4.466667
   3    4   14 0.676190 2.323810
   1    0    6 0.000000 1.000000
   3    4   15 0.642857 2.357143
   8   22   27 3.623810 4.376190
   3    4   15 0.642857 2.357143
   3    4   16 0.595238 2.404762
   3    2   16 0.333333 2.666667
   4    6   16 1.100000 2.900000
   4    4   18 0.766667 3.233333
   5    8   22 1.295238 3.704762
   3    2   16 0.333333 2.666667
  14   52   34 8.688095 5.311905
   4    6   15 1.133333 2.866667
   1    0    6 0.000000 1.000000
   1    0    6 0.000000 1.000000
   1    0    8 0.000000 1.000000
   1    0    7 0.000000 1.000000
   3    6   13 0.971429 2.028571
  12   24   52 3.877381 8.122619
   7   16   24 2.857143 4.142857
   5    8   21 1.400000 3.600000
  16   46   50 7.680952 8.319048
   3    4   12 0.766667 2.233333
   2    2   11 0.309524 1.690476
   3    6   10 1.133333 1.866667
   5   10   21 1.683333 3.316667
   3    2   18 0.333333 2.666667
   6   16   20 2.666667 3.333333
   6   12   24 2.071429 3.928571
   8   16   33 2.695238 5.304762
   7   10   30 1.800000 5.200000
  11   30   35 5.138095 5.861905
   2    2   11 0.309524 1.690476
   1    0    5 0.000000 1.000000
   6   18   18 3.114286 2.885714
   8   12   32 2.219048 5.780952
  11   36   28 6.133333 4.866667
   2    0   13 0.000000 2.000000
  18   60   51 9.978571 8.021429
   2    2    9 0.366667 1.633333
   5   12   21 1.845238 3.154762
   4    6   18 1.058333 2.941667
   2    0   14 0.000000 2.000000
   9   32   22 5.504762 3.495238
   8   20   30 3.358333 4.641667
   9   30   23 5.128571 3.871429
   4    4   21 0.642857 3.357143
  12   46   26 7.714286 4.285714
   3    2   16 0.342857 2.657143
   5   14   19 2.228571 2.771429
   6   12   22 2.095238 3.904762
  19   74   36 12.714286 6.285714
   1    0    6 0.000000 1.000000
  14   34   51 5.757143 8.242857
   3    6   10 1.133333 1.866667
   4   10   15 1.647619 2.352381
   1    0    5 0.000000 1.000000
   2    2    8 0.416667 1.583333
  14   50   33 8.514286 5.485714
  11   22   45 3.671429 7.328571
   7   16   25 2.833333 4.166667
   5    6   24 1.066667 3.933333
   4    8   16 1.333333 2.666667
   3    4   13 0.700000 2.300000
   2    0   13 0.000000 2.000000
   4    6   17 1.033333 2.966667
  15   58   31 9.785714 5.214286
   1    0    5 0.000000 1.000000
  21   62   67 10.290476 10.709524
   1    0    7 0.000000 1.000000
  10   34   28 5.628571 4.371429
   1    0    7 0.000000 1.000000
   6    6   31 1.019048 4.980952
   6   10   27 1.595238 4.404762
   3    0   16 0.000000 3.000000
   8   14   33 2.519048 5.480952
  14   44   36 7.686905 6.313095
   2    2   11 0.309524 1.690476
   4    4   20 0.709524 3.290476
   1    0    5 0.000000 1.000000
  22   86   48 14.273810 7.726190
  25   62   91 10.261905 14.738095
   1    0    6 0.000000 1.000000
   7   12   29 2.041667 4.958333
   1    0    6 0.000000 1.000000
   6    8   27 1.442857 4.557143
  11   26   35 4.435714 6.564286
   2    0   12 0.000000 2.000000
  10   20   39 3.433333 6.566667
  28   98   68 16.657143 11.342857
   2    2   12 0.285714 1.714286
   1    0    6 0.000000 1.000000
   1    0    6 0.000000 1.000000
  15   36   55 6.028571 8.971429
  18   56   57 9.170635 8.829365
   2    2    9 0.366667 1.633333
   3    0   20 0.000000 3.000000
   1    0    6 0.000000 1.000000
   1    0    7 0.000000 1.000000
  12   26   48 4.320238 7.679762
   1    0    7 0.000000 1.000000
  13   26   49 4.542857 8.457143
  27   84   78 14.061905 12.938095
   1    0    7 0.000000 1.000000
   1    0    5 0.000000 1.000000
  16   46   49 7.709524 8.290476
  20   64   57 10.695238 9.304762
   6   14   22 2.385714 3.614286
   1    0    5 0.000000 1.000000
   1    0    7 0.000000 1.000000
   3    2   15 0.366667 2.633333
  19   68   46 11.395238 7.604762
  28   98   74 16.416667 11.583333
  15   52   35 8.938095 6.061905
  23   82   54 13.742857 9.257143
  11   34   33 5.595238 5.404762
   1    0    6 0.000000 1.000000
   7    8   37 1.229762 5.770238
  26   96   59 16.238095 9.761905
  28  106   64 17.765476 10.234524
   9   20   32 3.461905 5.538095
  20   62   55 10.638095 9.361905
   9   22   33 3.719048 5.280952
   2    2    9 0.366667 1.633333
   4   10   14 1.695238 2.304762
  22   86   49 14.348810 7.651190
  38  164   62 27.626190 10.373810
   6   10   27 1.719048 4.280952
  22   86   45 14.546429 7.453571
   6   16   20 2.633333 3.366667
   4    8   16 1.376190 2.623810
  30  122   56 20.786905 9.213095
  28   96   74 15.971429 12.028571
   4    0   23 0.000000 4.000000
  26   98   60 16.276190 9.723810
   8   18   29 3.090476 4.909524
   6   14   21 2.452381 3.547619
  33  126   70 21.194048 11.805952
  26   70   89 11.485714 14.514286
   7    8   35 1.304762 5.695238
  16   50   46 8.338095 7.661905
  12   42   29 7.185714 4.814286
  10   26   32 4.500000 5.500000
  26   88   70 14.657143 11.342857
  24   70   72 11.890476 12.109524
  15   36   54 5.953571 9.046429
  13   40   43 6.397619 6.602381
  12   38   31 6.685714 5.314286
   5    8   20 1.433333 3.566667
  37  148   74 24.985714 12.014286
  20   44   78 7.390476 12.609524
  12   30   41 5.195238 6.804762
  17   50   56 8.260714 8.739286
   9   22   29 3.938095 5.061905
   4    4   19 0.733333 3.266667
  50  218   76 36.835714 13.164286
  18   32   79 5.323810 12.676190
   8   20   30 3.360714 4.639286
  12   36   36 6.023810 5.976190
   8   24   26 3.916667 4.083333
   1    0    6 0.000000 1.000000
  48  184  100 31.147619 16.852381
  30  104   76 17.523810 12.476190
   4    8   16 1.328571 2.671429
   6    8   29 1.333333 4.666667
  11   34   35 5.483333 5.516667
  45  178   96 29.469048 15.530952
  25   80   70 13.357143 11.642857
   5    8   22 1.350000 3.650000
   8   10   37 1.719048 6.280952
  17   66   33 11.219048 5.780952
  43  152  107 25.428571 17.571429
  28   84   80 14.175000 13.825000
   5    8   22 1.361905 3.638095
   4    6   20 0.952381 3.047619
  20   56   65 9.200000 10.800000
  51  182  117 30.928571 20.071429
  27   78   88 12.923810 14.076190
   2    0   12 0.000000 2.000000
   2    2   11 0.309524 1.690476
  18   52   58 8.519048 9.480952
  44  152  111 25.471429 18.528571
  41  138  108 23.061905 17.938095
   4   10   14 1.719048 2.280952
  11   18   49 3.023810 7.976190
  44  158  106 26.470238 17.529762
  32  108   88 18.002381 13.997619
   5   12   16 2.133333 2.866667
  19   42   70 7.385714 11.614286
  38  136   90 22.815476 15.184524
  41  156   91 25.928571 15.071429
  10   34   27 5.742857 4.257143
  11   28   38 4.671429 6.328571
  36  114  105 19.035714 16.964286
  34  100  104 16.897619 17.102381
  13   36   40 6.171429 6.828571
  17   44   57 7.613492 9.386508
  41  142  105 23.613095 17.386905
  37  130   89 21.965476 15.034524
   5    6   23 1.033333 3.966667
  17   54   51 8.933333 8.066667
  50  188  109 31.857143 18.142857
  34  116   90 19.442857 14.557143
   3    6   11 1.066667 1.933333
  13   28   52 4.594048 8.405952
  52  206  108 34.333333 17.666667
  41  124  116 21.214286 19.785714
   4    8   17 1.328571 2.671429
   3    2   19 0.285714 2.714286
  60  258   99 43.416667 16.583333
  34  106  102 17.501190 16.498810
   2    2    9 0.366667 1.633333
   4    6   18 0.952381 3.047619
  64  306   78 51.080952 12.919048
  29   96   82 15.708333 13.291667
   4    6   16 1.133333 2.866667
   3    6   10 1.166667 1.833333
  64  290   91 48.490476 15.509524
  28   88   83 14.536905 13.463095
   4    0   23 0.000000 4.000000
   4    8   17 1.309524 2.690476
  55  222  108 37.160714 17.839286
  39  132  100 22.196429 16.803571
   3    2   16 0.366667 2.633333
   3    4   16 0.625000 2.375000
  58  234  109 39.657143 18.342857
  35  106  111 17.604762 17.395238
   2    2    9 0.366667 1.633333
   5   12   17 2.119048 2.880952
  71  352   72 59.186905 11.813095
  20   56   66 9.333333 10.666667
   1    0    7 0.000000 1.000000
   8   28   19 4.809524 3.190476
  72  354   74 59.235714 12.764286
  13   24   59 3.792857 9.207143
  15   56   33 9.533333 5.466667
  77  402   57 67.480952 9.519048
  12   32   38 5.621429 6.378571
  11   26   45 4.142857 6.857143
  75  390   61 64.930952 10.069048
   5    4   26 0.700000 4.300000
  20   68   51 11.523810 8.476190
  73  364   75 60.766667 12.233333
   8   16   31 2.814286 5.185714
  19   60   54 10.259524 8.740476
  83  436   65 72.520238 10.479762
   3    6   11 1.066667 1.933333
  14   24   58 4.119048 9.880952
  85  462   48 77.007143 7.992857
  15   42   48 6.961905 8.038095
  92  522   30 87.095238 4.904762
   8   18   30 3.085714 4.914286
  94  544   19 90.945238 3.054762
   6   18   19 2.957143 3.042857
  95  552   20 91.808333 3.191667
   5    8   20 1.500000 3.500000
  97  568   15 94.533333 2.466667
   3    2   15 0.400000 2.600000
  95  554   18 92.119048 2.880952
   5   10   18 1.761905 3.238095
  99  590    5 98.180952 0.819048
   1    0    5 0.000000 1.000000
 100  600    0 100.000000 0.000000
