29.964286
36.276190
36.247619
35.916667
36.880952
33.294048
37.454762
34.190476
30.514286
34.639286
32.588095
34.750000
37.414286
33.710714
30.490079
31.215476
37.014286
28.355952
32.184524
36.258333
33.277381
34.867857
27.376190
29.042857
26.859524
33.157143
34.119048
27.952381
31.738095
31.670238
33.745238
37.900000
33.476190
30.244048
31.430952
31.544048
30.742857
38.565476
36.604762
34.557143
32.600000
29.616667
35.991667
38.578571
32.459524
29.322619
28.876190
29.551190
34.969048
32.715476
28.885714
34.590476
34.360714
33.733333
33.217857
36.002381
32.130952
30.414286
36.507143
35.342857
37.290476
35.545238
30.896429
32.366667
32.057143
32.319048
36.023810
31.927381
35.960714
29.353571
32.814286
35.633333
29.113095
26.780952
29.101587
35.695238
33.633333
35.203571
31.005952
34.066667
30.491667
35.000000
34.180952
35.539286
32.421429
33.442857
32.925000
32.619048
29.832143
34.075000
36.159524
32.650000
33.957143
29.759524
28.523810
36.790476
31.880952
34.514286
33.621429
34.684524
33.766667
31.922619
34.780952
34.719048
30.594048
30.117857
32.484524
32.585714
36.980159
29.053571
30.576190
31.252381
32.255952
36.680952
29.607143
35.895238
34.321429
34.676190
31.472619
32.452381
31.509524
32.495238
35.873810
38.278175
35.642857
30.739286
31.657143
30.209524
30.816667
33.998810
34.077381
29.055952
28.966667
35.723810
35.066667
33.304762
35.950000
34.347619
29.683333
31.765476
27.405952
31.747619
34.747619
33.776190
37.219048
34.642857
27.773810
33.346429
35.142857
34.057143
30.626190
30.426190
31.052381
31.285714
31.728571
34.516667
33.171429
32.144048
31.755952
32.536905
34.613095
29.461905
33.352381
30.878571
33.847619
29.504762
36.214286
32.137302
30.180952
34.654762
33.027381
32.444048
32.978571
30.266667
28.033333
33.316667
32.438095
31.361905
29.528571
36.326190
30.576190
33.528571
33.677381
33.136905
33.613095
35.214286
34.011905
33.759524
33.496429
36.147619
32.800000
36.076190
31.220238
29.690476
30.900000
34.555952
27.977381
28.796429
28.561905
32.601190
33.423810
36.051190
33.316667
33.576190
30.282143
33.765476
31.026190
30.711905
32.358730
35.005952
34.180952
32.219048
38.539286
33.458333
32.138095
34.109524
28.476190
28.180952
31.801190
32.084524
37.440476
31.933333
33.407143
30.340476
31.425000
32.602381
32.842857
30.304762
31.729762
30.114286
30.888095
34.389286
35.302381
28.540476
28.764286
33.892857
32.314286
38.319048
33.995238
30.491667
36.442857
35.082143
29.821429
31.228571
32.330952
35.552381
31.228571
33.832143
32.526190
35.247619
32.428571
35.414286
32.622619
29.909524
28.826190
28.823810
36.877381
31.478571
34.563095
30.942857
34.344048
33.095238
32.228571
31.566667
29.967857
34.571429
34.676190
34.820238
26.434524
37.023810
36.633333
36.978571
29.209524
37.157143
34.045238
29.840476
30.627381
27.919048
32.619048
28.945238
33.396429
34.819048
28.564286
32.284127
34.060714
30.439286
34.000000
32.553571
32.900000
34.672619
33.672619
28.436905
28.833333
28.650000
36.726190
35.248810
36.671429
38.566667
33.629762
33.388095
27.790476
32.084524
34.247619
33.514286
36.934524
34.182143
31.685714
35.678571
25.676190
30.271429
33.990476
35.704762
34.247619
32.997619
31.796429
33.038095
32.307143
31.433333
32.233333
31.838095
28.950000
32.755952
27.653571
35.114286
30.776190
29.019048
34.073810
31.901190
31.702381
32.995238
32.876190
32.388095
30.717857
36.602381
37.063095
30.180952
35.266667
31.104762
34.152381
35.730952
33.964286
30.833730
35.480952
27.963095
35.361905
33.045238
31.501190
33.267857
30.771429
31.797619
34.238095
35.057143
33.055556
29.821429
36.233333
29.285714
30.886905
33.842857
32.600000
35.071429
31.834524
29.116667
27.985714
34.133333
34.252381
30.842857
32.528571
33.988095
30.476190
29.500000
30.229365
33.947619
32.928571
32.061905
33.203571
32.698810
36.692857
38.261905
28.845238
32.226190
35.847619
36.745238
33.561905
35.861905
32.852381
31.004762
35.904762
30.430952
30.929762
28.902381
34.688095
33.598810
36.823810
32.821429
36.871429
34.961905
34.617857
31.000000
33.159524
32.109524
33.877381
30.961905
34.180952
33.704762
32.664286
35.308333
34.833333
34.123810
34.229762
34.158333
34.415476
38.609524
27.211905
30.822619
32.485714
37.395238
31.023810
35.577381
32.611905
31.764286
36.833333
34.385714
31.683333
31.445238
32.057143
28.871429
33.447619
32.846429
34.161905
31.102381
37.676190
30.123810
31.147619
32.157143
33.961905
34.878571
35.621429
31.395238
33.885714
32.976190
33.142857
34.026190
35.376190
30.885714
27.950000
30.157143
29.660714
34.460714
35.771429
31.699206
34.042857
31.719048
33.794048
32.710714
32.450000
29.355952
34.328571
34.491667
33.961905
34.396429
28.659524
32.728571
30.040476
32.813095
34.742857
34.411905
34.144048
37.294048
32.459524
36.325000
32.883333
32.420238
32.100000
34.085714
33.208333
35.961905
33.223810
27.586905
35.453571
35.257143
31.261905
33.400000
36.480952
34.177381
30.590476
37.328571
33.328571
35.863095
35.919048
31.804762
28.983333
30.459524
32.235714
33.964683
34.541667
29.496429
36.135714
30.066667
34.270238
28.438095
31.773810
33.157143
32.792857
31.764286
36.895238
34.208333
31.133333
36.553571
33.954762
35.138095
33.285714
36.354762
32.188095
37.364286
35.252381
33.820238
32.967857
34.076190
35.453571
32.853571
30.008333
30.142857
35.730952
36.077381
35.844048
30.632143
30.095238
37.021429
34.461905
34.508333
34.052381
33.271429
32.685714
32.376190
33.671429
35.657143
27.672619
31.822619
39.402381
33.263095
32.697619
29.833333
31.766667
33.228571
31.244048
31.809524
34.714286
32.642857
34.345238
33.100000
32.347619
33.217857
31.951190
35.780952
34.914286
33.902381
33.209524
36.980952
35.409524
32.208333
39.430952
28.271429
32.000000
33.238095
31.504762
36.928571
35.179762
30.485714
37.895238
33.242857
34.207143
32.535714
33.791667
32.390476
34.311905
33.152381
32.408333
32.226190
34.802381
33.791667
33.985714
34.880952
34.098810
33.861905
33.557143
34.682143
33.201190
30.667857
33.447619
34.903571
35.890476
29.126190
32.694048
32.533333
32.357143
31.488095
31.440476
30.725000
31.669048
28.507143
30.513095
32.709524
34.739286
34.620238
36.836905
35.838095
31.904762
33.721429
31.791667
37.257143
32.040476
34.944048
32.725000
32.988095
32.995238
33.609524
30.844048
34.423810
30.805952
32.769048
30.980952
33.861905
30.986905
32.109524
30.280952
33.589286
30.025000
30.409524
29.888095
32.311905
32.088095
33.085714
31.166667
31.377381
31.777381
29.296429
30.213095
34.233333
33.000000
34.423810
33.847619
34.942857
34.971429
34.808333
30.980952
31.276190
31.009524
34.657143
35.483333
36.357937
29.665476
33.766667
29.376190
33.835714
32.639286
36.214286
33.961905
34.226190
31.816667
32.952381
33.420238
34.655952
37.834524
34.342857
33.885714
31.527381
30.219048
31.461905
33.833333
30.017857
30.900000
31.744048
32.342857
33.251984
32.492857
28.448413
26.242063
32.480952
32.352381
36.414286
29.163095
32.769048
33.076190
32.142857
26.980952
33.048810
33.709524
35.534524
33.272619
35.282143
33.196429
32.228571
32.734524
33.710714
33.211905
40.057143
29.757143
34.257143
32.585714
31.114286
31.319048
35.057143
31.890476
30.785714
32.984524
34.673810
35.066667
34.096429
33.410714
32.367857
32.020238
32.404762
31.557143
36.233333
31.972619
35.100000
28.396429
33.416667
35.297619
29.795238
30.241667
38.515476
29.594048
32.795238
34.609524
31.808333
31.023810
29.004762
27.884524
33.164286
32.370238
32.077381
33.141667
36.127381
34.430952
33.271429
36.333333
32.561905
33.648810
33.015476
32.052381
34.361905
30.423810
29.479762
34.580952
27.914286
37.247619
30.547619
32.727381
37.152381
32.600000
29.009524
32.878571
32.854762
27.728571
31.919048
30.941667
32.626984
33.740476
33.485714
31.685714
32.305952
30.860714
29.888095
35.632143
29.633333
30.785714
33.382143
35.284524
34.109524
34.891667
31.966667
32.298810
29.602381
38.072619
32.759524
29.578571
30.547619
34.607143
35.761905
31.033333
30.871429
35.919048
35.261905
32.980952
34.208333
33.576190
34.809524
29.797619
31.221429
29.964286
31.597619
33.429762
35.378571
33.985714
31.057143
33.878571
37.503571
31.341667
32.238095
33.401190
35.700000
28.273810
36.344048
33.772619
32.022619
31.184524
30.790476
30.828571
31.828571
31.198810
35.315476
31.438095
32.644048
30.813095
34.796429
35.430952
32.728571
34.570238
36.717857
33.398810
34.930952
32.702381
31.561905
34.090476
33.090476
30.433333
31.641667
30.919048
30.690476
29.723810
31.760714
30.059524
30.354762
31.751984
30.765476
36.870238
32.365476
32.342857
31.778571
35.636905
33.329762
32.655952
36.333333
34.204762
39.139286
38.119048
32.866667
33.611905
33.778571
31.705952
30.875000
32.498810
37.501190
35.495238
34.288095
39.316667
34.148810
33.042857
31.478571
35.114286
36.245238
33.848810
33.780952
37.386905
32.895238
29.727381
28.578571
30.554762
34.833333
31.742857
32.020238
32.435714
32.923810
31.363095
34.642857
36.494048
35.233333
32.217857
32.321429
34.202381
31.238095
32.242857
32.380952
31.314286
35.261905
33.380952
32.535714
33.047619
31.445238
27.965476
35.961905
34.242857
31.836905
29.604762
33.413095
32.000000
32.442857
25.380952
31.434524
34.572619
35.295238
27.916667
34.719048
31.933333
36.365476
29.064286
29.207143
31.047619
32.404762
28.548810
27.328571
31.161905
31.098810
30.277381
36.345238
35.785714
30.727381
33.755952
30.219048
31.507143
36.126190
35.200000
30.407143
32.700000
35.564286
34.122619
30.683333
36.890476
33.595238
32.480952
38.738095
34.519048
34.485714
31.719048
38.400000
32.183333
28.384524
31.838095
29.667857
31.977381
29.500000
32.795238
34.519048
31.790476
29.902381
31.767460
32.578571
36.714286
33.928571
28.423810
33.659524
31.804762
33.857143
33.564286
33.500000
33.922619
32.280952
35.313095
33.101190
32.508333
30.988095
32.014286
38.309524
31.971429
31.316667
30.497619
32.604762
30.298810
31.770238
32.914286
30.245238
29.590476
35.200000
33.735714
34.751190
35.859524
32.014286
34.792857
30.033333
34.653571
36.828571
31.451190
28.902381
33.092857
34.547619
34.598810
31.840476
31.077381
29.645238
32.576190
32.895238
32.509524
34.146429
28.322619
35.691667
33.900000
32.676190
30.819048
32.759524
36.671429
35.807143
30.033333
33.794048
31.638095
34.102381
31.871429
33.909524
37.139286
34.277381
34.835714
30.859524
32.310714
32.354762
33.879762
33.414286
37.490476
30.102381
34.258333
31.278571
35.159524
34.264286
32.615476
32.523810
28.398810
32.932143
31.042857
35.345238
36.401190
34.680952
32.666667
30.452381
32.319048
31.504762
35.166667
31.251190
31.371429
33.985714
