36.194048
36.383333
37.260714
36.311905
30.238095
36.728571
33.600000
38.068651
35.486905
37.504762
36.140476
34.246032
35.757143
35.553571
36.139286
35.252381
36.709524
34.035714
34.855952
36.852381
36.190476
37.185714
37.901190
38.871429
36.725000
35.479762
36.454762
36.157143
32.567857
35.607143
35.847619
38.670238
32.834524
37.539286
36.196429
34.614286
34.189286
34.873810
30.103571
34.744048
32.942857
38.742857
36.423810
39.119048
33.354762
35.282143
31.044048
37.372619
36.443651
35.238095
38.495238
37.578571
31.890476
36.070238
33.663095
30.860714
33.147619
37.438095
37.079762
36.909524
34.129762
37.990476
32.161905
32.027381
34.245238
33.438095
38.863095
35.942857
34.821429
31.727381
32.514286
39.828571
34.183333
30.197619
36.360714
35.940476
35.757143
38.123810
34.267857
38.204762
35.498810
34.464286
39.127381
34.252381
31.726190
37.490476
32.170238
39.852381
32.560714
32.003571
32.273810
35.828571
36.471429
36.404762
33.559524
34.720238
34.988095
31.621429
35.658333
30.290476
30.908333
32.051190
33.971429
36.039286
35.634524
34.114286
33.529762
34.602381
35.542857
34.438095
35.205952
34.032143
33.832143
35.390476
33.664286
33.894048
34.810714
35.280952
36.636905
34.359524
36.578571
32.750000
37.227381
32.616667
34.404762
36.411905
36.720238
31.533333
35.367857
34.166667
31.821429
34.898810
36.983333
31.057143
34.294048
31.064286
36.852381
31.979762
34.794048
36.119048
38.230952
38.021429
31.308333
29.723810
32.184524
36.661905
33.017857
35.323810
36.202381
35.941667
37.840476
32.180952
31.223810
37.890476
32.807143
32.371429
36.391667
33.957143
29.800000
34.314286
33.685714
34.761905
33.870238
30.252381
34.726190
34.390476
35.961905
38.742857
39.017857
34.902381
39.858333
35.892857
31.066667
31.635714
37.973810
34.191667
34.283333
36.336905
37.025000
38.559524
37.701190
34.525000
32.021429
29.638095
33.157143
34.723810
34.764286
35.180952
32.533333
36.242857
34.726190
32.023810
32.851190
32.370238
33.286905
35.138095
35.484524
36.592857
35.053571
31.169048
31.078571
32.448810
36.721429
35.297619
35.047619
31.523810
34.347619
34.414286
31.471429
39.177381
36.139286
39.460714
35.520238
35.357143
33.909524
36.244048
37.942857
34.472619
31.190476
37.550000
37.030952
33.096429
32.901190
28.222619
34.771429
32.532143
32.900000
32.501190
30.869048
31.890476
36.742857
31.747619
31.936905
35.176984
37.327381
37.010714
36.053571
35.840476
34.821429
39.146429
38.650000
35.369048
35.928571
40.069048
39.045238
35.435714
31.741667
36.587698
32.048810
31.034524
36.753571
35.600000
30.661905
33.163095
35.028571
33.132143
34.982143
32.359524
35.670238
34.870238
33.075000
35.046429
33.116667
35.228571
32.655952
32.182143
33.677381
32.850000
36.285714
37.321429
32.490476
33.830952
36.361905
32.584524
36.640476
34.497619
35.365476
37.957143
38.244048
35.907143
36.090476
34.700000
32.000000
36.847619
33.000000
34.704762
36.348810
32.734524
35.313095
37.275000
35.715476
32.063095
36.830952
33.277381
33.280952
36.494048
36.835714
37.763095
33.160714
31.857143
34.421429
31.952381
34.911905
37.842857
33.690476
32.710714
33.188095
33.898810
33.380952
39.252381
31.260714
38.776190
33.265476
33.071429
40.197619
40.085714
36.957143
35.867857
36.577381
34.050000
35.883333
32.503571
33.005952
36.395238
34.376190
28.940476
37.877381
38.511905
36.179762
36.157143
37.109524
31.669048
35.313095
31.314286
29.038095
29.146429
37.791667
36.330952
36.295238
36.867857
37.526190
34.811905
38.488095
30.428571
36.528571
31.721429
35.161905
34.435714
32.928571
35.555952
30.930952
35.530952
31.327381
37.761905
38.347619
33.778571
32.957143
37.107143
37.576190
36.630952
35.233333
34.980952
37.102381
31.590476
30.854762
34.997619
34.180952
33.979762
32.682143
33.709524
35.901190
29.728571
36.934524
33.351190
31.929762
33.304762
35.920238
35.471429
32.009524
33.503571
31.548810
35.764286
37.775000
32.275000
31.344048
35.077381
32.024206
35.600000
33.259524
34.714286
40.071429
37.423810
35.907143
35.896429
33.926190
32.714286
36.684524
32.509524
31.942857
38.086905
36.676190
40.540476
31.847619
32.039286
38.102381
34.802381
36.019048
38.914286
38.352381
37.716667
35.491667
37.147619
37.326190
36.777381
36.176190
36.133333
35.698810
34.177381
37.732143
35.309524
35.614286
37.663095
34.330952
36.864286
37.240476
32.504762
33.376190
31.516667
31.376190
39.601190
33.252381
33.930952
34.355952
37.725000
33.609524
30.071429
30.258333
33.747619
33.497619
37.152381
32.223810
39.361905
30.744048
33.638095
34.992857
38.300000
36.152381
31.011905
35.414286
36.519048
32.933333
35.278571
35.502381
34.823810
34.752381
34.632143
38.327381
35.384524
34.426190
32.741667
33.590476
38.180952
36.301190
32.667857
35.928571
36.244048
30.664286
34.392857
34.936905
32.423810
35.035714
31.400000
35.944048
36.983333
32.407143
39.504762
34.096429
37.783333
35.155952
32.878571
37.066667
39.076190
33.866667
35.789286
30.561905
37.276190
36.804762
33.400000
34.414286
36.576190
36.958333
32.466667
36.488095
31.864286
31.335714
36.770238
38.386905
32.177381
36.184524
35.904762
32.933333
34.121429
35.861905
32.308333
30.695238
34.232143
34.005952
35.428571
35.382143
32.025000
35.571429
32.226190
34.588095
33.559524
36.397619
33.094048
33.010714
36.358333
35.223810
31.160714
35.370238
31.526190
35.421429
33.071429
31.925000
31.272619
36.255952
35.595238
33.725000
31.304762
33.176190
32.209524
32.238095
34.480952
31.747222
31.411905
34.255952
34.952381
36.428571
36.733333
37.671429
35.132143
37.585714
32.120238
34.042857
32.055952
33.826190
30.452381
33.925000
29.296825
34.614286
38.672619
33.339286
35.714286
33.758333
32.182143
36.086905
35.572619
35.170238
37.984524
36.123810
34.690476
31.638095
34.971429
36.835714
31.889286
32.529762
33.022619
35.414286
35.645238
34.865476
36.572619
36.723810
31.434524
34.234524
34.407143
36.235714
31.778571
35.611905
35.214286
35.438095
34.700000
34.638095
37.409524
32.980952
32.434524
33.957143
33.232143
35.420238
35.227381
34.220238
37.305952
35.610714
35.166667
35.039286
33.790476
32.623810
33.679762
32.323810
39.455952
33.696429
34.714286
31.028571
30.177381
29.779762
31.323810
31.753571
31.676190
34.233333
32.234524
35.723810
38.120238
32.476190
32.350000
34.276190
36.342857
36.188095
32.366667
35.719048
35.285714
38.328571
36.917857
29.477381
34.800000
31.063095
33.004762
34.647619
29.417857
36.884524
32.014286
32.128571
33.698810
34.398810
34.309524
36.766667
31.983333
37.850000
40.323810
34.869048
33.701190
35.430952
34.453571
33.910714
37.019048
32.351190
36.659524
36.552381
37.209524
37.314286
29.646429
30.611905
37.179762
31.633333
34.128571
31.025000
39.092857
31.903571
35.082143
33.723810
31.204762
29.361905
35.852381
34.726190
38.221429
39.209524
32.633333
37.433333
31.777381
34.241667
34.276190
36.038095
37.228571
37.623810
32.971429
36.544048
35.173810
36.984524
39.538095
36.095238
34.261508
34.466667
34.573810
38.220238
36.903571
38.419048
30.688095
36.285714
31.507143
31.836905
39.376190
31.716667
31.442857
31.253571
29.708333
33.053571
32.569048
33.509524
38.027381
37.438095
34.914286
33.238095
35.128571
35.328571
30.966667
31.119048
36.792857
34.571429
35.278571
32.657143
36.116270
36.822619
36.300000
34.484524
35.880952
37.038095
34.108333
36.076190
33.390476
34.352381
36.800000
33.383333
32.909524
31.819048
35.958333
35.825000
36.205952
36.375000
38.234524
34.078571
33.857143
35.847619
33.460714
34.894048
36.423810
31.483333
35.998810
31.383333
36.074603
34.985714
36.119048
33.078571
39.013095
33.152381
39.036905
36.802381
32.514286
37.184524
32.333333
36.230952
33.400000
37.003571
33.258333
36.132143
39.927381
35.314286
37.371429
34.228571
35.359524
37.136905
37.121429
37.153571
37.957143
33.366667
37.938095
33.014286
34.932143
33.108333
34.454762
31.589286
36.461905
32.710714
38.577381
35.783333
35.609524
37.276190
34.417857
32.113095
31.771429
36.130952
34.995238
37.565476
35.657143
37.128571
37.116667
35.569048
34.814286
37.272619
32.666667
32.786905
41.609524
33.709524
34.995238
36.133333
33.213095
39.772619
35.119048
36.700000
37.892857
36.701190
35.235714
33.632143
35.052381
35.060714
38.376190
34.897619
36.226190
34.432143
36.435714
35.304762
35.280952
32.280952
34.144048
38.182143
35.263095
34.314286
30.495238
34.857143
32.853571
36.683333
34.711905
35.453571
32.447619
35.233333
34.163095
32.641667
32.573810
33.663095
33.965476
35.761905
35.961905
39.779762
35.123810
35.164286
33.094048
33.257143
34.286905
33.238095
29.841667
30.033333
32.946429
34.798810
39.785714
39.619048
36.295238
36.319048
32.652381
33.169048
32.238095
33.490476
34.073810
31.752381
33.784524
36.675397
36.495238
36.528571
38.176190
35.857143
35.596429
33.057143
35.604762
34.877381
33.632143
32.978571
35.771429
31.426190
32.519048
30.091667
34.616667
37.510714
33.964286
31.681746
40.728571
35.619048
37.757143
29.903571
29.100000
32.576190
32.785714
37.295238
33.138095
33.147619
34.829762
31.167857
32.353571
38.561905
34.771429
33.723810
39.128571
34.095238
35.238095
33.407143
34.055556
33.480952
32.959524
34.276190
34.465476
34.848810
34.438095
33.177381
35.695238
38.086905
37.571429
37.245238
34.276190
30.722619
36.927381
37.319048
33.863095
32.340476
36.233333
33.835714
33.133333
36.829762
36.385714
34.557143
35.011905
30.971429
33.223810
31.560714
34.603571
38.320238
36.902381
36.442857
36.703571
32.947619
36.607143
34.003571
37.319048
33.590476
32.345238
37.936905
39.642857
32.327381
31.369048
34.635714
32.235714
30.555952
32.689286
38.765476
37.161905
37.897619
36.845238
37.942857
36.485714
35.823810
33.019048
37.823810
36.623810
32.401190
32.738095
35.509524
35.698810
34.754762
35.141667
34.838095
32.595238
33.121429
31.134524
36.571429
33.800000
35.695238
35.913095
35.490476
33.994048
34.435714
34.063095
37.761905
30.195238
33.334524
32.622619
32.001190
33.555952
35.347619
32.528571
38.719048
38.016667
30.374603
34.632143
39.371429
33.819841
40.853571
37.728571
33.964286
32.521429
33.030952
36.885714
40.338095
