70.300000
63.571429
68.136905
69.436905
64.414286
65.678571
67.745238
71.678571
67.776190
68.340476
66.058333
66.830952
68.016667
68.146429
64.771429
67.260714
69.892857
69.488095
67.276190
71.176190
67.338095
66.186905
70.051190
68.200000
71.095238
71.242857
68.028571
66.659524
70.038095
70.791667
64.311905
66.414286
67.192857
68.095238
68.025397
71.513095
69.438095
70.433333
69.308333
67.495238
67.536905
68.857143
69.804762
70.463492
65.169048
68.104762
66.752381
70.636905
66.390476
67.452381
68.114286
66.465476
66.898810
66.092857
69.089286
66.583333
69.440476
67.125000
65.965476
69.511905
66.767857
65.363095
69.413095
65.185714
69.008333
72.538095
64.564286
66.513095
67.909524
67.047619
67.159524
65.045238
69.861905
72.616667
68.788095
62.932143
68.166667
69.153571
71.157143
67.389683
70.103571
68.836905
69.370238
68.278571
70.547619
68.283333
65.886905
68.738095
70.734524
67.618254
69.528571
71.586905
68.192857
69.909524
69.689286
66.204762
70.425000
67.525000
67.690476
69.803571
66.528571
66.600000
66.914286
66.441667
66.947619
70.365873
70.020238
69.427381
70.188095
69.319048
69.021429
68.984524
68.226190
65.147619
65.204762
68.197619
70.997619
65.827381
71.441667
67.703571
69.738095
72.629762
69.052381
67.478571
66.490476
72.365476
68.700000
67.750000
68.421429
71.695238
71.090476
68.667857
68.246429
69.936905
66.326190
67.245238
65.385714
70.960714
68.384524
66.247619
70.457143
70.639286
70.795238
69.209524
68.467857
69.480952
64.361905
69.754762
71.880952
70.152381
72.764286
69.972619
66.251190
66.841667
72.528571
70.185714
66.580952
65.838095
68.361905
67.282143
70.233333
68.679762
72.059524
68.580952
70.833333
69.483333
69.496429
67.638095
70.642857
67.823810
70.838095
67.217857
69.609524
66.614286
70.619048
67.413095
68.120238
68.030952
68.579762
68.990476
66.308333
68.764286
65.986905
66.890476
67.080952
68.642857
67.191667
68.192857
70.534524
65.652381
68.017857
66.854762
67.467857
67.636905
68.279762
67.833333
66.780952
70.669048
67.876190
69.205952
68.478571
66.710714
65.745238
64.919048
67.822619
69.166667
69.603571
69.214286
66.289286
66.714286
67.982143
66.840476
70.385714
68.071429
68.427381
65.596429
66.694048
69.830952
65.933333
70.876190
70.971429
68.139286
67.923810
66.942857
66.773810
69.403571
69.118254
68.354762
67.300000
67.504762
69.861905
68.215476
68.422619
67.195238
66.998810
67.875000
67.702381
67.607143
66.484524
67.083333
69.164286
67.429762
68.828571
68.623810
68.359524
68.194048
64.395238
71.391667
66.444841
70.321429
68.666667
68.198810
66.171429
64.403571
70.042857
65.533333
67.592857
70.452381
69.697619
70.897619
70.438095
68.388095
65.895238
65.302381
68.689286
68.755952
67.523810
71.876190
67.771429
67.383333
67.576190
67.689286
70.410714
71.175000
68.384524
67.458333
69.561905
68.150000
70.061905
68.236905
67.038095
68.740476
68.904762
70.310714
65.667857
68.684524
66.727381
66.438095
66.679762
68.776190
67.514286
65.446429
64.890476
69.701190
67.076190
69.176190
70.059524
68.609524
69.711905
65.542857
70.427381
66.404762
69.994048
66.127381
70.538095
68.200000
68.161905
69.240476
72.114286
68.942857
70.038095
69.523810
71.425000
68.580952
68.019048
69.636905
69.761905
68.595238
69.623810
65.122619
68.838095
67.933333
68.711905
70.698810
68.461905
66.880952
68.757143
68.976190
68.192857
68.136905
68.152381
68.147619
70.663492
68.864286
68.788095
69.951190
69.127381
67.342857
67.209524
68.580952
66.836905
69.285714
66.961905
64.589286
68.336905
70.170238
65.692857
68.108333
66.436905
68.480952
66.666667
69.885714
69.280952
71.185714
70.282143
66.892857
66.116667
69.682143
70.561905
68.519048
69.721429
66.833333
70.554762
67.419048
64.576190
69.045238
67.633333
65.091270
67.084524
68.775000
66.727381
68.071429
67.061905
71.267857
69.039286
69.366667
70.691667
70.395238
72.114286
66.767857
69.010714
71.439286
67.820238
67.098810
72.511905
71.755952
66.794048
72.195238
64.945238
66.367857
67.925000
64.904762
70.219048
67.500000
67.067857
69.141667
68.386905
69.775000
69.295238
67.435714
67.384524
67.535714
68.085714
69.248810
67.520238
69.653571
67.303571
70.252381
63.176190
67.425000
70.247619
67.398810
66.729762
63.679762
64.569048
70.614286
68.147619
64.553571
70.528571
68.567857
71.702381
66.583333
69.909524
67.544048
69.619048
70.971429
67.815476
68.438095
69.176190
66.483333
67.142857
65.897619
68.319048
67.194048
67.722619
69.890476
69.163095
71.640476
69.085714
69.142857
69.116667
65.028571
70.850000
66.592857
67.879762
69.742857
65.501587
68.832143
67.966667
64.590476
66.752381
66.685714
66.973810
68.504762
65.640476
69.027381
65.589286
65.482143
68.454762
71.426190
70.911905
67.927381
69.204762
70.558333
72.966667
70.098810
68.752381
68.709524
69.808333
71.664286
69.561905
69.552381
68.670238
64.784524
65.227381
66.600000
68.942857
69.782143
69.164286
68.058333
66.490476
69.488095
68.014286
69.726190
67.891667
70.890476
64.473810
66.814286
67.702381
66.017857
67.420238
67.309524
70.815476
66.636905
69.073810
69.516667
65.522619
71.195238
69.050000
68.428571
73.166667
69.276190
70.604762
68.215476
68.686905
67.005952
69.254762
63.691667
68.075000
68.412698
66.938095
69.809524
70.209524
69.703571
68.526190
67.822619
66.516667
70.604762
70.433333
69.930952
67.379762
69.879762
69.371429
71.550000
68.419048
66.252381
68.730952
70.242857
69.385714
65.089286
70.026190
65.752381
68.371429
69.820238
68.813095
70.159524
68.147619
71.428571
69.417857
69.386905
70.096429
68.273810
66.479762
69.564286
68.273810
69.009524
65.969048
67.557143
65.297619
69.140476
68.069048
67.510714
69.015476
69.719048
66.776190
70.003571
68.850000
69.696429
68.895238
68.350000
63.566667
71.234524
67.402381
68.432143
69.365476
70.771429
68.547619
66.441667
65.972619
66.427381
66.065476
67.771032
69.642857
65.552381
70.451190
70.192857
68.726190
67.158333
68.702381
70.310714
66.328571
70.860714
68.369048
70.797619
70.071429
67.866667
67.700000
68.963095
68.228571
69.628571
72.673810
71.273810
67.778571
72.575000
71.527381
66.584127
69.047619
68.808333
68.790476
70.323810
69.270238
69.552381
67.478571
70.017857
68.447619
70.389286
68.583333
68.128571
65.079365
66.352381
70.248810
69.319048
69.766667
67.295238
68.180952
67.351190
67.467857
68.266667
69.366667
68.611905
68.530952
72.223810
68.578571
66.567460
65.371429
67.657143
68.295238
66.109524
66.528571
68.859524
65.326190
68.255952
68.205952
69.050000
69.038095
69.939286
66.184524
70.577381
69.589286
65.800000
67.130952
71.047619
66.548810
70.871429
70.776190
65.680952
65.725000
66.529762
70.564286
65.904762
67.885714
69.280952
64.680952
72.471429
67.054762
70.400000
67.459524
69.805952
66.876190
69.538095
67.533333
67.397619
68.360714
66.660714
