68.272619
69.609524
71.065476
68.970238
71.188095
71.720238
67.158333
71.123810
73.673810
70.227381
72.500000
67.070238
71.109524
73.082143
70.628571
70.108333
70.579762
71.695238
73.842857
72.170238
72.842857
70.477381
68.955952
71.319048
69.197619
68.828571
72.047619
73.150000
71.605952
72.247619
69.680952
70.217857
73.595238
69.390476
68.833333
69.364286
69.561905
70.539286
71.521429
71.404762
70.283333
71.458333
73.778571
70.710714
71.171429
71.780952
69.792857
72.866667
70.572619
69.528571
71.770238
72.140476
72.938095
71.295238
68.473810
69.469048
71.298810
68.404762
68.601190
68.733333
68.214286
70.175000
70.538095
73.723810
69.782143
74.289286
71.860714
69.832143
70.680952
70.438095
72.963095
73.995238
69.442857
72.619048
70.079762
70.459524
71.090476
69.494048
68.127381
69.266667
69.139286
69.959524
73.123810
70.366667
68.720238
73.813095
71.492857
69.305952
70.573810
73.933333
69.921429
69.091667
69.961905
70.533333
75.738095
71.809524
72.364286
70.729365
70.223810
70.432143
70.610714
68.515476
68.047619
73.432143
71.579762
69.802381
70.814286
72.914286
68.008333
67.473810
73.536905
73.514286
69.345238
69.708333
70.857143
71.192460
72.542857
70.748810
74.240476
69.438095
71.685714
69.304762
67.861905
70.704762
71.020238
70.991667
70.440476
68.495238
69.626984
71.144841
71.400000
68.907143
68.647619
70.897619
70.008730
72.008333
68.813095
69.688095
72.121429
73.001190
71.202381
71.225000
71.086905
71.527381
68.955952
68.621429
70.402381
74.717857
72.440476
71.204762
68.132143
70.958333
73.280952
69.046429
73.522619
68.858333
75.105952
71.566667
71.995238
71.913095
69.492857
70.059524
68.790476
72.192857
69.551190
71.878571
71.852381
67.842857
74.342857
70.395238
72.565476
70.933333
69.092857
71.290476
71.098810
70.392857
70.013095
71.857143
70.222619
69.961905
71.052381
69.554762
68.454762
71.559524
70.891667
70.166667
70.970238
70.783333
72.080952
71.797619
71.265476
68.973810
71.642857
71.555952
69.764286
75.188095
72.104762
71.280952
71.671429
66.942857
69.852381
74.736905
69.396429
71.004762
75.330952
71.838095
69.128571
68.527381
70.589286
69.751190
71.888095
71.152381
72.010714
70.957143
70.723810
70.177381
74.720238
70.615476
70.408333
68.641667
70.072619
69.742857
69.098810
71.948810
70.203571
69.329762
70.944048
69.295238
68.733333
72.566667
70.569048
67.405952
70.259524
71.132143
70.404762
70.963095
70.738095
72.795238
73.879762
72.694048
71.310714
71.355952
71.280952
72.801190
71.811905
70.623810
69.828571
73.923810
73.438095
70.146429
72.177381
69.755952
72.785714
69.595238
68.089286
69.370238
71.273810
72.933730
70.469048
71.566667
73.309524
71.217857
69.980952
69.385714
72.705952
70.470238
68.660714
71.694048
70.102381
72.325000
68.978571
73.200000
70.892857
70.569048
71.485714
70.308333
72.605952
72.627381
72.741667
66.927381
69.680952
71.638095
71.128571
72.100000
71.642857
69.528571
71.461905
72.621429
69.754762
71.253571
71.635714
72.832143
74.214286
71.722619
70.538095
71.271429
68.809524
70.816667
73.491667
70.905952
71.698810
72.194048
71.904762
67.775000
73.927381
68.945238
70.323810
71.542857
69.328571
73.471429
72.559524
68.742857
70.236905
71.642857
68.497619
71.965476
71.078571
70.153571
71.071429
72.771429
68.238492
70.778571
75.160714
72.205952
72.103571
72.638095
70.547619
69.595238
73.563095
69.482143
72.138095
69.971429
72.854762
70.675000
71.911905
70.783333
70.734524
72.859524
70.014286
71.582143
70.323810
69.776190
69.919048
70.085714
74.314286
74.080952
69.936508
73.888095
70.207143
72.395238
72.344048
70.572619
69.004762
68.171429
68.163095
70.373810
70.741667
70.416667
71.127381
69.529762
71.065476
72.789286
70.792857
72.401190
70.396429
69.220238
70.478571
68.178571
71.663095
69.314286
69.992857
71.075000
74.826190
71.823810
73.019048
72.504762
70.102381
72.852381
72.191270
69.767857
68.730952
69.486905
68.519048
67.957143
69.867857
71.047619
70.589286
68.576190
71.273016
71.798810
68.061905
70.946429
68.413095
68.532143
72.390476
70.839286
69.569048
69.327381
70.898810
71.500000
70.528571
71.825000
72.209524
74.985714
69.547619
68.772619
70.757143
68.441667
74.159524
70.303571
71.439286
68.561905
71.789286
72.347619
72.601190
72.179762
73.142857
65.609524
72.928571
70.866667
71.866667
68.539286
68.053968
72.228571
71.128571
69.745238
71.730952
71.990476
74.401190
69.858333
71.744048
69.870238
71.104762
70.525000
72.078571
68.578571
71.358333
71.670238
71.100000
74.671429
70.816667
72.842857
69.236905
71.523810
70.314286
67.426190
69.878571
68.784524
69.277381
71.544048
72.314286
69.727381
73.317857
70.410714
70.250000
73.094048
71.402381
71.452381
70.525000
71.319048
66.726190
71.538095
68.857143
72.298810
70.630952
71.282143
69.315476
69.447619
74.315476
70.638095
71.357143
72.676190
70.288095
68.552381
71.639286
70.328571
70.702381
73.058333
72.679762
72.554762
67.264286
72.652381
69.035714
72.183333
70.780952
69.792857
71.957143
73.463095
70.445238
71.142857
71.236905
71.952381
69.290476
71.665476
70.429762
69.954762
70.607143
73.280952
71.860714
70.685714
70.215079
71.060714
73.513095
71.809524
70.588095
69.171429
70.029762
70.771429
66.908333
71.904762
73.146429
71.117857
70.464286
74.709524
74.800000
71.230952
72.300000
70.079762
70.110714
70.900000
71.688095
71.048810
70.095238
70.342857
69.497619
73.013095
71.966667
71.825000
71.025000
68.604762
67.063095
72.225000
68.323810
69.193254
70.641667
70.120238
72.408333
70.810714
70.697619
70.969048
72.869048
68.146429
70.147619
69.611905
70.061905
71.241667
71.748810
71.409524
73.471429
70.279762
72.140476
71.835714
70.961905
71.600000
72.100000
70.880952
70.797619
69.752381
69.779762
70.171429
69.629762
71.832143
69.892857
68.596429
72.541667
72.347619
73.144048
73.390476
71.148810
69.476190
70.252381
73.703571
71.563095
70.152381
72.942857
68.864286
71.402381
69.629762
73.036905
70.728571
72.542857
71.711905
69.480952
67.573810
70.900000
66.971429
71.159524
69.279762
71.952381
68.857143
70.239286
70.147619
69.767857
71.079762
71.494048
71.122619
73.453571
71.275000
68.761905
70.677381
72.757143
70.934524
70.242857
71.105952
71.045238
67.222619
71.560714
71.716667
74.019048
72.891667
70.901190
71.533333
70.557143
72.173810
69.203571
70.651190
69.572619
