   2    2    9 0.366667 1.633333
   6   14   23 2.323810 3.676190
   5   14   15 2.466667 2.533333
   1    0    6 0.000000 1.000000
   1    0    7 0.000000 1.000000
   4    6   16 1.100000 2.900000
   2    0   12 0.000000 2.000000
   1    0    7 0.000000 1.000000
   2    2   10 0.342857 1.657143
   3    4   15 0.642857 2.357143
   1    0    6 0.000000 1.000000
   1    0    7 0.000000 1.000000
   1    0    5 0.000000 1.000000
   1    0    6 0.000000 1.000000
   1    0    7 0.000000 1.000000
   2    2   10 0.333333 1.666667
   2    2    8 0.400000 1.600000
   2    2    8 0.400000 1.600000
   1    0    7 0.000000 1.000000
   1    0    6 0.000000 1.000000
   1    0    6 0.000000 1.000000
   3    6   11 1.066667 1.933333
   2    2   10 0.342857 1.657143
   2    2    9 0.366667 1.633333
   1    0    6 0.000000 1.000000
   1    0    6 0.000000 1.000000
   3    4   13 0.733333 2.266667
   1    0    6 0.000000 1.000000
   1    0    8 0.000000 1.000000
   2    2   11 0.309524 1.690476
   2    2    8 0.400000 1.600000
   2    2   12 0.291667 1.708333
   1    0    6 0.000000 1.000000
   2    2   10 0.342857 1.657143
   1    0    6 0.000000 1.000000
   2    2   10 0.333333 1.666667
   1    0    7 0.000000 1.000000
   2    2    9 0.366667 1.633333
   1    0    6 0.000000 1.000000
   1    0    7 0.000000 1.000000
   2    0   11 0.000000 2.000000
   1    0    7 0.000000 1.000000
   2    2   10 0.333333 1.666667
   1    0    5 0.000000 1.000000
   2    2   10 0.333333 1.666667
   1    0    6 0.000000 1.000000
   1    0    7 0.000000 1.000000
   1    0    6 0.000000 1.000000
   3    4   14 0.666667 2.333333
   2    2    9 0.366667 1.633333
   1    0    6 0.000000 1.000000
   3    4   15 0.642857 2.357143
   1    0    6 0.000000 1.000000
   2    0   11 0.000000 2.000000
   1    0    6 0.000000 1.000000
   3    4   16 0.595238 2.404762
   1    0    6 0.000000 1.000000
   9   22   31 3.790476 5.209524
  10   32   25 5.561905 4.438095
   3    4   16 0.595238 2.404762
   4    8   16 1.328571 2.671429
   1    0    7 0.000000 1.000000
   3    4   12 0.766667 2.233333
   5   12   19 2.028571 2.971429
   1    0    6 0.000000 1.000000
   6   14   21 2.371429 3.628571
   4   10   14 1.719048 2.280952
   6   12   27 1.809524 4.190476
   3    4   13 0.700000 2.300000
   1    0    5 0.000000 1.000000
   2    0   12 0.000000 2.000000
   4    8   15 1.366667 2.633333
   1    0    6 0.000000 1.000000
   3    2   15 0.366667 2.633333
   6   14   20 2.540476 3.459524
   1    0    6 0.000000 1.000000
   1    0    8 0.000000 1.000000
   1    0    6 0.000000 1.000000
   2    2   12 0.291667 1.708333
   3    2   14 0.400000 2.600000
   3    4   18 0.583333 2.416667
   2    2   12 0.285714 1.714286
   1    0    6 0.000000 1.000000
   1    0    6 0.000000 1.000000
   2    2    9 0.366667 1.633333
   2    2    9 0.366667 1.633333
   1    0    7 0.000000 1.000000
   4   10   14 1.666667 2.333333
   1    0    6 0.000000 1.000000
   1    0    6 0.000000 1.000000
   2    2    9 0.366667 1.633333
  17   52   44 9.189286 7.810714
  14   54   32 8.977381 5.022619
   2    2   11 0.309524 1.690476
   2    2   11 0.309524 1.690476
   1    0    7 0.000000 1.000000
   5   12   19 1.923810 3.076190
   8   20   28 3.526190 4.473810
   4    4   17 0.816667 3.183333
   5   14   18 2.190476 2.809524
   6   16   19 2.680952 3.319048
   8   22   24 3.688095 4.311905
   2    2    9 0.366667 1.633333
   3    0   19 0.000000 3.000000
   1    0    6 0.000000 1.000000
   2    2   11 0.309524 1.690476
   4    8   16 1.314286 2.685714
   2    2   11 0.309524 1.690476
   2    2   10 0.333333 1.666667
   2    2   10 0.333333 1.666667
   1    0    5 0.000000 1.000000
   3    4   13 0.742857 2.257143
   1    0    7 0.000000 1.000000
   3    4   17 0.601190 2.398810
   1    0    5 0.000000 1.000000
   1    0    7 0.000000 1.000000
  23   88   48 14.976190 8.023810
  13   40   39 6.714286 6.285714
   1    0    7 0.000000 1.000000
   1    0    6 0.000000 1.000000
   1    0    6 0.000000 1.000000
   3    4   17 0.577381 2.422619
  12   34   36 5.847619 6.152381
   8   20   27 3.441667 4.558333
   4    6   18 0.971429 3.028571
   9   32   23 5.390476 3.609524
   7   20   20 3.495238 3.504762
   2    2   11 0.309524 1.690476
   4    6   20 0.952381 3.047619
   1    0    7 0.000000 1.000000
   1    0    7 0.000000 1.000000
   1    0    5 0.000000 1.000000
   5    8   20 1.433333 3.566667
   2    2    9 0.366667 1.633333
   1    0    5 0.000000 1.000000
   1    0    7 0.000000 1.000000
  13   38   41 6.352381 6.647619
  18   62   46 10.461905 7.538095
   1    0    6 0.000000 1.000000
   1    0    7 0.000000 1.000000
   2    0   14 0.000000 2.000000
  15   48   42 8.009524 6.990476
   3    4   15 0.642857 2.357143
   2    0   12 0.000000 2.000000
  17   72   27 12.417857 4.582143
   5   12   19 1.952381 3.047619
   1    0    6 0.000000 1.000000
   9   20   32 3.504762 5.495238
   1    0    5 0.000000 1.000000
   7   16   26 2.780952 4.219048
   4   10   14 1.685714 2.314286
   1    0    6 0.000000 1.000000
  11   28   37 4.828571 6.171429
  14   48   37 7.866667 6.133333
   2    2   10 0.342857 1.657143
   2    2    8 0.400000 1.600000
  16   44   54 7.323810 8.676190
   2    0   13 0.000000 2.000000
   2    2   10 0.342857 1.657143
  23  102   34 17.280952 5.719048
   2    0   12 0.000000 2.000000
  12   34   36 5.990476 6.009524
   2    2   10 0.342857 1.657143
   6   10   28 1.595238 4.404762
   5   10   20 1.742857 3.257143
   1    0    7 0.000000 1.000000
   8   16   34 2.595238 5.404762
  16   50   46 8.338095 7.661905
   2    2   11 0.309524 1.690476
  20   56   62 9.633333 10.366667
   2    2    8 0.400000 1.600000
  28  128   42 21.304762 6.695238
   1    0    6 0.000000 1.000000
   7   12   32 1.914286 5.085714
   2    2    9 0.366667 1.633333
   7   14   27 2.438095 4.561905
   6   10   26 1.728571 4.271429
   1    0    5 0.000000 1.000000
   9   22   30 3.961905 5.038095
   8   22   28 3.611905 4.388095
  25   88   67 14.342857 10.657143
   2    2   11 0.309524 1.690476
  21   78   50 13.086905 7.913095
  14   38   42 6.704762 7.295238
  12   44   25 7.671429 4.328571
   8   18   29 3.161905 4.838095
   1    0    6 0.000000 1.000000
   5    8   24 1.261905 3.738095
  10   28   29 4.928571 5.071429
  20   56   66 9.442857 10.557143
   4    8   19 1.244048 2.755952
  21   60   66 10.180952 10.819048
  14   36   47 6.061905 7.938095
  13   38   42 6.410714 6.589286
  11   16   47 2.885714 8.114286
   2    2    8 0.400000 1.600000
   4    4   20 0.742857 3.257143
  16   42   54 6.971429 9.028571
  11   24   43 4.119048 6.880952
   8   26   20 4.533333 3.466667
  20   56   69 9.090476 10.909524
  14   34   47 5.838095 8.161905
  11   30   35 4.980952 6.019048
  16   46   50 7.801190 8.198810
  18   56   52 9.445238 8.554762
   8   14   34 2.190476 5.809524
   8   20   27 3.457143 4.542857
  26   96   65 15.650000 10.350000
  14   28   52 4.854762 9.145238
  12   32   41 5.319048 6.680952
  14   36   47 6.019048 7.980952
  24   84   62 14.082143 9.917857
   6    4   33 0.625000 5.375000
  13   32   44 5.595238 7.404762
  22   74   57 12.529762 9.470238
  10   20   38 3.400000 6.600000
  12   30   44 4.938095 7.061905
  13   34   44 5.763095 7.236905
  25   96   56 16.085714 8.914286
   7   10   28 1.852381 5.147619
  16   36   59 6.223810 9.776190
  16   40   57 6.576190 9.423810
  13   44   34 7.514286 5.485714
  11   24   42 4.120238 6.879762
  12   34   40 5.666667 6.333333
  25   90   61 15.061905 9.938095
   4    2   24 0.333333 3.666667
  12   24   42 4.330952 7.669048
  17   56   49 9.328571 7.671429
   8   16   31 2.771429 5.228571
  17   62   43 10.350000 6.650000
  17   50   50 8.592857 8.407143
  25   98   51 16.561905 8.438095
   2    2    9 0.366667 1.633333
  18   54   51 9.266667 8.733333
  17   56   46 9.471429 7.528571
  12   34   39 5.747619 6.252381
  10   26   35 4.333333 5.666667
  16   48   51 8.050000 7.950000
  18   46   63 7.695238 10.304762
  22   78   55 13.004762 8.995238
  24   94   50 15.692857 8.307143
  11   32   33 5.423810 5.576190
   4    4   20 0.676190 3.323810
  21   72   53 12.105952 8.894048
  15   26   66 4.409524 10.590476
  20   62   56 10.640476 9.359524
  19   64   53 10.630952 8.369048
  13   44   36 7.279762 5.720238
   8   20   29 3.414286 4.585714
  25   78   66 13.523810 11.476190
  17   48   56 8.276190 8.723810
  13   34   46 5.607143 7.392857
  18   46   57 7.900000 10.100000
  14   42   41 7.248810 6.751190
   4    6   18 1.085714 2.914286
  34  140   66 23.563095 10.436905
  15   44   46 7.376190 7.623810
  12   32   43 5.303571 6.696429
  16   36   58 6.219048 9.780952
  12   26   47 4.409524 7.590476
  45  202   66 33.880952 11.119048
  17   56   48 9.405952 7.594048
  11   26   41 4.309524 6.690476
   9   12   43 1.947619 7.052381
  10   26   34 4.344048 5.655952
  53  236   78 39.797619 13.202381
  30  132   46 22.380952 7.619048
   9   26   27 4.542857 4.457143
   9   16   42 2.522619 6.477381
   6    6   30 1.009524 4.990476
  46  214   61 35.704762 10.295238
  28  118   48 19.902381 8.097619
   8   24   26 3.857143 4.142857
   9   12   41 2.085714 6.914286
  55  248   83 41.391667 13.608333
  19   72   43 11.814286 7.185714
   2    2   11 0.309524 1.690476
   6    6   33 0.938095 5.061905
  73  362   71 60.928571 12.071429
  28  116   56 19.061905 8.938095
   7   10   32 1.752381 5.247619
  65  304   82 51.150000 13.850000
  25   78   69 13.385714 11.614286
   5    6   23 1.019048 3.980952
  70  332   92 55.080952 14.919048
  24   70   72 11.810714 12.189286
   8   26   21 4.404762 3.595238
  68  338   73 56.111905 11.888095
  19   50   69 8.114286 10.885714
  10   20   40 3.476190 6.523810
  71  340   81 57.347619 13.652381
  29   80   83 14.255952 14.744048
   8    8   46 1.220238 6.779762
  63  294   89 48.698810 14.301190
  27   76   86 12.780952 14.219048
   9   14   38 2.528571 6.471429
  64  278  108 46.729762 17.270238
  25   58   87 9.828571 15.171429
   4    4   19 0.709524 3.290476
  71  330  102 54.390476 16.609524
  33   96  100 16.207143 16.792857
   2    0   12 0.000000 2.000000
  65  288  104 48.016667 16.983333
  38  122  109 20.228571 17.771429
  62  260  109 43.830952 18.169048
  37  104  119 17.409524 19.590476
  63  258  119 43.364286 19.635714
  41  132  110 22.309524 18.690476
  59  248  110 41.233333 17.766667
  39  146   91 24.070238 14.929762
  61  272   91 45.739286 15.260714
  38  144   85 24.213095 13.786905
  62  286   85 48.017857 13.982143
  40  150   89 25.371429 14.628571
  60  272   89 45.514286 14.485714
  47  196   88 32.741667 14.258333
  53  228   88 38.180952 14.819048
  42  166   87 27.861905 14.138095
  58  260   87 43.310714 14.689286
  35  104  108 17.390476 17.609524
  65  280  108 47.008333 17.991667
  37  128   95 21.295238 15.704762
  63  282   95 47.261905 15.738095
  40  134  102 22.985714 17.014286
  60  262  102 43.628571 16.371429
  21   66   66 10.776190 10.223810
  79  402   66 67.592857 11.407143
  16   46   52 7.590476 8.409524
  84  450   52 75.263095 8.736905
  17   42   61 6.919048 10.080952
  83  436   61 72.735714 10.264286
  10   22   41 3.726190 6.273810
  90  496   41 83.171429 6.828571
  12   24   43 4.366667 7.633333
  88  490   43 81.360714 6.639286
   8   14   34 2.421429 5.578571
  92  518   34 86.494048 5.505952
   7   14   32 2.233333 4.766667
  93  522   32 87.583333 5.416667
   6    8   30 1.261905 4.738095
  94  532   30 88.776190 5.223810
   3    2   17 0.333333 2.666667
  97  564   17 94.128571 2.871429
   8   26   22 4.385714 3.614286
  92  530   22 88.421032 3.578968
   8   22   26 3.734524 4.265476
  92  526   26 87.790476 4.209524
   6   12   23 2.061905 3.938095
  94  542   23 90.271429 3.728571
  11   24   38 4.303571 6.696429
  89  500   38 82.945238 6.054762
  12   32   40 5.367857 6.632143
  88  488   40 81.511905 6.488095
   7    8   35 1.283333 5.716667
  93  522   35 87.388095 5.611905
   9   22   32 3.752381 5.247619
  91  514   32 85.809524 5.190476
  11   38   27 6.438095 4.561905
  89  508   27 84.549206 4.450794
   7   18   23 3.100000 3.900000
  93  536   23 89.332143 3.667857
   6   12   23 2.171429 3.828571
  94  542   23 90.313095 3.686905
   5   14   15 2.433333 2.566667
  95  556   15 92.678571 2.321429
   7   10   29 1.833333 5.166667
  93  532   29 88.421429 4.578571
   5   14   16 2.352381 2.647619
  95  554   16 92.359524 2.640476
   8   22   27 3.566667 4.433333
  92  524   27 87.532143 4.467857
   9   26   29 4.278571 4.721429
  91  516   29 86.222619 4.777381
  14   46   39 7.628571 6.371429
  86  476   39 79.451190 6.548810
  15   58   31 9.766667 5.233333
  85  480   31 79.978571 5.021429
  13   40   38 6.719048 6.280952
  87  484   38 80.671429 6.328571
  22   90   39 15.336905 6.663095
  78  432   39 71.823810 6.176190
  23   94   44 15.767857 7.232143
  77  418   44 69.797619 7.202381
  21   78   45 13.290476 7.709524
  79  432   45 71.789286 7.210714
  20   78   42 13.095238 6.904762
  80  438   42 73.146429 6.853571
  23   84   53 14.135714 8.864286
  77  410   53 68.273810 8.726190
  25   78   73 13.061905 11.938095
  75  376   73 62.880952 12.119048
  33  126   71 20.933333 12.066667
  67  332   71 55.445238 11.554762
  24   84   64 14.122619 9.877381
  76  388   64 65.275000 10.725000
  14   40   42 6.976190 7.023810
  86  476   42 79.358333 6.641667
  16   40   56 6.704762 9.295238
  84  448   56 74.697619 9.302381
   7   14   29 2.309524 4.690476
  93  528   29 88.183333 4.816667
   4    8   16 1.404762 2.595238
  96  560   16 93.326190 2.673810
   8   18   27 3.228571 4.771429
  92  528   27 87.671429 4.328571
   9   28   27 4.700000 4.300000
  91  518   27 86.557143 4.442857
  10   32   27 5.361905 4.638095
  90  514   27 85.604762 4.395238
   7   18   23 3.052381 3.947619
  93  536   23 89.290476 3.709524
   7   20   19 3.500000 3.500000
  93  542   19 90.085714 2.914286
   5    4   31 0.577381 4.422619
  95  534   31 89.485714 5.514286
   6   10   28 1.614286 4.385714
  94  534   28 89.266667 4.733333
   7   22   23 3.561905 3.438095
  93  532   23 88.911905 4.088095
   8   28   22 4.547619 3.452381
  92  528   22 88.130952 3.869048
  10   32   28 5.323810 4.676190
  90  512   28 85.494048 4.505952
   5    6   27 0.983333 4.016667
  95  540   27 90.359524 4.640476
   4    2   23 0.400000 3.600000
  96  552   23 92.102381 3.897619
   5    8   22 1.314286 3.685714
  95  548   22 91.228571 3.771429
   6    8   29 1.309524 4.690476
  94  534   29 89.257143 4.742857
   2    0   11 0.000000 2.000000
  98  578   11 96.252381 1.747619
   2    2   10 0.333333 1.666667
  98  578   10 96.357143 1.642857
   7   20   21 3.423810 3.576190
  93  538   21 89.614286 3.385714
   3    4   15 0.619048 2.380952
  97  566   15 94.455952 2.544048
   2    2   10 0.333333 1.666667
  98  578   10 96.371429 1.628571
   1    0    5 0.000000 1.000000
  99  590    5 98.214286 0.785714
 100  600    0 100.000000 0.000000
