   1    0    7 0.000000 1.000000
   1    0    7 0.000000 1.000000
   4   10   12 1.885714 2.114286
   2    2    9 0.366667 1.633333
   2    2    9 0.366667 1.633333
   1    0    5 0.000000 1.000000
   1    0    7 0.000000 1.000000
   2    2   11 0.309524 1.690476
   3    2   17 0.333333 2.666667
   1    0    6 0.000000 1.000000
   2    2   10 0.333333 1.666667
   1    0    6 0.000000 1.000000
   2    2   10 0.333333 1.666667
   1    0    6 0.000000 1.000000
   2    2    9 0.366667 1.633333
   1    0    7 0.000000 1.000000
   1    0    6 0.000000 1.000000
   2    2    8 0.400000 1.600000
   3    6   12 1.019048 1.980952
   4   10   13 1.766667 2.233333
   3    6   12 1.019048 1.980952
   3    4   14 0.676190 2.323810
   2    2   11 0.309524 1.690476
   1    0    7 0.000000 1.000000
   1    0    7 0.000000 1.000000
   1    0    7 0.000000 1.000000
   1    0    7 0.000000 1.000000
   2    2    8 0.400000 1.600000
   2    2   11 0.309524 1.690476
   1    0    6 0.000000 1.000000
   2    2   10 0.333333 1.666667
   1    0    8 0.000000 1.000000
   1    0    6 0.000000 1.000000
   2    2   11 0.309524 1.690476
   2    2    9 0.366667 1.633333
   2    2    9 0.366667 1.633333
   1    0    6 0.000000 1.000000
   1    0    7 0.000000 1.000000
   1    0    5 0.000000 1.000000
   6   20   17 3.403571 2.596429
   2    2   10 0.333333 1.666667
   2    2    9 0.366667 1.633333
   4    8   13 1.500000 2.500000
   1    0    6 0.000000 1.000000
   1    0    7 0.000000 1.000000
   2    2   11 0.309524 1.690476
   1    0    5 0.000000 1.000000
   1    0    7 0.000000 1.000000
   1    0    7 0.000000 1.000000
   2    2   10 0.342857 1.657143
   1    0    6 0.000000 1.000000
   1    0    6 0.000000 1.000000
   3    4   14 0.709524 2.290476
   1    0    6 0.000000 1.000000
   2    2    9 0.366667 1.633333
   1    0    5 0.000000 1.000000
   1    0    6 0.000000 1.000000
   2    2    8 0.400000 1.600000
   1    0    6 0.000000 1.000000
   1    0    6 0.000000 1.000000
   5   12   16 2.264286 2.735714
   6   18   19 2.976190 3.023810
   1    0    7 0.000000 1.000000
   1    0    7 0.000000 1.000000
   2    0   13 0.000000 2.000000
   1    0    6 0.000000 1.000000
   2    2   11 0.309524 1.690476
   2    2    9 0.366667 1.633333
   3    6   11 1.085714 1.914286
   1    0    7 0.000000 1.000000
   8   28   21 4.633333 3.366667
   3    6   13 0.971429 2.028571
   3    4   12 0.750000 2.250000
   2    2    9 0.366667 1.633333
   1    0    5 0.000000 1.000000
   6   16   18 2.778571 3.221429
   1    0    7 0.000000 1.000000
   1    0    6 0.000000 1.000000
   2    2    8 0.416667 1.583333
   1    0    6 0.000000 1.000000
   6   18   17 3.071429 2.928571
   1    0    5 0.000000 1.000000
   2    2   10 0.342857 1.657143
   1    0    6 0.000000 1.000000
   2    2   11 0.309524 1.690476
   1    0    7 0.000000 1.000000
   1    0    5 0.000000 1.000000
   2    2   10 0.333333 1.666667
   1    0    7 0.000000 1.000000
   1    0    7 0.000000 1.000000
   4    8   15 1.366667 2.633333
   1    0    6 0.000000 1.000000
   2    2    9 0.366667 1.633333
   2    2   11 0.309524 1.690476
   1    0    8 0.000000 1.000000
   1    0    6 0.000000 1.000000
   2    0   15 0.000000 2.000000
   1    0    7 0.000000 1.000000
   5   12   18 2.111905 2.888095
   1    0    6 0.000000 1.000000
   2    2    9 0.366667 1.633333
   2    0   12 0.000000 2.000000
   2    2   10 0.333333 1.666667
   2    2   10 0.342857 1.657143
   1    0    6 0.000000 1.000000
   1    0    7 0.000000 1.000000
   8   12   37 2.033333 5.966667
   1    0    6 0.000000 1.000000
   3    6   12 1.019048 1.980952
   1    0    5 0.000000 1.000000
   1    0    6 0.000000 1.000000
   2    0   12 0.000000 2.000000
   5   12   17 2.061905 2.938095
   7   20   24 3.315476 3.684524
   7   16   25 2.861905 4.138095
   2    2   11 0.309524 1.690476
   3    6   12 1.019048 1.980952
   1    0    6 0.000000 1.000000
   7   18   21 3.214286 3.785714
   2    2   11 0.309524 1.690476
   2    2    8 0.400000 1.600000
   1    0    6 0.000000 1.000000
   4    6   17 1.033333 2.966667
   1    0    5 0.000000 1.000000
   1    0    7 0.000000 1.000000
   3    4   14 0.666667 2.333333
   2    2   11 0.309524 1.690476
   3    4   15 0.642857 2.357143
   2    2    9 0.366667 1.633333
   5   14   15 2.433333 2.566667
   1    0    6 0.000000 1.000000
   1    0    7 0.000000 1.000000
   1    0    6 0.000000 1.000000
   1    0    6 0.000000 1.000000
   9   32   24 5.233333 3.766667
   1    0    6 0.000000 1.000000
   5   14   16 2.471429 2.528571
   3    6   12 1.019048 1.980952
   2    2   10 0.333333 1.666667
   3    4   15 0.628571 2.371429
   6   16   20 2.614286 3.385714
   2    2   10 0.333333 1.666667
   2    2    9 0.366667 1.633333
   3    4   13 0.700000 2.300000
   3    4   13 0.700000 2.300000
  14   54   29 9.145238 4.854762
   3    6   11 1.085714 1.914286
   7   18   24 3.061905 3.938095
   1    0    6 0.000000 1.000000
   3    4   13 0.742857 2.257143
   3    6   11 1.066667 1.933333
   6   14   21 2.495238 3.504762
   2    2   10 0.333333 1.666667
   2    0   13 0.000000 2.000000
   1    0    8 0.000000 1.000000
   1    0    6 0.000000 1.000000
   1    0    6 0.000000 1.000000
   3    6   12 1.019048 1.980952
   2    2    9 0.366667 1.633333
   9   22   30 3.819048 5.180952
   1    0    7 0.000000 1.000000
   1    0    6 0.000000 1.000000
   4    4   22 0.619048 3.380952
   5    8   22 1.342857 3.657143
   9   28   30 4.458333 4.541667
   1    0    6 0.000000 1.000000
   5   12   20 1.904762 3.095238
   7   22   18 3.871429 3.128571
   8   24   23 4.011905 3.988095
   2    2   12 0.285714 1.714286
   1    0    6 0.000000 1.000000
   3    4   15 0.642857 2.357143
   1    0    6 0.000000 1.000000
  11   32   33 5.395238 5.604762
   6   16   21 2.595238 3.404762
   2    0   12 0.000000 2.000000
   8   24   23 4.135714 3.864286
   3    6   14 0.916667 2.083333
   5   10   20 1.666667 3.333333
   1    0    6 0.000000 1.000000
   4    4   20 0.666667 3.333333
   2    2   10 0.333333 1.666667
   2    2    9 0.366667 1.633333
   3    2   17 0.325000 2.675000
   4    6   20 0.928571 3.071429
   1    0    6 0.000000 1.000000
   3    4   15 0.642857 2.357143
   2    2   10 0.333333 1.666667
  16   50   40 8.904762 7.095238
   3    6   13 0.952381 2.047619
   8   16   28 2.954762 5.045238
   3    4   14 0.652381 2.347619
   3    2   15 0.366667 2.633333
  11   34   32 5.733333 5.266667
   5   14   16 2.414286 2.585714
   1    0    7 0.000000 1.000000
  15   52   38 8.614286 6.385714
   5   10   21 1.595238 3.404762
   6   10   28 1.666667 4.333333
   2    2    8 0.400000 1.600000
   4    6   18 1.000000 3.000000
  13   50   29 8.438095 4.561905
   2    2    9 0.366667 1.633333
  19   64   52 10.538095 8.461905
   5   10   21 1.638095 3.361905
   8   16   32 2.657143 5.342857
   1    0    6 0.000000 1.000000
   5    8   21 1.411905 3.588095
   9   16   39 2.823810 6.176190
   8   24   26 3.904762 4.095238
   1    0    6 0.000000 1.000000
  14   48   36 8.014286 5.985714
   6   14   21 2.357143 3.642857
   8   18   28 3.184524 4.815476
   2    0   12 0.000000 2.000000
   2    2   11 0.325000 1.675000
  10   28   30 4.795238 5.204762
   2    2   11 0.309524 1.690476
  19   60   54 10.109524 8.890476
   1    0    6 0.000000 1.000000
   3    2   16 0.309524 2.690476
   2    2   10 0.333333 1.666667
   3    2   15 0.400000 2.600000
  12   26   44 4.552381 7.447619
  16   60   35 10.307143 5.692857
   1    0    8 0.000000 1.000000
   8   22   26 3.742857 4.257143
   5   10   21 1.595238 3.404762
   7   20   23 3.294048 3.705952
   2    2    9 0.366667 1.633333
   5   10   21 1.638095 3.361905
   9   22   33 3.690476 5.309524
  26   72   83 12.259524 13.740476
   2    2   10 0.333333 1.666667
   2    0   13 0.000000 2.000000
   2    2    9 0.366667 1.633333
   4    4   22 0.619048 3.380952
   5    4   28 0.619048 4.380952
  10   30   32 4.876190 5.123810
  11   30   34 5.171429 5.828571
   1    0    6 0.000000 1.000000
   3    6   14 0.904762 2.095238
   2    0   12 0.000000 2.000000
  11   28   36 4.890476 6.109524
  11   36   31 5.947619 5.052381
  36  110  101 18.679762 17.320238
   8   28   20 4.736905 3.263095
   1    0    6 0.000000 1.000000
   1    0    7 0.000000 1.000000
   3    4   14 0.709524 2.290476
   7    8   32 1.419048 5.580952
  13   44   34 7.357143 5.642857
   7   14   27 2.475000 4.525000
   5   10   20 1.671429 3.328571
   1    0    5 0.000000 1.000000
   8   16   35 2.500000 5.500000
   8   20   27 3.423810 4.576190
  38  134   95 22.459524 15.540476
   4    6   18 1.028571 2.971429
   1    0    7 0.000000 1.000000
   5   10   19 1.661905 3.338095
  11   34   30 5.857143 5.142857
   6   12   26 1.958333 4.041667
   7   12   30 2.052381 4.947619
   2    2   10 0.333333 1.666667
   1    0    5 0.000000 1.000000
  16   58   36 10.078571 5.921429
   7   14   29 2.271429 4.728571
  40  142  100 23.625000 16.375000
   2    0   14 0.000000 2.000000
   3    4   13 0.733333 2.266667
  10   34   27 5.571429 4.428571
   5   14   18 2.346429 2.653571
   9   16   38 2.652381 6.347619
  18   58   54 9.571429 8.428571
  10   22   37 3.888095 6.111905
  43  150  101 25.738095 17.261905
   2    0   12 0.000000 2.000000
   2    2   10 0.333333 1.666667
   2    2   11 0.309524 1.690476
   3    6   10 1.133333 1.866667
   2    0   13 0.000000 2.000000
  24   76   68 12.738095 11.261905
  11   40   26 6.685714 4.314286
  54  230   94 38.667857 15.332143
   2    2   11 0.309524 1.690476
   1    0    6 0.000000 1.000000
   4    8   18 1.245238 2.754762
  30   82   96 13.945238 16.054762
   5    8   23 1.328571 3.671429
  58  242  104 40.660714 17.339286
   2    2   10 0.333333 1.666667
   4   10   16 1.541667 2.458333
  36  128   82 21.840476 14.159524
   2    2   12 0.291667 1.708333
  56  254   84 42.142857 13.857143
   2    2   10 0.333333 1.666667
   7   22   21 3.609524 3.390476
  37  126   96 21.114286 15.885714
   3    6   11 1.150000 1.850000
  51  204  102 34.263095 16.736905
   2    2   11 0.309524 1.690476
   7   22   21 3.600000 3.400000
  31   90   92 15.316667 15.683333
   1    0    6 0.000000 1.000000
  59  250  106 41.514286 17.485714
   2    0   15 0.000000 2.000000
   8   22   25 3.838095 4.161905
  39  146   83 24.557143 14.442857
  51  216   93 35.794048 15.205952
   3    6   11 1.085714 1.914286
   5    4   24 0.733333 4.266667
  21   66   67 10.853968 10.146032
  71  342   80 57.677381 13.322619
   2    2   10 0.342857 1.657143
   4    2   21 0.366667 3.633333
  14   38   44 6.519048 7.480952
  80  418   65 69.578571 10.421429
   3    4   12 0.733333 2.266667
  11   30   35 5.195238 5.804762
  15   50   38 8.592857 6.407143
  71  356   75 59.202381 11.797619
   3    2   15 0.333333 2.666667
   4    6   20 0.952381 3.047619
  16   52   44 8.914286 7.085714
  77  388   73 65.132143 11.867857
   1    0    7 0.000000 1.000000
   6    8   28 1.376190 4.623810
  22   76   52 13.166667 8.833333
  71  362   67 60.317857 10.682143
   3    6   10 1.185714 1.814286
   6    8   31 1.247619 4.752381
  26   88   69 14.659524 11.340476
  65  300   88 50.441667 14.558333
   1    0    6 0.000000 1.000000
   3    2   18 0.309524 2.690476
  34  128   78 21.432143 12.567857
  62  274   94 46.066667 15.933333
  37  132   94 21.957143 15.042857
  63  280   94 47.153571 15.846429
  35  120   88 20.269048 14.730952
  65  304   88 50.672619 14.327381
  27   80   83 13.271429 13.728571
  73  354   83 59.159524 13.840476
  29   94   85 15.414286 13.585714
  71  336   85 56.592857 14.407143
  34  118   79 20.476190 13.523810
  66  324   79 53.492857 12.507143
  33  110   86 18.520238 14.479762
  67  318   86 53.047619 13.952381
  21   58   67 9.895238 11.104762
  79  408   67 68.019841 10.980159
  15   30   60 5.115476 9.884524
  85  450   60 75.090476 9.909524
   9   10   44 1.776190 7.223810
  91  502   44 83.905952 7.094048
   8    8   39 1.409524 6.590476
  92  514   39 85.564286 6.435714
   5    2   28 0.400000 4.600000
  95  542   28 90.361905 4.638095
   6   12   23 2.071429 3.928571
  94  542   23 90.347619 3.652381
   1    0    7 0.000000 1.000000
  99  586    7 97.823810 1.176190
 100  600    0 100.000000 0.000000
