   1    0    7 0.000000 1.000000
   1    0    7 0.000000 1.000000
   1    0    8 0.000000 1.000000
   1    0    6 0.000000 1.000000
   1    0    6 0.000000 1.000000
   1    0    6 0.000000 1.000000
   1    0    8 0.000000 1.000000
   1    0    6 0.000000 1.000000
   2    2   11 0.309524 1.690476
   4   10   13 1.785714 2.214286
   1    0    6 0.000000 1.000000
   3    4   13 0.700000 2.300000
   3    4   12 0.733333 2.266667
   1    0    7 0.000000 1.000000
   1    0    5 0.000000 1.000000
   3    6   11 1.066667 1.933333
   1    0    6 0.000000 1.000000
   1    0    5 0.000000 1.000000
   1    0    6 0.000000 1.000000
   1    0    6 0.000000 1.000000
   1    0    7 0.000000 1.000000
   1    0    5 0.000000 1.000000
   1    0    6 0.000000 1.000000
   1    0    5 0.000000 1.000000
   2    2   11 0.309524 1.690476
   1    0    7 0.000000 1.000000
   3    6   12 1.019048 1.980952
   1    0    6 0.000000 1.000000
   1    0    7 0.000000 1.000000
   1    0    5 0.000000 1.000000
   2    2   10 0.333333 1.666667
   1    0    6 0.000000 1.000000
   2    2    9 0.366667 1.633333
   1    0    5 0.000000 1.000000
   2    2   10 0.342857 1.657143
   6   18   17 3.119048 2.880952
   1    0    6 0.000000 1.000000
   2    2   11 0.309524 1.690476
   1    0    6 0.000000 1.000000
   1    0    5 0.000000 1.000000
   2    2   12 0.285714 1.714286
   1    0    6 0.000000 1.000000
   3    6   13 0.971429 2.028571
   2    2    8 0.400000 1.600000
   1    0    6 0.000000 1.000000
   1    0    7 0.000000 1.000000
   1    0    7 0.000000 1.000000
   1    0    6 0.000000 1.000000
   2    2   10 0.333333 1.666667
   2    2   10 0.333333 1.666667
   1    0    7 0.000000 1.000000
   1    0    7 0.000000 1.000000
   3    6   11 1.066667 1.933333
   1    0    6 0.000000 1.000000
   1    0    6 0.000000 1.000000
   1    0    6 0.000000 1.000000
   1    0    6 0.000000 1.000000
   5   10   18 1.761905 3.238095
   2    2   10 0.333333 1.666667
   6   16   19 2.700000 3.300000
   1    0    7 0.000000 1.000000
   1    0    6 0.000000 1.000000
   2    2   12 0.285714 1.714286
   5   14   16 2.333333 2.666667
   2    0   11 0.000000 2.000000
   5   14   14 2.500000 2.500000
   2    2   10 0.333333 1.666667
   4    8   15 1.366667 2.633333
   1    0    6 0.000000 1.000000
   1    0    6 0.000000 1.000000
   1    0    7 0.000000 1.000000
   1    0    6 0.000000 1.000000
   1    0    6 0.000000 1.000000
   2    2    9 0.366667 1.633333
   1    0    6 0.000000 1.000000
  15   58   31 9.909524 5.090476
   1    0    6 0.000000 1.000000
   8   22   23 3.878571 4.121429
   3    2   17 0.342857 2.657143
   2    2   11 0.309524 1.690476
   1    0    6 0.000000 1.000000
   1    0    6 0.000000 1.000000
   2    2   11 0.309524 1.690476
   2    2   11 0.309524 1.690476
   2    2    9 0.366667 1.633333
   1    0    7 0.000000 1.000000
   3    2   16 0.333333 2.666667
   3    6   12 1.000000 2.000000
   1    0    7 0.000000 1.000000
   1    0    6 0.000000 1.000000
   1    0    5 0.000000 1.000000
   8   20   29 3.266667 4.733333
   5   14   16 2.338095 2.661905
   3    6   12 1.019048 1.980952
   4    8   17 1.261905 2.738095
   3    6   11 1.085714 1.914286
   1    0    6 0.000000 1.000000
   2    2   11 0.309524 1.690476
   3    4   14 0.676190 2.323810
   3    4   14 0.676190 2.323810
   9   26   29 4.423810 4.576190
   3    2   15 0.366667 2.633333
   3    2   17 0.309524 2.690476
   1    0    6 0.000000 1.000000
   1    0    5 0.000000 1.000000
   5   14   15 2.457143 2.542857
   1    0    7 0.000000 1.000000
   2    2   10 0.342857 1.657143
  10   22   39 3.580952 6.419048
   2    2   10 0.342857 1.657143
  15   54   34 9.290476 5.709524
   5    6   22 1.100000 3.900000
   4    8   15 1.419048 2.580952
   1    0    6 0.000000 1.000000
   1    0    6 0.000000 1.000000
   2    2    9 0.366667 1.633333
   5   12   19 1.928571 3.071429
   1    0    7 0.000000 1.000000
   1    0    7 0.000000 1.000000
   4   10   16 1.547619 2.452381
   7   16   26 2.766667 4.233333
   2    2    9 0.366667 1.633333
   5    6   24 1.009524 3.990476
   1    0    6 0.000000 1.000000
   1    0    7 0.000000 1.000000
   1    0    8 0.000000 1.000000
   1    0    7 0.000000 1.000000
   4    8   17 1.285714 2.714286
  10   32   24 5.776190 4.223810
   2    2    9 0.366667 1.633333
   3    6   12 1.019048 1.980952
   8   24   24 4.138095 3.861905
   2    2   11 0.309524 1.690476
  12   32   38 5.342857 6.657143
   1    0    7 0.000000 1.000000
  17   64   37 10.900000 6.100000
   6   12   22 2.133333 3.866667
   8   28   20 4.742857 3.257143
   2    2   11 0.309524 1.690476
   4    4   19 0.742857 3.257143
   4    6   19 0.976190 3.023810
   3    6   12 1.050000 1.950000
   4    4   18 0.733333 3.266667
   1    0    6 0.000000 1.000000
   5   12   21 1.939286 3.060714
   1    0    7 0.000000 1.000000
   3    4   15 0.642857 2.357143
   1    0    5 0.000000 1.000000
   1    0    7 0.000000 1.000000
   5   10   20 1.666667 3.333333
  14   48   36 7.961905 6.038095
   1    0    7 0.000000 1.000000
  10   30   29 5.152381 4.847619
   3    2   15 0.342857 2.657143
  13   42   38 7.052381 5.947619
   2    2   10 0.342857 1.657143
  15   52   39 8.816667 6.183333
   3    2   14 0.366667 2.633333
  10   32   26 5.500000 4.500000
   2    2    9 0.366667 1.633333
   4    8   17 1.328571 2.671429
   6    8   27 1.376190 4.623810
   2    2   11 0.309524 1.690476
   2    0   13 0.000000 2.000000
   1    0    6 0.000000 1.000000
   1    0    6 0.000000 1.000000
   1    0    6 0.000000 1.000000
   1    0    6 0.000000 1.000000
   1    0    7 0.000000 1.000000
   7   18   25 3.102381 3.897619
  21   84   44 14.050000 6.950000
   4   10   15 1.619048 2.380952
  13   40   36 7.001190 5.998810
   3    2   16 0.333333 2.666667
   3    6   12 1.019048 1.980952
   3    4   13 0.700000 2.300000
  14   42   43 6.944048 7.055952
   2    2    9 0.366667 1.633333
   6    8   29 1.358333 4.641667
   2    2   10 0.333333 1.666667
   9   20   34 3.395238 5.604762
   5    8   23 1.314286 3.685714
   1    0    6 0.000000 1.000000
   1    0    5 0.000000 1.000000
   4   10   11 1.933333 2.066667
   1    0    6 0.000000 1.000000
   1    0    7 0.000000 1.000000
  16   58   34 10.023810 5.976190
  12   34   40 5.585714 6.414286
   7   18   26 2.880952 4.119048
  15   42   51 6.815873 8.184127
   2    0   13 0.000000 2.000000
   3    2   14 0.366667 2.633333
   1    0    8 0.000000 1.000000
  10   18   41 3.009524 6.990476
   8   20   29 3.361905 4.638095
   5   14   16 2.300000 2.700000
   9   20   32 3.521429 5.478571
   4    8   16 1.352381 2.647619
   3    4   13 0.700000 2.300000
   3    6   10 1.133333 1.866667
  15   52   39 8.509524 6.490476
  21   84   40 14.166667 6.833333
   6   10   27 1.619048 4.380952
  22   62   69 10.266667 11.733333
   6   10   26 1.814286 4.185714
   2    2    9 0.366667 1.633333
   9   16   39 2.690476 6.309524
   3    2   17 0.291667 2.708333
   4    6   21 0.904762 3.095238
   3    6   11 1.066667 1.933333
   4    6   17 1.019048 2.980952
   5   10   19 1.675000 3.325000
  14   42   43 7.067857 6.932143
  20   68   57 11.104762 8.895238
   7   14   26 2.621429 4.378571
  10   12   49 1.957143 8.042857
   4    4   18 0.750000 3.250000
   2    2   10 0.333333 1.666667
  14   40   47 6.609524 7.390476
   4    4   20 0.676190 3.323810
   4    8   15 1.366667 2.633333
   6   14   23 2.309524 3.690476
   9   24   26 4.238095 4.761905
   6   10   24 1.800000 4.200000
  19   58   55 9.963095 9.036905
  11   32   37 5.308333 5.691667
  11   20   44 3.457143 7.542857
  10   12   50 1.976190 8.023810
   2    0   12 0.000000 2.000000
  23   74   64 12.626190 10.373810
   5    4   26 0.676190 4.323810
   2    2   11 0.309524 1.690476
   5   12   17 2.061905 2.938095
   9   26   26 4.466667 4.533333
   3    6   12 1.000000 2.000000
  11   20   46 3.325000 7.675000
  11   28   34 4.904762 6.095238
  10   22   36 3.897619 6.102381
  11   34   35 5.623810 5.376190
   1    0    6 0.000000 1.000000
  28   84   85 14.096429 13.903571
   9   16   41 2.500000 6.500000
   5    8   23 1.309524 3.690476
  12   32   39 5.385714 6.614286
   2    2    9 0.366667 1.633333
   5    8   22 1.366667 3.633333
   9   20   37 3.142857 5.857143
   4    4   22 0.619048 3.380952
  12   34   37 5.855952 6.144048
   1    0    5 0.000000 1.000000
  24   78   69 12.921429 11.078571
  17   48   49 8.411905 8.588095
   5    8   23 1.333333 3.666667
  20   68   53 11.429762 8.570238
   3    2   13 0.400000 2.600000
   7   14   23 2.700000 4.300000
   8   20   28 3.442857 4.557143
  11   26   42 4.500000 6.500000
  19   46   69 7.504762 11.495238
  24   88   55 14.986905 9.013095
   4    8   14 1.428571 2.571429
  23   88   55 14.395238 8.604762
   4    8   16 1.328571 2.671429
  10   22   38 3.780952 6.219048
   7   10   32 1.719048 5.280952
  15   44   46 7.285714 7.714286
  19   54   55 9.400000 9.600000
  25   84   69 14.126190 10.873810
   1    0    6 0.000000 1.000000
  20   62   59 10.266667 9.733333
   3    6   13 0.952381 2.047619
  11   26   41 4.304762 6.695238
   5    8   24 1.309524 3.690476
  19   60   52 10.328571 8.671429
  11   10   57 1.695238 9.304762
  20   48   73 8.080952 11.919048
  33  108   87 18.192857 14.807143
   1    0    6 0.000000 1.000000
  20   68   48 11.735714 8.264286
   5    6   27 0.931746 4.068254
  20   58   65 9.578571 10.421429
  13   36   44 5.980952 7.019048
  18   38   69 6.533333 11.466667
  24   68   73 11.707143 12.292857
  24   82   63 13.702381 10.297619
   4    4   20 0.666667 3.333333
  20   64   60 10.390476 9.609524
  20   62   57 10.597619 9.402381
  17   36   59 6.514286 10.485714
  15   44   49 7.171429 7.828571
  24   74   71 12.344048 11.655952
   3    2   16 0.366667 2.633333
  29  116   57 19.642857 9.357143
  22   80   53 13.338095 8.661905
   9   12   42 1.953571 7.046429
  13   38   39 6.438095 6.561905
  23   72   62 12.459524 10.540476
   3    2   17 0.366667 2.633333
  29  116   59 19.323810 9.676190
  21   72   56 11.966667 9.033333
   9   10   41 1.809524 7.190476
  15   36   57 5.947619 9.052381
  17   34   70 5.619048 11.380952
  25   76   79 12.377381 12.622619
  30  102   77 17.053571 12.946429
   9   14   35 2.628571 6.371429
  19   50   63 8.388095 10.611905
  18   32   74 5.342857 12.657143
  27   66   98 10.728571 16.271429
  35  132   79 22.094048 12.905952
   4    2   23 0.309524 3.690476
  16   40   54 6.930952 9.069048
  18   32   73 5.526190 12.473810
  29   78  100 12.860714 16.139286
  23   68   70 11.767857 11.232143
   2    2   10 0.333333 1.666667
  28  106   61 17.916667 10.083333
  13   30   48 5.090476 7.909524
  29   78   97 12.972619 16.027381
  33  106   91 18.005952 14.994048
   1    0    7 0.000000 1.000000
  24   70   73 11.714286 12.285714
  11   22   48 3.595238 7.404762
  18   30   80 4.904762 13.095238
  34  112   93 18.600000 15.400000
  37  128   87 22.022619 14.977381
  15   34   61 5.633333 9.366667
  15   34   58 5.751190 9.248810
  23   62   79 10.261905 12.738095
  47  182   90 31.444048 15.555952
  22   52   79 8.783333 13.216667
  17   30   73 4.980952 12.019048
  26   76   77 13.036905 12.963095
  35  122   91 20.129762 14.870238
  27   90   68 15.267857 11.732143
  18   28   82 4.664286 13.335714
  25   84   66 14.336905 10.663095
  30  102   80 17.025000 12.975000
  24   80   65 13.492857 10.507143
  16   22   69 3.985714 12.014286
  26   70   87 11.690476 14.309524
  34  112   95 18.542857 15.457143
  17   48   57 7.994048 9.005952
  12   22   54 3.542857 8.457143
  26   68   88 11.450000 14.550000
  45  148  115 25.233333 19.766667
  25   78   72 13.405952 11.594048
   9   16   38 2.671429 6.328571
  30   80  104 13.310714 16.689286
  36  114   98 19.576190 16.423810
  27   86   73 14.642857 12.357143
   4    6   20 0.904762 3.095238
  33  104   91 17.792857 15.207143
  36  124   96 20.598810 15.401190
  15   20   68 3.428571 11.571429
   3    2   17 0.309524 2.690476
  39  138  100 23.001190 15.998810
  43  146  109 24.780952 18.219048
  21   56   68 9.466667 11.533333
   7   14   26 2.500000 4.500000
  33   98  101 16.328571 16.671429
  39  138   99 22.877381 16.122619
  27   90   73 15.130952 11.869048
   5    8   19 1.485714 3.514286
  30   84   96 14.069048 15.930952
  38  132   98 21.920238 16.079762
  33  120   80 19.777381 13.222619
   4    6   17 1.066667 2.933333
  23   56   84 9.280952 13.719048
  40  142   95 23.900000 16.100000
  27   74   89 12.323810 14.676190
  29   86   87 14.600000 14.400000
  44  158  106 26.666667 17.333333
  26   84   70 14.388095 11.611905
  23   62   76 10.311111 12.688889
  51  220   88 36.916667 14.083333
  34  130   83 21.222619 12.777381
  23   72   66 12.113095 10.886905
  43  148  101 25.380952 17.619048
  31  114   72 19.095238 11.904762
  32  110   83 18.463095 13.536905
  37  118  103 20.053571 16.946429
  32  132   60 22.157143 9.842857
  34  124   82 20.591667 13.408333
  34  118   84 20.061905 13.938095
  31  116   68 19.557143 11.442857
  37  140   75 23.997619 13.002381
  32  134   67 21.779762 10.220238
  37  148   74 24.714286 12.285714
  34  124   81 20.676190 13.323810
  29  102   71 17.076190 11.923810
  33  136   59 23.116667 9.883333
  27   80   80 13.566667 13.433333
  40  170   75 28.138095 11.861905
  36  142   72 23.938095 12.061905
  21   62   66 10.323810 10.676190
  43  168   90 28.276190 14.723810
  35  132   78 22.153571 12.846429
  16   40   55 6.833333 9.166667
  49  200   95 33.380952 15.619048
  42  162   83 27.788095 14.211905
  14   34   53 5.566667 8.433333
  44  184   84 30.542857 13.457143
  37  136   86 23.023810 13.976190
  17   40   58 7.057143 9.942857
  46  186   94 30.966667 15.033333
  48  210   79 34.986905 13.013095
  17   42   57 7.260714 9.739286
  35  120   92 20.126190 14.873810
  49  220   71 37.073810 11.926190
  17   50   53 8.395238 8.604762
  34  130   76 21.527381 12.472619
  50  236   63 39.655952 10.344048
  19   68   46 11.319048 7.680952
  31  120   67 20.207143 10.792857
  61  294   70 49.111905 11.888095
  15   52   39 8.728571 6.271429
  24   78   67 12.985714 11.014286
  68  354   52 59.219048 8.780952
  13   42   35 6.932143 6.067857
  19   52   65 8.628571 10.371429
  72  376   57 62.523810 9.476190
   9   24   28 4.133333 4.866667
  19   60   55 10.001190 8.998810
  73  386   53 64.371429 8.628571
  10   18   37 3.366667 6.633333
  17   50   56 8.314286 8.685714
  76  380   75 63.542857 12.457143
   4    2   26 0.309524 3.690476
  20   54   63 9.263095 10.736905
  63  308   71 51.226190 11.773810
   9   24   30 4.214286 4.785714
  28   98   69 16.585714 11.414286
  67  316   88 52.695238 14.304762
   5   12   18 2.019048 2.980952
  28   86   80 14.580952 13.419048
  69  330   79 55.491667 13.508333
   2    2   11 0.309524 1.690476
  29  104   74 17.150000 11.850000
  77  404   61 67.494048 9.505952
   1    0    6 0.000000 1.000000
  22   72   57 12.428571 9.571429
  78  402   68 67.045238 10.954762
  22   62   68 10.585714 11.414286
  84  436   65 73.247619 10.752381
  16   34   65 5.807143 10.192857
  77  384   78 64.044048 12.955952
  23   60   78 10.147619 12.852381
  67  324   81 54.084524 12.915476
  33  114   81 19.380952 13.619048
  77  398   64 66.190476 10.809524
  23   74   64 12.529762 10.470238
  74  362   76 60.938095 13.061905
  26   86   76 13.864286 12.135714
  80  412   65 69.109524 10.890476
  20   58   65 9.576190 10.423810
  79  420   57 69.845238 9.154762
  21   66   57 11.195238 9.804762
  75  368   78 61.826190 13.173810
  25   76   78 12.486905 12.513095
  83  440   59 73.213095 9.786905
  17   42   59 7.100000 9.900000
  87  478   45 79.700000 7.300000
  13   32   45 5.452381 7.547619
  83  438   58 73.315476 9.684524
  17   46   58 7.650000 9.350000
  83  446   52 74.414286 8.585714
  17   50   52 8.342857 8.657143
  80  412   67 68.929762 11.070238
  20   54   67 9.164286 10.835714
  87  474   45 79.265476 7.734524
  13   36   45 5.970238 7.029762
  86  462   53 77.000000 9.000000
  14   32   53 5.160714 8.839286
  94  536   27 89.485714 4.514286
   6   10   27 1.661905 4.338095
  92  518   35 86.314286 5.685714
   8   12   35 2.100000 5.900000
  91  510   34 85.229762 5.770238
   9   22   34 3.633333 5.366667
  93  534   24 89.051190 3.948810
   7   18   24 3.038095 3.961905
  92  524   26 87.542857 4.457143
   8   24   26 3.838095 4.161905
  99  588    6 98.032143 0.967857
   1    0    6 0.000000 1.000000
  99  588    6 98.004762 0.995238
   1    0    6 0.000000 1.000000
 100  600    0 100.000000 0.000000
