   1    0    6 0.000000 1.000000
   4   10   14 1.666667 2.333333
   1    0    6 0.000000 1.000000
   3    4   15 0.642857 2.357143
   1    0    6 0.000000 1.000000
   1    0    7 0.000000 1.000000
   1    0    6 0.000000 1.000000
   1    0    7 0.000000 1.000000
   1    0    6 0.000000 1.000000
   2    2    9 0.366667 1.633333
   1    0    6 0.000000 1.000000
   1    0    6 0.000000 1.000000
   2    2   11 0.309524 1.690476
   1    0    7 0.000000 1.000000
   2    2   11 0.309524 1.690476
   5   12   17 2.230952 2.769048
   4   10   15 1.647619 2.352381
   1    0    7 0.000000 1.000000
   2    0   11 0.000000 2.000000
   1    0    7 0.000000 1.000000
   2    2    9 0.366667 1.633333
   2    2    9 0.366667 1.633333
   1    0    6 0.000000 1.000000
   1    0    6 0.000000 1.000000
   2    2   10 0.342857 1.657143
   1    0    6 0.000000 1.000000
   2    2    9 0.366667 1.633333
   1    0    6 0.000000 1.000000
   2    2   10 0.333333 1.666667
   1    0    5 0.000000 1.000000
   1    0    6 0.000000 1.000000
   3    4   14 0.676190 2.323810
   1    0    7 0.000000 1.000000
   2    2   10 0.342857 1.657143
   1    0    6 0.000000 1.000000
   3    6   10 1.166667 1.833333
   1    0    6 0.000000 1.000000
   1    0    7 0.000000 1.000000
   1    0    6 0.000000 1.000000
   2    2   11 0.309524 1.690476
   2    2    9 0.366667 1.633333
   1    0    7 0.000000 1.000000
   2    2   10 0.333333 1.666667
   1    0    7 0.000000 1.000000
   1    0    6 0.000000 1.000000
   1    0    6 0.000000 1.000000
   1    0    6 0.000000 1.000000
   2    2   10 0.333333 1.666667
   1    0    6 0.000000 1.000000
   1    0    6 0.000000 1.000000
   1    0    6 0.000000 1.000000
   1    0    5 0.000000 1.000000
   4    8   15 1.366667 2.633333
   1    0    6 0.000000 1.000000
   3    4   14 0.709524 2.290476
   1    0    6 0.000000 1.000000
   4    8   14 1.433333 2.566667
   1    0    6 0.000000 1.000000
   1    0    7 0.000000 1.000000
   1    0    6 0.000000 1.000000
   2    2    9 0.366667 1.633333
   8   24   24 4.121429 3.878571
   6   12   23 2.014286 3.985714
   3    4   13 0.685714 2.314286
   5   12   17 2.095238 2.904762
   2    2   10 0.333333 1.666667
   1    0    6 0.000000 1.000000
   8   24   23 4.195238 3.804762
   1    0    5 0.000000 1.000000
   5    6   26 0.928571 4.071429
   1    0    8 0.000000 1.000000
   4   10   15 1.647619 2.352381
   2    0   12 0.000000 2.000000
   3    4   14 0.652381 2.347619
   2    0   14 0.000000 2.000000
   2    2    8 0.400000 1.600000
   4    8   16 1.371429 2.628571
   1    0    6 0.000000 1.000000
   1    0    5 0.000000 1.000000
   3    6   14 0.904762 2.095238
   3    4   14 0.652381 2.347619
   1    0    6 0.000000 1.000000
   4    2   22 0.333333 3.666667
   2    0   12 0.000000 2.000000
   1    0    6 0.000000 1.000000
   3    6   10 1.185714 1.814286
   1    0    7 0.000000 1.000000
   1    0    5 0.000000 1.000000
   1    0    6 0.000000 1.000000
   3    4   14 0.676190 2.323810
   1    0    6 0.000000 1.000000
   3    4   14 0.676190 2.323810
   3    6   12 1.000000 2.000000
   1    0    6 0.000000 1.000000
   2    2   11 0.309524 1.690476
   5   12   18 1.971429 3.028571
   2    2    9 0.366667 1.633333
   1    0    7 0.000000 1.000000
   5   10   20 1.719048 3.280952
   6   10   27 1.661905 4.338095
   2    2    9 0.366667 1.633333
   8   22   23 3.814286 4.185714
   1    0    6 0.000000 1.000000
   4    2   21 0.366667 3.633333
   7   12   32 1.904762 5.095238
   1    0    6 0.000000 1.000000
   1    0    6 0.000000 1.000000
   2    2   11 0.325000 1.675000
   2    2   12 0.285714 1.714286
   2    2   12 0.291667 1.708333
   4   10   15 1.608333 2.391667
   5    8   24 1.261905 3.738095
   1    0    6 0.000000 1.000000
   6   16   22 2.571429 3.428571
   1    0    6 0.000000 1.000000
   4    6   16 1.100000 2.900000
   2    2   11 0.309524 1.690476
   3    4   14 0.666667 2.333333
   2    2    9 0.366667 1.633333
   1    0    6 0.000000 1.000000
   6   18   18 2.971429 3.028571
   3    2   15 0.366667 2.633333
   7   22   19 3.880952 3.119048
   9   28   23 4.900000 4.100000
   3    6   11 1.066667 1.933333
   1    0    6 0.000000 1.000000
   1    0    6 0.000000 1.000000
   4    8   16 1.295238 2.704762
   9   24   30 3.980952 5.019048
   2    2    8 0.400000 1.600000
   5   14   14 2.500000 2.500000
   1    0    6 0.000000 1.000000
   3    2   17 0.333333 2.666667
   4    6   16 1.100000 2.900000
   1    0    6 0.000000 1.000000
   1    0    7 0.000000 1.000000
   3    4   14 0.652381 2.347619
   8   24   27 3.947619 4.052381
   4    4   21 0.652381 3.347619
   2    2    9 0.366667 1.633333
   5    8   21 1.385714 3.614286
   2    2   10 0.333333 1.666667
   8   14   28 2.650000 5.350000
   5    6   25 0.976190 4.023810
  11   40   29 6.642857 4.357143
   4   10   12 1.833333 2.166667
   1    0    6 0.000000 1.000000
   1    0    7 0.000000 1.000000
   5   14   18 2.276190 2.723810
   6   14   24 2.176190 3.823810
   4    8   15 1.452381 2.547619
   1    0    8 0.000000 1.000000
   1    0    5 0.000000 1.000000
   3    0   17 0.000000 3.000000
   8   24   25 4.009524 3.990476
   4    8   17 1.361905 2.638095
   1    0    6 0.000000 1.000000
   2    0   14 0.000000 2.000000
   1    0    5 0.000000 1.000000
   2    2    9 0.366667 1.633333
   1    0    6 0.000000 1.000000
   9   20   35 3.266667 5.733333
   8   22   27 3.671429 4.328571
  14   50   35 8.385714 5.614286
   2    2   11 0.309524 1.690476
   3    4   13 0.733333 2.266667
   7   16   23 2.888095 4.111905
  13   36   43 5.960714 7.039286
   6   16   20 2.695238 3.304762
   1    0    5 0.000000 1.000000
   9   24   30 4.100000 4.900000
   5   14   16 2.361905 2.638095
   1    0    7 0.000000 1.000000
   1    0    7 0.000000 1.000000
   6   10   25 1.719048 4.280952
   3    4   18 0.535714 2.464286
   6   12   25 1.952381 4.047619
   3    6   11 1.085714 1.914286
   9   22   29 3.933333 5.066667
  12   36   35 6.104762 5.895238
  10   28   34 4.669048 5.330952
   2    2   10 0.333333 1.666667
   5    8   23 1.358333 3.641667
   8   22   26 3.690476 4.309524
  15   40   49 6.828571 8.171429
   3    4   12 0.792857 2.207143
   2    2   10 0.342857 1.657143
  12   26   44 4.509524 7.490476
   2    2   11 0.309524 1.690476
   1    0    6 0.000000 1.000000
   2    0   12 0.000000 2.000000
   1    0    6 0.000000 1.000000
   4    4   20 0.700000 3.300000
   4    8   16 1.428571 2.571429
   7   12   31 1.928571 5.071429
  31  126   55 21.585714 9.414286
  11   32   35 5.271429 5.728571
   2    2   12 0.285714 1.714286
   3    2   17 0.309524 2.690476
   7   20   23 3.238095 3.761905
  17   56   44 9.709524 7.290476
   1    0    6 0.000000 1.000000
   7   12   32 1.952381 5.047619
   2    2    9 0.366667 1.633333
   1    0    7 0.000000 1.000000
   1    0    6 0.000000 1.000000
   7   20   23 3.285714 3.714286
   7   20   19 3.533333 3.466667
  11   28   38 4.666667 6.333333
  20   58   66 9.433333 10.566667
  11   38   28 6.342857 4.657143
   4    8   17 1.328571 2.671429
   2    2   10 0.333333 1.666667
  30  126   51 21.385714 8.614286
   6    8   27 1.352381 4.647619
   3    4   15 0.619048 2.380952
   5   10   21 1.595238 3.404762
   7   14   31 2.233333 4.766667
   8   14   37 2.261905 5.738095
  18   54   49 9.561905 8.438095
  17   54   44 9.157143 7.842857
  10   34   28 5.704762 4.295238
   2    2   11 0.309524 1.690476
  30  130   48 21.992857 8.007143
   7   18   24 2.900000 4.100000
   6   10   26 1.638095 4.361905
   6   12   23 2.071429 3.928571
   6    8   27 1.409524 4.590476
  20   62   57 10.538095 9.461905
  16   42   56 7.002381 8.997619
  11   30   37 5.016667 5.983333
  28   96   72 15.983333 12.016667
   4    6   18 1.000000 3.000000
  10   32   26 5.490476 4.509524
   5    4   28 0.619048 4.380952
   5    6   24 1.009524 3.990476
  21   66   60 10.914286 10.085714
  14   38   48 6.080952 7.919048
  17   54   50 9.198810 7.801190
  24   78   62 13.495238 10.504762
   3    2   16 0.333333 2.666667
  14   46   40 7.616667 6.383333
   1    0    6 0.000000 1.000000
   3    2   15 0.366667 2.633333
  20   60   62 9.940476 10.059524
  11   24   41 4.133333 6.866667
  21   76   49 12.876190 8.123810
  27   96   65 16.138095 10.861905
   2    2   12 0.285714 1.714286
  14   30   56 5.161905 8.838095
   6    8   28 1.333333 4.666667
  30  108   71 18.161905 11.838095
   8    6   43 1.085714 6.914286
  23   70   66 11.990476 11.009524
  17   48   52 8.166667 8.833333
   2    2    9 0.366667 1.633333
  18   60   46 10.107143 7.892857
   5    6   25 0.995238 4.004762
  29  110   65 18.295238 10.704762
   2    0   12 0.000000 2.000000
  26   80   78 13.238095 12.761905
  18   54   53 8.992857 9.007143
   1    0    7 0.000000 1.000000
  15   44   42 7.554762 7.445238
   5    8   23 1.314286 3.685714
  26  104   55 17.575000 8.425000
   1    0    6 0.000000 1.000000
  31  106   77 17.871429 13.128571
  21   78   50 12.841667 8.158333
   1    0    6 0.000000 1.000000
  19   56   60 9.271429 9.728571
   3    4   15 0.642857 2.357143
  26   84   73 14.052381 11.947619
  34  130   74 21.871429 12.128571
  17   46   52 8.000000 9.000000
   5   12   18 1.933333 3.066667
  14   30   55 5.098810 8.901190
   1    0    6 0.000000 1.000000
  24   62   77 10.778571 13.221429
  31  108   81 17.842857 13.157143
  25   94   57 15.919048 9.080952
   8   20   28 3.416667 4.583333
  10   16   44 2.741667 7.258333
   3    2   13 0.400000 2.600000
  19   44   68 7.695238 11.304762
  33  112   90 18.451190 14.548810
  27  100   63 16.727381 10.272619
   7   18   25 2.885714 4.114286
  16   40   56 6.833333 9.166667
   2    2   10 0.333333 1.666667
   8    4   45 0.652381 7.347619
  30   94   87 15.905952 14.094048
  37  158   61 26.695238 10.304762
   4    8   18 1.291667 2.708333
  19   54   62 8.976190 10.023810
   1    0    6 0.000000 1.000000
   6    2   35 0.333333 5.666667
  41  148   97 24.971429 16.028571
  29   92   78 15.666667 13.333333
   4   10   17 1.476190 2.523810
  26   80   74 13.491667 12.508333
   3    2   16 0.366667 2.633333
  39  142   87 24.091667 14.908333
  28   94   78 15.457143 12.542857
   5   10   19 1.657143 3.342857
  27   92   68 15.547619 11.452381
   5   14   17 2.279762 2.720238
  39  152   84 25.276190 13.723810
  24   64   80 10.785714 13.214286
   2    2   11 0.309524 1.690476
  24   88   60 14.304762 9.695238
   2    2   11 0.309524 1.690476
  44  170   88 28.904762 15.095238
  28   96   72 16.136905 11.863095
   1    0    7 0.000000 1.000000
  25   94   55 15.885714 9.114286
   2    2    9 0.366667 1.633333
  46  198   78 33.271429 12.728571
  26   98   59 16.504762 9.495238
  25   90   63 14.946429 10.053571
   1    0    6 0.000000 1.000000
  41  170   81 28.318254 12.681746
  33  110   80 19.191667 13.808333
  27  100   65 16.464286 10.535714
   1    0    6 0.000000 1.000000
  40  154   81 26.104762 13.895238
  32  116   78 19.379762 12.620238
  32  132   64 22.179762 9.820238
   2    2    9 0.366667 1.633333
  42  160   93 26.566667 15.433333
  24   66   74 11.359524 12.640476
  36  122   95 20.307143 15.692857
  44  176   88 29.310714 14.689286
  20   68   51 11.614286 8.385714
  30  102   84 16.628571 13.371429
  41  156   89 26.117857 14.882143
  29  108   61 18.272619 10.727381
  29  102   75 16.996429 12.003571
  43  190   68 31.690476 11.309524
  28  110   55 18.680952 9.319048
  31  100   84 17.000000 14.000000
  38  162   69 26.880952 11.119048
  31  128   57 21.679762 9.320238
  33  120   83 19.909524 13.090476
  39  142   88 23.961905 15.038095
  28   98   69 16.447619 11.552381
  36  134   80 22.778571 13.221429
  44  160  105 26.695238 17.304762
  20   60   61 9.990476 10.009524
  30  110   75 18.233333 11.766667
  48  176  108 29.710714 18.289286
  22   68   63 11.347619 10.652381
  40  148   86 25.223810 14.776190
  43  150  114 24.805952 18.194048
  17   46   56 7.883333 9.116667
  33  102   97 16.960714 16.039286
  49  182  112 30.230952 18.769048
  18   54   53 9.295238 8.704762
  40  144  100 23.782143 16.217857
  47  174  106 29.241667 17.758333
  13   32   44 5.519048 7.480952
  36  122   92 20.747619 15.252381
  44  176   90 29.458333 14.541667
  20   70   50 11.867857 8.132143
  34  138   68 23.007143 10.992857
  47  190   88 32.285714 14.714286
  19   60   56 10.119048 8.880952
  35  144   66 24.163095 10.836905
  44  168   97 28.133333 15.866667
  21   68   57 11.415476 9.584524
  38  170   57 28.390476 9.609524
  28   94   77 15.625000 12.375000
  34  144   58 24.241667 9.758333
  38  158   70 26.290476 11.709524
  28   78   89 13.242857 14.757143
  34  142   63 23.769048 10.230952
  32  104   90 17.311905 14.688095
  31   92   90 15.927381 15.072619
  37  156   68 25.895238 11.104762
  25   82   73 13.288095 11.711905
  31  112   76 18.648413 12.351587
  44  184   73 31.323810 12.676190
  22   72   58 12.065476 9.934524
  32  102   91 17.052381 14.947619
  46  186   91 31.194048 14.805952
  19   62   55 10.357143 8.642857
  35  118   91 19.888095 15.111905
  46  186   88 31.330952 14.669048
  20   60   56 10.397619 9.602381
  33   96  105 16.076190 16.923810
  47  196   87 32.921429 14.078571
  18   50   58 8.640476 9.359524
  40  142   99 23.767857 16.232143
  42  184   67 30.909524 11.090476
  12   24   48 4.154762 7.845238
  42  160   90 26.785714 15.214286
  46  214   64 35.685714 10.314286
   9   16   40 2.580952 6.419048
  52  208  101 35.389286 16.610714
  39  158   77 26.594048 12.405952
   9   16   37 2.869048 6.130952
  39  136  100 22.759524 16.240476
  52  228   83 38.248810 13.751190
  15   60   28 10.304762 4.695238
  39  136  101 22.835714 16.164286
  46  188   87 31.690476 14.309524
  19   62   51 10.303571 8.696429
  29   86   86 14.725000 14.275000
  52  234   81 38.773810 13.226190
  22   72   62 11.877381 10.122619
  30   72  108 12.197619 17.802381
  48  194   92 32.832143 15.167857
  26   98   55 16.666667 9.333333
  22   52   81 8.738095 13.261905
  52  236   78 39.491667 12.508333
  28  106   63 17.653968 10.346032
  33  102   98 16.907143 16.092857
  39  150   81 25.183333 13.816667
  28  114   56 18.848810 9.151190
  30   92   86 15.746429 14.253571
  42  174   78 28.985714 13.014286
  17   52   50 8.646429 8.353571
  36  120   96 20.042857 15.957143
  47  212   70 35.645238 11.354762
  16   54   42 9.028571 6.971429
  33   98  100 16.485714 16.514286
  51  222   84 37.232143 13.767857
   9   16   38 2.661905 6.338095
  36  110  106 18.483333 17.516667
  55  224  106 37.378571 17.621429
   9   26   30 4.277381 4.722619
  51  214   86 36.100000 14.900000
  40  154   90 25.597619 14.402381
  10   28   31 4.790476 5.209524
  51  236   70 39.275000 11.725000
  39  148   87 24.700000 14.300000
  14   52   33 8.723810 5.276190
  49  220   77 36.514286 12.485714
  37  128   90 21.527381 15.472619
  13   42   39 6.892857 6.107143
  63  298   74 50.317857 12.682143
  24   70   77 11.780952 12.219048
  12   40   30 6.959524 5.040476
  66  324   71 54.320238 11.679762
  22   76   59 12.685714 9.314286
  11   30   35 5.095238 5.904762
  67  328   73 54.788095 12.211905
  22   70   64 11.661905 10.338095
  12   28   48 4.523810 7.476190
  70  342   75 57.382143 12.617857
  18   50   57 8.527381 9.472619
   8   18   30 3.047619 4.952381
  75  372   76 62.301190 12.698810
  17   46   58 7.661905 9.338095
   7   18   23 3.152381 3.847619
  65  290  107 48.136905 16.863095
  28   76   86 13.347619 14.652381
   3    4   12 0.733333 2.266667
  63  262  119 43.520238 19.479762
  34   96  107 16.665476 17.334524
   3    4   13 0.733333 2.266667
  76  370   85 61.922619 14.077381
  21   54   74 9.003571 11.996429
   3    4   13 0.733333 2.266667
  80  400   78 67.125000 12.875000
  17   36   69 5.967857 11.032143
  90  484   51 81.445238 8.554762
  10   14   51 2.333333 7.666667
  93  526   31 87.819048 5.180952
   7   12   31 2.028571 4.971429
  85  462   49 77.033333 7.966667
  15   40   49 6.802381 8.197619
  78  398   69 66.605952 11.394048
  22   64   69 10.600000 11.400000
  75  392   67 64.703571 10.296429
  25   74   67 13.040476 11.959524
  72  362   73 60.166667 11.833333
  28   92   73 15.678571 12.321429
  83  434   62 72.498810 10.501190
  17   42   62 7.021429 9.978571
  69  348   67 58.107143 10.892857
  31  118   67 19.919048 11.080952
  55  246   89 40.623810 14.376190
  45  176   89 29.676190 15.323810
  58  244  102 41.032143 16.967857
  42  152  102 25.473810 16.526190
  44  174   91 28.941667 15.058333
  56  244   91 40.808333 15.191667
  31  110   79 18.217857 12.782143
  69  332   79 55.613095 13.386905
  33  114   83 19.266667 13.733333
  67  320   83 53.525000 13.475000
  27   84   74 14.400000 12.600000
  73  368   74 61.052381 11.947619
  24   72   71 12.065476 11.934524
  76  386   71 64.238095 11.761905
  14   38   48 6.295238 7.704762
  86  466   48 77.592857 8.407143
  17   44   58 7.323810 9.676190
  83  440   58 73.395238 9.604762
  21   72   53 12.095238 8.904762
  79  422   53 70.128571 8.871429
  19   52   62 8.811905 10.188095
  81  424   62 70.919048 10.080952
  18   52   56 8.723810 9.276190
  82  436   56 72.742857 9.257143
  25   82   69 13.651587 11.348413
  75  380   69 63.613095 11.386905
  20   50   68 8.539286 11.460714
  80  414   68 69.133333 10.866667
  20   50   70 8.485714 11.514286
  80  410   70 68.367857 11.632143
  24   78   61 13.532143 10.467857
  76  400   61 66.478571 9.521429
  19   56   59 9.492857 9.507143
  81  426   59 71.067857 9.932143
  22   60   72 10.138095 11.861905
  78  396   72 66.142857 11.857143
  32  108   84 18.309524 13.690476
  68  324   84 54.067857 13.932143
  43  154  104 26.048810 16.951190
  57  238  104 40.090476 16.909524
  40  138  102 23.375000 16.625000
  60  258  102 43.238095 16.761905
  37  120  101 20.203175 16.796825
  63  278  101 46.495238 16.504762
  34  106  101 17.711905 16.288095
  66  292  101 49.235714 16.764286
  41  150   95 25.401190 15.598810
  59  260   95 43.469444 15.530556
  32  100   96 16.297619 15.702381
  68  308   96 51.875000 16.125000
  37  128   92 21.561905 15.438095
  63  288   92 48.042857 14.957143
  33  112   84 19.114286 13.885714
  67  320   84 53.425000 13.575000
  27   86   81 14.346429 12.653571
  73  352   81 59.357143 13.642857
  29   88   79 15.309524 13.690476
  71  354   79 58.434524 12.565476
  34  122   87 20.114286 13.885714
  66  304   87 51.111905 14.888095
  43  146  112 24.764286 18.235714
  57  230  112 38.366667 18.633333
  54  226  105 37.428571 16.571429
  46  164  105 27.997619 18.002381
  54  250   78 41.495238 12.504762
  46  194   78 32.817857 13.182143
  49  212   82 35.484524 13.515476
  51  224   82 37.376190 13.623810
  43  162   96 27.238095 15.761905
  57  246   96 41.242857 15.757143
  47  194   84 33.025000 13.975000
  53  238   84 39.583333 13.416667
  56  262   78 43.330556 12.669444
  44  182   78 30.833333 13.166667
  57  260   75 44.026190 12.973810
  43  190   75 31.325000 11.675000
  58  266   83 44.528571 13.471429
  42  168   83 28.251190 13.748810
  55  238   93 39.569048 15.430952
  45  176   93 29.658333 15.341667
  53  228   88 38.211905 14.788095
  47  196   88 32.795238 14.204762
  48  198   92 33.155952 14.844048
  52  218   92 36.748810 15.251190
  58  264   86 43.796429 14.203571
  42  164   86 27.705952 14.294048
  51  222   87 37.057143 13.942857
  49  204   87 34.417857 14.582143
  51  214   86 36.554762 14.445238
  49  214   86 35.569048 13.430952
  54  232   95 38.590476 15.409524
  46  178   95 30.223810 15.776190
  49  186  105 31.440476 17.559524
  51  204  105 34.088095 16.911905
  48  172  108 29.278571 18.721429
  52  212  108 34.861905 17.138095
  41  160   88 26.632143 14.367857
  59  264   88 44.133333 14.866667
  35  116   99 18.894048 16.105952
  65  286   99 47.972619 17.027381
  24   50   94 8.485714 15.514286
  76  362   94 60.167857 15.832143
  13   20   57 3.447619 9.552381
  87  466   57 77.858333 9.141667
  15   26   61 4.566667 10.433333
  85  452   61 75.141667 9.858333
  12   22   51 3.752381 8.247619
  88  476   51 79.398810 8.601190
  10   18   39 3.266667 6.733333
  90  504   39 83.846429 6.153571
   8   12   37 1.978571 6.021429
  92  514   37 85.833333 6.166667
   9   24   32 3.833333 5.166667
  91  512   32 85.461905 5.538095
  15   34   56 5.783333 9.216667
  85  454   56 75.695238 9.304762
  23   78   57 13.320238 9.679762
  77  408   57 67.865476 9.134524
  27  100   63 16.596429 10.403571
  73  374   63 62.496429 10.503571
  22   74   57 12.621429 9.378571
  78  412   57 68.733333 9.266667
  22   70   63 11.747619 10.252381
  78  404   63 67.422619 10.577381
  17   54   45 9.314286 7.685714
  83  456   45 75.813095 7.186905
  13   34   46 5.723810 7.276190
  87  474   46 79.183333 7.816667
  17   56   46 9.652381 7.347619
  83  452   46 75.371429 7.628571
  15   30   60 4.978571 10.021429
  85  450   60 75.113095 9.886905
  14   32   51 5.571429 8.428571
  86  466   51 77.534524 8.465476
  18   46   62 7.588095 10.411905
  82  430   62 71.372619 10.627381
  15   30   61 5.009524 9.990476
  85  448   61 74.866667 10.133333
  14   32   54 5.209524 8.790476
  86  460   54 76.998810 9.001190
  13   38   42 6.361905 6.638095
  87  478   42 80.152381 6.847619
  16   46   49 7.953571 8.046429
  84  456   49 76.111905 7.888095
  20   56   63 9.366667 10.633333
  80  418   63 69.700000 10.300000
  17   40   63 6.747619 10.252381
  83  434   63 72.552381 10.447619
  14   32   53 5.463095 8.536905
  86  462   53 77.163095 8.836905
  12   18   53 3.052381 8.947619
  88  476   53 79.197619 8.802381
   8   10   41 1.595238 6.404762
  92  508   41 84.983333 7.016667
   4    2   23 0.342857 3.657143
  96  552   23 92.322619 3.677381
   3    2   15 0.333333 2.666667
  97  568   15 94.600000 2.400000
   1    0    7 0.000000 1.000000
  99  586    7 97.800000 1.200000
   1    0    6 0.000000 1.000000
  99  588    6 98.022619 0.977381
   3    4   14 0.666667 2.333333
  97  568   14 94.638095 2.361905
 100  600    0 100.000000 0.000000
