   1    0    9 0.000000 1.000000
   1    0    6 0.000000 1.000000
   1    0    6 0.000000 1.000000
   6   18   17 3.180952 2.819048
   2    2   11 0.309524 1.690476
   1    0    5 0.000000 1.000000
   2    2    9 0.366667 1.633333
   1    0    6 0.000000 1.000000
   3    6   12 1.019048 1.980952
   2    2   10 0.342857 1.657143
   1    0    6 0.000000 1.000000
   1    0    6 0.000000 1.000000
   3    4   14 0.666667 2.333333
   1    0    6 0.000000 1.000000
   1    0    6 0.000000 1.000000
   1    0    6 0.000000 1.000000
   1    0    6 0.000000 1.000000
   1    0    7 0.000000 1.000000
   5   12   17 2.057143 2.942857
   1    0    7 0.000000 1.000000
   1    0    6 0.000000 1.000000
   1    0    7 0.000000 1.000000
   1    0    7 0.000000 1.000000
   1    0    6 0.000000 1.000000
   3    2   18 0.333333 2.666667
   4   10   12 1.833333 2.166667
   1    0    6 0.000000 1.000000
   1    0    5 0.000000 1.000000
   4   10   13 1.766667 2.233333
   1    0    6 0.000000 1.000000
   9   26   24 4.730952 4.269048
   1    0    6 0.000000 1.000000
   1    0    6 0.000000 1.000000
   1    0    6 0.000000 1.000000
   3    4   12 0.733333 2.266667
   1    0    5 0.000000 1.000000
   2    0   12 0.000000 2.000000
   1    0    7 0.000000 1.000000
   2    2   11 0.309524 1.690476
   1    0    5 0.000000 1.000000
   1    0    7 0.000000 1.000000
   1    0    6 0.000000 1.000000
   2    2   11 0.309524 1.690476
   1    0    7 0.000000 1.000000
   2    2   11 0.309524 1.690476
   2    0   11 0.000000 2.000000
   1    0    6 0.000000 1.000000
   1    0    7 0.000000 1.000000
   1    0    7 0.000000 1.000000
   1    0    6 0.000000 1.000000
   1    0    5 0.000000 1.000000
   2    2   10 0.333333 1.666667
   2    2   10 0.333333 1.666667
   1    0    6 0.000000 1.000000
   2    2   11 0.309524 1.690476
   1    0    6 0.000000 1.000000
   2    2    9 0.366667 1.633333
   1    0    6 0.000000 1.000000
   7   20   24 3.261905 3.738095
   3    6   12 1.019048 1.980952
   2    2   10 0.333333 1.666667
   5   12   18 2.008333 2.991667
   3    4   14 0.709524 2.290476
   2    2    8 0.400000 1.600000
   3    6   11 1.085714 1.914286
   2    2   11 0.309524 1.690476
   2    2    9 0.366667 1.633333
   6   18   20 3.028571 2.971429
   1    0    6 0.000000 1.000000
   2    2    9 0.366667 1.633333
   1    0    6 0.000000 1.000000
   6   16   20 2.704762 3.295238
  14   46   37 7.871429 6.128571
   1    0    7 0.000000 1.000000
   2    2    8 0.400000 1.600000
   3    4   13 0.685714 2.314286
   3    4   15 0.658333 2.341667
   3    6   14 0.935714 2.064286
   1    0    5 0.000000 1.000000
   2    0   11 0.000000 2.000000
   1    0    6 0.000000 1.000000
   1    0    6 0.000000 1.000000
   3    4   12 0.733333 2.266667
   1    0    6 0.000000 1.000000
   3    6   11 1.150000 1.850000
   2    0   12 0.000000 2.000000
   1    0    6 0.000000 1.000000
   2    2   12 0.285714 1.714286
   2    2   11 0.309524 1.690476
   2    2   13 0.267857 1.732143
   4    8   14 1.466667 2.533333
   1    0    7 0.000000 1.000000
   2    2   10 0.342857 1.657143
  13   44   35 7.385714 5.614286
   2    2   10 0.333333 1.666667
   5   14   17 2.280952 2.719048
   3    4   15 0.658333 2.341667
   7   18   23 3.061905 3.938095
   4   10   13 1.766667 2.233333
   6   20   16 3.457143 2.542857
   2    0   13 0.000000 2.000000
   1    0    6 0.000000 1.000000
  12   30   41 5.142857 6.857143
  16   52   44 8.671429 7.328571
   1    0    5 0.000000 1.000000
   1    0    5 0.000000 1.000000
   2    2   10 0.342857 1.657143
   4    8   15 1.471429 2.528571
   6   16   19 2.714286 3.285714
   2    2   11 0.309524 1.690476
   2    2   11 0.309524 1.690476
   2    2   10 0.342857 1.657143
   1    0    6 0.000000 1.000000
   5   14   16 2.352381 2.647619
   3    4   15 0.642857 2.357143
  13   36   43 5.947619 7.052381
   1    0    6 0.000000 1.000000
   3    6   12 1.019048 1.980952
   3    4   15 0.642857 2.357143
   9   28   24 4.840476 4.159524
   5   14   16 2.328571 2.671429
   9   28   25 4.752381 4.247619
   1    0    6 0.000000 1.000000
  12   36   34 6.030952 5.969048
  14   34   51 5.661905 8.338095
   3    6   12 1.000000 2.000000
   5   10   23 1.547619 3.452381
   1    0    6 0.000000 1.000000
   1    0    6 0.000000 1.000000
   3    6   11 1.085714 1.914286
   9   28   28 4.557143 4.442857
   2    2    9 0.366667 1.633333
   1    0    5 0.000000 1.000000
   4    8   16 1.376190 2.623810
   1    0    6 0.000000 1.000000
  17   56   50 9.280952 7.719048
   3    6   10 1.133333 1.866667
   1    0    7 0.000000 1.000000
   2    0   12 0.000000 2.000000
   5    8   19 1.500000 3.500000
  13   36   43 6.073810 6.926190
  18   66   43 10.938095 7.061905
  13   48   27 8.223810 4.776190
   5   10   20 1.719048 3.280952
   5   10   20 1.728571 3.271429
   4   10   14 1.666667 2.333333
   4    2   23 0.309524 3.690476
   3    2   15 0.342857 2.657143
   2    2    9 0.366667 1.633333
   3    6   13 0.952381 2.047619
   2    2   11 0.309524 1.690476
  16   52   44 8.822619 7.177381
   2    2   11 0.309524 1.690476
   8   22   25 3.804762 4.195238
  18   68   47 11.063095 6.936905
  15   44   44 7.514286 7.485714
  10   30   29 5.095238 4.904762
   7   14   28 2.480952 4.519048
   8   16   30 2.895238 5.104762
   2    2    8 0.400000 1.600000
  10   36   24 6.155556 3.844444
   1    0    6 0.000000 1.000000
   3    2   16 0.342857 2.657143
  27  102   58 17.170238 9.829762
   1    0    5 0.000000 1.000000
   7   16   26 2.604762 4.395238
   9   16   39 2.719048 6.280952
  16   44   53 7.347619 8.652381
  18   72   36 12.223810 5.776190
   5    2   24 0.450000 4.550000
   7   16   27 2.609524 4.390476
   5    8   26 1.190476 3.809524
   5   10   20 1.685714 3.314286
  28  112   54 18.969048 9.030952
   5    8   25 1.211905 3.788095
   7    8   29 1.433333 5.566667
  17   40   66 6.698810 10.301190
  23   92   47 15.384524 7.615476
   5    8   21 1.466667 3.533333
   6   12   25 1.952381 4.047619
   4    4   19 0.709524 3.290476
   5   12   18 2.028571 2.971429
  23   74   60 12.580952 10.419048
   4    8   15 1.400000 2.600000
   7   10   33 1.659524 5.340476
  21   56   73 9.285714 11.714286
  21   84   44 14.076190 6.923810
   2    2    8 0.400000 1.600000
   7   24   17 4.245238 2.754762
   5   14   17 2.338095 2.661905
  10   36   25 5.994048 4.005952
  24   78   67 13.142857 10.857143
   6   16   20 2.700000 3.300000
   6   12   24 2.028571 3.971429
  15   26   67 4.263095 10.736905
  16   52   41 8.841667 7.158333
  10   36   23 6.269048 3.730952
   4   10   14 1.666667 2.333333
   5   12   18 2.028571 2.971429
  14   46   38 7.819048 6.180952
  21   46   79 7.795238 13.204762
   7   20   22 3.392857 3.607143
   8   16   34 2.663095 5.336905
  21   68   58 11.601190 9.398810
  10   20   38 3.461905 6.538095
  11   30   35 5.113095 5.886905
   6   18   19 2.928571 3.071429
   5    8   24 1.319048 3.680952
  11   26   39 4.405952 6.594048
  14   24   57 4.150000 9.850000
   5   14   16 2.333333 2.666667
   7   10   34 1.619048 5.380952
  20   58   62 9.847619 10.152381
  11   30   34 5.142857 5.857143
  14   44   40 7.404762 6.595238
   5    6   26 0.952381 4.047619
   9   28   27 4.728571 4.271429
  15   48   42 8.076190 6.923810
  11   22   41 3.854762 7.145238
  11   40   27 6.719048 4.280952
  19   62   52 10.385714 8.614286
  19   74   43 12.301190 6.698810
  11   38   26 6.557143 4.442857
   3    2   16 0.366667 2.633333
   5    6   26 0.928571 4.071429
  21   74   51 12.463095 8.536905
   8   14   37 2.246429 5.753571
  17   54   49 8.915476 8.084524
  18   56   51 9.466667 8.533333
  21   68   58 11.319048 9.680952
  11   28   37 4.690476 6.309524
   4    8   16 1.376190 2.623810
   4    6   21 0.916667 3.083333
  17   52   45 9.066667 7.933333
  12   24   48 4.083333 7.916667
  25   90   59 15.166667 9.833333
  17   50   55 8.232143 8.767857
  18   56   51 9.419048 8.580952
  10   32   28 5.423810 4.576190
   4    2   23 0.333333 3.666667
   5    4   26 0.709524 4.290476
   9   22   30 3.780952 5.219048
   8   16   31 2.838095 5.161905
  25   90   55 15.461905 9.538095
  15   32   63 5.157143 9.842857
  15   40   53 6.711905 8.288095
  14   40   42 6.890476 7.109524
   4    2   23 0.291667 3.708333
   7   10   31 1.800000 5.200000
  12   34   38 5.709524 6.290476
  23   78   59 13.176190 9.823810
  24   58   86 9.784524 14.215476
  13   34   43 5.676190 7.323810
  15   46   47 7.663095 7.336905
   3    2   16 0.333333 2.666667
  16   40   54 6.819048 9.180952
   6    8   29 1.295238 4.704762
  23   84   53 14.276190 8.723810
  27   80   87 13.010714 13.989286
  10   20   38 3.391667 6.608333
  24   86   57 14.728571 9.271429
   2    0   13 0.000000 2.000000
  13   26   49 4.614286 8.385714
   1    0    7 0.000000 1.000000
  20   54   65 9.052381 10.947619
  37  134   87 22.594048 14.405952
  10   30   32 5.017857 4.982143
  14   42   43 7.071429 6.928571
   1    0    6 0.000000 1.000000
  15   48   42 8.047619 6.952381
   3    6   11 1.066667 1.933333
  32  130   57 22.144048 9.855952
  31  104   86 17.221429 13.778571
  11   26   40 4.309524 6.690476
  13   38   39 6.485714 6.514286
  11   32   35 5.438095 5.561905
   2    2   11 0.309524 1.690476
  25   88   63 14.557143 10.442857
  38  130   97 22.050000 15.950000
   7   10   30 1.733333 5.266667
  23   86   53 14.336905 8.663095
   5    4   27 0.700000 4.300000
   2    2   10 0.333333 1.666667
  38  144   82 24.152381 13.847619
  23   56   89 9.251190 13.748810
   2    0   11 0.000000 2.000000
  31  110   71 18.704762 12.295238
   6   16   21 2.691667 3.308333
  50  210   90 35.225000 14.775000
  13   20   62 3.260714 9.739286
   1    0    6 0.000000 1.000000
  24   78   61 13.428571 10.571429
  12   34   39 5.734524 6.265476
  54  230   96 38.272619 15.727381
  17   46   58 7.709524 9.290476
   1    0    5 0.000000 1.000000
  16   44   52 7.533333 8.466667
  12   36   33 6.338095 5.661905
  40  150   88 25.146429 14.853571
  24   78   65 13.300000 10.700000
  23   94   45 15.614286 7.385714
  13   38   42 6.152381 6.847619
  37  134   84 22.714286 14.285714
  28   86   85 14.279762 13.720238
  20   76   44 12.882143 7.117857
  15   38   53 6.357143 8.642857
  34  132   75 22.096429 11.903571
  30   90   84 15.477381 14.522619
  23   74   63 12.566667 10.433333
  13   30   52 4.828571 8.171429
  30  100   79 17.133333 12.866667
  30   96   85 16.109524 13.890476
  25   64   86 10.865476 14.134524
  15   38   52 6.630952 8.369048
  39  154   82 25.577381 13.422619
  21   54   73 9.209524 11.790476
  29   98   77 16.367857 12.632143
  11   24   38 4.371429 6.628571
  46  196   76 32.957143 13.042857
  26   84   75 13.923810 12.076190
  23   72   67 12.072619 10.927381
   5    4   26 0.700000 4.300000
  27  102   61 17.057143 9.942857
  33  130   71 21.769048 11.230952
  28   78   89 13.176190 14.823810
  12   24   45 4.350000 7.650000
  32  136   54 23.115476 8.884524
  25   78   74 13.019048 11.980952
  27   76   85 12.823810 14.176190
  16   50   47 8.551190 7.448810
  37  150   69 25.338095 11.661905
  15   34   59 5.657143 9.342857
  18   42   68 7.071429 10.928571
  30  116   62 19.489286 10.510714
  36  150   66 24.971429 11.028571
  11   28   38 4.704762 6.295238
  25   76   69 13.154762 11.845238
  28  108   65 17.723810 10.276190
  34  120   82 20.328571 13.671429
  10   24   38 3.904762 6.095238
  26   80   78 13.504762 12.495238
  30  100   78 17.073810 12.926190
  34  118   84 19.848810 14.151190
   8   14   37 2.269048 5.730952
  27   76   86 12.933333 14.066667
  31  110   75 18.452381 12.547619
  36  134   83 22.211905 13.788095
   8   16   29 2.845238 5.154762
  27   78   81 13.185714 13.814286
  29  110   69 18.058333 10.941667
  36  134   80 22.564286 13.435714
   8   14   36 2.438095 5.561905
  22   78   51 13.223810 8.776190
  34  136   71 22.550000 11.450000
  36  136   78 22.766667 13.233333
   6   10   26 1.700000 4.300000
  13   30   53 4.967857 8.032143
  45  194   73 33.038095 11.961905
  25   74   76 12.487302 12.512698
   4    6   17 1.019048 2.980952
  18   56   52 9.528571 8.471429
  53  240   79 40.152381 12.847619
  27   74   85 12.701190 14.298810
   3    2   19 0.285714 2.714286
  24   68   70 11.919048 12.080952
  46  186   96 30.863095 15.136905
  35  128   79 21.746429 13.253571
   2    0   13 0.000000 2.000000
  16   44   55 7.061905 8.938095
  47  202   79 33.948810 13.051190
  41  178   71 29.576190 11.423810
   1    0    7 0.000000 1.000000
   6    6   29 1.076190 4.923810
  52  238   71 39.985714 12.014286
  33  126   69 21.152381 11.847619
   2    2   10 0.333333 1.666667
  65  326   67 54.125000 10.875000
  37  136   84 22.990476 14.009524
  63  296   84 49.433333 13.566667
  37  138   85 22.980952 14.019048
  63  292   85 48.657143 14.342857
  40  154   88 25.642857 14.357143
  60  270   88 45.167857 14.832143
  32  100   96 16.609524 15.390476
  68  308   96 52.011905 15.988095
  31  108   78 17.905952 13.094048
  69  336   78 55.971429 13.028571
  23   72   68 11.815079 11.184921
  77  392   68 65.511905 11.488095
  23   54   81 9.476190 13.523810
  77  384   81 63.820238 13.179762
  18   44   62 7.528571 10.471429
  82  432   62 71.932143 10.067857
  24   76   65 13.009524 10.990476
  76  394   65 65.466667 10.533333
  26   94   62 15.738095 10.261905
  74  382   62 63.902381 10.097619
  28  102   63 17.594048 10.405952
  72  372   63 62.033333 9.966667
  26   78   84 12.626190 13.373810
  74  354   84 59.645238 14.354762
  29   86   85 14.642857 14.357143
  71  344   85 57.240476 13.759524
  32  118   71 20.000000 12.000000
  68  340   71 56.385714 11.614286
  32  128   67 21.279762 10.720238
  68  338   67 56.903571 11.096429
  28   92   77 15.233333 12.766667
  72  354   77 59.045238 12.954762
  32  110   82 18.588095 13.411905
  68  326   82 54.404762 13.595238
  38  162   67 27.305952 10.694048
  62  304   67 50.904762 11.095238
  40  166   70 28.242857 11.757143
  60  294   70 48.836905 11.163095
  50  234   65 39.161905 10.838095
  50  236   65 39.474603 10.525397
  47  204   79 33.895238 13.104762
  53  238   79 39.777381 13.222619
  54  260   64 43.680952 10.319048
  46  212   64 35.345238 10.654762
  61  296   67 49.773810 11.226190
  39  170   67 28.207143 10.792857
  70  352   72 58.601190 11.398810
  30  104   72 17.809524 12.190476
  72  372   59 62.276190 9.723810
  28  110   59 18.380952 9.619048
  87  476   50 79.159524 7.840476
  13   24   50 4.247619 8.752381
  84  468   37 77.838095 6.161905
  16   58   37 9.747619 6.252381
  91  502   41 84.128571 6.871429
   9   16   41 2.588095 6.411905
  91  514   31 85.955952 5.044048
   9   24   31 4.009524 4.990476
  83  444   52 74.189286 8.810714
  17   52   52 8.452381 8.547619
  90  514   27 85.651190 4.348810
  10   32   27 5.447619 4.552381
  95  548   22 91.376190 3.623810
   5    8   22 1.376190 3.623810
  95  542   25 90.743254 4.256746
   5    8   25 1.166667 3.833333
  91  514   30 85.828571 5.171429
   9   26   30 4.325000 4.675000
  90  510   33 84.852381 5.147619
  10   24   33 4.326190 5.673810
  81  444   43 74.047619 6.952381
  19   70   43 11.825000 7.175000
  88  490   40 81.530952 6.469048
  12   30   40 5.190476 6.809524
  87  472   47 79.114286 7.885714
  13   34   47 5.575000 7.425000
  85  456   54 76.221429 8.778571
  15   36   54 6.142857 8.857143
  84  466   41 77.507143 6.492857
  16   52   41 8.895238 7.104762
  83  448   49 74.609524 8.390476
  17   54   49 8.932143 8.067857
  84  458   48 76.290476 7.709524
  16   46   48 7.895238 8.104762
  89  490   46 81.713095 7.286905
  11   18   46 3.297619 7.702381
  84  454   51 75.625000 8.375000
  16   44   51 7.623810 8.376190
  87  482   44 80.047619 6.952381
  13   30   44 5.285714 7.714286
  82  444   48 74.151190 7.848810
  18   60   48 10.007143 7.992857
  79  412   65 68.450000 10.550000
  21   58   65 9.809524 11.190476
  78  400   65 67.044048 10.955952
  22   70   65 11.628571 10.371429
  72  352   76 59.009524 12.990476
  28   96   76 15.791667 12.208333
  67  318   87 52.972619 14.027381
  33  108   87 18.440476 14.559524
  70  304  113 51.229762 18.770238
  30   70  113 11.681349 18.318651
  78  390   76 65.594048 12.405952
  22   58   76 9.833333 12.166667
  77  382   79 63.773810 13.226190
  23   60   79 10.148810 12.851190
  77  384   85 63.673810 13.326190
  23   46   85 8.173810 14.826190
  84  460   42 77.080952 6.919048
  16   56   42 9.419048 6.580952
  81  446   38 74.592857 6.407143
  19   78   38 13.023810 5.976190
  88  496   30 83.015476 4.984524
  12   44   30 7.252381 4.747619
  94  538   26 89.764286 4.235714
   6   10   26 1.695238 4.304762
  94  542   21 90.585714 3.414286
   6   16   21 2.685714 3.314286
  91  518   29 86.261905 4.738095
   9   24   29 4.080952 4.919048
  87  480   40 80.159524 6.840476
  13   40   40 6.547619 6.452381
  92  518   34 86.322619 5.677381
   8   14   34 2.410714 5.589286
  87  486   35 81.176190 5.823810
  13   44   35 7.380952 5.619048
  83  454   45 75.561905 7.438095
  17   56   45 9.395238 7.604762
  85  460   50 76.761905 8.238095
  15   40   50 6.728571 8.271429
  94  538   28 89.480952 4.519048
   6    6   28 1.126190 4.873810
  98  580    9 96.585714 1.414286
   2    2    9 0.366667 1.633333
  99  586    7 97.757143 1.242857
   1    0    7 0.000000 1.000000
  97  570   13 94.941667 2.058333
   3    4   13 0.700000 2.300000
  97  564   16 94.104762 2.895238
   3    4   16 0.592857 2.407143
  97  566   15 94.471429 2.528571
   3    4   15 0.658333 2.341667
  97  570   14 94.814286 2.185714
   3    2   14 0.366667 2.633333
  97  566   16 94.351190 2.648810
   3    2   16 0.333333 2.666667
  96  556   19 92.776190 3.223810
   4    6   19 0.983333 3.016667
  97  566   16 94.465476 2.534524
   3    2   16 0.333333 2.666667
  99  588    6 97.965476 1.034524
   1    0    6 0.000000 1.000000
  99  588    6 98.014286 0.985714
   1    0    6 0.000000 1.000000
  99  588    6 98.000000 1.000000
   1    0    6 0.000000 1.000000
 100  600    0 100.000000 0.000000
