   4    8   14 1.433333 2.566667
   1    0    5 0.000000 1.000000
   1    0    7 0.000000 1.000000
   1    0    6 0.000000 1.000000
   1    0    5 0.000000 1.000000
   1    0    7 0.000000 1.000000
   1    0    6 0.000000 1.000000
   1    0    7 0.000000 1.000000
   1    0    6 0.000000 1.000000
   2    2   11 0.309524 1.690476
   2    2   10 0.333333 1.666667
   1    0    7 0.000000 1.000000
   1    0    6 0.000000 1.000000
   2    2   11 0.309524 1.690476
   2    2    9 0.366667 1.633333
   1    0    7 0.000000 1.000000
   4    8   16 1.295238 2.704762
   1    0    6 0.000000 1.000000
   1    0    6 0.000000 1.000000
   1    0    6 0.000000 1.000000
   2    2   10 0.342857 1.657143
   4   10   13 1.733333 2.266667
   1    0    6 0.000000 1.000000
   6   18   21 2.869048 3.130952
   2    2    9 0.366667 1.633333
   1    0    7 0.000000 1.000000
   1    0    8 0.000000 1.000000
   1    0    6 0.000000 1.000000
   1    0    5 0.000000 1.000000
   1    0    5 0.000000 1.000000
   6   20   14 3.600000 2.400000
   1    0    7 0.000000 1.000000
   6   16   16 3.033333 2.966667
   1    0    7 0.000000 1.000000
   3    4   13 0.700000 2.300000
   1    0    6 0.000000 1.000000
   2    2   10 0.342857 1.657143
   2    2   12 0.285714 1.714286
   1    0    7 0.000000 1.000000
   1    0    7 0.000000 1.000000
   4    8   15 1.419048 2.580952
   1    0    5 0.000000 1.000000
   1    0    7 0.000000 1.000000
   2    2   11 0.309524 1.690476
   2    2    9 0.366667 1.633333
   2    2   11 0.309524 1.690476
   2    2   10 0.333333 1.666667
   1    0    6 0.000000 1.000000
   2    2    9 0.366667 1.633333
   1    0    6 0.000000 1.000000
   2    2    9 0.366667 1.633333
   1    0    6 0.000000 1.000000
   1    0    7 0.000000 1.000000
   1    0    5 0.000000 1.000000
   2    2   10 0.333333 1.666667
   1    0    5 0.000000 1.000000
   2    2    9 0.366667 1.633333
   1    0    7 0.000000 1.000000
   5   10   20 1.719048 3.280952
   1    0    7 0.000000 1.000000
   1    0    6 0.000000 1.000000
   1    0    7 0.000000 1.000000
   2    2   11 0.309524 1.690476
   2    2    9 0.366667 1.633333
   3    6   12 1.019048 1.980952
   2    0   15 0.000000 2.000000
   1    0    7 0.000000 1.000000
   2    2    9 0.366667 1.633333
   4   10   14 1.661905 2.338095
   3    6   11 1.066667 1.933333
   5   10   21 1.619048 3.380952
   2    0   12 0.000000 2.000000
   2    2    9 0.366667 1.633333
   1    0    6 0.000000 1.000000
   2    2   10 0.333333 1.666667
   3    4   15 0.642857 2.357143
   6   10   25 1.809524 4.190476
   1    0    7 0.000000 1.000000
   5    6   21 1.133333 3.866667
   3    4   14 0.709524 2.290476
   1    0    7 0.000000 1.000000
   1    0    6 0.000000 1.000000
   1    0    7 0.000000 1.000000
   8   26   21 4.461905 3.538095
   1    0    7 0.000000 1.000000
   4   10   13 1.845238 2.154762
   6   12   22 2.176190 3.823810
   2    2   10 0.333333 1.666667
   2    2   11 0.309524 1.690476
  10   36   22 6.295238 3.704762
   2    2   10 0.333333 1.666667
   2    2   10 0.333333 1.666667
   2    2   11 0.309524 1.690476
   1    0    6 0.000000 1.000000
   3    4   15 0.619048 2.380952
   1    0    7 0.000000 1.000000
   1    0    7 0.000000 1.000000
   5   12   16 2.152381 2.847619
   1    0    7 0.000000 1.000000
   2    2    9 0.366667 1.633333
   1    0    7 0.000000 1.000000
   4    8   13 1.528571 2.471429
   4    8   15 1.419048 2.580952
   1    0    6 0.000000 1.000000
  10   22   38 3.628571 6.371429
   1    0    6 0.000000 1.000000
   1    0    6 0.000000 1.000000
   3    2   15 0.366667 2.633333
   4    8   15 1.400000 2.600000
   4    4   22 0.619048 3.380952
   4    4   21 0.642857 3.357143
   1    0    7 0.000000 1.000000
  14   44   40 7.252381 6.747619
   3    2   17 0.333333 2.666667
   2    2   10 0.342857 1.657143
   7   12   29 2.019048 4.980952
   3    6   14 0.904762 2.095238
   1    0    7 0.000000 1.000000
  11   34   31 5.790476 5.209524
   4   10   11 1.933333 2.066667
   1    0    6 0.000000 1.000000
   3    6   11 1.066667 1.933333
   1    0    7 0.000000 1.000000
   2    2    9 0.366667 1.633333
   5   14   18 2.326984 2.673016
   3    6   14 0.904762 2.095238
   5    6   23 1.085714 3.914286
   2    2   11 0.309524 1.690476
   2    2   10 0.333333 1.666667
   1    0    6 0.000000 1.000000
   3    6   10 1.185714 1.814286
   3    4   14 0.709524 2.290476
  11   20   47 3.320238 7.679762
   1    0    6 0.000000 1.000000
   5   10   19 1.900000 3.100000
   2    0   13 0.000000 2.000000
   9   24   27 4.280952 4.719048
  17   50   56 8.145238 8.854762
   4   10   13 1.864286 2.135714
   3    2   17 0.285714 2.714286
   1    0    5 0.000000 1.000000
   1    0    6 0.000000 1.000000
  12   36   36 5.990476 6.009524
   3    6   10 1.185714 1.814286
   1    0    6 0.000000 1.000000
   1    0    6 0.000000 1.000000
   1    0    6 0.000000 1.000000
   1    0    7 0.000000 1.000000
   7   20   21 3.371429 3.628571
   3    4   15 0.642857 2.357143
   2    2   11 0.325000 1.675000
   1    0    7 0.000000 1.000000
   3    6   11 1.066667 1.933333
   8   10   38 1.666667 6.333333
   1    0    6 0.000000 1.000000
   8   22   28 3.580952 4.419048
   2    2    8 0.400000 1.600000
   7   16   24 2.880952 4.119048
  23   86   56 14.085714 8.914286
   5   10   18 1.766667 3.233333
  10   32   28 5.361905 4.638095
   1    0    5 0.000000 1.000000
   1    0    6 0.000000 1.000000
  11   22   42 3.833333 7.166667
   3    6   13 0.952381 2.047619
   1    0    6 0.000000 1.000000
   1    0    8 0.000000 1.000000
   1    0    6 0.000000 1.000000
   2    2    8 0.400000 1.600000
   2    2   10 0.342857 1.657143
   3    6   10 1.185714 1.814286
   9   24   28 4.133333 4.866667
   6    8   27 1.485714 4.514286
   1    0    6 0.000000 1.000000
  13   40   39 6.880952 6.119048
   6   14   22 2.376190 3.623810
   4    8   16 1.319048 2.680952
  21   56   66 9.495238 11.504762
   6   18   19 2.970238 3.029762
   4    4   22 0.685714 3.314286
   1    0    6 0.000000 1.000000
   3    6   12 1.019048 1.980952
  17   46   61 7.482143 9.517857
   1    0    6 0.000000 1.000000
   1    0    5 0.000000 1.000000
   4    8   16 1.428571 2.571429
   2    0   13 0.000000 2.000000
   8   14   33 2.428571 5.571429
   7   14   26 2.519048 4.480952
   1    0    7 0.000000 1.000000
  10   28   34 4.688095 5.311905
   5    8   24 1.261905 3.738095
  39  144   87 24.588095 14.411905
   4   10   14 1.666667 2.333333
   4    8   16 1.314286 2.685714
   4    8   16 1.333333 2.666667
  10   14   47 2.428571 7.571429
   1    0    6 0.000000 1.000000
   4   10   14 1.666667 2.333333
   2    2   10 0.333333 1.666667
   7    6   35 1.066667 5.933333
   5    8   25 1.265079 3.734921
   2    2   10 0.333333 1.666667
  14   44   35 7.733333 6.266667
   6   10   25 1.809524 4.190476
  31  102   87 16.952381 14.047619
   7   16   25 2.757143 4.242857
   6   20   16 3.428571 2.571429
   3    2   16 0.366667 2.633333
  12   16   58 2.576190 9.423810
   8   14   36 2.304762 5.695238
   3    4   16 0.625000 2.375000
   3    0   18 0.000000 3.000000
   5    8   22 1.352381 3.647619
   3    6   14 0.935714 2.064286
  14   54   29 9.241667 4.758333
   8   20   27 3.414286 4.585714
  28   94   75 15.646429 12.353571
  10   28   31 4.866667 5.133333
   7   20   20 3.480952 3.519048
   2    0   11 0.000000 2.000000
   9   16   37 2.741667 6.258333
   7   10   33 1.752381 5.247619
   4    6   16 1.100000 2.900000
   2    2   10 0.333333 1.666667
  11   28   37 4.785714 6.214286
   5    6   23 1.066667 3.933333
   8   24   29 3.764286 4.235714
   8   18   28 3.204762 4.795238
  30  102   79 16.990476 13.009524
   8   26   26 4.207143 3.792857
   4   10   13 1.733333 2.266667
   4    4   17 0.766667 3.233333
   9   10   43 1.711905 7.288095
  12   32   39 5.371429 6.628571
   3    2   16 0.366667 2.633333
   2    2   11 0.309524 1.690476
  16   56   38 9.523810 6.476190
   5    6   24 1.009524 3.990476
   8   26   22 4.552381 3.447619
   4    6   17 1.066667 2.933333
  36  138   78 23.122619 12.877381
   6   14   22 2.380952 3.619048
   5   14   17 2.347619 2.652381
   3    0   20 0.000000 3.000000
  12   28   44 4.821429 7.178571
   4    4   22 0.619048 3.380952
   2    2    9 0.366667 1.633333
  12   34   40 5.709524 6.290476
   5   10   18 1.800000 3.200000
   8   20   26 3.504762 4.495238
  12   36   33 6.238095 5.761905
  35  126   86 21.039286 13.960714
   3    4   16 0.619048 2.380952
   6   18   18 3.047619 2.952381
   1    0    6 0.000000 1.000000
   4    4   21 0.619048 3.380952
   2    0   11 0.000000 2.000000
   2    2    9 0.366667 1.633333
  10   18   42 3.038095 6.961905
  13   50   27 8.580952 4.419048
  11   36   29 6.152381 4.847619
   9   22   30 3.847619 5.152381
  35  132   82 21.700000 13.300000
   3    2   17 0.309524 2.690476
  11   38   28 6.447619 4.552381
   7   18   25 3.014286 3.985714
   2    0   12 0.000000 2.000000
   1    0    7 0.000000 1.000000
  12   24   50 3.911905 8.088095
  11   32   32 5.561905 5.438095
  16   48   47 8.217857 7.782143
  14   42   43 7.052381 6.947619
  26   74   84 12.333333 13.666667
   2    2    8 0.400000 1.600000
   9   28   24 4.809524 4.190476
   4    6   20 0.928571 3.071429
   4    6   20 0.952381 3.047619
   4   10   14 1.714286 2.285714
   8   10   40 1.619048 6.380952
   7   10   32 1.710714 5.289286
  17   42   57 7.333333 9.666667
  10   22   38 3.661905 6.338095
  38  132   91 22.316667 15.683333
   8   24   26 3.971429 4.028571
   6   18   18 3.126190 2.873810
   3    4   15 0.616667 2.383333
   1    0    6 0.000000 1.000000
  15   42   48 7.082143 7.917857
   3    4   15 0.642857 2.357143
  15   40   47 6.780952 8.219048
  10   20   41 3.423810 6.576190
  42  166   88 27.544048 14.455952
   5    8   20 1.400000 3.600000
   7   14   26 2.400000 4.600000
   3    4   16 0.619048 2.380952
  13   40   37 6.752381 6.247619
   3    4   14 0.666667 2.333333
  18   76   35 12.485714 5.514286
  19   76   36 12.923810 6.076190
  35  128   81 21.646032 13.353968
   2    0   13 0.000000 2.000000
   7   14   27 2.519048 4.480952
   2    2   10 0.333333 1.666667
  10   28   33 4.604762 5.395238
   2    2   10 0.333333 1.666667
  19   68   45 11.640476 7.359524
  28  108   59 18.242857 9.757143
  32  112   82 18.773810 13.226190
   6    8   29 1.333333 4.666667
   1    0    6 0.000000 1.000000
  14   44   41 7.347619 6.652381
   4    4   18 0.733333 3.266667
  17   46   51 7.971429 9.028571
  29  114   60 19.173810 9.826190
  29  104   75 17.238095 11.761905
   8   24   24 4.138095 3.861905
  17   52   47 8.880952 8.119048
   6    8   29 1.295238 4.704762
  23   96   42 16.135714 6.864286
  16   50   48 8.228571 7.771429
  30  112   68 19.013095 10.986905
  17   64   34 11.002381 5.997619
  27   98   62 16.652381 10.347619
   4    2   24 0.342857 3.657143
  17   58   46 9.552381 7.447619
  14   36   51 5.823810 8.176190
  21   54   71 9.123810 11.876190
  13   46   32 7.772619 5.227381
  26   84   74 13.928571 12.071429
   2    2    9 0.366667 1.633333
  11   30   39 5.051190 5.948810
  19   56   54 9.590476 9.409524
  29  110   64 18.566667 10.433333
  11   28   38 4.723810 6.276190
  18   38   74 6.357143 11.642857
   2    2   10 0.333333 1.666667
   8   16   31 2.776190 5.223810
  19   50   58 8.771429 10.228571
  42  178   77 29.758333 12.241667
   7    8   35 1.452381 5.547619
  11   16   48 2.761905 8.238095
   2    0   11 0.000000 2.000000
   2    0   12 0.000000 2.000000
  23   68   72 11.247619 11.752381
  55  228  102 37.827381 17.172619
   8   14   32 2.433333 5.566667
   9   14   40 2.385714 6.614286
   3    6   11 1.119048 1.880952
  22   70   65 11.576190 10.423810
  58  244  104 40.964286 17.035714
  13   30   46 5.250000 7.750000
   5   10   20 1.708333 3.291667
   2    0   12 0.000000 2.000000
  20   54   67 9.182143 10.817857
  60  264   97 44.372619 15.627381
  13   26   49 4.519048 8.480952
   9   28   28 4.707143 4.292857
   2    0   12 0.000000 2.000000
  15   46   47 7.686905 7.313095
  61  280   84 47.090079 13.909921
  17   58   44 9.711905 7.288095
   7   16   27 2.598810 4.401190
   1    0    7 0.000000 1.000000
  11   28   39 4.742857 6.257143
  64  306   75 51.326190 12.673810
  16   56   41 9.280952 6.719048
   8   14   33 2.495238 5.504762
  16   66   29 11.190476 4.809524
  60  304   57 50.678571 9.321429
  19   58   54 9.822619 9.177381
   9   20   34 3.290476 5.709524
  23  100   38 16.742857 6.257143
  49  234   62 39.135714 9.864286
  12   34   41 5.505952 6.494048
  21   58   65 10.076190 10.923810
  10   28   33 4.628571 5.371429
  57  256   85 42.921429 14.078571
  10   20   40 3.354762 6.645238
  23   80   59 13.476190 9.523810
  11   28   37 4.742857 6.257143
  56  248   88 41.652381 14.347619
  11   18   48 3.135714 7.864286
  32  112   78 18.819048 13.180952
   8   22   26 3.680952 4.319048
  49  196  100 32.628571 16.371429
  15   28   61 4.838095 10.161905
  25   74   79 12.445238 12.554762
   4    4   21 0.685714 3.314286
  56  224  109 37.996429 18.003571
  13   28   52 4.632143 8.367857
  24   74   69 12.485714 11.514286
   4    6   19 0.952381 3.047619
  59  236  116 39.728571 19.271429
   9   10   41 1.752381 7.247619
  23   74   61 12.495238 10.504762
   3    4   16 0.595238 2.404762
  65  314   80 52.090476 12.909524
   9   12   48 1.833333 7.166667
  33  112   84 19.033333 13.966667
   3    0   18 0.000000 3.000000
  55  244   82 41.238095 13.761905
  12   30   43 4.985714 7.014286
  34  126   79 20.800000 13.200000
   1    0    7 0.000000 1.000000
  53  238   77 39.988095 13.011905
  10   30   34 4.882143 5.117857
  33  108   87 18.223810 14.776190
   2    2   11 0.309524 1.690476
  55  232   96 38.864286 16.135714
  13   40   38 6.676190 6.323810
  36  128   91 21.414286 14.585714
   3    6   11 1.119048 1.880952
  48  190   96 31.967857 16.032143
  12   26   42 4.580952 7.419048
  23   78   61 12.980952 10.019048
   3    6   12 1.019048 1.980952
  62  296   79 48.976190 13.023810
   9   24   30 4.125000 4.875000
  27   98   67 16.376190 10.623810
   4    8   15 1.419048 2.580952
  60  280   78 46.830952 13.169048
  16   44   51 7.385714 8.614286
  20   60   56 10.221429 9.778571
   2    2   11 0.325000 1.675000
  62  296   80 49.076190 12.923810
  16   34   57 6.000000 10.000000
  18   48   62 8.000000 10.000000
  66  328   71 54.550000 11.450000
   7   10   33 1.642857 5.357143
  17   46   59 7.626190 9.373810
  76  376   76 63.157143 12.842857
   5    4   24 0.733333 4.266667
  13   26   54 4.195238 8.804762
  82  420   72 70.083333 11.916667
  10   34   25 5.947619 4.052381
   7    8   35 1.292857 5.707143
  83  446   52 74.604762 8.395238
  14   40   40 6.942857 7.057143
   7   14   27 2.414286 4.585714
  79  412   67 68.257143 10.742857
   9   28   26 4.904762 4.095238
  12   38   36 6.219048 5.780952
  79  410   62 68.650000 10.350000
   5    8   26 1.230159 3.769841
  21   82   42 13.838095 7.161905
  74  376   66 62.977381 11.022619
   7   12   30 1.985714 5.014286
  15   38   50 6.485714 8.514286
  78  392   78 65.451190 12.548810
   4    4   19 0.709524 3.290476
  21   68   59 11.319048 9.680952
  75  380   70 63.509524 11.490476
   5    8   22 1.342857 3.657143
  16   30   68 4.827381 11.172619
  79  392   80 65.561905 13.438095
   4    6   20 0.952381 3.047619
  13   22   55 3.816667 9.183333
  83  434   63 72.611905 10.388095
   2    0   14 0.000000 2.000000
   9   12   39 2.166667 6.833333
  89  490   45 81.601190 7.398810
   2    2   10 0.333333 1.666667
   9   14   38 2.395238 6.604762
  89  494   42 82.239286 6.760714
   1    0    7 0.000000 1.000000
  11   20   47 3.346429 7.653571
  88  478   48 80.019048 7.980952
   7   12   29 2.095238 4.904762
  93  530   29 88.498810 4.501190
   7   22   21 3.619048 3.380952
  93  536   21 89.523810 3.476190
   6   18   19 2.975000 3.025000
  94  544   19 90.879762 3.120238
   7   20   23 3.371429 3.628571
  93  534   23 89.019048 3.980952
   4    4   17 0.766667 3.233333
  96  562   17 93.316667 2.683333
   4    4   20 0.666667 3.333333
  96  556   20 92.733333 3.266667
 100  600    0 100.000000 0.000000
