   1    0    5 0.000000 1.000000
   1    0    6 0.000000 1.000000
   4   10   14 1.714286 2.285714
   1    0    7 0.000000 1.000000
   2    2    9 0.366667 1.633333
   1    0    6 0.000000 1.000000
   2    2   12 0.291667 1.708333
   1    0    6 0.000000 1.000000
   1    0    5 0.000000 1.000000
   2    2   10 0.333333 1.666667
   2    0   11 0.000000 2.000000
   2    2   11 0.309524 1.690476
   4    6   18 1.042857 2.957143
   2    2   10 0.333333 1.666667
   1    0    7 0.000000 1.000000
   1    0    7 0.000000 1.000000
   3    6   13 0.971429 2.028571
   1    0    6 0.000000 1.000000
   1    0    6 0.000000 1.000000
   1    0    6 0.000000 1.000000
   1    0    5 0.000000 1.000000
   1    0    6 0.000000 1.000000
   2    2   11 0.309524 1.690476
   1    0    6 0.000000 1.000000
   2    2    9 0.366667 1.633333
   1    0    7 0.000000 1.000000
   1    0    6 0.000000 1.000000
   1    0    6 0.000000 1.000000
   1    0    6 0.000000 1.000000
   2    2    9 0.366667 1.633333
   2    2   11 0.309524 1.690476
   1    0    6 0.000000 1.000000
   3    6   12 1.019048 1.980952
   3    4   14 0.709524 2.290476
   3    4   14 0.709524 2.290476
   1    0    6 0.000000 1.000000
   2    2    9 0.366667 1.633333
   1    0    7 0.000000 1.000000
   1    0    7 0.000000 1.000000
   2    2   10 0.333333 1.666667
   1    0    8 0.000000 1.000000
   4   10   14 1.719048 2.280952
   7   22   18 3.900000 3.100000
   1    0    7 0.000000 1.000000
   2    2    9 0.366667 1.633333
   4    8   17 1.361905 2.638095
   1    0    6 0.000000 1.000000
   5   14   16 2.447619 2.552381
   3    4   12 0.766667 2.233333
   2    2    8 0.400000 1.600000
   1    0    7 0.000000 1.000000
   1    0    5 0.000000 1.000000
   1    0    6 0.000000 1.000000
   1    0    5 0.000000 1.000000
   3    2   14 0.416667 2.583333
   3    6   12 1.019048 1.980952
  12   42   28 7.314286 4.685714
   6   18   15 3.247619 2.752381
   2    2   10 0.333333 1.666667
   1    0    6 0.000000 1.000000
   4   10   14 1.719048 2.280952
   2    2   11 0.309524 1.690476
   1    0    7 0.000000 1.000000
   2    2    8 0.400000 1.600000
   1    0    6 0.000000 1.000000
   1    0    6 0.000000 1.000000
   2    2   10 0.333333 1.666667
   3    4   16 0.583333 2.416667
   3    6   12 1.000000 2.000000
   8   26   21 4.433333 3.566667
   5    8   21 1.352381 3.647619
   5   12   20 1.986905 3.013095
   1    0    7 0.000000 1.000000
   1    0    7 0.000000 1.000000
   1    0    5 0.000000 1.000000
   2    2   11 0.309524 1.690476
   1    0    7 0.000000 1.000000
   2    2   10 0.333333 1.666667
   6   16   19 2.738095 3.261905
   1    0    6 0.000000 1.000000
   1    0    6 0.000000 1.000000
   8   24   26 3.992857 4.007143
   5   12   19 1.976190 3.023810
   5   14   17 2.347619 2.652381
   1    0    5 0.000000 1.000000
   1    0    6 0.000000 1.000000
   8   22   29 3.528571 4.471429
   4    4   20 0.742857 3.257143
  15   50   40 8.433333 6.566667
   3    4   15 0.619048 2.380952
   4    6   20 1.011111 2.988889
   2    2    8 0.400000 1.600000
   1    0    6 0.000000 1.000000
   2    2    7 0.450000 1.550000
   1    0    7 0.000000 1.000000
   2    2   11 0.309524 1.690476
  18   72   36 12.138095 5.861905
   7   20   24 3.254762 3.745238
   5   12   17 2.066667 2.933333
   2    2   11 0.309524 1.690476
   3    4   12 0.750000 2.250000
   3    2   16 0.333333 2.666667
   2    2   11 0.309524 1.690476
   1    0    5 0.000000 1.000000
   1    0    6 0.000000 1.000000
  11   26   36 4.647619 6.352381
   1    0    7 0.000000 1.000000
   3    4   14 0.676190 2.323810
   1    0    6 0.000000 1.000000
  10   28   29 4.866667 5.133333
   5   12   18 1.961905 3.038095
  21   88   37 14.942857 6.057143
   1    0    6 0.000000 1.000000
   5    4   27 0.625000 4.375000
   2    2    9 0.366667 1.633333
  13   40   40 6.457143 6.542857
   9   28   27 4.657143 4.342857
  10   30   29 5.295238 4.704762
   3    2   16 0.333333 2.666667
   5   14   18 2.300000 2.700000
   5   12   18 2.052381 2.947619
   1    0    5 0.000000 1.000000
   2    2   10 0.333333 1.666667
   5   14   16 2.435714 2.564286
   2    2   11 0.309524 1.690476
   1    0    6 0.000000 1.000000
  11   28   40 4.602381 6.397619
   8   20   28 3.452381 4.547619
  21   84   42 14.042857 6.957143
   2    2    8 0.400000 1.600000
   5    4   27 0.619048 4.380952
   6    4   35 0.676190 5.323810
   7   20   21 3.433333 3.566667
  11   32   36 5.204762 5.795238
   2    0   13 0.000000 2.000000
   2    2    9 0.366667 1.633333
  10   34   26 5.717857 4.282143
   3    6   12 1.019048 1.980952
   4    8   15 1.361905 2.638095
   3    2   13 0.450000 2.550000
   5    6   23 1.033333 3.966667
   8   20   27 3.404762 4.595238
   7   14   29 2.280952 4.719048
  19   74   42 12.398810 6.601190
  14   32   52 5.433333 8.566667
   1    0    6 0.000000 1.000000
   3    4   16 0.592857 2.407143
   9   16   39 2.642857 6.357143
   3    4   12 0.792857 2.207143
   1    0    6 0.000000 1.000000
  18   60   42 10.414286 7.585714
   3    6   13 0.952381 2.047619
   4   10   13 1.733333 2.266667
   3    2   18 0.309524 2.690476
   7   16   27 2.614286 4.385714
   4    6   17 1.052381 2.947619
   2    2   11 0.309524 1.690476
  20   76   43 12.703571 7.296429
  11   28   37 4.771429 6.228571
   2    2   10 0.342857 1.657143
  12   30   40 5.238095 6.761905
   6   16   20 2.695238 3.304762
   3    6   14 0.904762 2.095238
  25   92   56 15.328571 9.671429
   3    4   15 0.642857 2.357143
   6   16   20 2.723810 3.276190
   6   10   29 1.535714 4.464286
   3    4   16 0.595238 2.404762
  19   62   51 10.580952 8.419048
  13   32   46 5.514286 7.485714
   1    0    7 0.000000 1.000000
  12   32   42 5.204762 6.795238
   2    2   10 0.333333 1.666667
   5   12   18 2.028571 2.971429
  37  156   62 26.625000 10.375000
   1    0    5 0.000000 1.000000
   5   10   21 1.695238 3.304762
   2    0   12 0.000000 2.000000
  19   74   43 12.061905 6.938095
   7   16   27 2.595238 4.404762
   3    4   14 0.709524 2.290476
  14   38   49 6.439286 7.560714
   3    4   14 0.666667 2.333333
   4    6   16 1.126190 2.873810
  46  194   78 32.697619 13.302381
   3    4   14 0.652381 2.347619
   1    0    5 0.000000 1.000000
  12   36   35 6.150000 5.850000
   7   12   31 2.178571 4.821429
   1    0    6 0.000000 1.000000
  16   46   51 7.558730 8.441270
   5   10   21 1.638095 3.361905
  54  238   82 39.872619 14.127381
   3    2   17 0.309524 2.690476
   2    2   11 0.309524 1.690476
  13   44   32 7.519048 5.480952
   4    2   21 0.342857 3.657143
   1    0    5 0.000000 1.000000
  16   46   50 7.759524 8.240476
   5    6   24 1.052381 3.947619
  54  232   97 38.364286 15.635714
   6   20   15 3.528571 2.471429
   1    0    6 0.000000 1.000000
  14   46   40 7.619048 6.380952
   2    0   13 0.000000 2.000000
   3    6   12 1.019048 1.980952
   9   16   39 2.590476 6.409524
  65  282  105 47.373810 17.626190
   7   16   25 2.766667 4.233333
  21   90   35 15.252381 5.747619
   2    2   11 0.309524 1.690476
   1    0    6 0.000000 1.000000
   5    4   24 0.733333 4.266667
  58  272   80 45.541667 12.458333
  13   36   40 6.152381 6.847619
  23   76   62 12.876190 10.123810
   3    4   13 0.726190 2.273810
   2    2   12 0.285714 1.714286
   2    2   10 0.333333 1.666667
  57  238  103 39.865476 17.134524
  13   38   40 6.400000 6.600000
  23   78   66 12.809524 10.190476
   6   16   21 2.683333 3.316667
  61  266   92 45.172619 15.827381
  10   20   41 3.376190 6.623810
  20   60   66 9.863095 10.136905
   6   16   19 2.785714 3.214286
  63  288   85 48.580952 14.419048
  11   34   32 5.685714 5.314286
  18   42   64 7.200000 10.800000
   4    6   19 0.995238 3.004762
  66  308   88 51.497619 14.502381
  12   32   41 5.404762 6.595238
  18   32   74 5.580952 12.419048
   2    2    9 0.366667 1.633333
  62  288   87 47.769048 14.230952
  18   54   54 9.028571 8.971429
  23   70   72 11.465476 11.534524
   1    0    5 0.000000 1.000000
  57  234  106 39.484524 17.515476
  19   48   65 8.135714 10.864286
  19   52   67 8.619048 10.380952
   1    0    7 0.000000 1.000000
  62  266  102 44.778571 17.221429
  18   42   64 7.295238 10.704762
  23   62   79 10.152381 12.847619
   1    0    7 0.000000 1.000000
  62  268   99 45.383333 16.616667
  14   32   53 5.404762 8.595238
  16   26   68 4.585714 11.414286
   4   10   11 2.016667 1.983333
  57  244  101 40.671429 16.328571
  23   86   54 14.452381 8.547619
  18   38   69 6.614286 11.385714
   1    0    6 0.000000 1.000000
  48  200   92 32.845238 15.154762
  33  126   69 21.330952 11.669048
  24   58   85 9.775000 14.225000
  49  188  108 31.379762 17.620238
  27   98   63 16.452381 10.547619
  22   54   78 9.071429 12.928571
  58  246  104 41.107143 16.892857
  20   52   66 8.928571 11.071429
  28   84   89 13.880952 14.119048
  43  138  117 23.345238 19.654762
  29   80   92 13.723810 15.276190
  30  106   75 17.759524 12.240476
  45  174   95 29.210714 15.789286
  25   66   84 11.288095 13.711905
  23   84   53 13.961905 9.038095
  32  126   64 21.247619 10.752381
  45  202   71 33.683333 11.316667
  27   96   64 16.311905 10.688095
  25   96   56 16.101190 8.898810
  48  218   70 36.625000 11.375000
  20   58   62 9.747619 10.252381
  18   40   68 6.779762 11.220238
  62  278   94 46.435714 15.564286
  15   30   58 5.190476 9.809524
  25   68   84 11.341667 13.658333
  60  264   96 44.353571 15.646429
  12   24   51 3.839286 8.160714
  28   76   94 12.757143 15.242857
  60  254  101 42.809524 17.190476
  10   20   40 3.450000 6.550000
  27   92   66 15.888095 11.111905
  63  298   84 49.408333 13.591667
   5    4   27 0.685714 4.314286
  30  106   76 17.641667 12.358333
  65  292   95 49.138095 15.861905
  12   30   43 5.130952 6.869048
  31  112   73 18.835714 12.164286
  57  246   96 41.151190 15.848810
  18   60   47 10.119048 7.880952
  24   74   72 12.227381 11.772619
  58  270   77 45.251190 12.748810
  20   74   45 12.490476 7.509524
  25   64   84 10.847619 14.152381
  55  250   83 41.509921 13.490079
  28  118   53 19.590476 8.409524
  17   40   59 6.995238 10.004762
  55  260   70 43.352381 11.647619
  27   92   72 15.157143 11.842857
  27   82   77 13.957143 13.042857
  46  202   75 33.785714 12.214286
  28   96   72 16.166667 11.833333
  19   50   64 8.404762 10.595238
  53  246   72 41.085714 11.914286
  26   88   68 14.770238 11.229762
  14   36   47 6.110714 7.889286
  60  284   77 47.423810 12.576190
  30  112   68 18.780952 11.219048
   5    4   24 0.709524 4.290476
  65  314   78 52.253571 12.746429
  21   68   57 11.561905 9.438095
   3    4   15 0.685714 2.314286
  76  386   70 64.316667 11.683333
  22   60   70 10.272619 11.727381
  78  400   70 66.836508 11.163492
  21   52   75 8.704762 12.295238
  79  398   75 66.714286 12.285714
  20   46   74 7.813095 12.186905
  80  406   74 67.745238 12.254762
  19   40   73 6.714286 12.285714
  81  414   73 68.780952 12.219048
  16   32   60 5.647619 10.352381
  84  448   60 74.319048 9.680952
  35  132   78 22.267857 12.732143
  65  312   78 52.140476 12.859524
  33  120   83 19.814286 13.185714
  67  314   83 52.755952 14.244048
  28   98   73 16.171429 11.828571
  72  356   73 59.969048 12.030952
  34  128   73 21.542857 12.457143
  66  326   73 54.102381 11.897619
  36  154   65 25.605952 10.394048
  64  316   65 52.976190 11.023810
  39  186   48 31.219048 7.780952
  61  318   48 53.157143 7.842857
  39  182   53 30.363095 8.636905
  61  312   53 52.133333 8.866667
  46  216   59 36.122619 9.877381
  54  266   59 44.439286 9.560714
  56  270   68 44.882143 11.117857
  44  194   68 32.665476 11.334524
  59  258   95 43.127381 15.872619
  41  152   95 25.447619 15.552381
  67  326   74 54.480952 12.519048
  33  126   74 20.995238 12.004762
  55  250   78 42.089286 12.910714
  45  194   78 32.350000 12.650000
  67  328   72 55.042857 11.957143
  33  128   72 21.377381 11.622619
  57  248   96 41.420238 15.579762
  43  160   96 27.010714 15.989286
  50  198   97 33.452381 16.547619
  50  208   97 34.491667 15.508333
  55  230   98 38.642857 16.357143
  45  174   98 28.919048 16.080952
  61  262  104 43.938095 17.061905
  39  130  104 21.991667 17.008333
  62  308   63 51.936905 10.063095
  38  166   63 27.882143 10.117857
  64  316   69 52.665079 11.334921
  36  146   69 24.457143 11.542857
  60  288   71 48.382143 11.617857
  40  170   71 28.444048 11.555952
  56  268   71 44.669048 11.330952
  44  190   71 31.811905 12.188095
  54  248   78 41.377381 12.622619
  46  196   78 32.850000 13.150000
  50  222   80 37.076190 12.923810
  50  218   80 36.616667 13.383333
  43  164   88 28.047619 14.952381
  57  260   88 43.141667 13.858333
  43  164   89 27.891667 15.108333
  57  258   89 42.953571 14.046429
  50  184  114 31.073810 18.926190
  50  188  114 31.141667 18.858333
  45  138  128 23.410714 21.589286
  55  206  128 34.234524 20.765476
  50  206   93 34.609524 15.390476
  50  208   93 34.692857 15.307143
  52  212   97 35.838095 16.161905
  48  194   97 32.455952 15.544048
  45  182   86 30.671429 14.328571
  55  246   86 41.115476 13.884524
  43  166   94 27.592857 15.407143
  57  246   94 41.213095 15.786905
  47  166  110 28.180952 18.819048
  53  214  110 35.611905 17.388095
  56  218  116 37.010714 18.989286
  44  150  116 25.278571 18.721429
  54  220   99 37.189286 16.810714
  46  182   99 30.376190 15.623810
  40  150   90 25.126190 14.873810
  60  270   90 45.053571 14.946429
  32   98   92 16.759524 15.240476
  68  318   92 53.129365 14.870635
  37  114  101 19.655952 17.344048
  63  284  101 46.758333 16.241667
  38  154   76 25.570238 12.429762
  62  294   76 49.320238 12.679762
  45  190   76 32.000000 13.000000
  55  258   76 42.695238 12.304762
  46  200   79 33.177381 12.822619
  54  242   79 40.696429 13.303571
  40  146   90 24.742857 15.257143
  60  274   90 45.639286 14.360714
  40  146   96 24.439286 15.560714
  60  262   96 43.909524 16.090476
  47  212   70 35.303571 11.696429
  53  248   70 41.223810 11.776190
  39  170   64 28.494444 10.505556
  61  302   64 50.442857 10.557143
  29  110   65 18.157143 10.842857
  71  360   65 60.114286 10.885714
  27   86   74 14.333333 12.666667
  73  366   74 60.751190 12.248810
  20   50   72 8.242857 11.757143
  80  406   72 68.007143 11.992857
  20   44   76 7.423810 12.576190
  80  404   76 67.422619 12.577381
  29   96   77 16.414286 12.585714
  71  350   77 58.555556 12.444444
  25   98   47 16.723810 8.276190
  75  408   47 67.677381 7.322619
  42  178   70 30.302381 11.697619
  58  282   70 46.835714 11.164286
  42  162   85 27.395238 14.604762
  58  268   85 44.284524 13.715476
  40  148  100 24.682143 15.317857
  60  252  100 43.151190 16.848810
  50  198   97 33.776190 16.223810
  50  208   97 34.546429 15.453571
  48  194   94 32.777381 15.222619
  52  218   94 36.821429 15.178571
  38  136   91 22.848810 15.151190
  62  282   91 47.147619 14.852381
  37  136   90 22.785714 14.214286
  63  284   90 47.776190 15.223810
  35  124   88 20.673810 14.326190
  65  300   88 50.207937 14.792063
  30  108   77 17.892857 12.107143
  70  338   77 56.796429 13.203571
  34  118   82 20.197619 13.802381
  66  318   82 52.726190 13.273810
  42  162   83 27.359524 14.640476
  58  272   83 44.648810 13.351190
  56  238   97 39.979762 16.020238
  44  168   97 28.287698 15.712302
  50  194  104 32.890476 17.109524
  50  198  104 33.125000 16.875000
  58  248   94 42.039286 15.960714
  42  164   94 27.023810 14.976190
  48  188  103 31.397619 16.602381
  52  206  103 34.798810 17.201190
  45  166  106 27.483333 17.516667
  55  222  106 37.082143 17.917857
  48  188   95 31.789286 16.210714
  52  222   95 36.728571 15.271429
  55  240   89 40.100000 14.900000
  45  182   89 30.276190 14.723810
  56  252   84 42.128571 13.871429
  44  180   84 30.014286 13.985714
  63  294   86 49.079762 13.920238
  37  134   86 22.690476 14.309524
  73  360   75 60.480952 12.519048
  27   90   75 14.821429 12.178571
  76  382   70 64.098810 11.901190
  24   78   70 12.783333 11.216667
  81  434   51 72.547619 8.452381
  19   64   51 10.671429 8.328571
  72  360   71 60.159524 11.840476
  28   98   71 16.390476 11.609524
  77  396   66 66.122619 10.877381
  23   72   66 12.116667 10.883333
  75  384   70 63.949206 11.050794
  25   76   70 13.014286 11.985714
  78  414   55 68.970238 9.029762
  22   76   55 12.860714 9.139286
  77  404   63 67.079762 9.920238
  23   70   63 12.000000 11.000000
  74  374   71 62.465476 11.534524
  26   84   71 14.213095 11.786905
  83  448   48 74.869048 8.130952
  17   56   48 9.251190 7.748810
  73  372   67 61.861905 11.138095
  27   94   67 15.900000 11.100000
  74  382   62 63.839286 10.160714
  26   94   62 15.766667 10.233333
  72  380   57 63.036905 8.963095
  28  106   57 17.979762 10.020238
  79  412   62 68.671429 10.328571
  21   64   62 10.664286 10.335714
  79  412   60 69.088095 9.911905
  21   68   60 11.591667 9.408333
  76  392   64 65.493651 10.506349
  24   80   64 13.300000 10.700000
  84  446   57 74.591270 9.408730
  16   40   57 6.700000 9.300000
  85  462   48 77.080952 7.919048
  15   42   48 6.947619 8.052381
  82  444   46 74.273810 7.726190
  18   64   46 10.576190 7.423810
  84  440   62 73.508333 10.491667
  16   36   62 6.050000 9.950000
  83  436   61 72.911905 10.088095
  17   42   61 7.003571 9.996429
  91  494   49 82.616667 8.383333
   9    8   49 1.304762 7.695238
  92  508   42 85.016667 6.983333
   8    8   42 1.442857 6.557143
  95  550   20 91.703571 3.296429
   5   10   20 1.695238 3.304762
  93  520   34 87.094048 5.905952
   7   12   34 1.897619 5.102381
  83  452   49 74.976190 8.023810
  17   50   49 8.480952 8.519048
  81  420   62 70.550000 10.450000
  19   56   62 9.152381 9.847619
  81  418   68 69.788095 11.211905
  19   46   68 7.769048 11.230952
  81  408   72 68.772619 12.227381
  19   48   72 7.787302 11.212698
  87  470   52 78.541667 8.458333
  13   26   52 4.376190 8.623810
  78  382   84 64.051190 13.948810
  22   50   84 8.333333 13.666667
  80  414   66 69.067857 10.932143
  20   54   66 9.123810 10.876190
  88  482   46 80.570238 7.429762
  12   26   46 4.438095 7.561905
  91  492   49 82.617857 8.382143
   9   10   49 1.523810 7.476190
  95  540   29 90.113095 4.886905
   5    2   29 0.309524 4.690476
  98  578   10 96.338095 1.661905
   2    2   10 0.342857 1.657143
  98  580    9 96.571429 1.428571
   2    2    9 0.366667 1.633333
  98  578   10 96.280952 1.719048
   2    2   10 0.333333 1.666667
  99  588    6 98.022619 0.977381
   1    0    6 0.000000 1.000000
 100  600    0 100.000000 0.000000
