   2    2    9 0.366667 1.633333
   5   10   19 1.700000 3.300000
   7   22   21 3.661905 3.338095
   3    6   10 1.185714 1.814286
   1    0    8 0.000000 1.000000
   1    0    6 0.000000 1.000000
   1    0    6 0.000000 1.000000
   2    2   10 0.333333 1.666667
   1    0    5 0.000000 1.000000
   1    0    6 0.000000 1.000000
   1    0    6 0.000000 1.000000
   4   10   14 1.666667 2.333333
   1    0    6 0.000000 1.000000
   1    0    7 0.000000 1.000000
   5   10   17 1.895238 3.104762
   1    0    6 0.000000 1.000000
   1    0    7 0.000000 1.000000
   1    0    6 0.000000 1.000000
   2    2   10 0.333333 1.666667
   2    2    8 0.400000 1.600000
   1    0    6 0.000000 1.000000
   1    0    5 0.000000 1.000000
   1    0    6 0.000000 1.000000
   3    4   15 0.685714 2.314286
   1    0    7 0.000000 1.000000
   1    0    6 0.000000 1.000000
   3    4   14 0.709524 2.290476
   1    0    6 0.000000 1.000000
   1    0    7 0.000000 1.000000
   1    0    5 0.000000 1.000000
   1    0    7 0.000000 1.000000
   2    2    9 0.366667 1.633333
   1    0    8 0.000000 1.000000
   1    0    6 0.000000 1.000000
   4    4   19 0.733333 3.266667
   1    0    7 0.000000 1.000000
   2    2    9 0.366667 1.633333
   3    4   14 0.666667 2.333333
   2    2   10 0.333333 1.666667
   1    0    7 0.000000 1.000000
   1    0    5 0.000000 1.000000
   5   14   17 2.238095 2.761905
   1    0    7 0.000000 1.000000
   3    4   14 0.709524 2.290476
   2    0   11 0.000000 2.000000
   1    0    6 0.000000 1.000000
   5   10   19 1.766667 3.233333
   1    0    7 0.000000 1.000000
   1    0    7 0.000000 1.000000
   1    0    6 0.000000 1.000000
   4   10   15 1.619048 2.380952
   1    0    6 0.000000 1.000000
   5    8   23 1.314286 3.685714
  12   46   26 7.780952 4.219048
   4    8   16 1.352381 2.647619
   1    0    7 0.000000 1.000000
   1    0    6 0.000000 1.000000
   2    2   11 0.309524 1.690476
   4    8   14 1.433333 2.566667
   1    0    6 0.000000 1.000000
   9   24   31 4.057143 4.942857
   2    2    9 0.366667 1.633333
   1    0    7 0.000000 1.000000
   1    0    7 0.000000 1.000000
   1    0    6 0.000000 1.000000
   5   12   17 2.128571 2.871429
   1    0    6 0.000000 1.000000
   6   18   17 3.071429 2.928571
   4   10   13 1.728571 2.271429
   3    4   14 0.676190 2.323810
   1    0    8 0.000000 1.000000
   3    2   18 0.291667 2.708333
   1    0    7 0.000000 1.000000
   1    0    6 0.000000 1.000000
   1    0    6 0.000000 1.000000
   6   10   22 1.866667 4.133333
   5   12   16 2.195238 2.804762
   8   18   30 3.071429 4.928571
   1    0    7 0.000000 1.000000
   2    2   10 0.333333 1.666667
   3    6   13 0.952381 2.047619
   4    6   17 1.109524 2.890476
   2    2   11 0.309524 1.690476
   8   16   29 2.961905 5.038095
  18   70   41 11.635714 6.364286
   5    6   21 1.166667 3.833333
   6   12   23 2.061905 3.938095
   4   10   13 1.775000 2.225000
   1    0    7 0.000000 1.000000
   5    2   29 0.366667 4.633333
   3    6   15 0.869048 2.130952
   1    0    7 0.000000 1.000000
   6   20   17 3.490476 2.509524
   6   16   19 2.800000 3.200000
   3    6   13 0.952381 2.047619
   2    2   10 0.333333 1.666667
   2    2   10 0.333333 1.666667
   3    6   12 1.019048 1.980952
   2    2   10 0.342857 1.657143
   1    0    5 0.000000 1.000000
   4    4   20 0.619048 3.380952
   1    0    7 0.000000 1.000000
   4    6   19 1.019048 2.980952
   4    8   14 1.466667 2.533333
   5   14   16 2.471429 2.528571
   1    0    6 0.000000 1.000000
   3    4   12 0.750000 2.250000
   1    0    6 0.000000 1.000000
   5    8   23 1.285714 3.714286
   8   14   38 2.238095 5.761905
  13   42   35 7.042857 5.957143
   3    4   14 0.666667 2.333333
   3    6   11 1.066667 1.933333
   4    8   16 1.341667 2.658333
   3    6   12 1.000000 2.000000
   4    6   19 0.952381 3.047619
   4    6   18 0.941667 3.058333
   5   14   16 2.460714 2.539286
   3    6   11 1.066667 1.933333
   2    2   11 0.309524 1.690476
   7   22   20 3.752381 3.247619
   1    0    6 0.000000 1.000000
   3    2   16 0.333333 2.666667
   1    0    7 0.000000 1.000000
  11   36   29 6.138095 4.861905
   9   28   25 4.872619 4.127381
   6   16   19 2.814286 3.185714
   4    6   16 1.100000 2.900000
   5    6   24 0.985714 4.014286
   7   18   22 3.221429 3.778571
   9   20   34 3.376190 5.623810
   3    4   16 0.595238 2.404762
   3    4   14 0.666667 2.333333
   5   14   15 2.433333 2.566667
   2    0   13 0.000000 2.000000
   3    4   12 0.766667 2.233333
   1    0    6 0.000000 1.000000
   4   10   14 1.666667 2.333333
   4    4   20 0.676190 3.323810
   5   12   17 2.254762 2.745238
   7   20   23 3.433333 3.566667
   2    0   12 0.000000 2.000000
  17   70   32 11.790476 5.209524
  12   46   25 7.927381 4.072619
   6   12   26 1.992857 4.007143
   5   10   21 1.638095 3.361905
   2    0   13 0.000000 2.000000
   8   18   29 3.091667 4.908333
  10   20   38 3.457143 6.542857
   3    0   19 0.000000 3.000000
   4    8   17 1.309524 2.690476
  12   46   27 7.711905 4.288095
   1    0    7 0.000000 1.000000
   5    6   22 1.066667 3.933333
   1    0    5 0.000000 1.000000
   6   12   23 2.080952 3.919048
   4    2   23 0.325000 3.675000
   3    2   19 0.309524 2.690476
   7   16   27 2.533333 4.466667
   3    2   15 0.400000 2.600000
  14   40   44 6.514286 7.485714
  12   44   26 7.597619 4.402381
   5   12   18 2.000000 3.000000
   1    0    5 0.000000 1.000000
   9   18   37 3.019048 5.980952
   2    2   11 0.309524 1.690476
   2    0   13 0.000000 2.000000
   4    8   13 1.533333 2.466667
  13   46   34 7.614286 5.385714
   8   16   29 2.833333 5.166667
   4    8   16 1.376190 2.623810
   6    6   29 1.066667 4.933333
   4    4   19 0.700000 3.300000
   9   22   31 3.950000 5.050000
   1    0    6 0.000000 1.000000
  18   60   49 9.945238 8.054762
  13   36   43 5.942857 7.057143
   6   14   25 2.419048 3.580952
   7   18   23 3.004762 3.995238
  15   54   37 9.115476 5.884524
   3    4   16 0.592857 2.407143
   1    0    7 0.000000 1.000000
  14   52   30 8.829762 5.170238
   9   20   33 3.438095 5.561905
   1    0    6 0.000000 1.000000
   6   14   20 2.404762 3.595238
   9   32   23 5.407143 3.592857
  22   80   50 13.572619 8.427381
   4    6   19 0.961905 3.038095
   9   32   24 5.171429 3.828571
   6   10   24 1.769048 4.230952
  22   88   45 14.614286 7.385714
   5   14   16 2.414286 2.585714
   3    4   15 0.619048 2.380952
  11   36   28 6.166667 4.833333
   8   16   31 2.823810 5.176190
   1    0    6 0.000000 1.000000
   6   14   20 2.461905 3.538095
   4    4   21 0.658333 3.341667
  22   78   58 12.660714 9.339286
   4    4   20 0.685714 3.314286
   8   22   26 3.747619 4.252381
   6   10   25 1.761905 4.238095
  18   62   49 10.200000 7.800000
   4   10   14 1.719048 2.280952
   3    4   12 0.733333 2.266667
  13   38   41 6.304762 6.695238
   7   16   29 2.485714 4.514286
   1    0    7 0.000000 1.000000
   3    6   12 1.019048 1.980952
   4    4   19 0.700000 3.300000
  27   90   67 15.183333 11.816667
   5   12   18 2.042857 2.957143
   9   26   29 4.261905 4.738095
  11   32   29 5.700000 5.300000
  12   24   56 3.682540 8.317460
   1    0    5 0.000000 1.000000
  12   42   26 7.452381 4.547619
  11   30   34 5.252381 5.747619
   2    2   10 0.333333 1.666667
   8   16   31 2.752381 5.247619
  29  104   73 17.332143 11.667857
   7   24   20 3.975000 3.025000
   7   22   20 3.690476 3.309524
   4    6   17 1.066667 2.933333
  14   38   42 6.717857 7.282143
   3    4   13 0.685714 2.314286
  10   32   31 5.371429 4.628571
  21   76   52 12.523810 8.476190
   4    8   15 1.419048 2.580952
  28   96   75 15.919048 12.080952
   5   10   20 1.666667 3.333333
  11   36   29 6.080952 4.919048
   5   10   18 1.885714 3.114286
  17   56   43 9.685714 7.314286
  12   40   33 6.571429 5.428571
  14   38   47 6.421429 7.578571
   3    2   16 0.366667 2.633333
  32  114   80 19.109524 12.890476
   4    8   18 1.214286 2.785714
  13   40   37 6.703571 6.296429
   4    6   16 1.066667 2.933333
  16   50   47 8.261905 7.738095
   7   12   32 2.028571 4.971429
  10   26   37 4.217857 5.782143
   5    6   26 1.019048 3.980952
  45  176   93 29.515476 15.484524
   3    4   13 0.700000 2.300000
  10   22   34 3.911905 6.088095
   6   14   23 2.247619 3.752381
  16   46   52 7.591667 8.408333
   5    6   23 1.033333 3.966667
  10   20   41 3.266667 6.733333
   2    2   10 0.333333 1.666667
  44  172   86 29.214286 14.785714
   6   18   19 2.961905 3.038095
  11   24   44 3.876190 7.123810
  11   28   40 4.533333 6.466667
   8   10   39 1.719048 6.280952
   4    6   18 0.985714 3.014286
  19   64   47 10.973810 8.026190
   5   14   15 2.597619 2.402381
  44  186   81 31.041667 12.958333
   4    4   18 0.759524 3.240476
   5    6   24 1.009524 3.990476
  15   40   49 6.919048 8.080952
   6   10   26 1.752381 4.247619
   7   12   30 2.019048 4.980952
  21   44   82 7.366667 13.633333
  10   30   30 4.902381 5.097619
  33  100   98 16.847619 16.152381
   5   12   18 2.028571 2.971429
   3    4   15 0.642857 2.357143
  12   36   36 6.210714 5.789286
   2    2    9 0.366667 1.633333
   3    6   10 1.133333 1.866667
  27   80   81 13.604762 13.395238
   7   14   30 2.266667 4.733333
  38  138   93 23.172619 14.827381
   4   10   14 1.719048 2.280952
   7   20   21 3.433333 3.566667
  27   98   66 16.295238 10.704762
  24   84   59 14.283333 9.716667
  12   36   36 6.042857 5.957143
  25   80   71 13.421429 11.578571
   7   20   20 3.504762 3.495238
   5    8   22 1.333333 3.666667
  31  106   75 18.266667 12.733333
  25   90   60 15.070238 9.929762
   7    6   38 1.042857 5.957143
  22   76   55 12.947619 9.052381
   6   14   24 2.314286 3.685714
   9   32   24 5.395238 3.604762
  32  100   91 16.841667 15.158333
  24   74   68 12.526190 11.473810
   5   10   17 1.895238 3.104762
  22   62   73 10.114286 11.885714
   3    4   16 0.583333 2.416667
  14   42   43 7.000000 7.000000
  29   82   90 13.911905 15.088095
  24   70   73 11.995238 12.004762
   1    0    7 0.000000 1.000000
  26   82   74 13.809524 12.190476
   2    2    8 0.400000 1.600000
  18   70   42 11.616667 6.383333
  26   84   69 14.414286 11.585714
  29   88   85 15.123810 13.876190
   4    6   20 0.928571 3.071429
  24   64   81 10.644048 13.355952
  17   60   43 10.014286 6.985714
  37  152   71 25.483333 11.516667
  10   18   48 2.732143 7.267857
   1    0    6 0.000000 1.000000
  25   82   64 14.061905 10.938095
  27  112   47 18.976190 8.023810
  45  202   74 33.220238 11.779762
  12   22   46 3.985714 8.014286
   1    0    6 0.000000 1.000000
  27  100   59 16.933333 10.066667
  15   54   37 9.023810 5.976190
  42  176   81 28.889286 13.110714
   8    8   42 1.342857 6.657143
   1    0    6 0.000000 1.000000
  31  112   71 19.015476 11.984524
  18   68   36 11.628571 6.371429
  28  102   67 17.085714 10.914286
  16   44   49 7.576190 8.423810
  40  160   80 26.854762 13.145238
  16   54   44 8.982143 7.017857
  20   38   78 6.514286 13.485714
  13   24   53 4.169048 8.830952
  44  180   85 30.436905 13.563095
  23   78   64 12.928571 10.071429
  20   62   61 10.226190 9.773810
  10   14   47 2.347619 7.652381
  52  228   80 38.259524 13.740476
  18   62   46 10.488095 7.511905
  11   20   46 3.390476 7.609524
  11   16   50 2.804762 8.195238
  61  274   94 45.733333 15.266667
  17   56   44 9.579762 7.420238
  12   28   41 4.966667 7.033333
  10   14   51 2.134524 7.865476
  65  286  100 48.336905 16.663095
  13   38   42 6.319048 6.680952
   8   12   38 1.952381 6.047619
  18   60   48 10.200000 7.800000
  52  196  115 32.611905 19.388095
  22   76   55 12.910714 9.089286
  18   58   49 9.980952 8.019048
  19   56   58 9.366667 9.633333
  48  180  108 30.172619 17.827381
  15   32   59 5.295238 9.704762
  20   66   54 11.038095 8.961905
  20   54   66 9.276190 10.723810
  39  132  100 22.380952 16.619048
  21   66   62 11.000000 10.000000
  26  110   46 18.544048 7.455952
  19   58   53 9.904762 9.095238
  38  152   77 25.608333 12.391667
  17   50   54 8.190476 8.809524
  35  146   64 24.480952 10.519048
  14   48   37 8.066667 5.933333
  35  118   89 20.000000 15.000000
  16   46   52 7.646429 8.353571
  40  166   76 27.710714 12.289286
   9   22   31 3.780952 5.219048
  38  138   89 23.171429 14.828571
  13   28   50 4.879762 8.120238
  34  134   71 22.333333 11.666667
  11   32   35 5.376190 5.623810
  38  136   88 23.023810 14.976190
  17   52   52 8.826190 8.173810
  23   72   67 11.909524 11.090476
   7   10   35 1.596429 5.403571
  49  196   92 33.173810 15.826190
  21   52   76 8.597619 12.402381
  24   78   66 13.207143 10.792857
   8   24   23 4.123810 3.876190
  58  254   91 42.692857 15.307143
  10   12   52 1.904762 8.095238
  17   32   70 5.342857 11.657143
   5   12   17 2.085714 2.914286
  72  348   84 58.084524 13.915476
   6    8   29 1.325000 4.675000
  22   64   66 10.842857 11.157143
   9   32   23 5.314286 3.685714
  61  272   95 45.401190 15.598810
   8   12   36 2.016667 5.983333
  30   98   79 16.723810 13.276190
  14   48   39 7.922619 6.077381
  47  180  101 30.184524 16.815476
   9   30   25 5.147619 3.852381
  33  104   91 17.580952 15.419048
  10   26   34 4.209524 5.790476
  47  174  112 28.516667 18.483333
  10   34   25 5.757143 4.242857
  30   90   88 15.390476 14.609524
   6   16   24 2.416667 3.583333
  55  200  125 33.848810 21.151190
   9   20   37 3.161905 5.838095
  37   94  128 15.952381 21.047619
   2    2    9 0.366667 1.633333
  54  192  131 32.408333 21.591667
   7   16   28 2.538095 4.461905
  31   88   97 14.954762 16.045238
   2    2   10 0.333333 1.666667
  58  244  105 40.946429 17.053571
   9   20   34 3.414286 5.585714
  44  168   92 28.500000 15.500000
  50  208   92 34.972619 15.027381
   6    8   32 1.190476 4.809524
  36  128   88 21.732143 14.267857
  57  264   82 43.728175 13.271825
   7   14   24 2.564286 4.435714
  39  144   90 24.114286 14.885714
  57  256   86 42.895238 14.104762
   4    6   18 1.066667 2.933333
  34  132   75 22.023810 11.976190
  65  316   72 52.883333 12.116667
   1    0    5 0.000000 1.000000
  28   98   70 16.242857 11.757143
  72  362   70 60.514286 11.485714
  33  130   70 21.730952 11.269048
  67  330   70 55.312698 11.687302
  50  208   90 34.809524 15.190476
  50  212   90 35.196429 14.803571
  54  260   67 43.238095 10.761905
  46  206   67 34.663095 11.336905
  55  238   92 40.110714 14.889286
  45  178   92 29.857143 15.142857
  57  240   99 40.485714 16.514286
  43  162   99 26.954762 16.045238
  71  334   90 56.192857 14.807143
  29   86   90 14.314286 14.685714
  65  298   93 49.897619 15.102381
  35  116   93 19.414286 15.585714
  57  248   93 41.814286 15.185714
  43  166   93 27.760714 15.239286
  58  260   86 43.526190 14.473810
  42  168   86 28.052381 13.947619
  60  258   99 43.265476 16.734524
  40  144   99 23.910714 16.089286
  61  266   98 44.645238 16.354762
  39  138   98 22.879365 16.120635
  61  290   76 48.761905 12.238095
  39  158   76 26.573810 12.426190
  54  250   73 41.816667 12.183333
  46  204   73 34.042857 11.957143
  51  246   65 40.704762 10.295238
  49  224   65 38.009524 10.990476
  58  274   71 45.711905 12.288095
  42  184   71 30.542857 11.457143
  58  270   79 45.166667 12.833333
  42  172   79 28.833333 13.166667
  60  292   69 48.752381 11.247619
  40  170   69 28.575000 11.425000
  60  294   65 49.452381 10.547619
  40  176   65 29.382143 10.617857
  71  372   54 62.200000 8.800000
  29  120   54 20.107143 8.892857
  77  402   58 67.250000 9.750000
  23   82   58 13.467857 9.532143
  89  496   38 82.817857 6.182143
  11   28   38 4.609524 6.390476
  84  454   53 75.525000 8.475000
  16   40   53 6.873810 9.126190
  85  458   48 76.916667 8.083333
  15   46   48 7.488095 7.511905
  89  494   40 82.275000 6.725000
  11   26   40 4.295238 6.704762
  82  434   53 72.736905 9.263095
  18   60   53 9.784524 8.215476
  79  406   65 68.238095 10.761905
  21   64   65 10.576190 10.423810
  81  426   58 71.222619 9.777381
  19   58   58 9.664286 9.335714
  80  424   53 71.026587 8.973413
  20   70   53 11.526190 8.473810
  83  436   58 73.261905 9.738095
  17   48   58 7.866667 9.133333
  80  416   63 69.526190 10.473810
  20   58   63 9.867857 10.132143
  68  340   65 56.895238 11.104762
  32  130   65 21.592857 10.407143
  64  322   61 54.128571 9.871429
  36  156   61 26.238889 9.761111
  66  340   59 56.463095 9.536905
  34  142   59 23.947619 10.052381
  67  312   87 52.085714 14.914286
  33  114   87 18.593651 14.406349
  71  348   78 58.360714 12.639286
  29   96   78 16.353571 12.646429
  81  414   71 69.027381 11.972619
  19   44   71 7.339286 11.660714
  78  412   55 68.595238 9.404762
  22   78   55 13.153571 8.846429
  69  342   73 57.033730 11.966270
  31  112   73 18.847619 12.152381
  74  352   88 59.023810 14.976190
  26   72   88 11.904762 14.095238
  75  386   67 64.125000 10.875000
  25   80   67 13.554762 11.445238
  68  348   65 57.566667 10.433333
  32  122   65 20.882143 11.117857
  62  300   77 49.623810 12.376190
  38  146   77 24.727381 13.272619
  65  310   84 51.390476 13.609524
  35  122   84 20.785714 14.214286
  69  330   84 55.307143 13.692857
  31  102   84 17.390476 13.609524
  70  298  110 51.047619 18.952381
  30   82  110 13.252381 16.747619
  71  328   99 54.611905 16.388095
  29   74   99 12.409524 16.590476
  70  310  106 52.283333 17.716667
  30   78  106 12.828571 17.171429
  70  316  100 53.095238 16.904762
  30   84  100 13.890476 16.109524
  61  284   83 47.586905 13.413095
  39  150   83 25.166667 13.833333
  63  298   84 49.364286 13.635714
  37  134   84 22.709524 14.290476
  63  282   94 47.404762 15.595238
  37  130   94 21.719048 15.280952
  66  304   91 50.970238 15.029762
  34  114   91 19.040476 14.959524
  63  308   72 51.223810 11.776190
  37  148   72 24.752381 12.247619
  64  326   57 54.466667 9.533333
  36  160   57 26.476190 9.523810
  61  318   47 53.316667 7.683333
  39  188   47 31.338095 7.661905
  58  296   54 49.266667 8.733333
  42  196   54 33.017857 8.982143
  62  306   63 51.447619 10.552381
  38  168   63 28.044444 9.955556
  61  292   72 48.939286 12.060714
  39  164   72 27.508333 11.491667
  67  324   79 54.019048 12.980952
  33  118   79 19.860714 13.139286
  57  262   80 43.833333 13.166667
  43  178   80 29.833333 13.166667
  50  226   72 37.771429 12.228571
  50  230   72 38.257143 11.742857
  50  228   71 38.546429 11.453571
  50  230   71 38.591667 11.408333
  55  254   77 42.280952 12.719048
  45  192   77 32.186905 12.813095
  55  250   82 41.627381 13.372619
  45  186   82 31.354762 13.645238
  61  264   94 44.766667 16.233333
  39  148   94 24.213095 14.786905
  63  292   85 48.689286 14.310714
  37  138   85 23.038095 13.961905
  69  344   71 57.411905 11.588095
  31  114   71 19.295238 11.704762
  69  330   81 55.500000 13.500000
  31  108   81 17.947619 13.052381
  69  334   81 55.819048 13.180952
  31  104   81 17.728571 13.271429
  68  316   90 52.908333 15.091667
  32  104   90 17.357143 14.642857
  83  432   66 72.022619 10.977381
  17   36   66 5.990476 11.009524
  75  376   72 63.047619 11.952381
  25   80   72 13.451190 11.548810
  85  444   64 74.400000 10.600000
  15   28   64 4.595238 10.404762
  80  414   66 68.980952 11.019048
  20   54   66 9.217857 10.782143
  83  416   76 69.860714 13.139286
  17   32   76 5.069048 11.930952
  78  404   68 66.952381 11.047619
  22   60   68 10.377381 11.622619
  60  268   94 44.757143 15.242857
  40  144   94 24.470238 15.529762
  60  254  100 42.663095 17.336905
  40  146  100 23.903571 16.096429
  64  268  110 45.434524 18.565476
  36  112  110 18.486905 17.513095
  67  292  109 48.866667 18.133333
  33   90  109 15.048810 17.951190
  62  266  109 44.000000 18.000000
  38  116  109 19.614286 18.385714
  59  272   83 45.371429 13.628571
  41  162   83 27.248810 13.751190
  64  308   78 51.357143 12.642857
  36  136   78 23.102381 12.897619
  68  316   91 52.996429 15.003571
  32  102   91 16.938095 15.061905
  74  374   73 62.030952 11.969048
  26   80   73 13.811905 12.188095
  79  390   79 65.823810 13.176190
  21   52   79 8.547619 12.452381
  81  412   76 68.598810 12.401190
  19   36   76 6.195238 12.804762
  77  386   75 64.529762 12.470238
  23   64   75 10.992857 12.007143
  77  402   57 67.380952 9.619048
  23   84   57 14.036111 8.963889
  80  420   58 70.384524 9.615476
  20   64   58 10.580952 9.419048
  69  330   83 55.453571 13.546429
  31  104   83 17.423810 13.576190
  53  230   93 37.704762 15.295238
  47  184   93 30.927381 16.072619
  48  196   92 32.551190 15.448810
  52  220   92 37.119048 14.880952
  35  118   92 19.850000 15.150000
  65  298   92 49.723810 15.276190
  24   92   52 15.323810 8.676190
  76  404   52 67.402381 8.597619
  26   92   62 15.519048 10.480952
  74  384   62 64.030952 9.969048
  36  152   68 25.195238 10.804762
  64  312   68 52.573810 11.426190
  35  142   69 23.604762 11.395238
  65  320   69 53.584524 11.415476
  26   72   84 12.377381 13.622619
  74  360   84 60.180952 13.819048
  29   84   88 14.138095 14.861905
  71  340   88 56.389286 14.610714
  34   94  109 15.809524 18.190476
  66  288  109 48.447619 17.552381
  27   78   86 13.247619 13.752381
  73  350   86 58.971429 14.028571
  13   34   43 5.733333 7.266667
  87  480   43 80.078571 6.921429
  10   22   37 3.764286 6.235714
  90  504   37 83.890476 6.109524
   6    8   27 1.452381 4.547619
  94  538   27 89.527381 4.472619
   8   18   30 3.063095 4.936905
  92  522   30 86.961905 5.038095
   7   10   33 1.628571 5.371429
  93  524   33 87.470238 5.529762
  12   26   46 4.552381 7.447619
  88  482   46 80.438095 7.561905
  23   72   67 11.997619 11.002381
  77  394   67 65.747619 11.252381
  29   88   90 14.733333 14.266667
  71  332   90 55.904762 15.095238
  22   58   80 9.457143 12.542857
  78  382   80 64.230952 13.769048
  11   18   49 3.066667 7.933333
  89  484   49 80.898810 8.101190
   8   20   24 3.614286 4.385714
  92  532   24 88.290476 3.709524
   9   28   26 4.625000 4.375000
  91  520   26 86.728571 4.271429
  16   60   37 9.942857 6.057143
  84  466   37 77.785714 6.214286
  16   66   32 10.909524 5.090476
  84  470   32 78.542857 5.457143
  19   76   40 12.616667 6.383333
  81  444   40 74.157143 6.842857
  27  116   44 19.600000 7.400000
  73  396   44 66.038095 6.961905
  37  170   54 28.416667 8.583333
  63  322   54 53.859524 9.140476
  43  200   57 33.682143 9.317857
  57  286   57 47.704762 9.295238
  37  158   63 26.433333 10.566667
  63  316   63 52.644048 10.355952
  37  138   83 23.182143 13.817857
  63  296   83 49.307143 13.692857
  36  140   79 23.266667 12.733333
  64  302   79 50.728571 13.271429
  39  158   80 26.251190 12.748810
  61  282   80 47.573810 13.426190
  41  156   89 26.245238 14.754762
  59  266   89 44.458333 14.541667
  42  166   92 27.657143 14.342857
  58  250   92 42.409524 15.590476
  36  124   91 20.942857 15.057143
  64  294   91 49.113095 14.886905
  29   84   92 14.069048 14.930952
  71  332   92 55.939286 15.060714
  30   80   97 13.560714 16.439286
  70  326   97 54.246429 15.753571
  27   74   88 12.460714 14.539286
  73  350   88 58.436905 14.563095
  19   54   64 8.877381 10.122619
  81  418   64 69.940476 11.059524
  25   74   81 11.980952 13.019048
  75  364   81 61.185714 13.814286
  17   38   68 6.264286 10.735714
  83  426   68 71.536905 11.463095
  17   52   51 8.680952 8.319048
  83  446   51 74.540476 8.459524
  19   68   43 11.585714 7.414286
  81  446   43 74.166667 6.833333
  10   20   41 3.409524 6.590476
  90  498   41 83.266667 6.733333
   7    6   34 1.100000 5.900000
  93  526   34 87.590476 5.409524
  18   64   43 10.900000 7.100000
  82  450   43 75.047619 6.952381
  22   80   52 13.333333 8.666667
  78  416   52 69.140476 8.859524
  18   62   45 10.333333 7.666667
  82  448   45 74.679762 7.320238
  15   46   44 7.716667 7.283333
  85  466   44 77.725000 7.275000
  15   38   51 6.385714 8.614286
  85  460   51 76.663095 8.336905
  12   26   48 4.328571 7.671429
  88  478   48 79.828571 8.171429
  14   34   50 5.609524 8.390476
  86  466   50 77.605952 8.394048
  10   26   34 4.357143 5.642857
  90  506   34 84.333333 5.666667
   9   12   42 2.010714 6.989286
  91  504   42 83.876587 7.123413
  13   30   45 5.295238 7.704762
  87  480   45 79.705952 7.294048
   6   10   27 1.661905 4.338095
  94  536   27 89.497619 4.502381
   6    8   27 1.395238 4.604762
  94  538   27 89.547619 4.452381
  10   32   29 5.340476 4.659524
  90  510   29 85.127381 4.872619
  10   26   33 4.433333 5.566667
  90  508   33 84.700000 5.300000
   7   12   28 2.066667 4.933333
  93  532   28 88.467857 4.532143
   3    2   16 0.366667 2.633333
  97  566   16 94.261905 2.738095
   4    8   15 1.400000 2.600000
  96  562   15 93.570238 2.429762
   9   24   30 3.952381 5.047619
  91  516   30 85.988889 5.011111
   7   12   28 2.100000 4.900000
  93  532   28 88.547619 4.452381
   4    4   18 0.733333 3.266667
  96  560   18 93.114286 2.885714
  10   18   40 3.133333 6.866667
  90  502   40 83.529762 6.470238
  10   22   39 3.651190 6.348810
  90  500   39 83.485714 6.514286
  11   26   36 4.557143 6.442857
  89  502   36 83.425000 5.575000
   9   22   33 3.811905 5.188095
  91  512   33 85.445238 5.554762
  12   42   28 7.228571 4.771429
  88  502   28 83.464286 4.535714
  12   40   36 6.629762 5.370238
  88  488   36 81.804762 6.195238
  13   44   32 7.385714 5.614286
  87  492   32 81.755952 5.244048
  11   34   34 5.428571 5.571429
  89  498   34 83.183333 5.816667
  13   34   46 5.552381 7.447619
  87  474   46 79.403571 7.596429
   8   20   29 3.257143 4.742857
  92  522   29 87.026190 4.973810
   7   10   32 1.719048 5.280952
  93  526   32 87.566667 5.433333
   2    2   12 0.285714 1.714286
  98  574   12 95.890476 2.109524
 100  600    0 100.000000 0.000000
