   1    0    7 0.000000 1.000000
   1    0    6 0.000000 1.000000
   2    2    9 0.366667 1.633333
   1    0    6 0.000000 1.000000
   3    4   13 0.742857 2.257143
   2    2   11 0.309524 1.690476
   1    0    6 0.000000 1.000000
   1    0    6 0.000000 1.000000
   1    0    7 0.000000 1.000000
   1    0    5 0.000000 1.000000
   1    0    6 0.000000 1.000000
   3    6   13 0.952381 2.047619
   5    8   20 1.419048 3.580952
   2    2    9 0.366667 1.633333
   1    0    6 0.000000 1.000000
   2    2    9 0.366667 1.633333
   2    2    8 0.400000 1.600000
   1    0    6 0.000000 1.000000
   1    0    7 0.000000 1.000000
   2    2    9 0.366667 1.633333
   1    0    6 0.000000 1.000000
   2    0   13 0.000000 2.000000
   1    0    8 0.000000 1.000000
   1    0    6 0.000000 1.000000
   1    0    6 0.000000 1.000000
   1    0    7 0.000000 1.000000
   1    0    6 0.000000 1.000000
   1    0    6 0.000000 1.000000
   3    4   14 0.709524 2.290476
   1    0    7 0.000000 1.000000
   1    0    6 0.000000 1.000000
   1    0    6 0.000000 1.000000
   2    2   10 0.333333 1.666667
   2    2    9 0.366667 1.633333
   2    2    9 0.366667 1.633333
   3    6   13 0.952381 2.047619
   3    4   14 0.709524 2.290476
   1    0    6 0.000000 1.000000
   4   10   13 1.761905 2.238095
   1    0    5 0.000000 1.000000
   1    0    5 0.000000 1.000000
   1    0    7 0.000000 1.000000
   1    0    6 0.000000 1.000000
   2    2   11 0.309524 1.690476
   6   16   24 2.400000 3.600000
   2    2   11 0.309524 1.690476
   2    2   11 0.309524 1.690476
   1    0    6 0.000000 1.000000
   4    4   21 0.642857 3.357143
   5   12   17 2.071429 2.928571
   4    8   15 1.452381 2.547619
   1    0    5 0.000000 1.000000
   3    4   12 0.766667 2.233333
   4    8   15 1.433333 2.566667
   2    2   10 0.333333 1.666667
   1    0    6 0.000000 1.000000
   6   14   22 2.425000 3.575000
   7   18   23 3.142857 3.857143
   2    2   10 0.333333 1.666667
   1    0    7 0.000000 1.000000
   1    0    5 0.000000 1.000000
   3    4   15 0.642857 2.357143
   3    2   16 0.366667 2.633333
   2    2   11 0.309524 1.690476
   3    4   14 0.666667 2.333333
   2    2    9 0.366667 1.633333
   1    0    7 0.000000 1.000000
   1    0    6 0.000000 1.000000
   4    8   16 1.328571 2.671429
   2    2   10 0.333333 1.666667
   1    0    6 0.000000 1.000000
   2    2   10 0.342857 1.657143
   1    0    6 0.000000 1.000000
   1    0    5 0.000000 1.000000
   1    0    7 0.000000 1.000000
   1    0    7 0.000000 1.000000
   1    0    6 0.000000 1.000000
   2    2   10 0.342857 1.657143
   1    0    8 0.000000 1.000000
   2    2   12 0.285714 1.714286
   1    0    6 0.000000 1.000000
   6   14   22 2.352381 3.647619
   1    0    6 0.000000 1.000000
   1    0    5 0.000000 1.000000
   1    0    7 0.000000 1.000000
   9   18   34 3.147619 5.852381
   3    2   16 0.366667 2.633333
   2    2    9 0.366667 1.633333
   3    2   15 0.342857 2.657143
   4    4   19 0.709524 3.290476
   4    6   16 1.066667 2.933333
   4   10   16 1.571429 2.428571
   3    2   16 0.366667 2.633333
   2    2   10 0.342857 1.657143
   2    2   10 0.333333 1.666667
  11   30   37 4.972619 6.027381
  12   34   35 5.957143 6.042857
   2    0   11 0.000000 2.000000
   1    0    6 0.000000 1.000000
   5    6   23 1.100000 3.900000
   2    0   11 0.000000 2.000000
   4    8   16 1.352381 2.647619
   1    0    7 0.000000 1.000000
   3    6   13 0.952381 2.047619
   1    0    6 0.000000 1.000000
   3    4   16 0.595238 2.404762
   3    6    9 1.233333 1.766667
  10   36   22 6.307143 3.692857
   2    0   14 0.000000 2.000000
   5   10   21 1.580952 3.419048
   4    4   22 0.619048 3.380952
  12   42   30 7.122619 4.877381
   2    2    9 0.366667 1.633333
   2    2   10 0.333333 1.666667
   3    2   18 0.309524 2.690476
   5   12   18 2.000000 3.000000
   3    4   14 0.709524 2.290476
   1    0    5 0.000000 1.000000
   5   10   21 1.595238 3.404762
   6   12   25 2.052381 3.947619
  14   30   57 4.971429 9.028571
   3    4   15 0.642857 2.357143
   1    0    6 0.000000 1.000000
   3    2   17 0.309524 2.690476
   4    4   19 0.700000 3.300000
   2    2   11 0.325000 1.675000
   1    0    5 0.000000 1.000000
   3    2   17 0.309524 2.690476
   1    0    5 0.000000 1.000000
   6   14   22 2.371429 3.628571
   2    2    8 0.400000 1.600000
  20   76   44 12.780952 7.219048
   8   22   26 3.685714 4.314286
   4    4   20 0.676190 3.323810
   5    4   26 0.676190 4.323810
   6    8   26 1.442857 4.557143
   1    0    5 0.000000 1.000000
   4    4   20 0.666667 3.333333
   4    6   19 0.961905 3.038095
   3    6   11 1.085714 1.914286
  15   40   50 6.780952 8.219048
   2    0   13 0.000000 2.000000
   1    0    5 0.000000 1.000000
   4    4   21 0.666667 3.333333
  11   22   41 3.866667 7.133333
   1    0    6 0.000000 1.000000
   2    0   12 0.000000 2.000000
   1    0    6 0.000000 1.000000
   1    0    5 0.000000 1.000000
   6   12   25 1.938095 4.061905
   1    0    6 0.000000 1.000000
  20   60   58 10.191667 9.808333
   3    6   13 0.952381 2.047619
   4   10   13 1.766667 2.233333
  10   28   35 4.657143 5.342857
   6   12   24 2.000000 4.000000
   5    6   25 1.019048 3.980952
   2    0   14 0.000000 2.000000
   3    4   15 0.642857 2.357143
  14   34   51 5.716667 8.283333
   6   16   19 2.875000 3.125000
   1    0    5 0.000000 1.000000
  10   20   42 3.309524 6.690476
   1    0    6 0.000000 1.000000
   3    2   16 0.342857 2.657143
   1    0    5 0.000000 1.000000
   4    8   13 1.528571 2.471429
   5    6   24 1.042857 3.957143
   3    6   12 1.000000 2.000000
  15   40   52 6.692857 8.307143
   3    6   10 1.133333 1.866667
   6   16   21 2.680952 3.319048
  12   28   45 4.776190 7.223810
   7   12   26 2.219048 4.780952
   4    8   18 1.238095 2.761905
   4    4   18 0.759524 3.240476
   2    2   10 0.342857 1.657143
   9   18   37 2.866667 6.133333
   6   12   24 2.038095 3.961905
   1    0    6 0.000000 1.000000
  10   20   44 3.107143 6.892857
   5    8   21 1.419048 3.580952
   2    0   12 0.000000 2.000000
   3    2   16 0.342857 2.657143
   3    6   13 0.952381 2.047619
  19   60   51 10.180952 8.819048
   3    6   13 0.952381 2.047619
  11   34   28 6.076190 4.923810
  10   26   35 4.304762 5.695238
   4    8   19 1.214286 2.785714
   8   22   25 3.785714 4.214286
   4    4   22 0.619048 3.380952
   2    0   11 0.000000 2.000000
  10   20   42 3.328571 6.671429
   3    4   13 0.685714 2.314286
   1    0    6 0.000000 1.000000
   8   16   33 2.667857 5.332143
   9   12   42 2.019048 6.980952
   5   12   18 2.076190 2.923810
   3    4   15 0.658333 2.341667
  16   38   51 6.847619 9.152381
   5    4   25 0.766667 4.233333
  11   36   29 6.152381 4.847619
   2    0   12 0.000000 2.000000
  21   78   53 12.875000 8.125000
   6   10   25 1.935714 4.064286
   4    4   21 0.652381 3.347619
   8   24   26 3.973810 4.026190
   6   16   20 2.728571 3.271429
   5    4   29 0.595238 4.404762
   7   14   29 2.290476 4.709524
   6   18   16 3.133333 2.866667
   3    4   15 0.642857 2.357143
  10   22   40 3.566667 6.433333
   5    8   22 1.319048 3.680952
   9   26   26 4.557143 4.442857
   2    2   11 0.309524 1.690476
  29  112   56 19.254762 9.745238
   2    2   10 0.333333 1.666667
   4    6   17 1.042857 2.957143
   9   28   28 4.821429 4.178571
   1    0    6 0.000000 1.000000
   5   10   24 1.535714 3.464286
  11   26   36 4.580952 6.419048
   5   14   18 2.260714 2.739286
   3    4   14 0.666667 2.333333
  10   24   35 4.069048 5.930952
   6    8   25 1.466667 4.533333
  16   60   35 10.219048 5.780952
   4    6   16 1.102381 2.897619
  24   78   70 12.867857 11.132143
   4    8   13 1.533333 2.466667
  12   34   40 5.590476 6.409524
   3    6   10 1.185714 1.814286
   5    8   23 1.328571 3.671429
   5   14   15 2.452381 2.547619
   3    2   18 0.285714 2.714286
  13   44   35 7.483333 5.516667
  11   26   37 4.661905 6.338095
  18   56   51 9.619048 8.380952
   3    4   15 0.685714 2.314286
  23   78   63 12.928571 10.071429
   1    0    7 0.000000 1.000000
   9   22   32 3.704762 5.295238
   1    0    7 0.000000 1.000000
   6   18   18 3.019048 2.980952
   5   12   20 1.875000 3.125000
   2    2   10 0.333333 1.666667
  11   38   27 6.452381 4.547619
  16   40   53 6.957143 9.042857
  24   88   55 14.927381 9.072619
   2    2   10 0.342857 1.657143
  23   68   71 11.209524 11.790476
   2    0   12 0.000000 2.000000
  10   30   31 5.023810 4.976190
   2    0   12 0.000000 2.000000
   3    0   19 0.000000 3.000000
   1    0    6 0.000000 1.000000
  12   38   33 6.395238 5.604762
  14   40   45 6.652381 7.347619
  38  164   60 27.870238 10.129762
   4   10   14 1.695238 2.304762
  14   34   52 5.595238 8.404762
   1    0    6 0.000000 1.000000
   5    6   25 0.976190 4.023810
   2    2   10 0.342857 1.657143
   2    2   10 0.342857 1.657143
   5   12   18 1.995238 3.004762
   4    4   22 0.619048 3.380952
  14   36   51 5.919048 8.080952
  47  220   59 36.985714 10.014286
   1    0    6 0.000000 1.000000
  19   60   51 10.366667 8.633333
   7   12   28 2.061905 4.938095
   1    0    7 0.000000 1.000000
   4    8   17 1.261905 2.738095
   1    0    7 0.000000 1.000000
  17   42   63 6.935714 10.064286
  52  228   82 38.140476 13.859524
   1    0    6 0.000000 1.000000
  17   54   46 9.097619 7.902381
  13   36   44 5.910714 7.089286
   1    0    6 0.000000 1.000000
  18   46   63 7.747619 10.252381
  51  218   85 36.614286 14.385714
   1    0    5 0.000000 1.000000
  16   48   49 7.996429 8.003571
  25   90   56 15.295238 9.704762
  17   48   57 7.959524 9.040476
  41  178   68 29.704762 11.295238
  17   50   53 8.385714 8.614286
  21   70   60 11.481746 9.518254
  12   44   29 7.271429 4.728571
  50  244   54 40.903571 9.096429
  17   54   45 9.311905 7.688095
  26   66   89 11.147619 14.852381
   9   26   30 4.307143 4.692857
  38  158   70 26.471429 11.528571
  27   86   75 14.576190 12.423810
  19   42   74 6.957143 12.042857
  12   36   39 5.888095 6.111905
  35  132   75 22.285714 12.714286
  34  130   72 22.030952 11.969048
  22   62   67 10.621429 11.378571
  14   54   32 8.941667 5.058333
  35  130   82 21.753571 13.246429
  29  100   73 16.990476 12.009524
  17   40   61 6.771429 10.228571
  14   56   29 9.609524 4.390476
  34  110   94 18.558333 15.441667
  35  114   96 19.096825 15.903175
   9   14   41 2.259524 6.740476
  17   60   40 10.161905 6.838095
  36  120   96 20.207143 15.792857
  38  146   83 24.392857 13.607143
  11   24   40 4.400000 6.600000
  10   26   33 4.438095 5.561905
  43  160  100 26.604762 16.395238
  36  122   95 20.161905 15.838095
  14   34   50 5.700000 8.300000
  12   30   39 5.290476 6.709524
  47  180  108 30.064286 16.935714
  27   62   97 10.544048 16.455952
  14   26   59 4.500000 9.500000
  14   28   57 4.671429 9.328571
  55  230   96 38.861905 16.138095
  17   32   72 5.238095 11.761905
   9    8   46 1.442857 7.557143
  18   40   64 7.009524 10.990476
  56  236  102 39.583333 16.416667
  17   36   68 6.048810 10.951190
   9   18   36 3.028571 5.971429
  13   24   59 4.000000 9.000000
  47  170  112 28.490476 18.509524
  31  100   81 17.109524 13.890476
   9   20   34 3.342857 5.657143
   8   16   33 2.661905 5.338095
  49  198   92 33.400000 15.600000
  34  116   91 19.384524 14.615476
   4    8   18 1.261905 2.738095
   9   22   34 3.590476 5.409524
  46  190   90 31.721429 14.278571
  41  156   82 26.691667 14.308333
   6   12   24 2.071429 3.928571
  13   36   40 6.205952 6.794048
  45  174   88 29.864286 15.135714
  36  142   84 23.077381 12.922619
   3    4   14 0.676190 2.323810
  15   58   33 9.752381 5.247619
  37  130   90 21.957143 15.042857
  45  170  101 28.507143 16.492857
   2    2    9 0.366667 1.633333
  17   62   42 10.280952 6.719048
  39  146   87 24.653571 14.346429
  42  162   90 27.105952 14.894048
   1    0    8 0.000000 1.000000
  10   24   40 3.866667 6.133333
  41  158   87 26.385714 14.614286
  48  190   93 32.365476 15.634524
   1    0    6 0.000000 1.000000
   9   24   31 4.040476 4.959524
  37  140   80 23.603571 13.396429
  53  216  103 36.123810 16.876190
   1    0    7 0.000000 1.000000
  39  156   79 26.032143 12.967857
  60  276   82 46.472222 13.527778
   3    6   12 1.000000 2.000000
  49  222   74 37.017857 11.982143
  48  216   70 36.366667 11.633333
   4    6   18 1.019048 2.980952
  42  150  101 25.257143 16.742857
  54  222  103 37.389286 16.610714
   2    2   10 0.333333 1.666667
  42  156  100 25.872619 16.127381
  56  238   94 40.025000 15.975000
   2    2   11 0.309524 1.690476
  43  180   84 29.694048 13.305952
  55  238   85 40.380952 14.619048
   1    0    6 0.000000 1.000000
  44  174   88 29.226190 14.773810
  55  248   84 41.261905 13.738095
   2    2   10 0.333333 1.666667
  40  144   91 24.465476 15.534524
  58  270   83 44.825000 13.175000
   1    0    8 0.000000 1.000000
  35  116   89 20.048810 14.951190
  64  296   91 49.141667 14.858333
  31   92   98 15.459524 15.540476
  69  312   98 52.704762 16.295238
  35  108   99 18.385714 16.614286
  65  294   99 49.021429 15.978571
  36  104  112 17.605952 18.394048
  64  272  112 45.559524 18.440476
  34  100  102 17.085714 16.914286
  66  296  102 49.646429 16.353571
  29   82   96 13.564286 15.435714
  71  326   96 55.051190 15.948810
  39  116  122 19.701190 19.298810
  61  240  122 40.478571 20.521429
  40  128  114 21.205952 18.794048
  60  244  114 40.969048 19.030952
  52  204  107 34.492857 17.507143
  48  182  107 30.495238 17.504762
  49  182  106 30.600000 18.400000
  51  206  106 33.961905 17.038095
  49  186  111 31.096429 17.903571
  51  192  111 32.403571 18.596429
  62  268  104 45.116667 16.883333
  38  124  104 20.857143 17.142857
  67  336   71 55.550000 11.450000
  33  122   71 20.747619 12.252381
  70  350   74 58.120238 11.879762
  30  102   74 17.388095 12.611905
  75  382   69 63.720238 11.279762
  25   80   69 13.458333 11.541667
  74  392   57 65.211905 8.788095
  26   94   57 16.166667 9.833333
  85  464   46 77.389286 7.610714
  15   44   46 7.390476 7.609524
  87  482   41 80.214286 6.785714
  13   36   41 5.932143 7.067857
  87  474   47 79.200000 7.800000
  13   32   47 5.323810 7.676190
  85  472   40 78.666667 6.333333
  15   48   40 8.122619 6.877381
  90  498   38 83.398810 6.601190
  10   26   38 4.147619 5.852381
  86  482   35 80.414286 5.585714
  14   48   35 8.121429 5.878571
  91  520   25 86.861905 4.138095
   9   30   25 4.938095 4.061905
  87  492   31 81.861905 5.138095
  13   46   31 7.800000 5.200000
  92  514   36 85.934524 6.065476
   8   14   36 2.240476 5.759524
  94  542   23 90.250000 3.750000
   6   12   23 2.066667 3.933333
  89  494   39 82.497619 6.502381
  11   28   39 4.809524 6.190476
  86  468   49 77.955952 8.044048
  14   34   49 5.702381 8.297619
  91  508   39 84.698810 6.301190
   9   14   39 2.366667 6.633333
  89  494   38 82.555952 6.444048
  11   30   38 5.023810 5.976190
  91  518   28 86.241667 4.758333
   9   26   28 4.300000 4.700000
  89  488   43 81.776190 7.223810
  11   26   43 4.228571 6.771429
  83  456   41 75.957143 7.042857
  17   62   41 10.547619 6.452381
  79  412   58 69.055952 9.944048
  21   72   58 11.785714 9.214286
  80  420   60 69.935714 10.064286
  20   60   60 10.150000 9.850000
  73  372   68 61.741667 11.258333
  27   92   68 15.461905 11.538095
  81  432   54 72.265476 8.734524
  19   60   54 9.909524 9.090476
  85  452   60 75.315476 9.684524
  15   28   60 4.747619 10.252381
  89  496   37 82.690476 6.309524
  11   30   37 4.995238 6.004762
  91  516   30 86.179762 4.820238
   9   24   30 4.133333 4.866667
  87  482   41 80.371429 6.628571
  13   36   41 6.080952 6.919048
  77  422   43 70.144048 6.855952
  23   92   43 15.619048 7.380952
  73  380   59 63.371429 9.628571
  27  102   59 17.236905 9.763095
  71  362   64 60.520238 10.479762
  29  110   64 18.477381 10.522619
  68  348   59 58.119048 9.880952
  32  134   59 22.536905 9.463095
  69  358   55 59.809524 9.190476
  31  132   55 21.861905 9.138095
  70  368   56 61.252381 8.747619
  30  120   56 20.496429 9.503571
  70  364   57 60.555952 9.444048
  30  122   57 20.457143 9.542857
  72  376   57 62.904762 9.095238
  28  110   57 18.645238 9.354762
  62  308   65 51.408333 10.591667
  38  162   65 27.189286 10.810714
  58  236  108 39.827381 18.172619
  42  148  108 24.675000 17.325000
  61  274   88 46.325000 14.675000
  39  150   88 24.816667 14.183333
  67  316   87 52.779762 14.220238
  33  110   87 18.528571 14.471429
  57  230  112 38.578571 18.421429
  43  146  112 24.590476 18.409524
  61  256  113 42.982143 18.017857
  39  118  113 20.109524 18.890476
  66  298   97 50.148810 15.851190
  34  108   97 18.271429 15.728571
  70  330   87 55.432540 14.567460
  30   96   87 15.944048 14.055952
  55  242   90 40.319048 14.680952
  45  178   90 30.028571 14.971429
  68  324   86 53.990476 14.009524
  32  104   86 17.452381 14.547619
  66  316   79 52.928571 13.071429
  34  126   79 21.189286 12.810714
  49  210   85 34.847619 14.152381
  51  220   85 36.758333 14.241667
  60  280   80 46.756349 13.243651
  40  160   80 26.766667 13.233333
  50  226   83 37.171429 12.828571
  50  208   83 35.559524 14.440476
  55  260   75 43.046429 11.953571
  45  190   75 32.200000 12.800000
  63  282   94 47.202381 15.797619
  37  130   94 21.598016 15.401984
  68  330   82 55.002381 12.997619
  32  106   82 17.988095 14.011905
  68  314   93 52.460714 15.539286
  32  100   93 16.676190 15.323810
  59  252  102 42.161905 16.838095
  41  144  102 24.148810 16.851190
  71  332   95 55.434524 15.565476
  29   78   95 13.033333 15.966667
  83  422   73 70.647619 12.352381
  17   32   73 5.226190 11.773810
  87  460   58 77.280952 9.719048
  13   24   58 3.933333 9.066667
  90  496   42 82.985714 7.014286
  10   20   42 3.323810 6.676190
  86  466   52 77.579762 8.420238
  14   30   52 5.092857 8.907143
  81  424   63 70.696429 10.303571
  19   50   63 8.576190 10.423810
  82  426   61 71.438095 10.561905
  18   52   61 8.309524 9.690476
  84  448   57 74.475000 9.525000
  16   38   57 6.366667 9.633333
  87  470   51 78.765476 8.234524
  13   28   51 4.722619 8.277381
  89  486   48 81.020238 7.979762
  11   18   48 2.980952 8.019048
  88  486   42 80.944048 7.055952
  12   30   42 5.147619 6.852381
  82  448   45 74.677381 7.322619
  18   62   45 10.433333 7.566667
  83  448   49 74.910317 8.089683
  17   54   49 9.152381 7.847619
  89  506   29 84.295238 4.704762
  11   36   29 6.190476 4.809524
  93  532   25 88.757143 4.242857
   7   18   25 2.890476 4.109524
  86  478   39 79.542857 6.457143
  14   44   39 7.366667 6.633333
  96  554   21 92.380952 3.619048
   4    4   21 0.666667 3.333333
  98  576   11 96.121429 1.878571
   2    2   11 0.309524 1.690476
  97  568   14 94.673810 2.326190
   3    4   14 0.666667 2.333333
  96  550   22 92.047619 3.952381
   4    6   22 0.869048 3.130952
  96  552   22 92.290476 3.709524
   4    4   22 0.619048 3.380952
  95  544   25 90.807143 4.192857
   5    6   25 0.952381 4.047619
  97  562   18 93.869048 3.130952
   3    2   18 0.309524 2.690476
  92  522   31 86.904762 5.095238
   8   16   31 2.776190 5.223810
  93  532   26 88.823810 4.176190
   7   16   26 2.760714 4.239286
  88  500   29 83.314286 4.685714
  12   42   29 7.271429 4.728571
  90  514   26 85.628571 4.371429
  10   34   26 5.579762 4.420238
  87  492   33 81.679762 5.320238
  13   42   33 7.252381 5.747619
  86  464   49 77.600000 8.400000
  14   38   49 6.150000 7.850000
  85  466   45 77.550000 7.450000
  15   44   45 7.405952 7.594048
  89  498   38 82.926190 6.073810
  11   26   38 4.566667 6.433333
  92  522   31 86.845238 5.154762
   8   16   31 2.771429 5.228571
  90  502   40 83.466667 6.533333
  10   18   40 3.147619 6.852381
  86  476   39 79.471429 6.528571
  14   46   39 7.796429 6.203571
  97  562   18 94.036905 2.963095
   3    2   18 0.291667 2.708333
  97  566   16 94.317857 2.682143
   3    2   16 0.342857 2.657143
  98  578   10 96.314286 1.685714
   2    2   10 0.342857 1.657143
  98  578   10 96.380952 1.619048
   2    2   10 0.342857 1.657143
  95  552   19 92.100000 2.900000
   5   10   19 1.785714 3.214286
  98  582    8 96.788095 1.211905
   2    2    8 0.400000 1.600000
  99  586    7 97.766667 1.233333
   1    0    7 0.000000 1.000000
  99  588    6 98.023810 0.976190
   1    0    6 0.000000 1.000000
  97  568   13 94.785714 2.214286
   3    6   13 0.952381 2.047619
  95  548   21 91.395238 3.604762
   5   10   21 1.619048 3.380952
  96  560   18 93.036905 2.963095
   4    4   18 0.742857 3.257143
  89  504   31 83.897619 5.102381
  11   34   31 5.666667 5.333333
  92  524   29 87.314286 4.685714
   8   18   29 2.971429 5.028571
  91  516   30 86.113095 4.886905
   9   24   30 4.229762 4.770238
  89  506   34 83.901190 5.098810
  11   26   34 4.716667 6.283333
  88  490   37 81.809524 6.190476
  12   36   37 6.079762 5.920238
  95  538   29 90.076190 4.923810
   5    4   29 0.619048 4.380952
  94  530   31 88.638095 5.361905
   6    8   31 1.261905 4.738095
  92  524   30 87.079762 4.920238
   8   16   30 2.766667 5.233333
  98  576   12 96.038095 1.961905
   2    0   12 0.000000 2.000000
  98  574   13 95.878571 2.121429
   2    0   13 0.000000 2.000000
  94  534   29 89.133333 4.866667
   6    8   29 1.269048 4.730952
  97  566   17 94.266667 2.733333
   3    0   17 0.000000 3.000000
  94  540   26 89.792857 4.207143
   6    8   26 1.433333 4.566667
  85  462   46 77.128571 7.871429
  15   46   46 7.680952 7.319048
  88  472   54 78.929762 9.070238
  12   20   54 3.295238 8.704762
  88  474   51 79.561905 8.438095
  12   24   51 3.857143 8.142857
  87  468   54 78.147619 8.852381
  13   24   54 3.966667 9.033333
  84  444   59 74.166667 9.833333
  16   38   59 6.365476 9.634524
  84  444   58 74.307143 9.692857
  16   40   58 6.703571 9.296429
  83  434   62 72.485714 10.514286
  17   42   62 7.059524 9.940476
  93  516   38 86.495238 6.504762
   7    8   38 1.261905 5.738095
  90  504   34 84.216667 5.783333
  10   28   34 4.523810 5.476190
  84  458   43 76.585714 7.414286
  16   56   43 9.227381 6.772619
  79  426   51 70.685714 8.314286
  21   72   51 12.522619 8.477381
  77  408   53 68.191667 8.808333
  23   86   53 14.461905 8.538095
  85  484   30 80.332143 4.667857
  15   56   30 9.647619 5.352381
  89  504   34 83.700000 5.300000
  11   28   34 5.004762 5.995238
  93  528   32 87.782937 5.217063
   7    8   32 1.409524 5.590476
  96  552   22 92.257143 3.742857
   4    4   22 0.619048 3.380952
  95  548   22 91.400000 3.600000
   5    8   22 1.442857 3.557143
  94  538   25 89.980159 4.019841
   6   12   25 1.890476 4.109524
  97  564   18 93.952381 3.047619
   3    0   18 0.000000 3.000000
  96  556   20 92.838095 3.161905
   4    4   20 0.733333 3.266667
  94  528   32 88.396429 5.603571
   6    8   32 1.202381 4.797619
  96  556   20 92.759524 3.240476
   4    4   20 0.676190 3.323810
  99  588    6 98.055952 0.944048
   1    0    6 0.000000 1.000000
 100  600    0 100.000000 0.000000
