   1    0    6 0.000000 1.000000
   3    4   14 0.676190 2.323810
   1    0    5 0.000000 1.000000
   6   14   23 2.333333 3.666667
   2    2   11 0.309524 1.690476
   1    0    7 0.000000 1.000000
   1    0    5 0.000000 1.000000
   1    0    7 0.000000 1.000000
   2    2    8 0.400000 1.600000
   1    0    7 0.000000 1.000000
   1    0    7 0.000000 1.000000
   1    0    8 0.000000 1.000000
   3    6   10 1.133333 1.866667
   2    2    9 0.366667 1.633333
   2    2    8 0.400000 1.600000
   3    4   12 0.766667 2.233333
   2    2   10 0.333333 1.666667
   1    0    5 0.000000 1.000000
   1    0    8 0.000000 1.000000
   3    4   16 0.595238 2.404762
   1    0    8 0.000000 1.000000
   1    0    8 0.000000 1.000000
   5   14   16 2.395238 2.604762
   1    0    7 0.000000 1.000000
   1    0    7 0.000000 1.000000
   1    0    6 0.000000 1.000000
   6   16   19 2.700000 3.300000
   1    0    7 0.000000 1.000000
   1    0    6 0.000000 1.000000
   2    2    9 0.366667 1.633333
   2    2    9 0.366667 1.633333
   1    0    6 0.000000 1.000000
   3    6   12 1.019048 1.980952
   2    2    8 0.400000 1.600000
   1    0    7 0.000000 1.000000
   1    0    6 0.000000 1.000000
   2    2   11 0.309524 1.690476
   2    2   11 0.309524 1.690476
   2    2   10 0.342857 1.657143
   2    0   13 0.000000 2.000000
   1    0    8 0.000000 1.000000
   1    0    6 0.000000 1.000000
   2    2    8 0.416667 1.583333
   3    6    9 1.233333 1.766667
   1    0    6 0.000000 1.000000
   1    0    5 0.000000 1.000000
   3    4   11 0.816667 2.183333
   1    0    6 0.000000 1.000000
   1    0    6 0.000000 1.000000
   1    0    6 0.000000 1.000000
   5   14   15 2.400000 2.600000
   1    0    6 0.000000 1.000000
   2    2   10 0.333333 1.666667
   1    0    8 0.000000 1.000000
   2    2   10 0.333333 1.666667
   2    2   10 0.333333 1.666667
   1    0    6 0.000000 1.000000
   2    2   10 0.342857 1.657143
   3    4   16 0.619048 2.380952
   2    2   10 0.333333 1.666667
   3    2   17 0.366667 2.633333
   2    2   10 0.333333 1.666667
   3    2   17 0.309524 2.690476
   6   12   24 2.092857 3.907143
   4   10   14 1.661905 2.338095
   1    0    7 0.000000 1.000000
   4    6   18 1.042857 2.957143
   7   18   25 3.038095 3.961905
   2    2    9 0.366667 1.633333
   3    4   15 0.642857 2.357143
   1    0    6 0.000000 1.000000
   2    2   11 0.309524 1.690476
   3    4   12 0.733333 2.266667
   1    0    6 0.000000 1.000000
   3    4   16 0.592857 2.407143
  10   28   29 4.828571 5.171429
   2    2    7 0.450000 1.550000
   4    8   17 1.361905 2.638095
   3    2   14 0.400000 2.600000
   2    2    9 0.366667 1.633333
   1    0    8 0.000000 1.000000
   1    0    7 0.000000 1.000000
   1    0    5 0.000000 1.000000
   3    4   14 0.652381 2.347619
   2    2    9 0.366667 1.633333
   3    4   15 0.642857 2.357143
   1    0    6 0.000000 1.000000
   6   18   17 3.123810 2.876190
   3    4   14 0.676190 2.323810
   1    0    6 0.000000 1.000000
   3    6   11 1.066667 1.933333
   1    0    5 0.000000 1.000000
   5   10   20 1.814286 3.185714
   4    8   15 1.433333 2.566667
   2    2   11 0.309524 1.690476
   2    2    9 0.366667 1.633333
   6   14   20 2.461905 3.538095
   5   12   16 2.161905 2.838095
   1    0    6 0.000000 1.000000
   2    2   11 0.309524 1.690476
   3    4   13 0.742857 2.257143
   1    0    7 0.000000 1.000000
   2    2   11 0.309524 1.690476
   1    0    6 0.000000 1.000000
   1    0    5 0.000000 1.000000
   1    0    7 0.000000 1.000000
   3    0   19 0.000000 3.000000
  10   22   39 3.623810 6.376190
  12   48   23 8.270238 3.729762
   4    8   17 1.304762 2.695238
   4    6   18 1.019048 2.980952
   2    2   11 0.309524 1.690476
   2    2   11 0.309524 1.690476
   2    2   11 0.309524 1.690476
   1    0    6 0.000000 1.000000
   3    4   14 0.666667 2.333333
   9   28   27 4.480952 4.519048
   6   16   20 2.780952 3.219048
   2    2    9 0.366667 1.633333
   5   14   17 2.280952 2.719048
   1    0    7 0.000000 1.000000
   4    6   18 0.985714 3.014286
   1    0    7 0.000000 1.000000
   2    2   12 0.285714 1.714286
   2    0   12 0.000000 2.000000
   2    0   14 0.000000 2.000000
   7   22   20 3.723810 3.276190
   3    4   14 0.666667 2.333333
   1    0    5 0.000000 1.000000
   3    4   15 0.685714 2.314286
   3    6   12 1.019048 1.980952
   8   12   35 2.095238 5.904762
  25  106   43 17.792857 7.207143
   1    0    5 0.000000 1.000000
   6   18   16 3.195238 2.804762
   1    0    6 0.000000 1.000000
   4    8   13 1.500000 2.500000
   3    4   12 0.766667 2.233333
   1    0    6 0.000000 1.000000
   9   22   33 3.628571 5.371429
   7   16   28 2.576190 4.423810
   1    0    6 0.000000 1.000000
   4   10   14 1.719048 2.280952
   5    6   20 1.166667 3.833333
   3    4   13 0.733333 2.266667
   1    0    6 0.000000 1.000000
  13   52   25 8.904762 4.095238
   3    4   15 0.619048 2.380952
   4    6   16 1.085714 2.914286
   4    6   21 0.934524 3.065476
   9   20   36 3.361905 5.638095
  23   74   60 12.752381 10.247619
   8   24   25 4.095238 3.904762
   6   18   18 3.061905 2.938095
   1    0    7 0.000000 1.000000
  11   30   37 5.019048 5.980952
   5   10   23 1.635714 3.364286
   7   18   27 2.857143 4.142857
  13   34   39 6.054762 6.945238
   6   10   26 1.810714 4.189286
  13   46   35 7.585714 5.414286
   1    0    7 0.000000 1.000000
   4    6   22 0.886905 3.113095
   1    0    6 0.000000 1.000000
   3    2   16 0.333333 2.666667
  13   30   48 5.059524 7.940476
   7   16   24 2.833333 4.166667
  10   26   30 4.566667 5.433333
  16   38   59 6.409524 9.590476
   6   12   23 2.085714 3.914286
   5    8   23 1.309524 3.690476
  15   38   51 6.516667 8.483333
   9   14   39 2.404762 6.595238
   7   22   22 3.572619 3.427381
   2    2    9 0.366667 1.633333
   1    0    5 0.000000 1.000000
  24   78   69 12.940476 11.059524
   9   16   38 2.738095 6.261905
   6   10   27 1.661905 4.338095
  20   68   51 11.542857 8.457143
   2    2    8 0.400000 1.600000
   3    4   13 0.700000 2.300000
  16   46   50 7.771429 8.228571
   6    4   32 0.709524 5.290476
  12   46   26 7.771429 4.228571
   1    0    5 0.000000 1.000000
   2    2   10 0.333333 1.666667
  23   74   64 12.539683 10.460317
   5    8   23 1.309524 3.690476
  14   32   50 5.640476 8.359524
  16   40   57 6.709524 9.290476
   2    0   14 0.000000 2.000000
   3    4   14 0.666667 2.333333
  27   98   62 16.571429 10.428571
   5   10   23 1.595238 3.404762
  19   70   45 11.819048 7.180952
   1    0    7 0.000000 1.000000
  21   68   60 11.357143 9.642857
   3    2   16 0.333333 2.666667
  12   30   39 5.214286 6.785714
   8   26   20 4.538095 3.461905
   1    0    6 0.000000 1.000000
   2    0   15 0.000000 2.000000
  26   78   74 13.176190 12.823810
   2    2   12 0.285714 1.714286
  24   78   66 13.061905 10.938095
  30   96   87 16.089286 13.910714
   6   10   25 1.742857 4.257143
   7   14   26 2.447619 4.552381
   3    6   11 1.066667 1.933333
  28   96   71 16.223810 11.776190
   3    6   12 1.019048 1.980952
  17   56   50 9.090476 7.909524
  30  104   77 17.377381 12.622619
   9   26   27 4.571429 4.428571
   7   20   22 3.357143 3.642857
   6   14   19 2.528571 3.471429
  33  114   78 19.416667 13.583333
   7   18   24 3.047619 3.952381
  17   54   48 9.085714 7.914286
  28   72   97 12.047619 15.952381
   8   16   37 2.434524 5.565476
   5   10   20 1.647619 3.352381
   2    2   10 0.342857 1.657143
  49  210   82 35.461905 13.538095
   1    0    5 0.000000 1.000000
  14   42   44 6.940476 7.059524
  25   64   86 10.708333 14.291667
   4    8   16 1.328571 2.671429
   5    6   26 0.961905 4.038095
   2    2    9 0.366667 1.633333
  46  196   83 32.490476 13.509524
  13   30   50 5.007143 7.992857
  29   68  104 11.414286 17.585714
   6   12   21 2.166667 3.833333
   3    2   17 0.309524 2.690476
   3    6   11 1.066667 1.933333
  52  246   69 40.947619 11.052381
  12   32   39 5.504762 6.495238
  29   78   92 13.360714 15.639286
   4    2   24 0.309524 3.690476
   1    0    6 0.000000 1.000000
   2    2   10 0.333333 1.666667
  47  194   88 32.304762 14.695238
   6    8   32 1.190476 4.809524
  37  112  108 19.047619 17.952381
   8   20   27 3.485714 4.514286
   1    0    5 0.000000 1.000000
   1    0    6 0.000000 1.000000
  52  234   80 39.010714 12.989286
   9   22   32 3.819048 5.180952
  31  102   81 17.422619 13.577381
   8   24   25 3.886905 4.113095
  60  280   80 46.836905 13.163095
   7   16   26 2.661905 4.338095
  30   98   83 16.307143 13.692857
   3    4   13 0.685714 2.314286
  64  310   77 51.652381 12.347619
   8   16   30 2.795238 5.204762
  24   76   67 12.857143 11.142857
   4   10   14 1.714286 2.285714
  66  328   71 54.707143 11.292857
   2    2    9 0.366667 1.633333
  24   82   60 13.776190 10.223810
   8   26   22 4.480952 3.519048
  71  326   94 54.867460 16.132540
   2    2    9 0.366667 1.633333
  24   66   84 10.657143 13.342857
   3    4   15 0.642857 2.357143
  68  308  103 51.239286 16.760714
   4    8   17 1.328571 2.671429
  27   60   98 10.359524 16.640476
   1    0    6 0.000000 1.000000
  58  256   94 42.626190 15.373810
   4   10   12 1.885714 2.114286
  35  122   91 20.228571 14.771429
   3    6    9 1.233333 1.766667
  50  194  106 32.457143 17.542857
   3    4   13 0.733333 2.266667
  39  144   91 24.152381 14.847619
   8   24   24 4.023810 3.976190
  57  226  116 38.126190 18.873810
   2    2    9 0.366667 1.633333
  31  104   82 17.480952 13.519048
  10   30   31 4.895238 5.104762
  69  308  102 52.155952 16.844048
   1    0    7 0.000000 1.000000
  22   60   76 9.796429 12.203571
   8   12   35 2.052381 5.947619
  75  364   92 60.445238 14.554762
  22   42   83 7.419048 14.580952
   3    0   19 0.000000 3.000000
  78  402   73 66.615476 11.384524
  21   52   67 9.253571 11.746429
   1    0    6 0.000000 1.000000
  67  324   78 54.121429 12.878571
  33  120   78 20.119048 12.880952
  71  338   84 56.540476 14.459524
  29   94   84 15.479762 13.520238
  69  334   81 55.852381 13.147619
  31  104   81 17.705952 13.294048
  74  372   73 62.145238 11.854762
  26   82   73 13.905952 12.094048
  85  446   64 74.308333 10.691667
  15   26   64 4.447619 10.552381
  84  442   59 74.075397 9.924603
  16   40   59 6.692857 9.307143
  82  438   55 73.060714 8.939286
  18   52   55 8.638095 9.361905
  80  408   71 68.197619 11.802381
  20   50   71 8.380952 11.619048
  89  488   45 81.390476 7.609524
  11   22   45 3.652381 7.347619
  87  472   50 78.532143 8.467857
  13   28   50 4.685714 8.314286
  95  544   27 90.528571 4.471429
   5    2   27 0.366667 4.633333
 100  600    0 100.000000 0.000000
