   1    0    5 0.000000 1.000000
   2    2   11 0.309524 1.690476
   1    0    6 0.000000 1.000000
   1    0    6 0.000000 1.000000
   1    0    7 0.000000 1.000000
   1    0    7 0.000000 1.000000
   1    0    6 0.000000 1.000000
   4   10   14 1.666667 2.333333
   3    4   13 0.700000 2.300000
   1    0    6 0.000000 1.000000
   2    2    9 0.366667 1.633333
   1    0    7 0.000000 1.000000
   2    2   10 0.333333 1.666667
   1    0    6 0.000000 1.000000
   1    0    7 0.000000 1.000000
   4    8   17 1.285714 2.714286
   1    0    8 0.000000 1.000000
   1    0    7 0.000000 1.000000
   2    2    9 0.366667 1.633333
   1    0    6 0.000000 1.000000
   3    6   13 0.971429 2.028571
   3    6   11 1.085714 1.914286
   2    2   10 0.333333 1.666667
   1    0    7 0.000000 1.000000
   2    2    9 0.366667 1.633333
   3    6   11 1.085714 1.914286
   4   10   15 1.647619 2.352381
   1    0    6 0.000000 1.000000
   1    0    7 0.000000 1.000000
   1    0    6 0.000000 1.000000
   1    0    7 0.000000 1.000000
   1    0    6 0.000000 1.000000
   1    0    6 0.000000 1.000000
   4    6   15 1.135714 2.864286
   3    6   12 1.019048 1.980952
   1    0    6 0.000000 1.000000
   4    8   16 1.328571 2.671429
   1    0    7 0.000000 1.000000
   1    0    5 0.000000 1.000000
   2    2   10 0.342857 1.657143
   1    0    7 0.000000 1.000000
   2    2    8 0.400000 1.600000
   1    0    6 0.000000 1.000000
   2    2   10 0.333333 1.666667
   2    2   10 0.333333 1.666667
   1    0    7 0.000000 1.000000
   2    2   10 0.333333 1.666667
   1    0    7 0.000000 1.000000
   1    0    6 0.000000 1.000000
   2    2    8 0.400000 1.600000
   4    6   17 1.076190 2.923810
   1    0    6 0.000000 1.000000
   5   12   16 2.161905 2.838095
   2    2   10 0.342857 1.657143
   1    0    6 0.000000 1.000000
   1    0    6 0.000000 1.000000
   1    0    5 0.000000 1.000000
   4    6   17 1.076190 2.923810
   5    8   22 1.355556 3.644444
   2    2    9 0.366667 1.633333
   3    6   12 1.000000 2.000000
   1    0    6 0.000000 1.000000
  10   28   29 4.900000 5.100000
   6   18   19 3.004762 2.995238
   1    0    8 0.000000 1.000000
   1    0    6 0.000000 1.000000
   1    0    5 0.000000 1.000000
   1    0    7 0.000000 1.000000
   1    0    6 0.000000 1.000000
   3    4   12 0.766667 2.233333
   1    0    9 0.000000 1.000000
   2    2   10 0.333333 1.666667
   3    4   15 0.642857 2.357143
   5   12   17 2.095238 2.904762
   3    4   14 0.666667 2.333333
   7   24   20 4.011905 2.988095
   5   14   17 2.347619 2.652381
   1    0    6 0.000000 1.000000
   6   16   18 2.871429 3.128571
   1    0    6 0.000000 1.000000
   3    6   12 1.019048 1.980952
   3    6   13 0.952381 2.047619
   1    0    6 0.000000 1.000000
   1    0    5 0.000000 1.000000
   1    0    7 0.000000 1.000000
   2    2    7 0.450000 1.550000
   1    0    7 0.000000 1.000000
   8   28   22 4.600000 3.400000
   1    0    7 0.000000 1.000000
   4    6   17 1.142857 2.857143
   3    4   12 0.766667 2.233333
   5    8   19 1.500000 3.500000
   2    0   11 0.000000 2.000000
   1    0    7 0.000000 1.000000
   4   10   13 1.761905 2.238095
   2    2   10 0.333333 1.666667
   7   18   25 2.995238 4.004762
   4    8   17 1.261905 2.738095
   1    0    6 0.000000 1.000000
   4    8   16 1.333333 2.666667
   2    2   12 0.285714 1.714286
   2    2   10 0.333333 1.666667
   4   10   12 1.861905 2.138095
   5    6   24 0.985714 4.014286
   5    8   24 1.291667 3.708333
   5   12   19 1.923810 3.076190
   2    2   10 0.333333 1.666667
   4    8   14 1.466667 2.533333
  14   36   49 5.947619 8.052381
   1    0    7 0.000000 1.000000
   1    0    6 0.000000 1.000000
   5   10   19 1.741667 3.258333
   1    0    5 0.000000 1.000000
   2    0   13 0.000000 2.000000
   1    0    6 0.000000 1.000000
  11   34   33 5.685714 5.314286
   1    0    7 0.000000 1.000000
   1    0    6 0.000000 1.000000
   1    0    8 0.000000 1.000000
   5   12   18 2.130952 2.869048
   2    2   10 0.342857 1.657143
   1    0    7 0.000000 1.000000
  12   40   35 6.570238 5.429762
   8   20   30 3.190476 4.809524
   4   10   15 1.683333 2.316667
   4    8   17 1.275000 2.725000
   7   22   19 3.766667 3.233333
   5    8   21 1.385714 3.614286
   5   12   20 1.819048 3.180952
   5    8   22 1.319048 3.680952
   4    8   18 1.261905 2.738095
   8    8   35 1.576190 6.423810
   6   18   17 3.095238 2.904762
   1    0    6 0.000000 1.000000
   5   12   17 2.033333 2.966667
   3    6   11 1.085714 1.914286
   2    2   10 0.342857 1.657143
   1    0    6 0.000000 1.000000
   8   24   22 4.161905 3.838095
   3    4   12 0.733333 2.266667
   3    4   15 0.691667 2.308333
   1    0    7 0.000000 1.000000
   1    0    6 0.000000 1.000000
  10   22   34 3.933333 6.066667
  22   76   54 12.886905 9.113095
   5    8   24 1.261905 3.738095
   1    0    7 0.000000 1.000000
   5   14   18 2.190476 2.809524
   3    2   18 0.309524 2.690476
   7   16   28 2.733333 4.266667
   9   24   27 4.269048 4.730952
  10   16   41 2.876190 7.123810
   4   10   16 1.571429 2.428571
   4    8   17 1.328571 2.671429
   3    6   10 1.133333 1.866667
   7   20   22 3.322619 3.677381
   5   12   18 2.071429 2.928571
   1    0    6 0.000000 1.000000
   5   12   16 2.128571 2.871429
  14   46   39 7.707143 6.292857
  25   98   53 16.538095 8.461905
   5    4   26 0.700000 4.300000
   1    0    7 0.000000 1.000000
   3    4   17 0.601190 2.398810
   9   20   31 3.669048 5.330952
   9   30   24 4.971429 4.028571
   5    8   22 1.319048 3.680952
  10   36   25 6.009524 3.990476
   3    4   13 0.700000 2.300000
   7   22   21 3.647619 3.352381
   3    2   14 0.366667 2.633333
   1    0    7 0.000000 1.000000
   2    2   10 0.333333 1.666667
  13   38   38 6.435714 6.564286
  32  126   63 21.233333 10.766667
   4    4   19 0.700000 3.300000
   4    8   16 1.328571 2.671429
   9   20   39 3.126190 5.873810
  11   32   35 5.333333 5.666667
   5    8   21 1.409524 3.590476
   5   14   16 2.419048 2.580952
   4    6   16 1.185714 2.814286
   4    8   18 1.375000 2.625000
   6   18   18 3.123810 2.876190
   4    6   19 0.976190 3.023810
  15   50   39 8.523810 6.476190
  32  120   74 19.876190 12.123810
   2    2    8 0.400000 1.600000
   3    6   12 1.019048 1.980952
  15   46   43 7.809524 7.190476
  10   24   36 4.109524 5.890476
   1    0    6 0.000000 1.000000
   7   16   27 2.600000 4.400000
   2    2   10 0.342857 1.657143
   3    4   15 0.642857 2.357143
   6    8   27 1.419048 4.580952
   4   10   15 1.595238 2.404762
  11   34   30 5.828571 5.171429
  36  136   80 22.941667 13.058333
   5    8   21 1.385714 3.614286
  18   60   53 9.842857 8.157143
   2    0   13 0.000000 2.000000
   7   16   27 2.642857 4.357143
   3    4   13 0.700000 2.300000
   8   18   27 3.273810 4.726190
   6    6   29 1.052381 4.947619
   4    6   16 1.100000 2.900000
   3    6   12 1.019048 1.980952
  53  236   83 39.571429 13.428571
   9   30   25 4.961905 4.038095
   9   10   46 1.671429 7.328571
  12   34   36 5.771429 6.228571
   1    0    6 0.000000 1.000000
   3    2   14 0.366667 2.633333
   6   14   24 2.214286 3.785714
   5   12   17 2.085714 2.914286
   1    0    6 0.000000 1.000000
  52  214   99 35.817857 16.182143
   7   22   21 3.576190 3.423810
  16   44   55 7.271429 8.728571
   8   14   31 2.500000 5.500000
   3    4   14 0.652381 2.347619
   8   22   25 3.814286 4.185714
   4   10   12 1.833333 2.166667
  57  248   94 41.423810 15.576190
   4    6   19 0.938095 3.061905
  17   40   60 6.938095 10.061905
   6   10   29 1.535714 4.464286
   1    0    6 0.000000 1.000000
  11   40   26 6.676190 4.323810
   8   22   27 3.619048 4.380952
  47  196   84 33.002381 13.997619
   9   30   24 5.116667 3.883333
  12   24   49 3.990476 8.009524
   6    8   30 1.261905 4.738095
  18   64   42 10.790476 7.209524
   3    2   17 0.333333 2.666667
  46  182   92 30.672619 15.327381
   5   10   21 1.571429 3.428571
  23   60   76 10.340476 12.659524
   3    4   14 0.676190 2.323810
  20   68   54 11.157143 8.842857
   7   18   23 3.147619 3.852381
  39  142   99 23.223810 15.776190
   5    6   22 1.092857 3.907143
  27   88   74 14.709524 12.290476
   5    6   24 0.995238 4.004762
  17   54   44 9.373810 7.626190
   5   10   19 1.719048 3.280952
  38  136   95 22.554762 15.445238
   6   10   26 1.728571 4.271429
  32  114   77 19.115476 12.884524
   5    8   21 1.400000 3.600000
  14   42   42 6.947619 7.052381
  10   24   39 3.989286 6.010714
  33  116   76 20.014286 12.985714
   7   10   32 1.716667 5.283333
  30  110   73 18.038095 11.961905
   7   16   26 2.676190 4.323810
  13   26   52 4.469048 8.530952
  10   30   29 5.090476 4.909524
  27   86   75 14.523810 12.476190
   5    6   25 1.019048 3.980952
  34  118   91 19.527381 14.472619
  12   32   37 5.600000 6.400000
  12   24   47 4.202381 7.797619
   7   14   30 2.327381 4.672619
  29  112   56 19.185714 9.814286
   3    2   16 0.333333 2.666667
  33  104  100 16.992857 16.007143
   9   18   37 3.096429 5.903571
  19   46   65 7.952381 11.047619
   8   24   24 4.114286 3.885714
  35  160   51 26.830952 8.169048
   2    2    8 0.400000 1.600000
  25   62   85 10.510714 14.489286
   7   12   35 1.797619 5.202381
  23   64   73 10.742857 12.257143
  23   96   39 16.342857 6.657143
  27  102   63 16.857143 10.142857
   3    4   13 0.700000 2.300000
  18   42   71 6.815476 11.184524
   9   18   36 3.090476 5.909524
  20   52   64 8.914286 11.085714
  19   68   44 11.614286 7.385714
  33  114   86 18.898810 14.101190
   6    8   29 1.317857 4.682143
  16   48   52 7.900000 8.100000
   9   20   32 3.433333 5.566667
  17   38   61 6.528571 10.471429
  24   92   50 15.692857 8.307143
  41  162   84 27.178571 13.821429
   4    2   24 0.309524 3.690476
  14   38   45 6.438095 7.561905
  11   34   32 5.766667 5.233333
   6    2   35 0.333333 5.666667
  29  126   49 20.980952 8.019048
  36  152   67 25.128571 10.871429
  15   46   44 7.628571 7.371429
  10   36   22 6.384524 3.615476
  10   20   38 3.566667 6.433333
  37  168   57 28.008333 8.991667
  35  154   54 25.901190 9.098810
  15   44   42 7.709524 7.290476
   5   10   22 1.571429 3.428571
   8   16   33 2.780952 5.219048
  34  146   62 24.345238 9.654762
  36  150   64 25.188095 10.811905
  19   70   43 11.864286 7.135714
   2    0   14 0.000000 2.000000
   9   28   23 4.890476 4.109524
  37  146   73 24.602381 12.397619
  42  184   68 30.629762 11.370238
  14   40   49 6.430952 7.569048
   7   16   24 2.978571 4.021429
  38  146   86 24.359524 13.640476
  43  172   83 28.942857 14.057143
  13   34   41 6.047619 6.952381
   6   14   24 2.290476 3.709524
  29  100   74 16.610714 12.389286
  55  262   68 43.895238 11.104762
  13   44   34 7.403571 5.596429
   3    4   14 0.709524 2.290476
  35  138   69 23.311905 11.688095
  58  282   67 46.776190 11.223810
   6   10   27 1.642857 4.357143
   1    0    7 0.000000 1.000000
  32  124   68 20.947619 11.052381
  59  290   65 48.525000 10.475000
   5    8   22 1.338095 3.661905
   4   10   13 1.766667 2.233333
  30  106   74 17.628571 12.371429
  57  268   75 44.790476 12.209524
   9   22   31 3.757143 5.242857
   4   10   14 1.666667 2.333333
  32  120   70 20.245238 11.754762
  48  230   58 38.161905 9.838095
  14   50   34 8.489286 5.510714
   6   18   20 2.833333 3.166667
  33  130   67 21.800000 11.200000
  43  200   62 33.133333 9.866667
  23   96   40 16.141667 6.858333
   1    0    5 0.000000 1.000000
  51  224   80 37.603571 13.396429
  35  136   73 22.880952 12.119048
  14   56   31 9.133333 4.866667
  50  218   85 36.294048 13.705952
  32  116   75 19.679762 12.320238
  18   68   38 11.532143 6.467857
  38  124  104 20.673810 17.326190
  45  164  102 27.821429 17.178571
  17   62   44 10.196429 6.803571
  42  144  107 24.138095 17.861905
  40  140  103 23.250000 16.750000
  18   56   50 9.404762 8.595238
  48  174  116 29.141270 18.858730
  35   94  115 16.071429 18.928571
  17   54   47 9.164286 7.835714
  45  172   96 29.296429 15.703571
  40  140  103 23.166667 16.833333
  15   46   43 7.989286 7.010714
  59  244  105 41.171429 17.828571
  35  122   91 20.405952 14.594048
   6    6   32 0.928571 5.071429
  61  300   68 49.748810 11.251190
  37  160   62 26.777381 10.222619
   2    2    8 0.400000 1.600000
  61  294   73 48.985714 12.014286
  33  122   74 20.566667 12.433333
   6   18   19 2.990476 3.009524
  67  316   86 52.821825 14.178175
  32  108   84 17.911905 14.088095
   1    0    6 0.000000 1.000000
  64  290   93 48.579762 15.420238
  35  118   91 20.101190 14.898810
   1    0    8 0.000000 1.000000
  67  304   98 50.922619 16.077381
  32   96   96 16.048810 15.951190
   1    0    6 0.000000 1.000000
  65  294   98 49.110714 15.889286
  35  110   98 18.577381 16.422619
  53  186  134 31.283333 21.716667
  47  146  134 24.746429 22.253571
  60  242  112 41.132143 18.867857
  40  134  112 22.253571 17.746429
  67  286  113 47.875000 19.125000
  33   88  113 14.628571 18.371429
  68  326   82 54.411905 13.588095
  32  110   82 18.379762 13.620238
  69  334   80 55.846429 13.153571
  31  106   80 17.742857 13.257143
  78  380   80 64.311905 13.688095
  22   60   80 9.673810 12.326190
  72  346   86 57.932143 14.067857
  28   82   86 13.923810 14.076190
  65  298   96 49.347619 15.652381
  35  110   96 18.555952 16.444048
  67  310   94 51.738095 15.261905
  33  102   94 17.292857 15.707143
  62  270  103 45.196429 16.803571
  38  124  103 20.858333 17.141667
  53  234   82 39.202381 13.797619
  47  202   82 33.628571 13.371429
  59  250   96 42.458333 16.541667
  41  158   96 25.786905 15.213095
  61  248  110 42.061905 18.938095
  39  132  110 21.789286 17.210714
  68  322   82 54.211905 13.788095
  32  114   82 18.827381 13.172619
  67  316   86 53.007143 13.992857
  33  112   86 18.730952 14.269048
  72  366   69 60.828571 11.171429
  28   96   69 16.319048 11.680952
  78  398   70 66.261905 11.738095
  22   62   70 10.445238 11.554762
  73  372   70 61.722619 11.277381
  27   88   70 14.985714 12.014286
  74  374   69 62.573810 11.426190
  26   88   69 14.804762 11.195238
  75  376   72 63.020238 11.979762
  25   80   72 13.403571 11.596429
  80  410   68 68.679762 11.320238
  20   54   68 8.900000 11.100000
  81  418   62 70.404762 10.595238
  19   58   62 9.508730 9.491270
  80  420   60 70.298810 9.701190
  20   60   60 10.090476 9.909524
  75  378   68 63.330952 11.669048
  25   86   68 14.276190 10.723810
  75  382   67 63.741667 11.258333
  25   84   67 13.928571 11.071429
  82  430   60 71.952381 10.047619
  18   50   60 8.436905 9.563095
  87  472   48 79.038095 7.961905
  13   32   48 5.286905 7.713095
  91  514   32 85.728571 5.271429
   9   22   32 3.600000 5.400000
  92  524   30 87.210714 4.789286
   8   16   30 2.842857 5.157143
  90  514   25 85.861905 4.138095
  10   36   25 6.117857 3.882143
  93  526   32 87.822222 5.177778
   7   10   32 1.766667 5.233333
  98  578   10 96.340476 1.659524
   2    2   10 0.333333 1.666667
  99  590    5 98.214286 0.785714
   1    0    5 0.000000 1.000000
  98  578   10 96.290476 1.709524
   2    2   10 0.333333 1.666667
  99  586    7 97.782143 1.217857
   1    0    7 0.000000 1.000000
  96  564   14 93.794048 2.205952
   4    8   14 1.542857 2.457143
  90  512   29 85.357143 4.642857
  10   30   29 5.190476 4.809524
  93  534   25 89.015476 3.984524
   7   16   25 2.742857 4.257143
  93  532   25 88.851190 4.148810
   7   18   25 2.957143 4.042857
  97  564   17 94.233333 2.766667
   3    2   17 0.309524 2.690476
 100  600    0 100.000000 0.000000
