   1    0    7 0.000000 1.000000
   2    2    8 0.400000 1.600000
   1    0    7 0.000000 1.000000
   1    0    7 0.000000 1.000000
   1    0    6 0.000000 1.000000
   1    0    6 0.000000 1.000000
   1    0    7 0.000000 1.000000
   2    2   10 0.342857 1.657143
   1    0    6 0.000000 1.000000
   1    0    5 0.000000 1.000000
   1    0    8 0.000000 1.000000
   2    2   12 0.285714 1.714286
   1    0    7 0.000000 1.000000
   1    0    8 0.000000 1.000000
   2    0   11 0.000000 2.000000
   1    0    6 0.000000 1.000000
   1    0    7 0.000000 1.000000
   4   10   12 1.861905 2.138095
   2    2   10 0.333333 1.666667
   1    0    6 0.000000 1.000000
   1    0    8 0.000000 1.000000
   2    0   12 0.000000 2.000000
   2    2    9 0.366667 1.633333
   1    0    6 0.000000 1.000000
   1    0    5 0.000000 1.000000
   1    0    6 0.000000 1.000000
   1    0    5 0.000000 1.000000
   2    2    9 0.366667 1.633333
   1    0    6 0.000000 1.000000
   5   14   15 2.400000 2.600000
   3    6   10 1.185714 1.814286
   2    2   12 0.285714 1.714286
   2    2    9 0.366667 1.633333
   1    0    7 0.000000 1.000000
   1    0    6 0.000000 1.000000
   2    2    8 0.400000 1.600000
   2    2    8 0.400000 1.600000
   1    0    6 0.000000 1.000000
   3    4   14 0.666667 2.333333
   2    2   10 0.333333 1.666667
   1    0    5 0.000000 1.000000
   7   18   22 3.152381 3.847619
   2    2    9 0.366667 1.633333
   1    0    7 0.000000 1.000000
   1    0    6 0.000000 1.000000
   4   10   14 1.714286 2.285714
   2    2   10 0.333333 1.666667
   1    0    7 0.000000 1.000000
   1    0    7 0.000000 1.000000
   1    0    6 0.000000 1.000000
   1    0    6 0.000000 1.000000
   1    0    7 0.000000 1.000000
   2    2   10 0.342857 1.657143
   3    6   12 1.019048 1.980952
   3    6   11 1.066667 1.933333
   1    0    6 0.000000 1.000000
   1    0    8 0.000000 1.000000
   1    0    6 0.000000 1.000000
   1    0    7 0.000000 1.000000
   1    0    5 0.000000 1.000000
   3    6   12 1.000000 2.000000
   1    0    5 0.000000 1.000000
   2    2   11 0.309524 1.690476
   2    2    9 0.366667 1.633333
   1    0    6 0.000000 1.000000
   2    2   11 0.309524 1.690476
   1    0    7 0.000000 1.000000
   1    0    5 0.000000 1.000000
   2    2    8 0.400000 1.600000
   1    0    5 0.000000 1.000000
   1    0    8 0.000000 1.000000
   2    2    9 0.366667 1.633333
   1    0    7 0.000000 1.000000
   1    0    6 0.000000 1.000000
   4    8   16 1.333333 2.666667
   1    0    6 0.000000 1.000000
   6   12   27 1.886905 4.113095
   4   10   15 1.647619 2.352381
   3    4   13 0.733333 2.266667
   1    0    7 0.000000 1.000000
   1    0    5 0.000000 1.000000
   2    2   11 0.309524 1.690476
   2    2    9 0.366667 1.633333
   2    2    9 0.366667 1.633333
   1    0    6 0.000000 1.000000
   2    2   11 0.309524 1.690476
   7   10   30 1.764286 5.235714
   2    2   10 0.342857 1.657143
   1    0    7 0.000000 1.000000
   4    8   17 1.285714 2.714286
   4    8   17 1.285714 2.714286
   2    2   10 0.333333 1.666667
   3    4   14 0.676190 2.323810
   3    2   15 0.366667 2.633333
   3    6   13 0.971429 2.028571
   6   14   22 2.361905 3.638095
   6   16   18 2.838095 3.161905
   3    4   13 0.733333 2.266667
   5   12   17 2.140476 2.859524
   1    0    7 0.000000 1.000000
   1    0    6 0.000000 1.000000
   2    2   11 0.309524 1.690476
   3    4   15 0.619048 2.380952
   1    0    6 0.000000 1.000000
   1    0    7 0.000000 1.000000
   4   10   14 1.714286 2.285714
   1    0    6 0.000000 1.000000
   2    2    9 0.366667 1.633333
   2    2   10 0.333333 1.666667
   4    6   20 0.916667 3.083333
   3    4   12 0.792857 2.207143
   2    0   12 0.000000 2.000000
   3    4   14 0.652381 2.347619
   2    2   10 0.333333 1.666667
   2    2   11 0.309524 1.690476
   4    8   16 1.333333 2.666667
   1    0    5 0.000000 1.000000
  11   28   38 4.828571 6.171429
   1    0    6 0.000000 1.000000
   1    0    6 0.000000 1.000000
  12   38   32 6.411905 5.588095
   4    6   18 1.016667 2.983333
   1    0    6 0.000000 1.000000
   2    2   10 0.333333 1.666667
   7   20   23 3.277381 3.722619
   4    2   23 0.309524 3.690476
   7   18   23 3.104762 3.895238
   4    8   16 1.328571 2.671429
   7   20   21 3.390476 3.609524
   1    0    6 0.000000 1.000000
   3    4   13 0.700000 2.300000
   3    6   14 0.916667 2.083333
   3    6   11 1.066667 1.933333
   1    0    5 0.000000 1.000000
   6   12   20 2.300000 3.700000
   5   10   16 1.933333 3.066667
   2    0   14 0.000000 2.000000
   8   22   27 3.660317 4.339683
   3    6   14 0.935714 2.064286
   4    6   16 1.100000 2.900000
   2    2    9 0.366667 1.633333
   4    8   16 1.385714 2.614286
   1    0    6 0.000000 1.000000
   7    8   30 1.509524 5.490476
   4    8   16 1.333333 2.666667
   1    0    6 0.000000 1.000000
   4    4   23 0.601190 3.398810
   5    6   22 1.109524 3.890476
   4    8   18 1.200000 2.800000
   1    0    6 0.000000 1.000000
   5   14   18 2.238095 2.761905
   7   12   32 1.914286 5.085714
   8   26   24 4.195238 3.804762
   1    0    6 0.000000 1.000000
   4    6   19 0.952381 3.047619
   4    8   17 1.304762 2.695238
   7   20   22 3.309524 3.690476
   3    6   11 1.066667 1.933333
   3    4   16 0.595238 2.404762
   1    0    5 0.000000 1.000000
   3    4   14 0.709524 2.290476
  10   26   35 4.578571 5.421429
   8   24   24 4.109524 3.890476
   1    0    6 0.000000 1.000000
   2    2   11 0.309524 1.690476
   1    0    6 0.000000 1.000000
   1    0    5 0.000000 1.000000
   6   10   24 1.733333 4.266667
   3    6   12 1.000000 2.000000
   4    6   17 1.019048 2.980952
   5   10   20 1.709524 3.290476
   4    4   18 0.733333 3.266667
  12   38   37 6.250000 5.750000
   8   10   38 1.777381 6.222619
   4    4   22 0.619048 3.380952
   9   30   24 5.115476 3.884524
   5   14   15 2.428571 2.571429
   7   14   30 2.288095 4.711905
   7   20   20 3.561905 3.438095
   5    8   23 1.359524 3.640476
  12   30   47 4.815476 7.184524
   4    8   17 1.304762 2.695238
   4    6   18 1.042857 2.957143
   6    6   28 1.076190 4.923810
   2    2   11 0.309524 1.690476
   3    6   12 1.019048 1.980952
   7   14   26 2.495238 4.504762
   1    0    6 0.000000 1.000000
   9   16   36 2.776190 6.223810
  15   50   38 8.461905 6.538095
   4    8   16 1.352381 2.647619
  13   52   27 8.733333 4.266667
   1    0    5 0.000000 1.000000
   4   10   14 1.661905 2.338095
   8   22   26 3.642857 4.357143
  15   44   45 7.557143 7.442857
   9   20   33 3.485714 5.514286
   5   10   18 1.785714 3.214286
   6   10   25 1.852381 4.147619
   5   12   20 1.903571 3.096429
   2    2   10 0.342857 1.657143
  12   30   41 5.033333 6.966667
   1    0    7 0.000000 1.000000
   4    4   23 0.595238 3.404762
  15   40   54 6.394048 8.605952
   4    8   15 1.366667 2.633333
  10   22   35 3.680952 6.319048
   3    4   13 0.700000 2.300000
  18   58   49 9.833333 8.166667
  21   86   41 14.479762 6.520238
  10   24   37 3.947619 6.052381
   2    0   11 0.000000 2.000000
   6    8   26 1.466667 4.533333
   3    6   14 0.904762 2.095238
   2    2    9 0.366667 1.633333
   9   22   35 3.726190 5.273810
   2    2    8 0.400000 1.600000
   2    2   10 0.333333 1.666667
  17   42   62 6.871429 10.128571
   5    2   27 0.366667 4.633333
   3    2   18 0.309524 2.690476
  10   32   27 5.433333 4.566667
  11   32   35 5.366667 5.633333
  13   24   58 3.910714 9.089286
   1    0    7 0.000000 1.000000
  10   34   24 5.847619 4.152381
   1    0    6 0.000000 1.000000
   3    2   15 0.333333 2.666667
  25   76   71 12.942857 12.057143
   7   18   25 3.078571 3.921429
  15   38   51 6.542857 8.457143
   1    0    5 0.000000 1.000000
   4    8   16 1.376190 2.623810
   5    6   23 1.085714 3.914286
  16   52   47 8.660714 7.339286
  13   38   42 6.184524 6.815476
   1    0    6 0.000000 1.000000
  20   86   33 14.442857 5.557143
   2    2   11 0.309524 1.690476
   2    2    9 0.366667 1.633333
  18   42   66 7.147619 10.852381
   5   12   18 2.000000 3.000000
  14   54   27 9.271429 4.728571
  13   46   33 7.733333 5.266667
   6    4   35 0.652381 5.347619
   9   20   36 3.231746 5.768254
  11   28   42 4.653968 6.346032
  24  104   38 17.595238 6.404762
   1    0    6 0.000000 1.000000
  27   78   76 13.752381 13.247619
   3    4   14 0.666667 2.333333
   6   14   22 2.352381 3.647619
   7   14   30 2.257143 4.742857
  11   28   36 4.780952 6.219048
  12   38   35 6.352381 5.647619
  10   28   32 4.809524 5.190476
  28  126   44 20.976190 7.023810
  19   48   66 7.951190 11.048810
   2    2   10 0.333333 1.666667
  11   28   35 4.933333 6.066667
   9   20   34 3.444048 5.555952
   9   22   31 3.809524 5.190476
  10   22   39 3.580952 6.419048
   8   22   27 3.790476 4.209524
  41  186   61 31.119048 9.880952
  20   56   63 9.373810 10.626190
   3    0   17 0.000000 3.000000
   5    8   23 1.241667 3.758333
  16   54   42 9.064286 6.935714
  11   18   42 3.366667 7.633333
   7   14   29 2.280952 4.719048
  44  208   55 35.109524 8.890476
   9   16   42 2.452381 6.547619
   8   20   29 3.314286 4.685714
   1    0    5 0.000000 1.000000
  15   48   43 8.004762 6.995238
  11   18   49 2.985714 8.014286
   4    4   21 0.676190 3.323810
  49  214   79 35.896429 13.103571
   4    6   17 1.066667 2.933333
  16   36   60 6.138095 9.861905
  14   44   41 7.347619 6.652381
  12   22   51 3.800000 8.200000
   5    8   21 1.400000 3.600000
  57  242  100 40.389286 16.610714
   1    0    7 0.000000 1.000000
  11   20   44 3.475000 7.525000
  19   60   52 10.182143 8.817857
   7    8   35 1.319048 5.680952
   5   12   17 2.142857 2.857143
  53  238   80 40.035714 12.964286
   7   22   23 3.475000 3.525000
   9   14   39 2.452381 6.547619
  23   70   68 11.676190 11.323810
   4    2   23 0.366667 3.633333
  10   32   26 5.500000 4.500000
  45  192   75 32.389286 12.610714
  12   40   32 6.761905 5.238095
   6    8   32 1.214286 4.785714
  17   36   70 5.847619 11.152381
   6    6   29 0.995238 5.004762
   9   24   31 4.028571 4.971429
  56  216  116 36.604762 19.395238
  10   32   28 5.533333 4.466667
   2    0   12 0.000000 2.000000
  17   42   58 7.204762 9.795238
   5    6   21 1.133333 3.866667
   4   10   12 1.833333 2.166667
  64  292   98 48.066667 15.933333
   9   30   25 4.922619 4.077381
   1    0    6 0.000000 1.000000
  15   40   50 6.895238 8.104762
   4    2   24 0.342857 3.657143
   6   16   19 2.842857 3.157143
  64  292   91 48.809524 15.190476
  11   40   26 6.685714 4.314286
  16   56   38 9.414286 6.585714
   1    0    6 0.000000 1.000000
   1    0    6 0.000000 1.000000
  63  304   80 50.280952 12.719048
  19   76   34 12.985714 6.014286
  14   50   38 8.304762 5.695238
   1    0    7 0.000000 1.000000
  66  320   73 53.655952 12.344048
  19   76   36 12.833333 6.166667
   7   14   30 2.190476 4.809524
   1    0    6 0.000000 1.000000
  75  372   78 61.979762 13.020238
  17   52   48 8.857143 8.142857
   6   10   31 1.464286 4.535714
  77  382   75 64.151190 12.848810
  17   58   44 9.844048 7.155952
   4    8   16 1.376190 2.623810
  77  404   57 67.428571 9.571429
  19   70   45 11.791667 7.208333
   5   14   17 2.389286 2.610714
  78  412   57 68.642857 9.357143
  17   52   48 8.909524 8.090476
   4    6   18 1.000000 3.000000
  91  502   42 84.071429 6.928571
   5    4   28 0.642857 4.357143
   1    0    6 0.000000 1.000000
  96  556   20 92.671429 3.328571
   3    4   14 0.666667 2.333333
  98  580    9 96.564286 1.435714
   2    2    9 0.366667 1.633333
  95  556   15 92.561905 2.438095
   5   14   15 2.400000 2.600000
  96  558   17 93.176190 2.823810
   4    8   17 1.285714 2.714286
  98  578   10 96.361905 1.638095
   2    2   10 0.333333 1.666667
  96  560   17 93.361905 2.638095
   4    6   17 1.066667 2.933333
  94  538   23 90.035714 3.964286
   6   16   23 2.500000 3.500000
  90  510   31 84.885317 5.114683
  10   28   31 4.823810 5.176190
  90  508   35 84.425000 5.575000
  10   22   35 3.942857 6.057143
  94  538   26 89.611905 4.388095
   6   10   26 1.709524 4.290476
  93  522   34 87.104762 5.895238
   7   10   34 1.647619 5.352381
  92  518   35 86.285714 5.714286
   8   12   35 2.152381 5.847619
  92  528   27 87.795238 4.204762
   8   18   27 3.200000 4.800000
  94  544   21 90.600000 3.400000
   6   14   21 2.404762 3.595238
  90  522   22 86.754762 3.245238
  10   34   22 6.066667 3.933333
  91  514   31 85.838095 5.161905
   9   24   31 3.860714 5.139286
  90  510   35 84.517857 5.482143
  10   20   35 3.661905 6.338095
  93  520   36 86.933333 6.066667
   7    8   36 1.269048 5.730952
  97  560   19 93.780952 3.219048
   3    2   19 0.291667 2.708333
  99  584    8 97.647619 1.352381
   1    0    8 0.000000 1.000000
 100  600    0 100.000000 0.000000
