   3    6   13 0.983333 2.016667
   1    0    6 0.000000 1.000000
   1    0    6 0.000000 1.000000
   1    0    6 0.000000 1.000000
   2    2    8 0.400000 1.600000
   4    8   16 1.385714 2.614286
   1    0    5 0.000000 1.000000
   1    0    6 0.000000 1.000000
   1    0    7 0.000000 1.000000
   2    2    7 0.450000 1.550000
   1    0    6 0.000000 1.000000
   4   10   14 1.695238 2.304762
   1    0    7 0.000000 1.000000
   1    0    7 0.000000 1.000000
   2    2   11 0.309524 1.690476
   1    0    6 0.000000 1.000000
   1    0    5 0.000000 1.000000
   2    2   11 0.309524 1.690476
   1    0    5 0.000000 1.000000
   1    0    5 0.000000 1.000000
   3    4   13 0.700000 2.300000
   2    2    8 0.416667 1.583333
   1    0    7 0.000000 1.000000
   5   10   23 1.625000 3.375000
   2    0   12 0.000000 2.000000
   2    2   11 0.309524 1.690476
   1    0    6 0.000000 1.000000
   2    0   11 0.000000 2.000000
   3    4   12 0.842857 2.157143
   1    0    7 0.000000 1.000000
   3    4   14 0.666667 2.333333
   2    2    9 0.366667 1.633333
   2    2   10 0.333333 1.666667
   4    8   14 1.466667 2.533333
   3    4   12 0.766667 2.233333
   2    2   12 0.291667 1.708333
   1    0    5 0.000000 1.000000
   1    0    6 0.000000 1.000000
   3    6   12 1.019048 1.980952
   2    2    9 0.366667 1.633333
   1    0    7 0.000000 1.000000
   1    0    7 0.000000 1.000000
   3    6   12 1.019048 1.980952
   2    2   12 0.285714 1.714286
   1    0    7 0.000000 1.000000
   1    0    7 0.000000 1.000000
   2    2    9 0.366667 1.633333
   1    0    9 0.000000 1.000000
   1    0    7 0.000000 1.000000
   1    0    6 0.000000 1.000000
   1    0    6 0.000000 1.000000
   5   12   16 2.100000 2.900000
   1    0    6 0.000000 1.000000
   1    0    6 0.000000 1.000000
   1    0    7 0.000000 1.000000
   2    2   12 0.291667 1.708333
   1    0    6 0.000000 1.000000
   1    0    6 0.000000 1.000000
   1    0    6 0.000000 1.000000
   3    4   14 0.666667 2.333333
   3    2   16 0.342857 2.657143
   1    0    6 0.000000 1.000000
   3    6   12 1.019048 1.980952
   1    0    6 0.000000 1.000000
   1    0    6 0.000000 1.000000
   3    6   10 1.185714 1.814286
   4   10   16 1.547619 2.452381
   1    0    7 0.000000 1.000000
   1    0    7 0.000000 1.000000
  10   32   26 5.480952 4.519048
   1    0    6 0.000000 1.000000
   4    8   14 1.469048 2.530952
   2    2   11 0.309524 1.690476
   3    4   13 0.742857 2.257143
   2    2   10 0.333333 1.666667
   3    4   15 0.642857 2.357143
   2    2   10 0.342857 1.657143
   2    2    9 0.366667 1.633333
   4   10   14 1.714286 2.285714
   1    0    5 0.000000 1.000000
   3    4   15 0.642857 2.357143
   2    2   11 0.309524 1.690476
   7   18   23 3.047619 3.952381
   4    6   18 1.016667 2.983333
   1    0    6 0.000000 1.000000
   2    2   10 0.342857 1.657143
   4    8   14 1.466667 2.533333
   1    0    7 0.000000 1.000000
   5    6   25 0.952381 4.047619
   9   24   30 4.235714 4.764286
   2    2   10 0.333333 1.666667
   1    0    6 0.000000 1.000000
   2    2   12 0.291667 1.708333
   4   10   15 1.619048 2.380952
   1    0    6 0.000000 1.000000
   2    2   11 0.309524 1.690476
   3    2   15 0.366667 2.633333
   1    0    7 0.000000 1.000000
   8   24   23 4.133333 3.866667
   8   24   21 4.295238 3.704762
   3    4   15 0.619048 2.380952
   1    0    6 0.000000 1.000000
   6   14   21 2.423810 3.576190
   2    2    9 0.366667 1.633333
   4    6   16 1.066667 2.933333
   5   10   19 1.785714 3.214286
   4    8   16 1.385714 2.614286
   1    0    6 0.000000 1.000000
   8   20   28 3.328571 4.671429
   8   28   21 4.794048 3.205952
   1    0    7 0.000000 1.000000
   1    0    6 0.000000 1.000000
   7   22   19 3.833333 3.166667
   5    8   22 1.342857 3.657143
   2    2   10 0.333333 1.666667
   4    8   17 1.285714 2.714286
   1    0    5 0.000000 1.000000
   3    6   13 0.952381 2.047619
   4    2   24 0.309524 3.690476
   2    2    9 0.366667 1.633333
   4   10   14 1.708333 2.291667
   4    6   15 1.166667 2.833333
   3    6   12 1.019048 1.980952
   2    2   11 0.309524 1.690476
   7   22   23 3.538095 3.461905
   8   20   25 3.500000 4.500000
   1    0    6 0.000000 1.000000
   6   12   27 1.857143 4.142857
   2    2    8 0.400000 1.600000
   2    2   12 0.285714 1.714286
   8   16   28 2.895238 5.104762
   5   12   19 1.952381 3.047619
   1    0    6 0.000000 1.000000
   9   24   32 3.928571 5.071429
   3    4   14 0.652381 2.347619
   1    0    7 0.000000 1.000000
   6   12   22 2.095238 3.904762
   8   24   26 4.071429 3.928571
   3    6   11 1.066667 1.933333
   2    2   11 0.309524 1.690476
   2    2   10 0.333333 1.666667
   5   14   15 2.404762 2.595238
   6   12   25 2.042857 3.957143
   6   14   23 2.285714 3.714286
   2    2   10 0.333333 1.666667
   2    0   11 0.000000 2.000000
   8   22   27 3.704762 4.295238
  11   36   33 5.852381 5.147619
   4    4   19 0.700000 3.300000
   5   12   21 1.903571 3.096429
   5   14   16 2.447619 2.552381
  13   34   43 5.766667 7.233333
   2    2   10 0.342857 1.657143
   5    8   19 1.492857 3.507143
   4    2   22 0.366667 3.633333
   4    6   20 0.928571 3.071429
   1    0    7 0.000000 1.000000
   8   16   32 2.719048 5.280952
   5    8   21 1.466667 3.533333
   6   16   20 2.628571 3.371429
   6   14   18 2.633333 3.366667
   3    2   16 0.333333 2.666667
   6   12   24 2.100000 3.900000
   2    2   10 0.342857 1.657143
   7   22   22 3.495238 3.504762
   5    8   25 1.214286 3.785714
   3    2   17 0.309524 2.690476
   3    2   18 0.285714 2.714286
   7   18   23 3.152381 3.847619
  18   52   52 9.076190 8.923810
   5    6   23 1.019048 3.980952
   2    2   10 0.333333 1.666667
   6   12   24 2.004762 3.995238
   4    6   19 0.952381 3.047619
   4   10   13 1.728571 2.271429
   9   26   29 4.304762 4.695238
   1    0    6 0.000000 1.000000
   4    4   19 0.725000 3.275000
   8   22   25 3.771429 4.228571
   6    8   27 1.442857 4.557143
   9   24   32 3.842857 5.157143
   1    0    8 0.000000 1.000000
   3    4   15 0.642857 2.357143
   3    4   15 0.619048 2.380952
   4    6   17 1.052381 2.947619
   3    6   13 0.952381 2.047619
   4    4   17 0.816667 3.183333
  18   58   50 9.821429 8.178571
   5    8   21 1.466667 3.533333
   3    4   13 0.700000 2.300000
   8   22   26 3.714286 4.285714
  10   34   26 5.790476 4.209524
   3    2   15 0.366667 2.633333
  13   42   35 7.209524 5.790476
   1    0    7 0.000000 1.000000
   4    2   21 0.400000 3.600000
   6   10   27 1.710714 4.289286
   2    2   10 0.333333 1.666667
  18   62   46 10.604762 7.395238
   3    4   14 0.666667 2.333333
   4   10   15 1.619048 2.380952
   2    2   11 0.309524 1.690476
   2    2   11 0.325000 1.675000
   2    2   12 0.285714 1.714286
   7   18   22 3.147619 3.852381
  12   38   35 6.480952 5.519048
   4    6   18 0.985714 3.014286
   9   20   31 3.533333 5.466667
  14   48   35 8.138095 5.861905
   2    2   10 0.333333 1.666667
  15   48   41 8.142857 6.857143
   5    8   22 1.352381 3.647619
   1    0    7 0.000000 1.000000
  21   70   54 11.766667 9.233333
   2    2   10 0.333333 1.666667
   1    0    7 0.000000 1.000000
   3    2   18 0.333333 2.666667
   5   12   18 1.933333 3.066667
   1    0    7 0.000000 1.000000
  12   28   42 4.904762 7.095238
  12   24   41 4.420238 7.579762
   3    2   19 0.291667 2.708333
  16   52   43 8.935714 7.064286
   7   16   28 2.600000 4.400000
   2    2   10 0.342857 1.657143
  10   22   38 3.652381 6.347619
   3    6   13 0.971429 2.028571
   2    2   12 0.291667 1.708333
  29  114   60 19.021429 9.978571
   3    4   13 0.700000 2.300000
   3    2   16 0.366667 2.633333
   2    2    9 0.392857 1.607143
  13   36   47 5.654762 7.345238
  13   36   44 5.992857 7.007143
   2    0   14 0.000000 2.000000
  11   34   31 5.690476 5.309524
   4    6   16 1.133333 2.866667
   5    8   19 1.625000 3.375000
  10   18   42 3.047619 6.952381
   5   12   17 2.085714 2.914286
  22   74   60 12.452381 9.547619
   5   14   16 2.395238 2.604762
   2    0   11 0.000000 2.000000
  13   42   37 7.065476 5.934524
  16   50   42 8.760714 7.239286
   5   14   17 2.280952 2.719048
  14   42   40 7.286905 6.713095
   3    2   17 0.333333 2.666667
   8   22   27 3.614286 4.385714
   7   10   33 1.661905 5.338095
   5   10   20 1.704762 3.295238
  26   76   78 12.842857 13.157143
   5    8   23 1.308333 3.691667
   1    0    7 0.000000 1.000000
   9   20   32 3.566667 5.433333
  20   64   55 10.714286 9.285714
   4    8   18 1.257143 2.742857
  19   70   43 11.923810 7.076190
   1    0    6 0.000000 1.000000
   2    2   12 0.285714 1.714286
   3    0   18 0.000000 3.000000
  10   28   32 4.838095 5.161905
  27   82   83 13.642857 13.357143
   4    6   22 0.869048 3.130952
  18   72   37 12.104762 5.895238
  22   68   63 11.438095 10.561905
   2    0   14 0.000000 2.000000
  20   70   43 12.228571 7.771429
   1    0    6 0.000000 1.000000
   6    8   26 1.533333 4.466667
  23   64   80 10.546429 12.453571
   4    6   16 1.100000 2.900000
  11   36   31 5.904762 5.095238
  25   78   69 13.401190 11.598810
  33  144   55 24.356349 8.643651
   1    0    5 0.000000 1.000000
   3    6   10 1.133333 1.866667
  20   48   72 8.292857 11.707143
   3    6   11 1.085714 1.914286
   9   20   35 3.405952 5.594048
  27   84   76 14.214286 12.785714
  33  128   72 21.476190 11.523810
   2    2   10 0.342857 1.657143
   6   12   24 2.019048 3.980952
  18   42   66 7.219048 10.780952
   1    0    5 0.000000 1.000000
   9   18   36 3.023810 5.976190
  40  148   88 24.857143 15.142857
  26   98   63 15.871429 10.128571
   2    2   11 0.309524 1.690476
   4    4   19 0.700000 3.300000
  19   54   60 8.977381 10.022619
  10   30   28 5.238095 4.761905
  39  144   93 23.930952 15.069048
  24   80   62 13.695238 10.304762
   8   20   29 3.346429 4.653571
  17   50   54 8.267857 8.732143
  13   40   37 6.642857 6.357143
  35  112   97 18.957143 16.042857
  27  100   62 17.065079 9.934921
   8   14   34 2.376190 5.623810
  14   32   52 5.371429 8.628571
  24   74   69 12.369048 11.630952
  27   88   74 14.816667 12.183333
  28  114   54 19.135714 8.864286
   7   14   29 2.300000 4.700000
   6    8   32 1.291667 4.708333
  24   60   84 9.976190 14.023810
  32  120   67 20.429762 11.570238
  35  142   70 23.676190 11.323810
   3    2   15 0.366667 2.633333
  12   24   47 4.271429 7.728571
  15   34   57 5.547619 9.452381
  43  180   78 30.185714 12.814286
  26  100   56 16.720238 9.279762
   4   10   14 1.661905 2.338095
   4    2   25 0.342857 3.657143
  14   32   51 5.457143 8.542857
  49  206   83 34.808333 14.191667
  31  132   55 22.176190 8.823810
   2    2   12 0.285714 1.714286
   9   22   31 3.833333 5.166667
  11   20   47 3.295238 7.704762
  53  228   89 38.554762 14.445238
  25   80   72 13.342857 11.657143
   2    2    9 0.366667 1.633333
   9   22   32 3.671429 5.328571
  13   40   39 6.661905 6.338095
  53  226   93 37.846429 15.153571
  24   76   65 12.978571 11.021429
   1    0    7 0.000000 1.000000
  10   24   35 4.180952 5.819048
  18   52   55 8.823810 9.176190
  32  104   90 17.470238 14.529762
  40  160   80 26.897619 13.102381
  23   80   54 13.609524 9.390476
   9   18   38 2.966667 6.033333
  29  100   76 16.750000 12.250000
  39  156   78 26.272619 12.727381
  23   76   59 12.938095 10.061905
   8   16   32 2.685714 5.314286
  22   50   85 8.525397 13.474603
  47  178  104 29.819048 17.180952
  30  110   68 18.451190 11.548810
  10   30   29 5.142857 4.857143
  13   24   55 4.085714 8.914286
  47  196   88 32.570238 14.429762
  29  100   76 16.767857 12.232143
  19   60   54 9.880952 9.119048
  21   58   67 9.669048 11.330952
  31  100   85 16.661905 14.338095
  27   68   92 11.771429 15.228571
  18   54   56 9.010714 8.989286
  31  116   69 19.447619 11.552381
  24   72   73 11.978571 12.021429
  20   46   74 7.661905 12.338095
  21   78   49 13.025000 7.975000
  30  112   64 18.985714 11.014286
  29  108   69 17.673810 11.326190
  17   46   59 7.876190 9.123810
  20   82   41 13.442857 6.557143
  40  162   73 27.705556 12.294444
  23   72   65 12.142857 10.857143
  29  120   51 20.373810 8.626190
  16   66   31 11.113095 4.886905
  39  178   60 29.617857 9.382143
  16   46   48 7.966667 8.033333
  39  158   73 26.628571 12.371429
  18   72   32 12.390476 5.609524
  31  128   63 20.953571 10.046429
  12   24   50 3.923810 8.076190
  35  128   86 21.083333 13.916667
  39  168   63 28.466667 10.533333
  23   64   71 11.014286 11.985714
   3    6   14 0.935714 2.064286
  29   82   86 14.128571 14.871429
  42  184   73 30.442857 11.557143
  24   72   72 12.128571 11.871429
   5   12   19 1.933333 3.066667
  42  176   80 29.483333 12.516667
  35  146   66 24.505952 10.494048
  21   54   66 9.609524 11.390476
   2    0   12 0.000000 2.000000
  41  172   75 28.740476 12.259524
  24   92   57 15.019048 8.980952
  29   90   82 15.171429 13.828571
   6   10   22 1.833333 4.166667
  29  106   70 17.801190 11.198810
  28  116   52 19.403571 8.596429
  33  108   88 18.270238 14.729762
  10   26   34 4.361905 5.638095
  23   64   76 10.678571 12.321429
  27  100   59 16.916667 10.083333
  39  138   96 23.480952 15.519048
  11   26   41 4.195238 6.804762
  23   58   78 9.991667 13.008333
  36  154   62 25.766667 10.233333
  29   96   77 16.352381 12.647619
  12   26   49 4.228571 7.771429
  21   56   71 9.314286 11.685714
  42  182   70 30.532143 11.467857
  20   50   70 8.395238 11.604762
  17   36   65 6.071429 10.928571
  29   90   84 14.952381 14.047619
  42  176   79 29.057143 12.942857
  21   48   78 8.244048 12.755952
   8   12   33 2.200000 5.800000
  34   96   98 16.647619 17.352381
  39  150   92 24.508333 14.491667
  21   56   71 9.277381 11.722619
   6    4   33 0.658333 5.341667
  38  140   85 23.739286 14.260714
  42  174   79 29.340476 12.659524
  19   46   70 7.559524 11.440476
   1    0    6 0.000000 1.000000
  33  112   89 18.616667 14.383333
  52  220   91 36.996429 15.003571
  12   22   49 3.771429 8.228571
   3    4   13 0.700000 2.300000
  38  146   83 24.371429 13.628571
  42  166   85 27.979762 14.020238
  18   48   61 8.038095 9.961905
   2    2    9 0.366667 1.633333
  39  156   78 26.333333 12.666667
  30  100   80 16.813095 13.186905
  31  106   80 17.923810 13.076190
  34  118   83 19.895238 14.104762
  45  186   86 31.311111 13.688889
  21   66   61 11.109524 9.890476
  30   94   87 15.552381 14.447619
  55  236   90 39.789286 15.210714
  15   48   45 7.997619 7.002381
  18   26   83 4.395238 13.604762
  61  272   92 45.566667 15.433333
  21   60   67 10.147619 10.852381
  21   44   80 7.457143 13.542857
  59  266   89 44.548810 14.451190
  20   64   57 10.575000 9.425000
  24   72   66 12.702381 11.297619
  65  318   74 53.050000 11.950000
  11   20   50 3.238095 7.761905
  36  114   98 19.663095 16.336905
  49  208   89 34.603571 14.396429
  15   38   53 6.453571 8.546429
  32  106   85 17.961905 14.038095
  56  240   98 40.444048 15.555952
  12   36   35 6.133333 5.866667
  35  130   79 21.847619 13.152381
  47  188   95 31.135714 15.864286
  18   64   44 10.878571 7.121429
  38  144   85 24.078571 13.921429
  44  154  111 26.039286 17.960714
  18   42   64 7.219048 10.780952
  44  180   82 30.195238 13.804762
  41  150   96 24.771429 16.228571
  15   44   48 7.244048 7.755952
  39  162   75 26.982143 12.017857
  41  160   83 27.119048 13.880952
  20   66   54 11.208333 8.791667
  39  154   77 26.066667 12.933333
  35  130   86 21.557143 13.442857
  26   96   57 16.230952 9.769048
  44  170   95 28.530952 15.469048
  30   92   85 15.721429 14.278571
  26  100   58 16.815476 9.184524
  48  204   88 33.792857 14.207143
  22   52   77 9.020238 12.979762
  30  114   65 19.158333 10.841667
  53  216   94 37.088095 15.911905
  21   52   81 8.492857 12.507143
  26   88   69 14.932143 11.067857
  64  292   91 49.092857 14.907143
  10   10   56 1.535714 8.464286
  26   76   75 12.973810 13.026190
  59  274   83 45.715079 13.284921
   5    4   27 0.642857 4.357143
  36  140   72 23.738095 12.261905
  57  250   91 42.248016 14.751984
  11   34   29 5.900000 5.100000
  32  110   86 18.223810 13.776190
  65  308   81 51.751190 13.248810
   5    8   23 1.344048 3.655952
  30  108   72 18.104762 11.895238
  63  310   74 51.344048 11.655952
   7   18   24 3.210714 3.789286
  30  108   66 18.414286 11.585714
  62  284   87 47.617857 14.382143
   1    0    6 0.000000 1.000000
  37  138   85 22.989286 14.010714
  61  266   95 45.176190 15.823810
  39  144   95 24.061905 14.938095
  63  296   84 49.276587 13.723413
  37  136   84 22.952381 14.047619
  59  284   74 47.160714 11.839286
  41  168   74 28.525000 12.475000
  56  266   70 44.300000 11.700000
  44  194   70 32.355952 11.644048
  49  222   72 37.076190 11.923810
  51  234   72 39.066667 11.933333
  45  186   80 31.492857 13.507143
  55  254   80 42.353571 12.646429
  44  174   95 28.740476 15.259524
  56  236   95 39.796429 16.203571
  48  204   82 34.398810 13.601190
  52  232   82 38.735714 13.264286
  39  154   80 25.800000 13.200000
  61  286   80 47.988095 13.011905
  36  140   79 23.117857 12.882143
  64  302   79 50.710714 13.289286
  43  160   99 26.996429 16.003571
  57  242   99 40.501190 16.498810
  30   98   79 16.652381 13.347619
  70  344   79 57.327381 12.672619
  26   86   72 14.380952 11.619048
  74  370   72 61.977381 12.022619
  29   86   87 14.530952 14.469048
  71  340   87 56.588095 14.411905
  23   58   79 9.671429 13.328571
  77  384   79 63.965079 13.034921
  26   76   81 12.555952 13.444048
  74  362   81 60.445238 13.554762
  24   80   61 13.500000 10.500000
  76  398   61 66.116667 9.883333
  24   94   48 15.819048 8.180952
  76  410   48 68.108333 7.891667
  16   44   52 7.314286 8.685714
  84  452   52 75.466667 8.533333
  19   60   56 9.861905 9.138095
  81  428   56 71.365476 9.634524
  16   38   59 6.200000 9.800000
  84  444   59 74.009524 9.990476
  29  106   67 17.834524 11.165476
  71  360   67 60.104762 10.895238
  27  100   65 16.711905 10.288095
  73  370   65 62.059524 10.940476
  19   52   59 8.950000 10.050000
  81  430   59 71.509524 9.490476
  18   50   53 8.628571 9.371429
  82  444   53 73.732143 8.267857
  24   72   70 12.042857 11.957143
  76  388   70 64.535714 11.464286
  24   64   80 10.792857 13.207143
  76  376   80 62.959524 13.040476
  30  102   76 17.288095 12.711905
  70  346   76 57.632143 12.367857
  31  106   75 18.051190 12.948810
  69  344   75 56.778571 12.221429
  26   76   81 12.536905 13.463095
  74  362   81 60.555952 13.444048
  28  104   69 17.057143 10.942857
  72  358   69 60.084524 11.915476
  25   86   69 14.133333 10.866667
  75  376   69 63.263095 11.736905
  15   36   54 5.980952 9.019048
  85  456   54 76.165476 8.834524
  16   54   43 9.138095 6.861905
  84  460   43 76.790476 7.209524
   8   16   33 2.638095 5.361905
  92  518   33 86.403571 5.596429
   7   14   26 2.395238 4.604762
  93  534   26 88.815079 4.184921
  10   32   28 5.395238 4.604762
  90  512   28 85.525000 4.475000
  12   42   33 6.902381 5.097619
  88  492   33 82.283333 5.716667
  18   72   34 12.271429 5.728571
  82  460   34 76.592857 5.407143
  15   50   42 8.295238 6.704762
  85  466   42 78.005952 6.994048
   9   20   32 3.504762 5.495238
  91  516   32 85.915476 5.084524
   7   12   27 2.233333 4.766667
  93  534   27 88.714286 4.285714
   7   18   24 3.038095 3.961905
  93  534   24 89.171429 3.828571
   2    2   10 0.333333 1.666667
  98  578   10 96.388095 1.611905
 100  600    0 100.000000 0.000000
