1.154e-01 
4.459e-01 
7.054e-01 
4.146e-01 
1.924e-01 
2.727e-01 
2.543e-01 
2.052e-01 
2.178e-01 
1.363e-01 
4.097e-01 
4.303e-01 
1.167e+00 
2.082e-01 
1.978e-01 
3.850e-01 
1.256e-01 
2.259e-01 
1.499e-01 
1.015e-01 
3.114e-01 
2.972e-01 
7.308e-01 
1.321e-01 
1.414e-01 
3.270e-01 
2.306e-01 
5.796e-01 
1.927e-01 
1.808e-01 
1.466e-01 
9.893e-02 
3.582e-01 
6.539e-01 
2.930e-01 
3.771e-01 
1.183e-01 
4.437e-01 
2.989e-01 
3.706e-01 
6.717e-01 
5.485e-01 
1.727e-01 
3.366e-01 
1.921e-01 
8.087e-01 
3.758e-01 
6.144e-01 
6.378e-01 
2.436e-01 
1.073e-01 
1.732e-01 
6.033e-01 
2.086e-01 
2.935e-01 
1.279e-01 
1.505e-01 
1.113e-01 
3.855e-01 
3.786e-01 
1.803e-01 
3.928e-01 
1.725e-01 
1.791e-01 
3.233e-01 
4.486e-01 
3.093e-01 
4.420e-01 
8.501e-01 
9.300e-01 
2.394e-01 
3.978e-01 
5.888e-01 
5.433e-01 
1.484e-01 
1.247e-01 
2.012e-01 
2.602e-01 
3.197e-01 
5.403e-01 
2.434e-01 
2.375e-01 
2.234e-01 
1.609e-01 
2.469e-01 
3.717e-01 
3.034e-01 
5.992e-01 
1.529e-01 
2.341e-01 
1.908e-01 
3.920e-01 
4.330e-01 
6.778e-01 
3.852e-01 
9.029e-01 
2.309e-01 
2.090e-01 
3.103e-01 
5.947e-01 
1.454e-01 
2.564e-01 
3.704e-01 
2.927e-01 
5.610e-01 
3.860e-01 
2.451e-01 
2.145e-01 
3.251e-01 
1.200e-01 
3.506e-01 
4.302e-01 
3.669e-01 
3.020e-01 
1.496e-01 
5.267e-01 
2.541e-01 
3.466e-01 
3.034e-01 
4.617e-01 
1.805e-01 
3.230e-01 
7.143e-01 
5.425e-01 
3.485e-01 
6.026e-01 
7.613e-01 
3.454e-01 
1.619e-01 
5.810e-01 
3.276e-01 
1.438e-01 
3.574e-01 
1.308e-01 
1.361e-01 
3.754e-01 
4.107e-01 
1.877e-01 
1.294e-01 
2.244e-01 
2.771e-01 
3.905e-01 
2.907e-01 
7.034e-02 
1.531e-01 
2.381e-01 
2.271e-01 
4.689e-01 
3.741e-01 
8.544e-01 
3.470e-01 
3.767e-01 
5.860e-01 
5.646e-01 
9.961e-02 
1.447e-01 
2.070e-01 
2.774e-01 
2.377e-01 
2.533e-01 
9.911e-01 
2.643e-01 
8.330e-02 
4.785e-01 
2.749e-01 
1.640e-01 
5.156e-01 
2.681e-01 
1.731e-01 
3.540e-01 
2.507e-01 
6.676e-01 
2.838e-01 
1.857e-01 
1.094e-01 
4.455e-01 
2.569e-01 
1.845e-01 
2.234e-01 
1.944e-01 
1.814e-01 
2.435e-01 
3.753e-01 
1.841e-01 
2.115e-01 
1.832e-01 
4.868e-01 
2.963e-01 
3.482e-01 
1.849e-01 
1.817e-01 
3.448e-01 
1.287e-01 
4.957e-01 
3.656e-01 
1.966e-01 
3.791e-01 
3.792e-01 
2.185e-01 
1.286e-01 
4.890e-01 
2.130e-01 
3.493e-01 
2.872e-01 
3.295e-01 
2.802e-01 
2.350e-01 
4.713e-01 
4.415e-01 
2.725e-01 
2.334e-01 
5.128e-01 
2.581e-01 
5.427e-01 
2.167e-01 
2.548e-01 
1.039e-01 
2.875e-01 
2.938e-01 
1.611e-01 
2.669e-01 
3.157e-01 
5.475e-01 
3.446e-01 
1.355e-01 
2.260e-01 
2.240e-01 
2.034e-01 
5.564e-01 
3.141e-01 
5.078e-01 
2.035e-01 
4.593e-01 
2.805e-01 
2.171e-01 
3.459e-01 
2.349e-01 
7.301e-01 
6.158e-01 
3.655e-01 
1.587e-01 
1.425e-01 
1.133e-01 
2.040e-01 
7.316e-01 
9.188e-02 
3.407e-01 
2.765e-01 
4.466e-01 
3.538e-01 
4.112e-01 
3.615e-01 
4.175e-01 
7.583e-01 
4.261e-01 
3.660e-01 
1.276e+00 
5.418e-01 
2.684e-01 
7.247e-01 
5.932e-01 
3.949e-01 
7.107e-01 
8.362e-02 
1.103e-01 
6.467e-01 
1.831e-01 
7.812e-02 
3.425e-01 
7.371e-01 
1.485e-01 
1.541e-01 
2.113e-01 
2.539e-01 
1.380e-01 
1.581e-01 
1.715e-01 
1.447e-01 
1.329e-01 
2.312e-01 
3.668e-01 
2.928e-01 
3.847e-01 
1.937e-01 
1.729e-01 
2.116e-01 
3.656e-01 
1.675e-01 
3.484e-01 
9.132e-01 
6.277e-01 
5.824e-01 
2.591e-01 
5.829e-01 
1.644e-01 
3.118e-01 
2.506e-01 
2.282e-01 
1.337e-01 
1.335e-01 
4.499e-01 
3.400e-01 
1.233e-01 
2.631e-01 
1.112e-01 
1.403e-01 
3.129e-01 
3.437e-01 
4.847e-01 
3.047e-01 
3.952e-01 
2.203e-01 
3.170e-01 
9.495e-01 
4.423e-01 
1.014e+00 
4.132e-01 
3.251e-01 
6.727e-02 
4.229e-01 
2.681e-01 
4.776e-01 
3.620e-01 
1.243e-01 
2.584e-01 
1.599e-01 
5.051e-01 
2.265e-01 
3.786e-01 
3.831e-01 
2.035e-01 
1.836e-01 
2.299e-01 
2.651e-01 
3.168e-01 
4.854e-01 
2.399e-01 
8.644e-01 
1.482e-01 
5.710e-01 
5.832e-01 
5.066e-01 
2.433e-01 
1.541e-01 
1.313e-01 
2.129e-01 
2.522e-01 
2.298e-01 
1.065e+00 
1.212e-01 
3.518e-01 
5.211e-01 
2.098e-01 
1.274e-01 
3.848e-01 
1.989e-01 
3.445e-01 
2.088e-01 
1.610e-01 
1.950e-01 
4.856e-01 
7.015e-01 
2.611e-01 
3.375e-01 
3.655e-01 
3.050e-01 
3.101e-01 
3.556e-01 
3.010e-01 
2.706e-01 
8.781e-01 
2.583e-01 
1.649e-01 
2.333e-01 
1.169e-01 
1.436e-01 
4.234e-01 
6.192e-01 
3.385e-01 
2.454e-01 
7.105e-01 
7.282e-01 
8.672e-01 
3.287e-01 
4.042e-01 
1.623e-01 
3.880e-01 
3.472e-01 
2.245e-01 
1.869e-01 
2.539e-01 
1.571e-01 
5.168e-01 
1.867e-01 
3.732e-01 
5.780e-01 
2.260e-01 
4.953e-01 
6.858e-01 
2.149e-01 
1.713e-01 
2.547e-01 
1.291e-01 
4.514e-01 
1.365e-01 
7.330e-01 
3.751e-01 
5.513e-01 
1.231e-01 
5.794e-01 
4.097e-01 
3.510e-01 
3.995e-01 
2.295e-01 
2.130e-01 
4.040e-01 
1.804e-01 
3.267e-01 
2.689e-01 
3.933e-01 
5.936e-01 
8.628e-01 
1.470e-01 
2.326e-01 
4.767e-01 
5.977e-01 
1.985e-01 
2.573e-01 
1.710e-01 
4.230e-01 
9.724e-02 
3.940e-01 
2.208e-01 
3.117e-01 
3.100e-01 
1.250e-01 
6.514e-01 
1.160e-01 
2.912e-01 
1.067e-01 
2.515e-01 
1.919e-01 
5.703e-02 
3.303e-01 
1.830e-01 
5.194e-01 
2.447e-01 
2.945e-01 
2.208e-01 
2.678e-01 
6.563e-01 
1.696e-01 
2.859e-01 
2.798e-01 
4.820e-01 
6.182e-01 
2.704e-01 
2.221e-01 
3.876e-01 
1.477e-01 
2.385e-01 
4.267e-01 
1.733e-01 
6.177e-01 
7.373e-01 
2.778e-01 
1.869e-01 
1.609e-01 
2.514e-01 
9.566e-01 
2.907e-01 
3.398e-01 
2.085e-01 
3.205e-01 
3.579e-01 
3.323e-01 
3.880e-01 
2.307e-01 
5.461e-01 
3.976e-01 
2.738e-01 
3.247e-01 
3.792e-01 
2.045e-01 
2.136e-01 
4.934e-01 
2.506e-01 
2.132e-01 
5.327e-01 
2.365e-01 
2.842e-01 
2.951e-01 
3.408e-01 
6.781e-01 
7.042e-01 
1.185e-01 
1.301e-01 
2.042e-01 
3.206e-01 
3.971e-01 
3.355e-01 
