14.935714
15.148810
12.477381
16.380952
15.533333
14.147619
15.661905
15.057143
13.266667
13.400000
13.485714
15.164286
15.551190
12.308333
14.719048
10.784524
13.866667
11.219048
13.733333
14.738095
10.128571
13.105952
13.591667
12.642857
9.942857
11.344048
12.819048
14.685714
15.252381
10.985714
13.419048
13.994048
13.795238
17.142857
13.433333
13.490476
17.451190
13.304762
11.088095
14.917857
15.073810
10.328571
11.638095
16.265476
13.725000
17.147619
13.419048
10.707143
13.259524
13.052381
12.200000
15.277381
15.790476
13.423810
13.760714
11.461905
13.122619
12.590476
14.214286
12.841667
14.423810
16.990476
11.264286
18.833333
15.754762
12.470238
13.714286
15.361905
14.328571
12.065476
13.452381
14.138095
16.016667
16.919048
17.119048
9.961905
15.666667
16.519048
16.586905
14.422619
13.028571
10.742857
13.079762
13.973810
13.438095
10.817857
13.195238
9.302381
16.696429
13.094048
17.265476
11.738095
13.364286
14.295238
11.966667
10.290476
15.584524
15.861905
15.422619
14.561905
11.166667
11.909524
16.055952
12.853571
13.272619
12.579762
11.479762
11.709524
15.055952
12.992857
9.435714
16.180952
15.316667
11.452381
13.476190
12.771429
13.957143
14.166667
14.750000
14.079762
11.673810
12.257143
12.166667
16.111905
14.090476
13.114286
13.672619
12.705952
11.497619
10.257143
14.019048
13.938095
12.447619
16.423810
13.235714
13.376190
11.780952
13.928571
13.082143
13.264286
12.742857
16.876190
13.319048
12.970238
17.342857
15.130952
14.901190
12.153571
10.194048
14.190476
14.723810
15.638095
11.471429
13.238095
14.795238
13.728571
11.492857
14.102381
11.809524
14.080952
13.500000
15.492857
13.104762
16.030952
10.758333
10.152381
15.082143
15.629762
13.632143
13.142857
13.316667
14.395238
14.776190
11.300000
13.007143
13.396429
15.823810
16.877381
15.085714
9.657143
12.060714
12.366667
16.626984
14.395238
14.966667
9.520238
13.561905
11.969048
12.447619
13.750000
14.161905
8.500000
11.752381
13.828571
11.742857
12.886905
10.750000
16.647619
14.338095
16.147619
9.966667
14.685714
15.271429
12.939286
10.361905
13.757143
17.814286
14.935714
14.504762
11.704762
14.933333
14.900000
15.128571
11.717857
13.967857
17.558333
11.492857
10.688095
8.229762
9.897619
11.157143
15.628571
13.823810
10.222619
17.659524
14.229762
14.157143
11.569048
12.242857
12.608333
10.369048
14.700000
14.133333
14.673810
13.147619
11.276190
13.680952
12.192857
9.847619
13.100000
11.359524
17.346429
11.304762
11.627381
12.628571
13.804762
12.509524
12.395238
16.147619
11.438095
14.076190
12.244048
14.198810
14.511905
16.095238
12.485714
11.333333
10.400000
12.835714
11.769048
14.952381
15.661905
14.914286
13.319048
15.238095
11.222619
14.247619
14.774603
11.728571
14.432143
14.171429
15.628571
12.964286
16.210714
16.316667
16.859524
10.566667
13.111905
11.396429
12.746429
14.369048
14.771429
17.761905
12.888095
13.117857
14.100000
14.380952
12.372619
11.945238
10.750000
13.900000
17.795238
13.880952
13.623810
16.409524
14.166667
12.251190
17.780952
12.813095
15.039286
16.552381
10.920238
13.930952
16.045238
15.195238
13.971429
11.382143
15.045238
12.680952
14.704762
14.395238
17.000000
13.371429
14.958333
9.794048
14.260714
14.476190
13.735714
12.490476
14.483333
13.007143
13.776190
14.664286
12.957143
17.634524
10.573810
13.885714
14.472619
15.904762
12.936905
15.201190
15.436905
14.366667
16.211905
15.329762
14.808333
17.385714
11.776190
13.000794
16.159524
14.725000
13.635714
15.279762
15.123810
12.013095
12.758333
9.719048
12.903571
15.122619
13.552381
13.519048
12.133333
11.357143
10.611905
15.045238
14.773810
13.942857
17.096429
13.529762
15.932143
11.460714
13.592857
13.047619
17.057143
15.847619
10.941667
10.847619
9.890476
13.214286
11.353968
11.991667
13.604762
14.088095
13.964286
14.164286
16.700000
14.703571
16.261905
13.652381
14.460714
14.092857
16.452381
13.500000
16.286905
9.623810
15.566667
12.139286
12.685714
12.095238
15.852381
15.976190
10.733333
13.961905
15.285714
12.442857
15.998810
14.582143
13.523810
16.371429
11.695238
15.738095
14.563095
13.727381
13.817857
12.490476
15.571429
12.373810
14.795238
10.997619
11.734524
16.114286
10.880556
12.985714
13.900000
11.603571
16.367857
13.833333
14.533333
15.589286
12.153571
12.340476
16.444048
12.497619
12.380952
14.652381
14.585714
12.157143
17.229762
14.542857
15.664286
15.127381
13.947619
15.361905
14.052381
15.019048
13.352381
14.771429
16.428571
14.739286
14.716667
11.109524
14.585714
13.866667
14.022619
14.011905
12.276190
13.367857
13.383333
10.948810
15.016667
12.339286
14.942857
12.778571
15.907143
12.328571
13.266667
12.445238
15.785714
14.437698
16.747619
12.576190
16.150000
14.375000
15.042857
10.985714
13.380952
13.923810
13.457143
12.173810
12.176190
15.642857
14.066667
10.885714
12.047619
14.790476
17.569048
10.838095
12.552381
11.661905
13.315476
11.548810
13.919048
11.578571
13.666667
16.919048
12.676190
12.104762
15.029762
13.085714
12.966667
13.311905
12.605952
15.755952
11.614286
15.038095
8.745238
15.933333
11.066667
14.126190
15.533333
11.905952
13.771429
14.834524
13.790476
12.533333
14.870238
15.766667
12.985714
11.208333
12.644048
15.285714
13.275000
13.647619
11.395238
15.947619
14.571429
15.220238
15.739286
14.414286
16.423810
15.138095
13.523810
15.623810
13.957143
13.180952
12.054762
15.809524
17.314286
16.500000
14.503571
15.703571
13.228571
15.185714
14.859524
12.826190
13.442857
16.457143
15.342857
13.375000
12.085714
13.509524
11.757143
11.616667
13.059524
13.857143
12.763095
16.423810
15.285714
14.190476
14.659524
13.871429
13.961905
17.227381
12.632143
13.659524
13.253571
15.471429
12.961905
14.638095
14.309524
16.209524
12.619048
16.361905
15.602381
13.471429
12.389286
15.538095
14.533333
13.134524
11.328571
8.802381
13.747619
13.190476
16.552381
12.066667
11.926190
16.527381
16.436905
13.428571
13.452381
15.585714
11.783333
12.452381
8.888095
13.983333
17.976190
13.161905
18.085714
10.464286
15.676190
12.761905
16.985714
13.821429
12.209524
14.475000
11.400000
13.704762
15.803571
14.914286
13.814286
14.023810
14.448810
12.633333
14.388095
15.957143
14.928571
12.466667
13.377381
17.428571
12.995238
13.233333
13.048810
11.097619
9.642857
12.272619
16.826190
13.466667
16.966667
14.080952
13.495238
10.838095
16.214286
10.065873
9.102381
15.664286
15.697619
15.252381
12.228571
11.876190
12.800000
13.733333
16.625000
11.019048
15.161905
12.785714
15.342857
12.975000
16.019048
14.117857
14.271429
13.461905
13.804762
13.985714
11.419048
15.700000
11.080952
14.692857
12.854762
18.419048
17.913095
13.880952
13.600000
16.355952
10.785714
15.447619
14.578571
12.570238
17.566667
13.895238
16.294048
13.271429
14.565476
14.889286
10.636905
14.619048
11.790476
13.128571
15.019048
11.001190
16.533333
12.928571
11.636905
14.014286
13.967857
11.095238
14.252381
14.985714
14.140476
15.290476
11.717857
12.911905
12.302381
11.447619
16.266667
9.839286
12.607937
13.204762
13.646429
13.459524
10.819048
13.861905
15.000000
13.815476
13.594048
13.391667
12.077381
11.975000
12.952381
10.370238
14.809524
11.304762
13.933333
14.850000
17.201190
15.321429
13.779762
12.780952
14.561905
15.372619
14.866667
8.938095
11.895238
11.117857
16.647619
15.795238
10.385714
16.608333
13.938095
15.314286
12.314286
12.973810
15.372619
14.002381
11.963095
16.064286
14.055952
14.815476
16.804762
13.811905
12.708333
12.838095
11.980952
14.552381
16.761905
14.482143
12.352381
10.620238
17.252381
14.963095
12.000000
13.323810
13.919048
18.103571
12.259524
16.194048
13.409524
13.233333
10.490476
12.469048
15.702381
13.405952
14.019048
16.147619
11.230952
14.073810
14.690476
15.219048
10.869048
14.957143
15.992857
11.100000
15.433333
12.423810
16.914286
12.652381
12.871429
9.288095
16.291667
12.986905
14.014286
17.523810
16.577381
13.690476
13.809524
14.533333
13.972619
14.485714
15.628571
15.132143
11.390476
15.309524
13.326984
10.966667
15.571429
14.483333
16.390476
14.661905
14.369048
13.451190
14.925000
14.052381
12.241667
16.090476
17.216667
12.790476
14.019048
11.851190
14.166667
11.252381
13.685714
11.844048
17.547619
13.880952
13.459524
15.101984
12.941667
15.901190
15.169048
10.609524
14.129762
13.890476
14.985714
11.666667
11.852381
11.719048
14.088095
14.994048
14.295238
10.885714
12.950000
15.498810
9.971429
16.011905
14.358333
13.972619
12.671429
11.004762
12.666667
13.838095
16.740476
14.607143
15.209524
15.823810
14.215476
12.898810
16.857937
12.285714
15.488095
10.409524
16.667857
15.809524
13.239286
17.209524
12.119048
10.447619
14.414286
13.377381
15.252381
13.771429
13.508333
15.805952
15.521429
15.958333
14.514286
11.445238
14.771429
16.060714
14.666667
12.016667
13.719048
12.766667
11.480952
15.533333
13.947619
14.683333
13.880952
13.808333
16.176190
10.676190
10.071429
12.323810
14.335714
12.733333
11.995238
16.751190
16.565476
11.495238
12.839286
14.323810
13.466667
16.015476
9.460714
15.440476
15.200000
13.709524
14.452381
13.544048
15.804762
11.238095
14.720238
12.385714
12.775000
12.347619
15.309524
16.938095
16.608333
14.452381
10.404762
13.609524
15.738095
15.595238
10.733333
12.776190
11.733333
14.427381
12.778571
14.190476
15.628571
11.501190
11.116667
13.828571
13.869048
12.077381
14.038095
12.214286
14.138889
15.211905
15.559524
16.660714
11.997619
13.784127
13.250000
12.947619
14.247619
15.270238
14.350000
13.957143
12.385714
18.010714
12.338095
12.366667
16.264286
15.720238
14.979762
13.447619
13.538095
12.358333
10.178571
14.458333
14.809524
13.252381
8.690476
12.194048
11.888095
12.519048
11.722619
11.171429
12.634524
10.497619
14.589286
10.870238
10.554762
15.715476
15.810714
13.971429
10.704762
12.085714
17.609524
12.390476
14.961905
11.516667
16.090476
12.061905
17.076190
17.507143
13.188095
15.504762
15.539286
9.059524
11.536905
15.950000
14.626190
11.033333
15.166667
11.928571
17.273810
14.152381
11.852381
15.980952
14.457143
16.519048
13.542857
13.877381
9.880952
14.195238
12.666667
15.098810
15.844048
10.345238
12.703571
9.588095
12.215476
14.661905
15.133333
8.952381
11.866667
17.604762
13.871429
13.242857
11.714286
10.057143
13.990476
13.923810
17.666667
13.928571
16.585714
16.968254
12.657143
13.434524
12.182143
14.764286
15.823810
14.722619
13.372619
12.471429
14.994048
14.778571
14.096429
15.319048
13.928571
15.780952
18.110714
12.027381
15.533333
14.452381
10.304762
9.704762
13.685714
14.892857
11.086905
15.935714
15.380952
13.627381
14.504762
10.938095
16.357143
13.744048
14.178571
14.114286
12.880952
13.964286
14.327381
10.546429
15.341667
13.628571
13.305952
13.766667
17.158333
15.635714
14.276190
13.209524
9.236905
15.286905
12.715476
12.011905
18.830952
14.354762
15.466667
14.580952
15.657143
10.630952
14.195238
14.645238
16.527381
15.421429
15.271429
11.800000
10.483333
9.525000
16.266667
10.616667
12.140476
13.195238
12.304762
15.555952
16.089286
14.500000
14.379762
16.809524
15.442857
14.436905
17.291667
16.865476
15.013095
12.138095
11.859524
12.776190
14.957143
13.455952
15.083333
15.919048
17.004762
13.961905
13.607143
13.691667
13.046429
13.529762
14.414286
14.766667
11.222619
14.620238
14.909524
16.580952
11.071429
14.695238
10.888095
13.157143
15.790476
15.669048
12.766667
15.485714
15.702381
13.876190
13.623810
15.397619
13.528571
11.921429
12.795238
13.445238
14.157143
15.882540
12.853571
17.475000
12.340476
15.808333
11.990476
10.686905
13.294048
13.023810
17.645238
14.366667
13.826190
9.571429
10.514286
15.552381
9.380952
13.323810
15.869048
12.469048
16.292857
16.065476
14.119048
13.485714
12.716667
13.945238
15.314286
11.759524
13.290476
8.254762
13.383333
11.147619
15.523810
15.157143
15.163095
12.066667
13.801190
15.467857
14.735714
14.966667
15.409524
14.523810
13.661905
16.340476
14.043651
13.223810
9.771429
10.386905
11.264286
13.000000
13.678571
14.221429
8.389286
15.223810
10.415476
14.466667
11.571429
13.004762
17.890476
16.880952
13.614286
16.928571
11.542857
13.494048
12.305952
12.504762
13.976190
15.319048
11.270238
11.426190
11.495238
12.509524
13.070238
15.455952
12.967857
18.079762
9.578571
10.838095
17.204762
13.828571
13.560714
12.278571
13.638095
12.509524
12.323810
14.309524
10.040476
14.804762
12.590476
13.045238
12.847619
11.953571
10.458333
10.751190
12.954762
10.080952
11.395238
15.300000
15.557143
15.442857
13.622619
14.086905
15.052381
15.758333
7.884524
14.909524
12.828571
12.219048
16.347619
17.573810
11.759524
11.861905
14.528571
12.607143
12.685714
12.590476
14.233333
11.780952
13.952381
14.838095
17.166667
13.234524
14.750000
13.388095
11.182143
12.361905
14.590476
10.438095
12.464286
13.028571
16.095238
13.409524
15.242857
16.114286
15.971429
10.485714
13.972619
11.364286
12.576190
14.545238
10.453571
13.302381
12.833333
13.542857
9.700000
16.651190
9.090476
15.628571
11.501190
13.746429
14.861905
12.316667
12.258333
13.266667
12.876190
15.423810
15.107143
11.928571
13.623810
13.885714
14.880952
16.289286
16.695238
14.096429
13.273810
14.235714
13.733333
12.434524
10.945238
12.872619
12.311905
15.484524
13.000000
14.908333
12.891667
14.990476
12.185714
13.907143
16.061905
12.123810
12.561905
15.294048
11.928571
10.914286
9.347619
13.700000
15.628571
14.973810
14.688095
15.038095
9.223810
12.728571
15.533333
16.390476
10.307143
16.711905
11.717857
13.155556
12.676190
11.654762
12.235714
13.691667
13.605952
14.528571
8.713095
15.186905
17.014286
15.995238
15.671429
18.276190
16.870238
8.809524
14.392857
13.228571
14.602381
12.338095
13.495238
13.073810
14.314286
14.697619
13.738095
12.421429
16.754762
13.426190
10.426190
10.148810
13.233333
12.953571
13.785714
12.925397
10.921429
12.592857
10.217857
10.858333
13.123810
13.738095
14.130952
15.652381
13.148810
12.833333
11.441667
13.171429
13.050000
11.579762
10.419048
15.888095
15.728571
14.625000
12.711905
15.538095
11.252381
12.041667
11.855952
14.259524
14.697619
12.451190
9.914286
13.053571
12.985714
12.166667
14.433333
16.861905
11.495238
12.009524
14.047619
13.748810
17.990476
12.538095
17.130952
11.285714
13.946032
14.672619
13.114286
10.357143
12.282143
11.880952
12.866667
12.776190
14.653571
12.620238
14.640476
15.851190
13.521429
13.876190
14.352381
12.510714
16.957143
13.247619
16.885714
12.457143
9.511905
10.680952
12.576190
15.466667
11.835714
11.142857
8.147619
11.155952
13.150000
11.433333
16.538095
13.807143
12.850000
9.861905
11.254762
12.100000
9.828571
14.542857
15.166667
13.639683
14.509524
16.089286
14.233333
14.680952
11.833333
13.985714
12.380952
14.042857
12.085714
10.985714
15.165476
13.307937
12.997619
17.042857
14.642857
10.314286
15.857143
14.482143
15.690476
10.675000
12.845238
15.861905
14.796429
11.329762
13.885714
18.142857
13.168254
14.495238
14.300000
15.042857
14.942857
16.901190
15.791667
14.204762
15.466667
13.595238
12.897619
14.695238
13.909524
15.644048
15.338095
10.957143
13.925000
10.630952
16.623810
15.320238
16.854762
13.833333
9.523810
15.676190
14.342857
12.897619
14.523810
11.723810
13.253571
9.338095
15.480952
16.470238
17.066667
15.413095
17.028571
13.208333
18.130952
16.209524
13.502381
10.326190
12.795238
13.009524
12.214286
14.957143
13.880952
16.457143
14.408333
12.673810
11.952381
15.473810
14.857143
15.838095
12.609524
10.914286
13.902381
14.933333
15.176190
15.000000
12.750000
14.533333
12.104762
13.264286
15.048810
11.042857
12.264286
13.965476
14.938889
15.466667
14.233333
14.847619
14.338095
14.972619
12.371429
13.852381
13.571429
13.166667
10.347222
13.302381
13.136905
10.023810
11.366667
13.509524
10.900000
16.161905
14.119048
16.979762
13.136905
13.895238
15.503571
13.386905
13.623810
15.084524
14.236905
11.936905
13.890476
13.089286
13.157143
14.234524
15.917857
10.369048
14.119048
12.284524
11.267857
10.977381
9.209524
17.592857
11.300000
11.328571
15.540476
12.709524
17.735714
11.680952
12.461905
12.819048
15.514286
17.252381
10.119048
9.795238
13.544048
13.951190
13.347619
11.095238
15.019048
11.173810
13.852381
14.476190
15.558333
15.169048
11.016667
13.509524
13.261905
12.364286
14.495238
9.936905
13.504762
13.970238
9.547619
10.367857
12.360714
14.304762
13.561905
16.664286
12.173810
12.620238
11.847619
10.290476
12.803571
16.702381
14.095238
14.039286
13.438095
14.109524
12.460714
16.535714
13.354762
16.633333
17.029762
13.361905
9.386905
17.294048
11.279762
14.528571
12.995238
13.200000
15.038095
18.580952
13.259524
13.047619
13.250000
15.300794
16.671429
15.019048
12.107143
13.676190
16.317857
14.225000
12.748810
14.133333
16.085714
13.828571
11.140476
15.991667
14.828571
17.264286
15.695238
14.954762
12.113095
12.866667
9.533333
14.371429
14.091667
11.445238
11.359524
12.677381
12.942857
9.823810
14.121429
13.683333
13.375000
9.810714
10.026190
13.666667
9.373810
14.342857
15.839286
14.500000
16.194048
14.508333
17.680952
11.595238
11.309524
14.214286
14.640476
12.219048
15.095238
15.909524
15.283333
14.761905
14.290476
15.790476
14.180952
15.103571
11.595238
17.938095
13.375000
12.385714
17.114286
16.328571
16.908333
15.311905
17.982143
15.528571
13.319048
13.811905
14.403571
15.040476
12.904762
13.090476
15.719048
14.171429
10.978571
13.913095
13.625000
14.983333
14.421429
16.320238
15.752381
14.145238
12.652381
12.041667
11.495238
16.689286
12.923810
15.116667
12.478571
14.078571
13.642857
10.804762
14.080952
10.519048
12.216667
17.219048
13.510714
12.510714
15.000000
15.495238
15.847619
15.646429
10.502381
9.438095
12.098810
16.195238
11.902381
17.669048
16.390476
16.745238
11.600000
12.665476
10.861905
9.733333
12.914286
17.065476
13.761905
13.261905
13.185714
14.539286
15.938095
11.466667
14.528571
13.896429
14.209524
13.288095
13.495238
14.445238
14.147619
10.730952
14.451190
11.735714
12.804762
17.185714
11.905952
12.609524
12.114286
13.673810
10.454762
15.784524
14.080952
15.771429
13.638095
16.404762
14.326190
14.728571
13.447619
12.926190
16.000000
15.096429
12.847619
12.890476
9.614286
12.027778
11.852381
14.300000
10.759524
14.728571
14.795238
15.341667
16.078571
9.913095
13.276190
15.089286
12.913095
13.997619
13.454762
12.730952
10.664286
12.673810
14.419048
14.395238
12.541667
13.142857
11.960317
15.420238
11.098810
13.196429
13.715476
12.104762
15.004762
13.598810
11.433333
11.026190
12.547619
12.257143
16.961905
13.629762
15.478571
13.779762
13.613095
15.123810
12.535714
15.376190
12.409524
9.785714
13.471429
13.426190
14.795238
14.813095
12.705952
11.971429
12.826190
14.139286
13.179365
14.955952
12.865476
14.738095
10.400000
15.483333
16.971429
15.285714
14.603571
15.270238
15.547619
14.085714
16.923810
13.319048
12.652381
15.852381
12.209524
15.585714
9.194048
13.076190
15.729762
13.461905
8.590476
14.294048
10.577381
15.190476
15.932143
14.490476
14.628571
15.580952
9.657143
15.309524
13.114286
12.185714
12.603571
12.204762
16.390476
15.471429
10.052381
11.416667
15.673810
12.070238
16.083333
14.115476
10.184524
13.340476
10.227381
14.652381
15.664286
13.178571
10.519048
13.585714
15.238095
17.257143
12.047619
14.660714
15.885714
16.883333
13.695238
12.304762
10.450000
12.504762
14.504762
12.300000
15.619048
15.440476
12.939286
12.790476
17.227381
14.389286
14.264286
13.019048
12.000000
16.622619
14.735714
11.991667
12.188095
15.323810
13.316667
13.785714
9.695238
14.407143
13.227381
15.227381
13.165476
13.103571
12.035714
14.084524
14.157143
13.311905
13.913095
14.957143
12.446429
13.961508
14.480556
14.695238
13.014286
15.367857
14.932143
15.304762
12.584524
16.795238
12.275000
15.966667
15.754762
16.523810
9.888095
11.897619
15.414286
12.742857
11.747619
14.076190
10.603571
15.892857
12.676190
14.832143
10.530952
11.589286
10.682143
11.797619
15.022619
12.783333
15.515476
10.465476
16.923810
11.889286
16.838095
14.302381
14.092857
14.380952
14.833333
15.021429
16.766667
16.323810
16.242857
14.626984
12.790476
12.923810
15.639286
11.819048
17.380952
13.671429
12.947619
15.171429
12.313095
16.985714
12.553571
12.085714
14.169048
13.057143
12.214286
14.152381
18.220238
12.380952
9.909524
