41.319048
36.883333
37.330952
37.877381
39.059524
35.408333
37.236905
36.366667
37.695238
42.884524
39.366667
34.859524
36.901190
38.165476
39.373810
39.577381
37.352381
37.503571
38.294048
35.408333
36.000000
35.608333
37.508333
35.066667
36.857143
38.802381
40.928571
38.325000
34.021429
35.633333
42.795238
39.388095
41.133333
36.672619
36.041667
37.852381
39.804762
36.485714
38.003968
37.317857
38.780952
32.032143
37.904762
38.415476
36.366667
37.753571
36.585714
36.370238
41.463095
39.061905
37.400000
35.313095
39.257143
37.005952
39.184524
38.046429
40.651190
35.083333
35.509524
35.526190
39.658333
39.594048
38.530952
35.842857
38.895238
36.190476
41.034524
37.072619
35.214286
40.488095
36.683333
39.438095
37.017857
34.254762
38.011905
35.619048
33.160714
42.016667
38.238095
34.305952
39.185714
39.561905
34.605952
36.617857
32.923810
37.979762
37.394048
38.277381
37.380952
40.240476
32.233333
34.742857
36.419048
37.029762
39.047619
37.010714
41.946825
41.727381
31.489286
38.879762
32.515476
37.423810
35.628571
39.202381
37.380952
35.384524
39.355952
40.427381
34.126190
36.759524
37.998810
41.309524
34.910714
39.444048
39.140476
38.440476
38.742857
39.236905
41.195238
32.990476
38.067857
39.295238
34.542857
33.051190
35.759524
35.247619
34.661905
34.579762
35.109524
35.075000
40.202381
37.386905
37.634524
42.805952
40.814286
38.385714
35.260714
40.957143
40.717857
36.341667
41.891667
40.204762
37.961905
35.013095
38.704762
40.367857
33.964286
38.771429
37.623810
40.395238
37.247619
33.991667
37.772619
40.533333
31.664286
42.232143
41.822619
37.110714
39.825000
33.038095
39.719048
35.410714
36.946429
40.271429
37.647619
38.909524
38.340476
38.652381
37.034524
37.036905
39.984524
37.889286
39.360714
35.879762
36.128571
34.933333
37.089286
37.069048
37.057143
37.455952
38.090476
39.469048
36.300000
39.570238
37.322619
34.626190
35.680556
42.417857
39.535714
36.335714
40.004762
36.614286
36.082143
37.885714
42.229762
37.621429
37.165476
39.585714
38.888095
39.388095
37.150000
33.861905
36.634524
36.473810
36.285714
38.723810
34.095238
39.617857
38.776190
40.658333
39.825000
39.483333
41.555952
37.642857
39.644048
36.633333
37.597619
42.300000
37.140476
40.826190
42.191667
39.841667
38.102381
36.980952
39.919048
36.220238
37.810714
36.755952
43.328571
41.642857
35.900000
36.714286
39.933333
39.161905
36.061905
35.509524
40.407143
36.609524
39.950000
38.098810
36.304762
33.538492
34.578571
36.939286
36.110714
37.830952
37.587698
40.430952
35.022619
36.202381
36.492857
42.296429
32.832937
37.326190
42.664286
34.170238
33.159524
39.201190
35.395238
34.760714
36.220238
40.979762
35.821429
40.188095
32.527381
38.101190
35.554762
37.042857
38.430952
33.971429
37.809524
37.916667
37.273810
38.376190
40.255952
38.042857
35.614286
36.534524
34.859524
37.042857
42.095238
41.076190
39.891270
39.084524
35.630952
35.975000
38.697619
36.152381
39.828571
36.404762
39.620238
35.528571
38.769048
35.697619
36.301190
42.961905
37.580952
38.826190
38.588095
39.997619
38.316667
34.142857
39.971429
39.554762
38.013095
36.461905
36.419048
38.890476
34.428571
37.860714
38.233333
35.339286
40.242857
34.096429
41.903571
37.582143
35.764286
38.578571
32.766667
32.735714
39.380952
38.604762
40.640476
37.067857
39.372619
36.409524
36.277381
34.633333
40.857143
38.425000
40.861905
37.854762
39.840476
37.975000
40.885714
37.969048
38.382143
37.707937
38.361905
39.633333
34.400000
39.132143
36.790476
34.157143
36.908333
37.022619
36.048810
37.994048
39.016667
37.266667
40.890476
37.553571
37.927381
37.644048
37.205952
39.552381
35.885714
36.246429
38.333333
38.578571
40.341667
35.448810
38.871429
35.266667
38.507143
39.733333
39.309524
38.288095
41.515476
40.566667
34.190476
40.758333
38.914286
38.939286
39.519048
38.823810
37.633333
44.238095
37.913095
35.566667
41.702381
36.209524
38.294048
37.666667
33.628571
36.696429
35.786905
42.809524
33.388095
36.273810
34.316667
38.315476
34.301190
35.691667
38.209524
38.752381
36.063095
37.094048
29.314286
38.658333
39.233333
38.375000
39.173810
38.842857
36.114286
39.580952
37.914286
41.142857
35.397619
37.033333
35.322619
35.759524
38.907143
30.032143
40.846429
40.719048
39.695238
37.076190
37.940873
42.057143
38.033333
40.227381
35.802381
38.429762
37.785714
36.659524
40.495238
35.552381
34.527381
37.157143
39.898810
38.327381
36.927381
35.132143
34.980952
39.463095
32.440476
40.573810
41.584524
37.450000
36.373810
38.989286
40.942857
37.484524
36.257143
34.051190
38.985714
39.490476
40.023810
39.400000
40.230952
40.091667
38.936905
40.601190
39.619048
39.459524
37.313095
37.129762
36.803571
36.976190
39.175000
44.547619
34.750000
38.433333
38.727381
35.621429
41.133333
38.364286
40.738095
36.295238
40.284524
38.661905
36.600000
40.434524
36.909524
37.767857
37.376190
37.338095
41.520238
39.038095
38.125000
38.483333
38.076190
35.708333
40.919048
36.801190
35.423810
32.750000
37.378571
40.109524
41.195238
38.604762
40.038095
39.322619
32.386905
42.627381
36.704762
33.909524
35.167857
34.772619
38.620238
44.165476
40.455952
38.750000
40.471429
41.720238
32.310317
41.173810
33.735714
36.145238
36.842857
39.647619
36.564286
40.158333
37.797619
39.211905
40.207143
38.671429
34.298810
42.085714
36.735714
40.259524
35.550000
39.885714
41.316667
33.450000
39.707540
38.469048
40.716667
37.175000
37.114286
42.145238
37.408333
38.617857
36.135714
39.280952
35.808333
41.035714
35.847619
36.514286
35.947619
36.571429
37.117857
37.003571
38.428571
37.663095
35.455952
35.584524
40.032143
39.623810
38.641667
39.480952
36.792857
39.005952
37.345238
37.936905
34.650000
38.027381
32.703571
40.698810
40.044444
34.935714
39.247619
38.727778
42.620238
35.421429
34.182143
37.416667
35.238095
40.516667
37.975000
34.509524
38.027381
37.547619
34.736905
38.951190
36.677381
38.760714
34.417857
39.314286
34.938095
36.995238
37.400000
36.484524
40.657143
35.101190
38.557143
38.675000
38.554762
36.413095
36.186905
37.476190
40.042857
37.436905
39.870238
39.656746
36.148810
38.425000
39.186905
37.779762
38.705952
39.494048
40.705952
33.897619
37.697619
36.095238
34.430952
39.140476
36.100000
42.383333
33.150000
37.344048
36.841667
39.765476
39.039286
38.965476
39.067857
39.961905
32.138095
38.816667
42.069048
38.685714
37.509524
41.501190
41.400000
39.833333
40.160714
42.123810
39.842857
40.966667
37.202381
41.709524
38.995238
37.547619
38.870238
42.364286
39.188095
41.323810
33.738095
40.542857
37.963095
41.659524
41.326984
35.728571
37.428571
40.005952
40.516667
33.652381
35.866667
34.645238
38.379762
37.119048
34.009524
41.585714
39.028571
37.918651
35.885714
40.127381
40.022619
34.741667
39.175000
38.421429
34.223810
38.603571
39.540476
41.660714
36.154762
37.876190
36.252381
38.447619
41.600000
39.885714
39.439286
39.790476
40.128571
39.191667
34.825000
36.723810
36.250000
38.557143
36.400000
39.709524
40.104762
36.501190
39.347619
36.817857
37.747619
33.070238
40.463095
29.826190
37.009524
38.886905
39.357143
40.819048
38.323810
35.520238
41.152778
36.699206
35.760714
39.188095
38.507143
36.446429
39.058333
39.403571
36.233333
34.576190
36.767857
38.686905
37.132143
38.423810
33.687302
40.847619
38.078571
34.380952
41.559524
39.735714
37.144048
40.640476
33.620238
38.558333
38.072619
36.866667
38.358333
37.528571
39.966667
36.870238
40.776190
35.851190
38.016667
37.195238
36.898810
38.045238
35.221429
35.976190
38.746429
40.390476
39.113095
39.323810
42.248810
36.451190
35.870238
38.766667
39.507143
39.829762
37.485714
41.640476
37.547619
37.801190
39.690476
39.594048
40.373810
39.247619
33.372619
38.357143
38.104762
39.992857
40.766667
37.253571
32.661905
40.139286
38.790476
34.915476
35.395238
35.866667
35.900000
40.652381
43.696429
36.052381
40.176190
39.515476
42.222619
40.951190
36.395238
40.459524
41.207143
38.314286
35.332143
40.927381
38.025000
37.023810
37.552381
35.480952
37.597619
35.309524
40.090476
35.951190
32.934524
33.641270
34.785714
36.163095
39.094048
35.590476
37.671429
37.192857
37.848810
41.644048
38.005952
35.997619
38.983333
39.285714
39.988095
39.941667
37.609524
35.290476
36.661905
43.053571
44.397619
38.626190
37.404762
37.141667
42.630952
41.155952
38.995238
41.514286
42.609524
37.992857
35.866667
34.646429
40.138095
39.633333
35.629762
38.871429
38.626190
35.333333
35.689286
43.222619
38.147619
36.395238
42.076190
39.120635
38.054762
38.560714
37.371429
36.254365
38.060714
36.795238
32.379762
37.025000
37.941667
37.538095
37.353571
40.141667
34.391667
39.014286
33.817460
39.953968
39.286905
40.577381
40.960714
37.700000
38.980952
41.000000
41.767857
38.516667
37.851190
38.147619
37.821429
38.078571
35.997619
39.314286
40.260714
39.957143
38.442857
35.610714
34.900000
36.588095
38.941667
39.752381
41.001190
37.444048
34.995238
37.909524
35.621429
40.755952
41.742857
44.385714
37.129762
42.801190
37.123810
37.273810
36.584524
37.561905
36.704762
36.023810
39.398810
40.197619
39.954762
36.834524
35.884524
39.661905
38.107143
34.654762
37.538095
33.040476
40.933333
34.865476
39.595238
34.886905
39.866667
34.876190
38.690476
33.867857
38.430952
38.942857
35.904762
33.721429
41.495238
33.615079
40.859524
40.200000
36.776190
33.376190
35.307143
35.240476
37.427381
32.904762
40.611905
37.422619
38.310714
41.390476
37.904762
38.414286
40.659524
37.257143
36.457143
42.329762
36.825000
37.234524
40.791667
34.629762
39.252381
36.409524
39.413095
39.495238
36.585714
40.148810
40.344048
