53.360714
52.085714
50.577381
46.586905
47.055952
50.136905
50.015476
50.669048
50.978571
52.496429
46.584524
49.116667
51.507143
51.510714
49.412698
49.430952
49.891667
52.317857
54.589286
49.242857
51.258333
48.546429
49.926190
52.138095
51.529762
50.147619
46.932937
50.085714
50.291667
48.934524
52.022619
49.314286
49.333333
51.988095
52.707143
50.111905
51.440476
50.123413
49.341667
49.661905
46.234524
51.757143
47.084524
49.891667
48.176190
51.990476
51.311905
46.123810
52.870238
48.350000
53.042857
49.370238
54.077381
52.313095
46.583333
50.952381
48.608333
46.222619
54.533333
48.296429
47.100000
46.778571
52.957143
50.751190
50.959524
49.823810
49.533333
51.455952
47.197619
52.080952
48.810714
50.346429
48.632143
52.703968
48.614286
49.165873
50.642857
51.302381
52.644048
48.747619
50.669048
45.152381
48.517857
52.255952
47.128571
52.308333
50.338095
47.347619
52.966667
49.230952
51.072619
50.713095
49.479762
48.980952
53.888095
49.350000
48.344048
51.109921
47.902381
49.703571
45.822619
50.983333
46.457143
49.757143
47.351190
52.290476
46.035714
47.938095
49.182143
49.154762
52.804762
51.272619
54.577381
46.103571
50.965476
52.288095
51.616667
51.532143
50.419048
48.560714
52.835714
50.395238
50.777381
48.003571
49.572619
47.702381
46.663095
45.608333
47.309524
48.989286
48.370238
46.808333
45.297619
44.990476
50.490476
50.055952
52.898810
49.819048
49.823810
49.313095
49.019048
52.794048
46.308333
48.878571
51.884524
49.446429
51.885714
54.788095
50.861905
52.071429
51.323810
51.714286
48.726190
54.110714
49.257143
51.876190
51.479762
49.325000
49.129762
48.091667
48.692857
47.930952
51.696429
49.795238
50.078571
50.947619
53.559524
49.202381
52.182143
49.891667
52.030952
50.601190
49.645238
52.295238
48.160714
53.910714
51.328571
48.351190
49.775000
50.927381
45.767857
51.966667
50.640476
49.347619
47.207143
50.509524
51.709524
51.161905
53.042857
50.371429
52.783333
51.078571
50.433333
48.841667
46.442857
51.794048
50.710714
51.998413
47.941667
49.151190
47.457143
47.823810
50.420238
50.469048
49.797619
50.829762
52.725000
45.765476
54.309524
52.532143
55.880952
48.583333
50.154762
52.057143
53.161905
46.711905
48.357143
48.902381
52.121429
48.880952
49.414286
49.755952
51.239286
50.619048
49.665476
49.019048
50.091667
54.146429
48.166667
50.832143
49.423810
50.000000
47.478571
48.125000
48.608333
51.661905
50.913095
49.214286
50.476190
52.028571
51.670238
50.366667
51.836905
50.307143
43.735714
50.061905
48.165476
53.328571
48.477381
54.035714
51.669048
45.715476
48.163095
52.590476
50.204762
48.690476
53.376190
49.436905
52.057143
46.296429
52.319048
49.245238
49.895238
47.977381
49.388095
45.788095
53.027381
49.836905
49.616667
50.738095
45.140476
54.685714
50.652381
52.885714
50.814286
52.976190
50.614286
50.813095
52.132143
50.013095
53.119048
53.842857
49.557143
49.852381
55.052381
48.208333
46.964286
48.040476
52.575000
52.433333
48.812698
51.319048
54.128571
43.319048
51.238095
47.514286
53.485714
47.896429
45.454762
50.810714
51.780952
49.971429
51.367857
49.280952
45.494048
46.976190
49.358730
44.038095
48.775000
46.642857
52.173810
52.284524
47.388095
47.966667
51.695238
48.761905
48.095238
46.547619
55.009524
54.217857
53.527381
51.880952
52.807143
47.846429
47.935714
49.078571
48.298810
47.554762
48.758333
47.223810
44.616667
50.055952
50.715476
51.139286
48.700000
49.442857
48.507143
51.366667
50.566667
52.059524
52.809524
51.007143
44.695238
51.247619
50.461905
49.280952
50.861905
49.438095
48.735714
49.088095
46.170238
45.394048
51.557143
50.776190
49.102381
46.107143
48.728571
50.711905
48.392857
47.159524
51.696429
49.004762
49.371429
51.542857
48.355952
49.654762
51.467857
49.392857
46.908333
44.205952
47.253571
51.126190
50.576190
50.610714
47.745238
50.989286
50.465476
49.017857
50.428571
48.314286
48.800000
51.076190
51.063095
47.845238
44.457143
49.403571
51.319048
43.964286
48.382143
47.130952
48.904762
50.633333
51.492857
49.904762
51.502381
52.934524
52.452381
47.171429
51.211905
49.755952
46.925000
50.389286
44.051190
48.614286
51.319048
49.176190
49.695238
49.208333
49.133333
49.951190
51.314286
52.559524
45.547619
46.047619
49.792857
52.408333
50.740476
50.303571
53.669841
49.371429
51.742857
48.030952
49.491667
51.190476
51.800000
53.514286
51.336905
48.952381
48.761905
52.251190
47.040476
52.920238
50.942857
47.820238
51.420238
45.277381
49.492857
47.405952
50.423810
47.378571
49.261905
50.896429
51.872619
53.070238
52.391667
51.457143
47.504762
50.832143
50.098810
53.790476
49.965476
51.216667
49.940476
49.358333
51.819048
45.575000
50.776190
49.034524
47.155952
51.382143
52.883333
50.833333
48.214286
49.422619
52.023810
53.335714
48.454762
50.588095
47.273810
51.842857
50.033333
52.679762
53.210714
49.847619
52.514286
48.091667
51.288095
49.539286
50.998810
50.203571
50.597619
51.089286
51.235714
52.560714
55.051190
47.980952
53.100000
49.828571
51.728571
51.275000
50.510714
51.041667
50.634524
50.857143
48.721429
49.215476
50.128571
49.370238
55.366667
48.447619
50.766667
48.157143
50.264286
46.334524
47.685714
48.375000
52.378571
51.590476
47.247619
51.657143
48.886905
52.017857
52.650000
47.052381
50.982143
45.719048
53.529762
49.723810
49.471429
49.335714
46.500000
52.280952
52.354762
50.511905
50.822619
48.404762
49.811905
48.775000
45.872619
53.075000
46.132143
51.541667
51.247619
49.055952
51.604762
49.478175
51.528571
51.840476
50.413095
48.001190
47.698810
47.619048
49.964286
52.223810
49.323810
49.494048
49.028571
52.296429
52.525397
47.833333
48.623810
48.717857
52.426190
48.372619
46.277381
50.071429
51.266667
53.190476
50.245238
50.829762
49.616667
53.871429
51.410714
51.099206
53.019048
51.597619
53.076190
50.932143
47.160714
46.803571
46.916667
49.838095
51.905952
52.765476
49.400000
43.566667
52.136905
49.034524
53.461905
52.722619
45.507143
55.041667
51.926190
49.809524
54.083333
47.259524
52.400000
48.572619
48.772619
51.114286
52.582143
50.783333
52.776190
48.619048
46.938095
51.829762
50.688095
47.115476
49.190476
54.557143
53.022619
49.857143
48.920238
54.196429
46.936905
47.840476
48.769048
49.547619
54.901587
47.750000
50.588095
46.871429
50.602381
50.869048
47.114286
48.491667
52.616667
48.403571
50.876190
50.877381
47.369048
49.144048
53.621429
53.870238
51.614286
50.823810
50.761905
47.848810
48.048413
50.250000
47.440476
51.228571
48.309524
48.546429
48.571429
48.386905
53.246429
49.316667
46.632143
49.247619
51.709524
52.976190
49.039286
52.497619
45.877381
50.836905
49.158333
47.659524
54.523810
52.495238
48.423810
50.020238
48.592857
48.976190
51.980952
50.376190
51.755952
48.614683
49.914286
50.566667
49.733333
51.675000
51.625000
49.852381
50.539286
49.161905
46.528571
45.284524
54.738095
49.991667
46.788095
53.107143
47.847619
46.642460
47.690476
52.245238
53.183333
52.871429
54.751190
54.295238
52.340476
49.841667
49.546429
50.585714
47.361905
52.028571
52.611905
48.661905
49.403571
51.984524
49.344048
51.604762
49.928571
47.832143
47.585714
50.565476
48.195238
53.272619
50.913095
51.410714
53.690476
50.615476
53.425000
50.980952
50.726190
55.459524
46.694048
51.766667
50.011905
50.033333
50.382143
45.348810
47.754762
48.997619
51.483333
51.420238
49.014286
51.400000
54.667857
49.435714
47.823810
50.654762
48.975000
50.905952
53.925397
50.735714
50.204762
47.071429
52.890476
49.432143
48.557143
48.322619
48.588492
51.410714
51.242857
44.700000
46.541667
50.735714
47.228571
53.738095
49.986905
49.202381
50.167857
51.586905
50.597619
48.727381
48.778571
48.865476
49.150000
50.175000
54.467857
47.152381
49.842857
48.347619
50.405952
52.766667
46.088095
49.125000
50.111905
50.269048
52.652381
50.261905
49.195238
47.076190
49.344048
46.467857
51.338095
49.386905
51.425000
47.786905
49.860714
50.261905
48.085714
47.419048
48.673810
53.408333
48.017857
46.070238
50.988095
45.714286
53.528571
51.985714
53.300000
